**********************************
LOGGING TIME: 20161112_133056
CLIENT IP: 10.117.7.42
USERNAME: Renu
OS: Windows 10
*********************Neutral database**********************************
MM, 21, 16, 1477468750387
MM, 173, 20, 149
MM, 160, 3, 12
MM, 148, 28, 23
MM, 144, 21, 11
MM, 142, 18, 12
MM, 140, 15, 11
MM, 121, 11, 58
MM, 117, 11, 12
MM, 113, 11, 12
MM, 107, 10, 10
MM, 103, 9, 12
MM, 96, 7, 11
MM, 89, 4, 11
MM, 85, 1, 12
MM, 10, 16, 276
MM, 13, 11, 11
MM, 13, 8, 12
MM, 13, 7, 10
MM, 13, 6, 12
MM, 13, 5, 23
MM, 13, 3, 46
MM, 15, 3, 103
MM, 18, 3, 218
MM, 16, 3, 10
MC, 1, 184
MM, 18, 5, 207
MM, 20, 6, 11
MM, 26, 13, 12
MM, 164, 5, 58
MM, 5, 27, 11
MM, 52, 4, 23
MM, 386, 2, 161
MM, 386, 13, 11
MM, 386, 26, 11
MM, 385, 27, 12
MM, 383, 27, 11
MM, 378, 30, 11
MM, 363, 32, 12
MM, 336, 37, 11
MM, 321, 39, 12
MM, 301, 46, 12
MM, 287, 46, 12
MM, 272, 46, 10
MM, 259, 46, 12
MM, 251, 46, 12
MM, 246, 46, 10
MM, 240, 48, 13
MM, 231, 48, 10
MM, 228, 48, 13
MM, 223, 48, 11
MM, 220, 48, 11
MM, 217, 48, 11
MM, 216, 47, 12
MM, 215, 47, 11
MM, 213, 45, 23
MM, 213, 44, 11
MM, 211, 42, 24
MM, 210, 40, 11
MM, 209, 32, 12
MM, 207, 29, 12
MM, 207, 25, 11
MM, 206, 23, 11
MM, 206, 20, 11
MM, 204, 18, 12
MM, 203, 16, 12
MC, 1, 229
MM, 201, 16, 207
MM, 198, 18, 10
MM, 188, 21, 12
MM, 175, 31, 11
MM, 161, 39, 12
MM, 142, 53, 11
MM, 14, 2, 35
MM, 10, 8, 11
MM, 8, 12, 12
MM, 7, 15, 11
MM, 6, 18, 23
MM, 4, 21, 12
MM, 4, 23, 12
MM, 5, 25, 114
MM, 6, 26, 23
MM, 8, 28, 11
MM, 9, 29, 23
MM, 11, 30, 12
MM, 14, 31, 11
MC, 1, 804
MM, 43, 0, 148
MM, 0, 6, 22
MM, 3, 10, 12
MM, 7, 16, 12
MM, 10, 18, 10
MM, 12, 20, 13
MM, 14, 21, 11
MM, 15, 22, 11
MM, 16, 23, 13
MM, 22, 29, 11
MM, 25, 30, 11
MM, 27, 31, 11
MM, 30, 31, 12
MM, 42, 0, 218
MM, 43, 1, 11
MM, 1, 7, 104
MM, 2, 10, 10
MM, 3, 10, 13
MM, 6, 13, 11
MM, 7, 14, 11
MM, 8, 15, 11
MM, 9, 15, 12
MM, 10, 15, 12
MC, 1, 229
MM, 16, 9, 206
MM, 39, 23, 12
MM, 6, 12, 11
MM, 21, 10, 12
MM, 30, 5, 11
MM, 38, 2, 12
MM, 42, 31, 218
MM, 40, 28, 11
MM, 37, 28, 11
MM, 34, 25, 12
MM, 31, 23, 11
MM, 28, 19, 12
MM, 27, 18, 11
MM, 26, 18, 11
MM, 26, 17, 139
MC, 1, 126
MM, 26, 16, 35
MM, 27, 11, 10
MM, 36, 0, 12
MM, 364, 37, 23
MM, 471, 0, 1422
MM, 472, 10, 11
MM, 472, 14, 218
MM, 465, 29, 12
MM, 445, 52, 11
MM, 35, 0, 34
MM, 26, 9, 12
MM, 21, 14, 11
MM, 18, 16, 11
MM, 16, 17, 12
MM, 16, 18, 57
MM, 15, 18, 12
MM, 14, 21, 12
MM, 12, 24, 10
MM, 38, 1, 115
MM, 24, 8, 46
MM, 20, 10, 12
MM, 19, 12, 11
MM, 17, 12, 11
MM, 17, 14, 207
MC, 1, 34
MM, 13, 14, 172
MM, 7, 12, 12
MM, 22, 12, 23
MM, 21, 7, 23
MM, 3, 17, 665
MM, 26, 24, 11
MM, 38, 24, 12
MM, 7, 27, 22
MM, 37, 30, 58
MM, 41, 30, 11
MM, 2, 30, 24
MM, 8, 28, 11
MM, 13, 25, 11
MM, 19, 26, 12
MM, 20, 26, 11
MM, 21, 26, 11
MM, 23, 25, 12
MM, 24, 24, 12
MM, 25, 24, 11
MM, 26, 24, 23
MM, 26, 23, 92
MM, 26, 22, 46
MM, 25, 20, 45
MM, 22, 20, 23
MM, 21, 18, 11
MM, 20, 18, 12
MC, 1, 161
MM, 17, 17, 35
MM, 8, 17, 10
MM, 18, 22, 24
MM, 32, 25, 11
MM, 11, 17, 35
MM, 18, 29, 11
MM, 0, 31, 11
MM, 14, 5, 12
MM, 4, 5, 11
MM, 43, 5, 23
MM, 38, 5, 12
MM, 37, 5, 11
MM, 35, 4, 12
MM, 34, 4, 11
MM, 34, 3, 12
MM, 34, 2, 11
MM, 33, 2, 22
MM, 33, 1, 12
MM, 31, 0, 23
MM, 40, 31, 92
MM, 43, 29, 12
MM, 2, 26, 22
MM, 9, 26, 11
MM, 16, 25, 12
MM, 19, 25, 11
MM, 21, 25, 12
MM, 22, 25, 11
MM, 23, 25, 24
MM, 23, 24, 206
MM, 22, 23, 23
MM, 21, 22, 12
MM, 21, 21, 11
MM, 20, 21, 12
MM, 20, 20, 23
MM, 19, 19, 11
MC, 1, 47
MM, 22, 19, 45
MM, 29, 19, 11
MM, 37, 19, 12
MM, 2, 19, 11
MM, 30, 19, 12
MM, 14, 19, 22
MM, 42, 19, 12
MM, 4, 19, 11
MM, 17, 17, 12
MM, 32, 17, 11
MM, 42, 16, 12
MM, 1, 18, 34
MM, 4, 18, 12
MM, 12, 19, 11
MM, 14, 19, 12
MM, 18, 19, 11
MM, 20, 19, 11
MM, 22, 19, 12
MM, 24, 20, 11
MM, 25, 20, 12
MM, 26, 20, 23
MM, 27, 20, 11
MC, 1, 264
MM, 27, 23, 23
MM, 26, 25, 11
MM, 24, 28, 12
MM, 23, 30, 11
MM, 22, 31, 11
MM, 23, 0, 47
MM, 23, 2, 11
MM, 21, 4, 11
MM, 21, 5, 46
MM, 21, 6, 57
MM, 21, 8, 12
MM, 21, 10, 34
MM, 21, 11, 103
MM, 17, 11, 150
MM, 12, 10, 11
MM, 0, 9, 12
MM, 25, 6, 11
MM, 33, 27, 35
MM, 6, 27, 12
MM, 43, 25, 11
MM, 31, 18, 11
MM, 24, 16, 12
MM, 19, 15, 11
MM, 13, 14, 12
MM, 7, 14, 11
MM, 3, 14, 12
MM, 41, 13, 23
MM, 38, 13, 11
MM, 36, 13, 12
MM, 35, 13, 11
MM, 34, 12, 12
MM, 32, 12, 11
MM, 31, 12, 11
MM, 31, 11, 12
MM, 30, 11, 11
MM, 29, 11, 12
MM, 28, 11, 57
MM, 27, 11, 23
MM, 26, 11, 11
MM, 26, 10, 23
MC, 1, 115
MM, 28, 10, 23
MM, 31, 10, 11
MM, 38, 10, 12
MM, 7, 10, 11
MM, 26, 11, 12
MM, 21, 6, 11
MM, 6, 6, 11
MM, 26, 18, 35
MM, 4, 17, 11
MM, 20, 13, 12
MM, 37, 12, 11
MM, 8, 9, 23
MM, 17, 9, 12
MM, 23, 9, 11
MM, 33, 11, 12
MM, 2, 12, 11
MM, 13, 12, 11
MM, 22, 14, 12
MM, 30, 14, 11
MM, 3, 20, 24
MM, 10, 20, 11
MM, 18, 20, 11
MM, 26, 20, 12
MM, 31, 20, 11
MM, 2, 20, 23
MM, 9, 20, 12
MM, 14, 19, 11
MM, 17, 19, 12
MM, 20, 19, 11
MM, 23, 18, 11
MM, 25, 17, 12
MM, 27, 17, 11
MM, 28, 17, 12
MM, 29, 17, 11
MM, 30, 17, 12
MM, 30, 16, 12
MM, 31, 16, 22
MC, 1, 1408
MM, 31, 14, 244
MM, 28, 13, 91
MM, 22, 12, 12
MM, 5, 9, 11
MM, 22, 7, 11
MM, 41, 31, 92
MM, 26, 29, 356
MM, 25, 29, 11
MM, 24, 28, 11
MM, 23, 28, 70
MM, 22, 28, 11
MM, 22, 27, 11
MM, 21, 26, 12
MM, 21, 25, 12
MM, 21, 24, 23
MM, 20, 24, 22
MC, 1, 253
MM, 22, 24, 22
MM, 27, 23, 12
MM, 33, 22, 11
MM, 41, 20, 12
MM, 3, 19, 11
MM, 14, 19, 12
MM, 24, 17, 11
MM, 29, 17, 11
MM, 34, 17, 11
MM, 38, 17, 12
MM, 39, 17, 16
MM, 42, 17, 7
MM, 1, 17, 34
MM, 3, 17, 12
MM, 5, 17, 12
MM, 6, 17, 22
MM, 7, 17, 36
MM, 8, 17, 34
MM, 9, 17, 57
MC, 1, 195
MM, 9, 18, 46
MM, 8, 19, 11
MM, 5, 23, 12
MM, 4, 28, 11
MC, 1, 401
MM, 29, 6, 58
MM, 28, 13, 11
MM, 28, 20, 11
MM, 28, 26, 12
MM, 27, 30, 11
MM, 19, 2, 24
MM, 19, 10, 11
MM, 19, 13, 11
MM, 19, 15, 12
MM, 19, 16, 11
MM, 19, 18, 12
MM, 19, 19, 23
MM, 19, 21, 12
MM, 19, 20, 228
MM, 19, 19, 46
MC, 1, 149
MM, 18, 19, 35
MM, 18, 17, 11
MM, 21, 9, 12
MM, 23, 1, 12
MM, 34, 29, 10
MM, 41, 10, 12
MM, 13, 31, 184
MM, 13, 29, 11
MM, 13, 28, 12
MM, 14, 26, 11
MM, 16, 22, 12
MM, 16, 21, 11
MM, 17, 20, 23
MM, 17, 19, 23
MM, 17, 18, 12
MM, 17, 17, 11
MM, 18, 17, 23
MM, 18, 16, 11
MC, 1, 162
MM, 20, 16, 22
MM, 23, 16, 11
MM, 27, 16, 11
MM, 31, 16, 12
MM, 38, 16, 11
MC, 1, 494
MC, 1, 814
MC, 2, 161
MM, 31, 7, 137
MM, 12, 2, 11
MM, 0, 0, 11
MM, 31, 3, 253
MM, 21, 8, 35
MM, 20, 9, 11
MM, 19, 9, 11
MM, 19, 10, 11
MC, 1, 277
MM, 39, 8, 34
MM, 11, 7, 11
MM, 31, 0, 137
MM, 9, 3, 252
MM, 33, 15, 11
MM, 1, 26, 12
MC, 1, 689
MM, 281, 41, 90
MM, 248, 17, 12
MM, 234, 2, 11
MC, 1, 951
MM, 101, 16, 16419
MM, 95, 33, 12
MM, 93, 46, 11
MM, 37, 12, 34
MM, 36, 19, 12
MM, 33, 26, 12
MM, 32, 28, 11
MM, 31, 28, 12
MM, 30, 28, 22
MM, 25, 28, 23
MM, 20, 24, 12
MM, 17, 22, 12
MM, 11, 18, 11
MM, 5, 15, 11
MM, 3, 13, 11
MM, 2, 11, 12
MM, 1, 10, 12
MM, 43, 7, 69
MM, 40, 5, 11
MM, 39, 5, 12
MM, 38, 5, 11
MM, 36, 6, 11
MM, 33, 7, 12
MM, 31, 7, 12
MM, 29, 8, 11
MM, 27, 8, 11
MM, 25, 9, 11
MM, 24, 9, 12
MM, 23, 9, 11
MM, 22, 9, 12
MM, 21, 9, 11
MM, 20, 9, 11
MM, 18, 9, 12
MM, 18, 10, 12
MM, 16, 11, 11
MM, 15, 12, 12
MM, 15, 13, 46
MM, 14, 13, 91
MC, 1, 70
MM, 15, 14, 10
MM, 18, 16, 12
MM, 22, 16, 11
MM, 31, 18, 13
MM, 19, 19, 22
MM, 20, 19, 11
MM, 24, 7, 46
MM, 9, 8, 46
MM, 14, 9, 11
MM, 19, 11, 12
MM, 25, 15, 12
MM, 28, 15, 11
MM, 30, 15, 11
MM, 31, 16, 35
MM, 31, 17, 69
MM, 32, 17, 12
MM, 32, 18, 11
MM, 33, 19, 11
MM, 33, 20, 12
MM, 33, 21, 11
MM, 33, 24, 11
MM, 31, 29, 12
MM, 12, 2, 24
MM, 8, 6, 10
MM, 5, 9, 11
MM, 43, 24, 24
MM, 101, 1, 11
MM, 98, 4, 12
MM, 97, 5, 11
MM, 98, 4, 218
MM, 100, 2, 11
MM, 103, 0, 11
MM, 0, 20, 24
MM, 2, 19, 11
MM, 5, 15, 12
MM, 7, 15, 11
MM, 8, 14, 11
MM, 9, 14, 23
MC, 1, 265
MM, 7, 14, 11
MM, 2, 13, 11
MM, 41, 12, 12
MM, 16, 5, 11
MM, 36, 25, 12
MM, 12, 14, 11
MM, 16, 25, 23
MM, 6, 18, 11
MM, 1, 14, 12
MC, 1, 723
MM, 2, 2, 137
MM, 4, 4, 11
MM, 4, 5, 12
MM, 5, 7, 11
MM, 6, 9, 23
MM, 6, 10, 11
MM, 8, 13, 12
MM, 9, 13, 126
MM, 10, 13, 11
MM, 4, 12, 150
MM, 35, 4, 34
MM, 30, 4, 11
MM, 24, 3, 12
MM, 20, 3, 11
MM, 16, 3, 12
MM, 10, 0, 11
MM, 7, 0, 12
MM, 3, 0, 11
MM, 40, 0, 35
MM, 34, 0, 11
MC, 1, 504
MM, 22, 2, 299
MM, 23, 9, 11
MM, 26, 20, 12
MM, 30, 26, 11
MM, 33, 31, 11
MM, 32, 4, 24
MM, 36, 7, 11
MM, 43, 16, 12
MM, 0, 30, 34
MM, 70, 0, 57
MM, 71, 0, 23
MM, 71, 2, 11
MM, 71, 5, 23
MM, 71, 6, 12
MM, 71, 7, 12
MM, 71, 8, 69
MC, 1, 265
MM, 68, 5, 10
MM, 62, 2, 11
MM, 55, 0, 12
MM, 27, 25, 23
MM, 22, 17, 11
MM, 17, 8, 11
MM, 9, 31, 35
MM, 7, 29, 11
MM, 5, 27, 12
MM, 3, 26, 11
MM, 43, 21, 34
MM, 40, 20, 12
MM, 38, 18, 11
MM, 37, 18, 12
MM, 35, 18, 11
MM, 33, 18, 22
MM, 32, 18, 12
MM, 31, 17, 11
MM, 30, 17, 12
MM, 29, 16, 11
MM, 28, 16, 23
MM, 27, 15, 12
MM, 26, 15, 12
MM, 26, 14, 23
MM, 25, 13, 23
MC, 1, 126
MM, 27, 13, 23
MM, 32, 13, 11
MM, 38, 11, 11
MM, 5, 8, 23
MM, 20, 8, 12
MM, 32, 8, 11
MM, 13, 2, 34
MM, 27, 3, 12
MM, 35, 3, 11
MM, 9, 1, 23
MM, 17, 1, 12
MM, 25, 1, 11
MM, 31, 0, 12
MM, 42, 0, 12
MM, 3, 1, 34
MM, 11, 2, 12
MM, 15, 2, 11
MM, 19, 2, 12
MM, 25, 2, 10
MM, 28, 2, 12
MM, 32, 2, 12
MM, 33, 2, 11
MM, 35, 0, 11
MM, 36, 0, 12
MM, 41, 31, 114
MM, 43, 28, 12
MM, 1, 15, 46
MM, 3, 12, 12
MM, 4, 12, 11
MM, 5, 12, 23
MM, 6, 12, 11
MM, 7, 12, 11
MM, 8, 12, 12
MM, 9, 12, 23
MM, 10, 12, 11
MM, 11, 12, 12
MM, 12, 13, 12
MM, 13, 13, 11
MM, 14, 13, 11
MM, 15, 13, 12
MM, 16, 13, 23
MM, 0, 27, 195
MM, 35, 0, 11
MM, 12, 11, 12
MM, 29, 3, 34
MM, 24, 8, 12
MM, 19, 14, 11
MM, 11, 18, 12
MM, 9, 20, 11
MM, 7, 21, 12
MM, 6, 21, 11
MM, 8, 21, 126
MM, 9, 21, 11
MM, 11, 21, 12
MM, 13, 21, 12
MM, 15, 21, 10
MM, 17, 21, 12
MM, 20, 21, 12
MM, 22, 21, 11
MM, 25, 21, 12
MM, 27, 21, 11
MM, 29, 21, 12
MM, 31, 21, 12
MM, 33, 21, 11
MM, 35, 21, 11
MM, 36, 21, 23
MM, 38, 21, 11
MM, 40, 21, 12
MM, 41, 21, 35
MM, 42, 21, 10
MM, 0, 19, 58
MM, 1, 19, 11
MM, 2, 18, 13
MM, 4, 17, 10
MM, 5, 17, 12
MM, 6, 16, 12
MM, 7, 16, 11
MM, 8, 15, 11
MM, 10, 15, 12
MM, 11, 15, 11
MM, 13, 15, 23
MM, 13, 14, 11
MM, 14, 14, 58
MM, 15, 14, 12
MM, 8, 14, 160
MM, 1, 17, 11
MM, 39, 21, 23
MM, 37, 22, 12
MM, 35, 23, 11
MM, 34, 23, 11
MM, 30, 24, 12
MM, 27, 25, 12
MM, 24, 27, 11
MM, 21, 28, 11
MM, 18, 30, 12
MM, 15, 30, 11
MM, 13, 30, 12
MM, 115, 0, 160
MM, 114, 0, 12
MM, 113, 1, 11
MM, 112, 2, 12
MM, 112, 3, 34
MM, 111, 3, 12
MM, 110, 4, 11
MM, 110, 5, 12
MM, 108, 7, 11
MM, 107, 7, 12
MM, 107, 10, 11
MM, 106, 10, 11
MM, 105, 10, 35
MM, 105, 11, 11
MM, 104, 11, 46
MC, 1, 160
MM, 104, 10, 12
MM, 102, 4, 12
MM, 37, 27, 22
MM, 35, 18, 11
MM, 32, 7, 12
MM, 39, 23, 24
MM, 39, 17, 11
MM, 39, 13, 11
MM, 39, 10, 11
MM, 39, 7, 12
MM, 39, 5, 11
MM, 39, 4, 12
MM, 39, 3, 11
MM, 38, 2, 24
MM, 37, 2, 12
MM, 36, 1, 22
MC, 1, 356
MM, 4, 26, 103
MM, 14, 26, 11
MM, 24, 26, 11
MM, 36, 28, 12
MM, 42, 28, 11
MM, 2, 30, 35
MM, 3, 30, 11
MM, 5, 30, 12
MM, 6, 30, 11
MM, 7, 30, 11
MM, 9, 30, 12
MM, 10, 29, 11
MM, 11, 29, 12
MM, 12, 29, 11
MM, 16, 29, 12
MM, 19, 28, 11
MM, 22, 28, 12
MM, 24, 28, 11
MM, 28, 27, 11
MM, 31, 27, 13
MM, 33, 27, 11
MM, 35, 26, 10
MM, 40, 23, 13
MM, 41, 23, 11
MM, 0, 23, 34
MM, 2, 23, 11
MM, 3, 23, 24
MM, 5, 23, 11
MM, 7, 21, 23
MM, 8, 20, 24
MM, 10, 20, 11
MM, 12, 19, 23
MM, 13, 18, 23
MM, 14, 18, 11
MM, 14, 17, 12
MM, 14, 16, 115
MC, 1, 57
MM, 13, 15, 10
MM, 8, 14, 12
MM, 0, 14, 12
MM, 39, 14, 12
MM, 21, 12, 10
MM, 6, 14, 12
MM, 23, 14, 12
MM, 3, 13, 11
MM, 25, 1, 161
MM, 22, 2, 11
MM, 17, 2, 11
MM, 14, 4, 12
MM, 12, 5, 12
MM, 10, 5, 11
MM, 9, 5, 12
MM, 8, 5, 11
MM, 7, 5, 12
MM, 6, 5, 57
MM, 5, 5, 23
MM, 4, 5, 11
MM, 3, 6, 24
MM, 1, 7, 11
MM, 0, 7, 11
MM, 41, 10, 58
MM, 39, 11, 11
MM, 37, 11, 11
MM, 36, 11, 12
MM, 35, 12, 11
MM, 34, 12, 35
MM, 33, 12, 46
MM, 32, 12, 11
MM, 31, 12, 69
MC, 1, 104
MM, 35, 10, 22
MM, 43, 2, 11
MM, 36, 1, 574
MM, 35, 1, 22
MM, 33, 2, 12
MM, 32, 3, 12
MM, 29, 4, 11
MM, 23, 13, 57
MC, 1, 208
MM, 23, 14, 10
MM, 25, 16, 11
MM, 29, 17, 12
MM, 40, 25, 23
MM, 3, 1, 34
MM, 11, 10, 12
MM, 18, 13, 11
MM, 23, 16, 12
MM, 30, 24, 11
MM, 36, 28, 12
MM, 40, 31, 11
MM, 72, 0, 58
MM, 74, 0, 11
MM, 78, 4, 11
MM, 79, 4, 12
MM, 80, 4, 11
MM, 80, 5, 12
MM, 80, 6, 286
MM, 80, 7, 11
MM, 80, 8, 47
MM, 80, 10, 12
MM, 80, 11, 22
MM, 80, 12, 11
MM, 80, 13, 24
MC, 1, 138
MM, 81, 12, 33
MM, 88, 8, 12
MM, 38, 31, 23
MM, 5, 21, 12
MM, 29, 7, 10
MM, 0, 31, 12
MM, 10, 21, 11
MM, 23, 16, 12
MM, 32, 11, 11
MM, 39, 10, 12
MM, 4, 3, 34
MM, 7, 3, 12
MM, 9, 2, 11
MM, 13, 1, 12
MM, 34, 31, 103
MM, 37, 30, 12
MM, 38, 30, 11
MM, 39, 30, 23
MM, 40, 30, 12
MM, 42, 29, 23
MM, 43, 29, 11
MM, 1, 26, 46
MM, 3, 26, 11
MM, 4, 25, 23
MM, 7, 24, 23
MM, 8, 23, 11
MM, 9, 22, 23
MM, 12, 21, 12
MM, 12, 20, 11
MM, 12, 19, 12
MM, 13, 19, 11
MM, 13, 18, 126
MC, 1, 82
MM, 11, 19, 10
MM, 6, 21, 12
MM, 30, 4, 34
MM, 26, 7, 12
MM, 23, 10, 11
MM, 15, 15, 11
MM, 10, 20, 11
MM, 4, 21, 12
MM, 37, 2, 35
MM, 34, 4, 12
MM, 33, 7, 11
MM, 32, 7, 12
MM, 31, 8, 22
MM, 30, 8, 24
MM, 29, 9, 22
MM, 28, 9, 12
MM, 26, 10, 11
MM, 25, 11, 11
MM, 24, 11, 12
MM, 23, 11, 23
MM, 21, 12, 11
MM, 19, 13, 24
MM, 17, 14, 11
MM, 16, 14, 22
MC, 1, 127
MM, 15, 14, 22
MM, 13, 16, 12
MM, 11, 16, 12
MM, 8, 19, 11
MM, 3, 22, 11
MM, 43, 27, 23
MM, 39, 29, 12
MM, 37, 29, 11
MM, 35, 31, 12
MM, 128, 0, 172
MM, 127, 1, 11
MM, 126, 1, 12
MM, 125, 2, 11
MM, 123, 4, 12
MM, 122, 6, 23
MM, 121, 7, 12
MM, 119, 7, 11
MM, 118, 8, 11
MM, 117, 9, 34
MC, 1, 242
MM, 117, 8, 22
MM, 117, 6, 11
MM, 117, 1, 12
MM, 0, 31, 11
MM, 0, 15, 12
MM, 3, 5, 12
MM, 16, 25, 22
MM, 20, 19, 12
MM, 21, 17, 11
MM, 21, 15, 12
MM, 21, 12, 11
MM, 21, 11, 23
MM, 22, 11, 11
MM, 22, 10, 12
MM, 23, 9, 34
MM, 23, 8, 12
MM, 23, 7, 46
MM, 23, 6, 126
MM, 23, 4, 24
MM, 23, 2, 10
MM, 23, 0, 12
MC, 1, 379
MM, 6, 4, 114
MM, 9, 8, 11
MM, 10, 12, 12
MM, 13, 15, 12
MM, 15, 16, 11
MM, 17, 19, 11
MM, 20, 21, 11
MM, 20, 22, 12
MM, 23, 24, 11
MM, 23, 25, 12
MM, 24, 25, 23
MM, 24, 26, 23
MM, 24, 24, 195
MM, 23, 23, 11
MM, 23, 22, 12
MM, 21, 20, 11
MM, 21, 19, 23
MM, 20, 19, 12
MM, 19, 17, 11
MM, 18, 17, 12
MM, 17, 17, 11
MM, 14, 14, 11
MM, 8, 13, 12
MM, 45, 4, 23
MM, 19, 31, 126
MM, 14, 30, 12
MM, 9, 28, 11
MM, 9, 31, 183
MC, 1, 437
MM, 20, 2, 114
MM, 24, 10, 11
MM, 25, 14, 11
MM, 26, 18, 12
MM, 28, 24, 11
MM, 28, 29, 11
MM, 26, 0, 36
MM, 28, 4, 11
MM, 30, 7, 11
MM, 30, 10, 12
MM, 31, 14, 11
MM, 34, 18, 12
MM, 36, 24, 12
MM, 38, 27, 11
MM, 38, 30, 11
MM, 40, 31, 11
MM, 58, 1, 69
MM, 58, 2, 12
MM, 58, 3, 47
MM, 59, 3, 45
MM, 59, 4, 11
MM, 59, 5, 206
MM, 59, 0, 138
MM, 41, 23, 23
MM, 38, 6, 11
MM, 42, 28, 12
MM, 42, 19, 12
MM, 40, 10, 10
MM, 39, 2, 12
MM, 33, 1, 551
MM, 30, 3, 11
MM, 28, 4, 11
MM, 26, 7, 13
MM, 24, 8, 10
MM, 20, 10, 12
MM, 18, 11, 23
MM, 17, 11, 12
MM, 15, 13, 11
MM, 15, 14, 11
MM, 13, 14, 12
MC, 1, 173
MM, 14, 14, 33
MM, 17, 16, 11
MM, 20, 16, 12
MM, 23, 16, 12
MM, 28, 17, 11
MM, 31, 17, 12
MM, 33, 17, 11
MM, 37, 18, 12
MM, 39, 18, 10
MM, 41, 19, 13
MM, 43, 19, 11
MM, 0, 19, 91
MM, 1, 19, 81
MM, 2, 19, 11
MM, 4, 19, 23
MM, 5, 19, 24
MM, 6, 19, 10
MM, 8, 17, 12
MM, 9, 17, 11
MM, 10, 17, 12
MM, 11, 17, 11
MM, 12, 17, 11
MM, 13, 17, 24
MM, 13, 16, 23
MM, 17, 15, 160
MM, 21, 12, 12
MM, 29, 8, 12
MC, 1, 722
MM, 38, 5, 138
MM, 36, 7, 10
MM, 33, 11, 12
MM, 30, 13, 11
MM, 28, 16, 12
MM, 26, 19, 12
MM, 26, 22, 11
MM, 24, 28, 12
MM, 15, 1, 34
MM, 15, 5, 11
MM, 15, 7, 12
MM, 15, 10, 11
MM, 15, 12, 11
MM, 15, 15, 12
MM, 15, 18, 11
MM, 15, 21, 12
MM, 15, 26, 11
MM, 15, 27, 12
MM, 16, 30, 11
MM, 85, 0, 92
MM, 85, 1, 69
MM, 85, 2, 46
MM, 85, 3, 69
MM, 85, 4, 242
MM, 85, 6, 90
MM, 85, 7, 12
MM, 85, 9, 11
MM, 85, 10, 11
MM, 86, 10, 12
MC, 1, 229
MM, 84, 9, 195
MM, 22, 17, 47
MM, 43, 2, 10
MM, 23, 27, 23
MM, 10, 14, 12
MM, 6, 12, 11
MM, 1, 7, 11
MM, 42, 2, 36
MM, 38, 2, 11
MM, 37, 2, 12
MM, 35, 2, 11
MM, 34, 1, 12
MM, 33, 1, 22
MM, 32, 1, 11
MM, 30, 1, 12
MM, 25, 0, 172
MM, 25, 2, 11
MM, 23, 5, 12
MM, 23, 6, 12
MM, 23, 7, 11
MM, 23, 8, 23
MM, 23, 10, 23
MM, 23, 11, 23
MM, 23, 12, 11
MM, 23, 13, 12
MC, 1, 196
MM, 24, 13, 22
MM, 29, 13, 11
MM, 37, 13, 11
MM, 2, 13, 12
MM, 22, 13, 12
MM, 7, 13, 11
MM, 40, 13, 12
MM, 20, 13, 11
MM, 38, 16, 11
MM, 1, 16, 11
MM, 11, 17, 12
MM, 23, 22, 11
MM, 35, 28, 12
MM, 44, 29, 12
MM, 1, 4, 45
MM, 2, 4, 11
MM, 2, 5, 103
MM, 2, 6, 24
MM, 1, 8, 12
MM, 1, 10, 23
MM, 1, 11, 23
MM, 3, 11, 34
MM, 8, 13, 11
MM, 13, 13, 11
MM, 17, 14, 12
MM, 19, 14, 11
MM, 21, 14, 12
MM, 22, 14, 12
MM, 23, 14, 11
MM, 10, 14, 240
MM, 1, 13, 12
MM, 39, 12, 11
MM, 27, 9, 12
MM, 15, 8, 12
MM, 9, 8, 11
MM, 5, 7, 11
MM, 1, 7, 12
MM, 38, 7, 23
MM, 34, 7, 11
MM, 28, 7, 12
MM, 24, 7, 12
MM, 20, 7, 11
MM, 18, 6, 12
MM, 17, 6, 11
MM, 16, 5, 11
MM, 15, 4, 11
MM, 15, 3, 12
MM, 14, 2, 11
MM, 13, 2, 12
MM, 11, 0, 12
MM, 5, 31, 45
MM, 3, 29, 11
MM, 43, 22, 36
MM, 42, 22, 11
MM, 41, 21, 11
MM, 38, 19, 12
MM, 37, 19, 11
MM, 34, 19, 11
MM, 33, 18, 12
MM, 30, 17, 11
MM, 29, 17, 12
MM, 27, 17, 12
MM, 26, 15, 10
MM, 24, 15, 12
MM, 23, 15, 11
MC, 1, 209
MM, 23, 16, 21
MM, 23, 24, 11
MM, 23, 29, 12
MM, 15, 1, 23
MM, 15, 5, 11
MM, 15, 11, 12
MM, 15, 16, 11
MM, 16, 19, 12
MM, 16, 21, 11
MM, 17, 24, 12
MM, 18, 27, 11
MM, 18, 31, 12
MM, 39, 0, 80
MM, 39, 2, 12
MM, 41, 2, 11
MM, 41, 4, 11
MM, 42, 6, 81
MM, 43, 8, 23
MC, 1, 218
MM, 43, 7, 11
MM, 41, 4, 11
MM, 16, 25, 36
MM, 11, 13, 11
MM, 9, 5, 10
MM, 15, 31, 12
MM, 13, 27, 12
MM, 12, 25, 11
MM, 10, 23, 11
MM, 7, 16, 12
MM, 4, 13, 12
MM, 2, 7, 11
MM, 0, 5, 12
MM, 26, 0, 321
MM, 25, 2, 11
MM, 25, 3, 12
MM, 25, 4, 22
MM, 24, 4, 35
MM, 24, 5, 34
MM, 24, 6, 115
MM, 24, 7, 11
MC, 1, 185
MM, 26, 7, 10
MM, 28, 6, 12
MM, 31, 5, 11
MM, 35, 3, 12
MM, 39, 2, 11
MM, 41, 1, 11
MC, 1, 609
MM, 28, 3, 676
MM, 21, 3, 11
MM, 16, 6, 11
MM, 12, 8, 12
MM, 9, 9, 12
MM, 7, 11, 11
MM, 6, 12, 11
MM, 2, 16, 12
MM, 1, 16, 24
MC, 1, 262
MM, 2, 17, 69
MM, 4, 17, 23
MM, 5, 17, 35
MM, 5, 18, 12
MM, 6, 18, 22
MM, 7, 18, 47
MM, 8, 18, 22
MM, 9, 18, 11
MM, 11, 18, 58
MM, 15, 18, 12
MM, 21, 18, 10
MM, 28, 19, 12
MM, 37, 19, 12
MM, 13, 28, 22
MM, 23, 31, 12
MM, 26, 1, 12
MM, 43, 12, 11
MM, 2, 21, 11
MM, 11, 31, 11
MM, 85, 2, 13
MM, 87, 3, 11
MM, 90, 0, 412
MM, 92, 3, 11
MM, 92, 5, 47
MM, 92, 6, 46
MM, 92, 7, 11
MM, 92, 8, 35
MM, 92, 9, 11
MM, 92, 10, 12
MM, 92, 11, 46
MM, 93, 11, 103
MC, 1, 81
MM, 94, 11, 10
MM, 100, 5, 11
MM, 7, 23, 35
MM, 31, 16, 12
MM, 4, 5, 11
MM, 21, 29, 12
MM, 32, 22, 11
MM, 4, 9, 23
MM, 11, 5, 11
MM, 19, 1, 11
MM, 1, 27, 138
MM, 2, 27, 12
MM, 2, 26, 11
MM, 3, 26, 11
MM, 4, 26, 12
MM, 5, 25, 58
MM, 6, 25, 45
MM, 7, 23, 23
MM, 8, 23, 12
MM, 8, 22, 11
MM, 9, 22, 12
MM, 42, 31, 252
MM, 27, 1, 34
MM, 20, 7, 12
MM, 17, 9, 12
MM, 14, 12, 10
MM, 11, 14, 13
MM, 8, 16, 10
MM, 6, 20, 13
MM, 4, 21, 11
MM, 3, 22, 11
MM, 2, 23, 12
MM, 1, 24, 11
MM, 0, 24, 23
MM, 40, 1, 92
MM, 37, 5, 11
MM, 37, 9, 11
MM, 36, 10, 12
MM, 34, 12, 11
MM, 32, 15, 12
MM, 31, 16, 12
MM, 30, 17, 34
MM, 29, 17, 12
MM, 29, 18, 23
MM, 27, 19, 22
MM, 26, 19, 11
MC, 1, 150
MM, 25, 19, 11
MM, 24, 19, 11
MM, 22, 19, 12
MM, 20, 19, 12
MM, 15, 19, 11
MM, 10, 19, 12
MM, 6, 20, 11
MM, 2, 21, 11
MM, 0, 22, 12
MM, 39, 29, 23
MM, 34, 30, 11
MM, 136, 0, 46
MM, 135, 0, 11
MM, 134, 0, 12
MM, 134, 1, 12
MM, 133, 1, 34
MM, 133, 3, 12
MM, 132, 3, 11
MM, 131, 4, 11
MM, 131, 5, 12
MM, 130, 6, 11
MM, 129, 6, 35
MC, 1, 241
MM, 129, 4, 34
MM, 14, 31, 23
MM, 14, 27, 11
MM, 14, 15, 11
MM, 14, 4, 12
MM, 23, 30, 23
MM, 23, 28, 11
MM, 24, 27, 12
MM, 24, 26, 23
MM, 24, 25, 35
MM, 24, 20, 22
MM, 24, 19, 12
MM, 24, 16, 12
MM, 24, 14, 11
MM, 24, 8, 11
MM, 24, 6, 12
MM, 24, 3, 11
MM, 24, 2, 12
MM, 24, 1, 11
MM, 24, 0, 12
MC, 1, 356
MM, 1, 11, 171
MM, 1, 12, 11
MM, 2, 12, 12
MM, 3, 13, 11
MM, 3, 14, 23
MM, 4, 14, 11
MM, 5, 14, 24
MM, 5, 15, 12
MM, 6, 15, 22
MM, 7, 15, 23
MM, 7, 16, 11
MM, 8, 16, 12
MM, 9, 16, 11
MM, 10, 16, 12
MM, 11, 16, 24
MC, 1, 136
MM, 9, 16, 23
MM, 5, 16, 12
MM, 35, 13, 34
MM, 18, 10, 11
MM, 3, 2, 12
MM, 28, 9, 436
MM, 28, 21, 12
MM, 20, 2, 22
MM, 21, 9, 12
MM, 24, 18, 12
MM, 25, 23, 11
MM, 25, 27, 11
MM, 26, 28, 11
MM, 26, 29, 12
MM, 26, 31, 12
MM, 44, 0, 79
MM, 44, 1, 70
MM, 45, 1, 11
MM, 45, 2, 11
MM, 45, 4, 12
MM, 46, 5, 57
MM, 46, 6, 23
MM, 46, 7, 23
MM, 46, 8, 11
MM, 47, 9, 58
MC, 1, 149
MM, 45, 5, 23
MM, 42, 2, 11
MM, 17, 30, 24
MM, 14, 24, 11
MM, 8, 15, 11
MM, 3, 7, 11
MM, 0, 0, 12
MM, 3, 30, 11
MM, 0, 23, 11
MM, 43, 15, 24
MM, 40, 12, 12
MM, 38, 9, 11
MM, 37, 4, 11
MC, 1, 357
MC, 1, 550
MM, 43, 3, 114
MM, 38, 7, 11
MM, 36, 9, 11
MM, 34, 10, 12
MM, 33, 12, 11
MM, 32, 12, 12
MM, 31, 13, 12
MM, 30, 14, 11
MM, 30, 15, 12
MM, 28, 15, 11
MM, 27, 16, 12
MM, 26, 17, 22
MM, 25, 17, 34
MM, 27, 17, 186
MM, 32, 17, 21
MM, 36, 17, 11
MM, 7, 7, 23
MM, 23, 5, 12
MC, 1, 425
MM, 38, 20, 45
MM, 4, 1, 12
MM, 51, 5, 11
MM, 76, 23, 11
MM, 86, 30, 12
MM, 94, 31, 11
MM, 20, 31, 344
MM, 23, 25, 11
MM, 24, 23, 12
MM, 25, 22, 11
MM, 25, 20, 12
MM, 26, 19, 11
MM, 27, 17, 12
MM, 27, 16, 23
MM, 27, 15, 92
MM, 27, 14, 23
MC, 1, 138
MM, 27, 15, 45
MM, 29, 14, 252
MM, 34, 13, 11
MM, 40, 11, 12
MM, 18, 28, 298
MM, 94, 12, 12
MM, 16, 17, 22
MM, 186, 2, 12
MM, 43, 28, 46
MM, 30, 25, 11
MM, 18, 24, 12
MM, 5, 22, 11
MM, 29, 22, 23
MM, 17, 22, 11
MM, 8, 22, 12
MM, 42, 23, 23
MM, 35, 25, 12
MM, 188, 18, 141956
MM, 193, 62, 11
MM, 7, 7, 115
MM, 7, 15, 11
MM, 9, 15, 414
MM, 11, 15, 11
MM, 15, 18, 11
MM, 21, 20, 11
MM, 30, 12, 23
MM, 20, 21, 276
MM, 42, 25, 34
MM, 40, 24, 12
MM, 40, 22, 34
MM, 41, 22, 80
MM, 2, 21, 81
MM, 6, 22, 11
MM, 10, 24, 12
MM, 20, 27, 22
MM, 33, 0, 11
MM, 41, 3, 23
MM, 42, 3, 23
MM, 42, 4, 218
MM, 42, 6, 23
MM, 42, 8, 12
MM, 43, 10, 11
MM, 44, 12, 23
MM, 44, 13, 12
MM, 44, 14, 11
MM, 44, 15, 23
MM, 44, 16, 11
MM, 45, 16, 12
MM, 46, 16, 23
MM, 46, 17, 11
MM, 46, 16, 92
