**********************************
LOGGING TIME: 20161112_144924
CLIENT IP: 10.117.7.42
USERNAME: Renu
OS: Windows 10
*********************Neutral database**********************************
MM, 151, 19, 1477468749664
MM, 16, 3, 367
MM, 14, 3, 240
MM, 13, 1, 12
MM, 11, 0, 11
MM, 28, 16, 92
MM, 26, 16, 12
MM, 25, 14, 11
MM, 24, 14, 12
MM, 23, 14, 80
MM, 21, 14, 11
MM, 16, 14, 13
MM, 14, 13, 10
MM, 11, 13, 12
MM, 7, 9, 11
MM, 5, 7, 12
MM, 4, 6, 11
MM, 4, 4, 12
MM, 3, 4, 11
MM, 3, 3, 23
MM, 5, 3, 195
MM, 5, 4, 11
MM, 6, 4, 12
MM, 7, 4, 46
MC, 1, 356
MM, 7, 5, 22
MM, 9, 9, 23
MM, 13, 17, 12
MM, 102, 15, 23
MM, 112, 6, 11
MM, 331, 5, 390
MM, 99, 0, 1376
MM, 87, 11, 12
MM, 81, 15, 11
MM, 80, 16, 11
MM, 79, 17, 12
MM, 79, 18, 35
MM, 79, 20, 22
MM, 84, 25, 12
MM, 87, 27, 12
MM, 103, 34, 22
MM, 102, 34, 230
MM, 101, 35, 11
MM, 98, 38, 11
MM, 93, 47, 12
MM, 81, 59, 12
MM, 15, 0, 45
MM, 14, 3, 12
MM, 14, 5, 12
MM, 14, 6, 23
MM, 14, 7, 23
MM, 14, 9, 22
MM, 14, 11, 12
MM, 14, 12, 23
MM, 15, 13, 11
MM, 18, 15, 11
MM, 19, 17, 12
MM, 20, 17, 11
MM, 21, 18, 12
MM, 21, 19, 11
MM, 22, 19, 35
MM, 21, 19, 172
MM, 19, 19, 11
MM, 18, 20, 11
MM, 14, 21, 12
MM, 12, 21, 12
MM, 9, 23, 12
MM, 7, 23, 11
MM, 3, 24, 11
MM, 0, 25, 11
MM, 42, 25, 35
MM, 40, 25, 11
MM, 39, 25, 12
MM, 38, 25, 11
MM, 37, 25, 12
MM, 36, 23, 11
MM, 36, 21, 11
MM, 36, 18, 12
MM, 36, 16, 11
MM, 36, 11, 12
MM, 40, 0, 12
MM, 56, 54, 23
MM, 75, 33, 11
MM, 102, 11, 11
MM, 205, 0, 161
MM, 202, 0, 275
MM, 196, 0, 12
MM, 182, 3, 11
MM, 161, 10, 12
MM, 125, 24, 11
MM, 99, 35, 11
MM, 58, 48, 12
MM, 32, 61, 11
MM, 17, 28, 391
MM, 17, 26, 11
MM, 18, 22, 11
MM, 18, 13, 12
MM, 18, 7, 11
MM, 113, 63, 35
MM, 113, 53, 11
MM, 113, 41, 12
MM, 113, 38, 11
MM, 113, 35, 11
MM, 113, 32, 12
MM, 113, 31, 12
MM, 112, 31, 11
MM, 111, 31, 23
MM, 111, 30, 137
MM, 107, 30, 482
MM, 98, 33, 12
MM, 84, 39, 11
MM, 33, 3, 23
MM, 0, 24, 12
MM, 41, 31, 1364
MM, 40, 30, 12
MM, 39, 29, 11
MM, 38, 29, 11
MM, 37, 28, 138
MM, 35, 27, 115
MM, 41, 28, 11
MC, 1, 803
MC, 1, 460
MM, 35, 10, 67
MM, 40, 15, 12
MM, 3, 25, 23
MM, 1, 9, 23
MM, 3, 9, 206
MM, 9, 5, 12
MM, 15, 5, 12
MM, 23, 5, 11
MM, 29, 5, 11
MM, 31, 5, 11
MM, 35, 5, 12
MM, 40, 5, 11
MM, 42, 5, 12
MM, 6, 5, 69
MM, 7, 5, 23
MM, 8, 5, 23
MM, 9, 5, 11
MM, 10, 5, 11
MM, 11, 6, 81
MM, 12, 7, 11
MM, 13, 8, 23
MM, 13, 9, 23
MM, 14, 9, 23
MM, 15, 10, 35
MC, 1, 149
MM, 25, 30, 45
MM, 28, 24, 12
MM, 31, 20, 11
MM, 33, 17, 11
MM, 36, 15, 12
MM, 37, 12, 12
MM, 38, 12, 11
MM, 38, 10, 12
MM, 40, 10, 11
MM, 42, 6, 11
MM, 5, 31, 173
MM, 5, 30, 11
MM, 6, 30, 12
MM, 7, 29, 11
MM, 8, 29, 11
MM, 9, 27, 12
MM, 9, 26, 34
MM, 10, 26, 23
MM, 12, 23, 80
MM, 13, 21, 24
MM, 14, 20, 149
MM, 15, 20, 11
MM, 16, 20, 12
MM, 17, 20, 11
MM, 21, 21, 11
MM, 24, 22, 12
MM, 26, 22, 11
MM, 27, 24, 12
MM, 29, 25, 11
MM, 32, 25, 12
MM, 35, 25, 11
MM, 38, 26, 11
MM, 41, 27, 12
MM, 43, 28, 12
MM, 1, 31, 45
MM, 12, 2, 58
MM, 13, 3, 11
MM, 14, 4, 12
MM, 14, 5, 11
MM, 15, 5, 12
MM, 15, 6, 23
MM, 17, 6, 11
MM, 18, 9, 12
MM, 19, 11, 11
MM, 20, 12, 12
MM, 20, 13, 11
MM, 21, 15, 11
MM, 21, 16, 23
MM, 22, 16, 23
MM, 22, 17, 11
MM, 22, 18, 12
MC, 1, 173
MM, 21, 18, 22
MM, 19, 18, 11
MM, 16, 18, 12
MM, 9, 17, 11
MM, 5, 17, 12
MM, 1, 15, 12
MM, 41, 14, 11
MM, 33, 7, 11
MM, 23, 2, 12
MM, 5, 27, 23
MM, 39, 21, 11
MM, 27, 16, 12
MM, 17, 14, 11
MM, 13, 11, 12
MM, 10, 10, 11
MM, 9, 9, 12
MM, 8, 9, 11
MM, 7, 9, 11
MM, 1, 9, 12
MM, 6, 10, 745
MM, 22, 10, 12
MM, 35, 13, 11
MM, 43, 16, 12
MM, 1, 15, 11
MM, 7, 13, 11
MM, 11, 12, 12
MM, 22, 12, 12
MM, 28, 10, 11
MM, 31, 10, 12
MM, 33, 9, 11
MM, 35, 9, 12
MM, 38, 9, 11
MM, 39, 9, 11
MM, 43, 7, 12
MM, 1, 7, 80
MM, 2, 7, 12
MM, 3, 7, 11
MM, 5, 7, 12
MM, 6, 8, 11
MM, 7, 8, 11
MM, 9, 9, 12
MM, 10, 9, 23
MM, 11, 9, 11
MM, 12, 9, 12
MM, 13, 9, 11
MM, 0, 9, 195
MM, 39, 9, 12
MM, 17, 9, 11
MM, 34, 9, 11
MM, 10, 12, 12
MM, 42, 4, 379
MM, 40, 5, 11
MM, 39, 5, 12
MM, 37, 5, 11
MM, 36, 6, 23
MM, 35, 6, 11
MM, 33, 7, 11
MM, 31, 8, 12
MM, 29, 9, 12
MM, 28, 10, 11
MM, 26, 10, 12
MM, 25, 11, 23
MM, 24, 11, 23
MM, 23, 11, 11
MM, 22, 11, 11
MC, 1, 162
MM, 25, 11, 10
MM, 28, 11, 12
MM, 36, 11, 11
MM, 10, 11, 23
MM, 21, 11, 12
MM, 30, 12, 11
MM, 37, 12, 12
MM, 1, 18, 23
MM, 9, 18, 11
MM, 15, 20, 12
MM, 22, 20, 11
MM, 24, 20, 12
MM, 29, 24, 11
MM, 32, 24, 12
MM, 34, 24, 11
MM, 36, 24, 12
MM, 37, 24, 11
MM, 40, 24, 11
MM, 2, 22, 35
MM, 4, 22, 11
MM, 8, 19, 12
MM, 11, 18, 11
MM, 14, 17, 12
MM, 19, 17, 11
MM, 22, 17, 12
MM, 26, 17, 11
MM, 31, 17, 11
MM, 33, 17, 12
MM, 34, 17, 11
MM, 37, 17, 12
MM, 38, 17, 11
MM, 40, 17, 12
MM, 42, 17, 12
MM, 45, 17, 11
MM, 0, 19, 149
MM, 1, 19, 23
MM, 2, 19, 11
MM, 4, 18, 12
MM, 5, 18, 11
MM, 6, 18, 12
MM, 7, 18, 11
MM, 8, 18, 23
MM, 10, 16, 11
MM, 11, 16, 12
MM, 13, 16, 11
MM, 14, 16, 12
MM, 15, 16, 11
MM, 16, 16, 12
MM, 17, 16, 12
MC, 1, 138
MM, 17, 17, 56
MM, 17, 18, 12
MM, 17, 21, 11
MM, 17, 24, 12
MM, 17, 26, 11
MM, 17, 28, 12
MM, 16, 31, 11
MM, 16, 0, 69
MM, 16, 1, 11
MM, 16, 2, 12
MM, 16, 3, 11
MM, 16, 5, 35
MM, 16, 6, 11
MM, 15, 6, 12
MM, 15, 8, 11
MM, 15, 9, 23
MM, 15, 10, 23
MM, 15, 11, 23
MM, 15, 12, 11
MM, 15, 13, 46
MC, 1, 139
MM, 13, 13, 22
MM, 9, 11, 11
MM, 6, 11, 12
MM, 12, 25, 34
MM, 0, 23, 12
MM, 33, 18, 11
MM, 19, 17, 12
MM, 39, 17, 22
MM, 27, 17, 12
MM, 9, 17, 11
MM, 37, 20, 12
MM, 29, 23, 11
MM, 22, 23, 12
MM, 15, 24, 11
MM, 6, 23, 12
MM, 39, 23, 23
MM, 36, 22, 11
MM, 32, 22, 12
MM, 31, 20, 11
MM, 30, 20, 11
MM, 27, 20, 12
MM, 27, 19, 12
MM, 26, 19, 11
MM, 24, 19, 11
MM, 23, 18, 12
MM, 22, 18, 11
MM, 21, 18, 12
MM, 19, 18, 23
MM, 17, 18, 11
MM, 15, 18, 23
MM, 14, 18, 11
MM, 13, 18, 12
MM, 13, 17, 92
MC, 1, 104
MM, 14, 17, 34
MM, 20, 16, 11
MM, 33, 12, 11
MM, 21, 12, 24
MM, 30, 6, 22
MM, 2, 6, 12
MM, 17, 4, 11
MM, 36, 4, 12
MM, 10, 4, 22
MM, 16, 4, 12
MM, 19, 4, 11
MM, 21, 7, 12
MM, 21, 9, 11
MM, 21, 15, 12
MM, 19, 27, 11
MM, 17, 27, 12
MM, 19, 22, 343
MM, 27, 12, 12
MM, 13, 17, 23
MM, 36, 8, 12
MM, 30, 0, 114
MM, 0, 4, 23
MM, 7, 4, 11
MM, 10, 4, 12
MM, 11, 4, 12
MM, 18, 5, 11
MM, 20, 5, 12
MM, 22, 5, 23
MM, 23, 5, 11
MM, 24, 5, 12
MM, 25, 4, 11
MM, 26, 3, 11
MM, 27, 3, 12
MM, 27, 2, 23
MM, 28, 2, 34
MM, 29, 3, 69
MM, 29, 4, 23
MM, 30, 4, 11
MM, 30, 5, 12
MM, 30, 6, 126
MC, 1, 184
MM, 24, 6, 11
MM, 15, 5, 11
MM, 2, 4, 12
MM, 9, 1, 12
MM, 19, 1, 11
MM, 31, 1, 11
MM, 10, 1, 12
MM, 42, 29, 126
MM, 35, 29, 12
MM, 26, 28, 11
MM, 24, 28, 11
MM, 20, 28, 12
MM, 18, 27, 11
MM, 15, 27, 12
MM, 12, 27, 11
MM, 8, 27, 12
MM, 4, 29, 11
MM, 1, 29, 12
MM, 0, 29, 11
MM, 43, 29, 23
MM, 40, 29, 12
MM, 36, 29, 11
MM, 33, 29, 12
MM, 6, 31, 57
MM, 42, 29, 46
MM, 39, 29, 11
MM, 37, 29, 12
MM, 36, 28, 11
MM, 34, 28, 11
MM, 33, 26, 12
MM, 32, 26, 149
MM, 31, 25, 35
MM, 31, 24, 34
MM, 30, 24, 11
MM, 30, 23, 12
MM, 30, 21, 11
MC, 1, 208
MM, 31, 21, 91
MM, 34, 21, 11
MM, 36, 21, 11
MM, 40, 19, 11
MM, 0, 16, 24
MM, 8, 15, 11
MM, 11, 15, 12
MM, 15, 14, 11
MM, 19, 14, 12
MM, 22, 14, 11
MM, 25, 14, 12
MM, 28, 13, 11
MM, 31, 12, 11
MM, 32, 12, 12
MM, 33, 12, 12
MM, 35, 12, 11
MM, 36, 12, 23
MM, 37, 12, 11
MM, 38, 12, 12
MM, 39, 12, 11
MM, 41, 12, 46
MM, 42, 13, 12
MM, 0, 13, 45
MM, 1, 13, 23
MM, 2, 13, 12
MM, 3, 13, 11
MM, 4, 13, 11
MM, 5, 13, 12
MM, 6, 13, 12
MM, 8, 13, 11
MM, 9, 13, 12
MM, 10, 13, 11
MM, 11, 13, 23
MM, 12, 14, 12
MM, 14, 14, 23
MM, 15, 14, 11
MM, 16, 14, 11
MM, 17, 14, 23
MM, 18, 14, 35
MC, 1, 161
MM, 18, 15, 22
MM, 16, 15, 23
MM, 14, 17, 11
MM, 12, 19, 12
MM, 10, 21, 12
MM, 6, 25, 11
MM, 3, 28, 11
MM, 0, 30, 12
MC, 1, 413
MM, 32, 1, 138
MM, 33, 4, 11
MM, 33, 7, 11
MM, 33, 8, 12
MM, 33, 9, 12
MM, 33, 11, 22
MM, 33, 12, 23
MM, 33, 13, 23
MM, 33, 14, 23
MM, 33, 16, 12
MM, 33, 17, 11
MM, 33, 18, 11
MM, 33, 21, 12
MM, 33, 23, 11
MM, 33, 25, 12
MM, 33, 26, 11
MM, 33, 28, 12
MM, 33, 31, 11
MM, 25, 0, 69
MM, 25, 1, 11
MM, 25, 2, 150
MM, 25, 3, 12
MM, 25, 4, 45
MM, 25, 10, 46
MC, 1, 297
MM, 25, 6, 104
MM, 26, 1, 12
MM, 35, 29, 11
MM, 36, 23, 12
MM, 37, 17, 11
MM, 38, 13, 11
MM, 39, 6, 12
MM, 17, 31, 229
MM, 17, 30, 12
MM, 18, 29, 115
MM, 19, 28, 11
MM, 19, 27, 23
MM, 20, 26, 11
MM, 20, 25, 12
MM, 20, 24, 22
MM, 20, 23, 35
MM, 24, 21, 241
MM, 27, 20, 11
MM, 31, 19, 12
MM, 37, 17, 11
MC, 1, 471
MC, 1, 1147
MC, 2, 138
MM, 98, 59, 183
MM, 57, 59, 11
MM, 16, 59, 11
MM, 14, 0, 585
MM, 14, 1, 57
MM, 14, 2, 12
MM, 14, 3, 11
MM, 15, 3, 12
MM, 15, 4, 57
MM, 16, 6, 35
MM, 16, 7, 23
MM, 17, 7, 23
MM, 17, 8, 23
MM, 17, 9, 22
MC, 1, 160
MM, 21, 8, 173
MM, 111, 51, 35
MM, 164, 37, 11
MM, 215, 27, 11
MM, 273, 32, 11
MM, 322, 36, 12
MM, 385, 57, 12
MM, 87, 1, 45
MC, 1, 1181
MM, 27, 14, 402
MM, 407, 39, 23
MC, 1, 1547
MM, 6, 3, 22796
MM, 8, 4, 12
MM, 9, 9, 11
MM, 10, 12, 12
MM, 12, 13, 11
MM, 14, 16, 11
MM, 15, 16, 58
MM, 17, 16, 11
MM, 20, 16, 12
MM, 22, 16, 11
MM, 26, 12, 12
MM, 29, 10, 11
MM, 31, 9, 12
MM, 31, 8, 11
MM, 32, 5, 12
MM, 34, 2, 11
MM, 39, 59, 46
MM, 40, 58, 12
MM, 40, 57, 11
MM, 41, 55, 23
MM, 43, 53, 12
MM, 43, 52, 11
MM, 45, 50, 11
MM, 45, 46, 12
MM, 45, 44, 11
MM, 45, 41, 23
MM, 45, 40, 46
MM, 45, 39, 12
MM, 45, 38, 22
MM, 45, 35, 12
MM, 45, 34, 11
MM, 45, 35, 275
MM, 45, 33, 11
MC, 1, 183
MM, 44, 36, 162
MM, 40, 40, 12
MM, 37, 45, 11
MM, 33, 55, 11
MM, 28, 62, 12
MM, 29, 1, 80
MM, 31, 4, 12
MM, 34, 7, 11
MM, 37, 8, 12
MM, 42, 12, 11
MM, 2, 14, 23
MM, 7, 15, 11
MM, 14, 16, 12
MM, 21, 16, 11
MM, 33, 17, 11
MM, 42, 17, 12
MM, 4, 16, 12
MM, 18, 15, 11
MM, 35, 10, 12
MM, 35, 7, 1433
MM, 28, 18, 11
MM, 13, 9, 23
MM, 9, 20, 12
MM, 7, 27, 11
MM, 6, 28, 12
MM, 5, 30, 12
MM, 43, 2, 91
MM, 43, 4, 11
MM, 43, 7, 12
MM, 0, 14, 92
MM, 2, 15, 11
MM, 4, 15, 12
MM, 7, 15, 12
MM, 8, 15, 11
MM, 9, 15, 11
MM, 11, 17, 11
MM, 12, 17, 12
MM, 13, 17, 12
MM, 14, 17, 11
MM, 15, 17, 12
MM, 15, 18, 23
MC, 1, 252
MM, 14, 18, 46
MM, 11, 18, 11
MM, 9, 18, 11
MM, 6, 18, 12
MM, 4, 12, 11
MM, 0, 7, 12
MM, 33, 19, 35
MM, 16, 9, 11
MM, 15, 15, 22
MM, 36, 2, 12
MM, 35, 22, 34
MM, 3, 15, 12
MM, 33, 14, 11
MM, 16, 14, 12
MM, 0, 10, 12
MM, 36, 10, 11
MM, 19, 9, 11
MM, 5, 9, 12
MM, 10, 28, 585
MM, 13, 23, 11
MM, 13, 22, 11
MM, 14, 22, 12
MM, 14, 21, 23
MM, 14, 20, 184
MM, 32, 15, 126
MM, 12, 14, 11
MM, 11, 12, 12
MM, 34, 10, 103
MM, 35, 10, 206
MM, 5, 10, 23
MM, 12, 10, 11
MM, 24, 8, 12
MM, 32, 8, 11
MM, 2, 8, 35
MM, 4, 8, 11
MM, 5, 8, 12
MM, 8, 6, 11
MM, 12, 6, 12
MM, 15, 6, 11
MM, 17, 6, 12
MM, 18, 4, 11
MM, 20, 4, 12
MM, 22, 3, 11
MM, 23, 3, 12
MM, 24, 1, 11
MM, 26, 1, 12
MM, 28, 0, 11
MM, 29, 12, 539
MM, 1, 21, 11
MM, 37, 7, 23
MM, 6, 1, 58
MM, 40, 8, 34
MM, 39, 8, 12
MM, 39, 9, 11
MM, 36, 9, 12
MM, 35, 9, 11
MM, 34, 11, 24
MM, 30, 13, 10
MM, 28, 17, 12
MM, 25, 19, 11
MM, 23, 20, 12
MM, 22, 24, 12
MM, 22, 26, 11
MM, 21, 28, 11
MM, 20, 29, 11
MM, 20, 31, 12
MM, 83, 3, 35
MM, 83, 5, 11
MM, 83, 6, 12
MM, 83, 7, 11
MM, 83, 8, 11
MM, 83, 9, 23
MC, 1, 380
MM, 85, 6, 45
MM, 22, 0, 34
MM, 14, 11, 23
MM, 34, 3, 12
MM, 14, 27, 23
MM, 27, 26, 11
MM, 39, 25, 11
MM, 6, 22, 23
MM, 14, 22, 12
MM, 20, 20, 11
MM, 27, 19, 11
MM, 35, 19, 12
MM, 0, 18, 11
MM, 5, 17, 12
MM, 8, 15, 12
MM, 11, 14, 11
MM, 13, 13, 12
MM, 14, 13, 103
MM, 15, 13, 11
MM, 16, 13, 23
MM, 17, 13, 12
MM, 18, 13, 11
MM, 19, 13, 23
MM, 28, 12, 206
MM, 5, 12, 12
MM, 11, 22, 11
MM, 34, 30, 12
MM, 40, 0, 23
MM, 25, 6, 11
MM, 13, 6, 12
MM, 1, 11, 11
MM, 42, 11, 12
MM, 37, 11, 11
MM, 34, 11, 11
MM, 33, 11, 12
MM, 32, 11, 22
MM, 31, 11, 58
MM, 30, 11, 92
MM, 29, 11, 23
MM, 28, 11, 11
MC, 1, 208
MM, 28, 12, 45
MM, 28, 16, 11
MM, 30, 20, 12
MM, 33, 30, 11
MM, 26, 6, 23
MM, 26, 12, 11
MM, 24, 22, 12
MM, 24, 29, 11
MM, 88, 2, 23
MM, 88, 3, 12
MM, 88, 5, 11
MM, 88, 6, 23
MM, 88, 7, 12
MM, 88, 8, 46
MM, 88, 9, 11
MM, 88, 11, 12
MM, 88, 12, 23
MM, 88, 13, 11
MM, 89, 14, 69
MM, 90, 14, 23
MM, 91, 16, 23
MM, 91, 14, 286
MM, 91, 12, 23
MM, 91, 11, 24
MM, 90, 11, 125
MM, 90, 10, 35
MC, 1, 81
MM, 91, 8, 22
MM, 94, 4, 11
MM, 39, 28, 12
MM, 1, 5, 23
MM, 23, 24, 23
MM, 27, 16, 11
MM, 33, 8, 12
MM, 35, 5, 11
MM, 35, 4, 12
MM, 36, 4, 34
MM, 36, 2, 92
MM, 36, 0, 23
MC, 1, 402
MM, 0, 1, 68
MM, 5, 4, 11
MM, 9, 5, 12
MM, 11, 8, 11
MM, 13, 8, 12
MM, 15, 8, 11
MM, 16, 9, 12
MM, 18, 9, 11
MM, 18, 10, 11
MM, 19, 11, 35
MM, 20, 11, 69
MM, 17, 11, 173
MM, 33, 7, 33
MM, 5, 5, 11
MM, 28, 5, 12
MM, 2, 1, 12
MM, 41, 0, 11
MM, 21, 0, 447
MM, 25, 11, 12
MM, 29, 20, 12
MM, 32, 29, 11
MM, 27, 3, 11
MM, 32, 12, 12
MM, 33, 17, 11
MM, 36, 26, 12
MM, 36, 30, 11
MM, 51, 2, 23
MM, 53, 9, 12
MM, 53, 12, 11
MM, 53, 14, 12
MM, 53, 16, 22
MM, 53, 18, 23
MM, 53, 19, 12
MM, 53, 20, 11
MM, 54, 20, 92
MM, 54, 19, 195
MM, 54, 18, 11
MM, 54, 16, 35
MM, 53, 15, 57
MM, 53, 14, 115
MM, 51, 13, 126
MM, 48, 7, 11
MM, 46, 5, 12
MM, 20, 30, 23
MM, 14, 20, 11
MM, 8, 11, 12
MM, 7, 2, 11
MM, 6, 0, 11
MM, 10, 30, 35
MM, 9, 29, 11
MM, 9, 28, 12
MM, 9, 25, 23
MM, 9, 24, 11
MM, 7, 21, 12
MM, 5, 17, 11
MM, 4, 16, 12
MM, 3, 12, 12
MM, 2, 9, 11
MC, 1, 505
MM, 1, 6, 332
MM, 18, 15, 11
MM, 30, 15, 12
MM, 38, 16, 11
MM, 41, 20, 126
MM, 33, 19, 12
MM, 20, 19, 11
MM, 26, 13, 24
MM, 23, 5, 11
MM, 37, 3, 11
MM, 31, 2, 367
MM, 28, 9, 12
MM, 28, 15, 11
MM, 24, 23, 12
MM, 24, 25, 11
MM, 24, 26, 11
MM, 24, 28, 12
MM, 24, 29, 11
MM, 24, 30, 12
MM, 15, 3, 34
MM, 15, 8, 12
MM, 15, 14, 11
MM, 15, 16, 12
MM, 13, 20, 11
MM, 10, 24, 12
MM, 9, 26, 11
MM, 5, 28, 11
MC, 1, 885
MM, 41, 29, 67
MM, 2, 20, 23
MM, 7, 7, 12
MM, 12, 3, 11
MM, 29, 31, 35
MM, 31, 31, 11
MM, 36, 24, 12
MM, 39, 22, 11
MM, 2, 15, 35
MM, 4, 11, 11
MM, 10, 8, 11
MM, 15, 3, 12
MM, 28, 31, 57
MM, 19, 20, 149
MM, 26, 27, 12
MM, 1, 11, 344
MM, 5, 11, 12
MM, 8, 11, 11
MM, 11, 11, 12
MM, 12, 11, 11
MM, 13, 11, 11
MM, 14, 12, 12
MM, 15, 12, 12
MM, 15, 13, 228
MC, 1, 46
MM, 16, 13, 173
MM, 25, 13, 11
MM, 164, 63, 46
MM, 210, 63, 12
MM, 27, 4, 1146
MM, 12, 11, 12
MM, 1, 16, 11
MM, 39, 26, 12
MM, 31, 29, 11
MM, 14, 0, 34
MM, 39, 16, 46
MM, 31, 16, 12
MM, 20, 24, 11
MM, 14, 28, 12
MM, 42, 6, 57
MM, 37, 9, 12
MM, 32, 11, 11
MM, 30, 14, 12
MM, 15, 19, 33
MM, 9, 26, 12
MM, 109, 0, 46
MM, 103, 5, 12
MM, 102, 6, 11
MM, 100, 7, 12
MM, 100, 8, 11
MM, 99, 8, 34
MM, 99, 7, 448
MM, 101, 5, 11
MM, 106, 1, 12
MM, 4, 30, 23
MM, 14, 22, 11
MM, 21, 15, 11
MM, 34, 10, 13
MM, 42, 4, 10
MM, 15, 24, 35
MM, 25, 18, 11
MM, 38, 13, 12
MM, 7, 6, 23
MM, 13, 4, 11
MM, 34, 31, 35
MM, 3, 24, 23
MM, 6, 22, 11
MM, 11, 21, 11
MM, 16, 21, 12
MM, 23, 19, 11
MM, 0, 13, 46
MM, 1, 13, 11
MM, 1, 12, 173
MM, 2, 12, 103
MM, 4, 11, 11
MM, 5, 11, 12
MM, 6, 11, 11
MM, 9, 11, 23
MM, 10, 11, 12
MM, 12, 11, 12
MM, 15, 11, 11
MM, 18, 11, 11
MM, 19, 11, 12
MM, 22, 11, 11
MM, 24, 11, 11
MM, 31, 16, 12
MM, 5, 28, 23
MM, 47, 11, 241
MM, 45, 15, 11
MM, 45, 17, 12
MM, 44, 20, 11
MM, 43, 23, 12
MM, 43, 25, 11
MM, 43, 27, 11
MM, 43, 29, 23
MM, 43, 30, 23
MM, 30, 1, 103
MM, 29, 1, 12
MM, 29, 3, 11
MM, 28, 3, 12
MM, 28, 4, 11
MM, 27, 5, 23
MM, 26, 6, 11
MM, 26, 8, 12
MM, 25, 9, 11
MM, 24, 10, 12
MM, 24, 12, 12
MM, 22, 13, 11
MM, 22, 15, 12
MM, 21, 17, 11
MM, 20, 18, 23
MC, 1, 345
MM, 19, 18, 148
MM, 17, 18, 23
MM, 15, 17, 12
MM, 12, 17, 11
MM, 10, 15, 12
MM, 7, 15, 11
MM, 5, 13, 11
MM, 1, 13, 12
MM, 38, 9, 23
MM, 32, 7, 12
MM, 23, 5, 11
MM, 7, 31, 23
MM, 38, 27, 11
MM, 20, 21, 12
MM, 3, 14, 12
MM, 15, 28, 114
MM, 8, 26, 11
MM, 2, 23, 12
MM, 43, 22, 12
MM, 39, 19, 11
MM, 36, 18, 11
MM, 34, 16, 11
MM, 31, 14, 12
MM, 31, 13, 23
MM, 32, 13, 23
MM, 36, 13, 12
MM, 40, 13, 11
MM, 0, 13, 11
MM, 5, 13, 12
MM, 13, 13, 11
MM, 18, 14, 12
MM, 25, 17, 11
MM, 28, 18, 12
MM, 38, 21, 11
MM, 42, 21, 12
MM, 11, 24, 1640
MM, 4, 15, 23
MM, 17, 24, 11
MM, 27, 5, 23
MM, 39, 15, 11
MM, 54, 0, 12
MM, 55, 8, 11
MM, 54, 8, 230
MM, 46, 3, 11
MM, 35, 1, 12
MM, 2, 26, 23
MM, 39, 26, 11
MM, 39, 30, 12
MM, 38, 30, 11
MM, 19, 28, 23
MM, 4, 27, 12
MM, 28, 8, 1341
MM, 15, 15, 11
MM, 42, 0, 12
MC, 1, 997
MM, 13, 4, 116
MM, 13, 16, 11
MM, 13, 26, 11
MM, 48, 5, 24
MM, 48, 9, 11
MM, 48, 15, 12
MM, 48, 25, 11
MM, 48, 29, 11
MM, 36, 0, 35
MM, 36, 1, 11
MM, 36, 2, 57
MM, 36, 3, 12
MM, 36, 5, 11
MM, 36, 6, 23
MM, 36, 7, 23
MM, 36, 8, 11
MM, 35, 8, 35
MM, 34, 8, 80
MM, 33, 8, 12
MM, 32, 8, 11
MM, 31, 8, 12
MM, 31, 14, 286
MM, 31, 7, 11
MC, 1, 183
MM, 29, 7, 127
MM, 24, 7, 12
MM, 16, 6, 12
MM, 3, 5, 11
MM, 36, 2, 12
MM, 41, 25, 57
MM, 17, 30, 11
MM, 2, 30, 12
MM, 24, 5, 23
MM, 13, 7, 11
MM, 7, 13, 11
MM, 3, 18, 12
MM, 1, 21, 11
MM, 62, 0, 58
MM, 62, 2, 11
MM, 64, 2, 12
MM, 65, 3, 11
MM, 70, 5, 12
MM, 74, 7, 11
MM, 77, 9, 12
MM, 78, 10, 11
MM, 81, 11, 11
MM, 84, 11, 12
MM, 85, 11, 11
MM, 88, 11, 12
MM, 90, 11, 11
MM, 92, 11, 12
MM, 93, 11, 11
MM, 93, 10, 12
MM, 94, 10, 11
MM, 95, 10, 12
MC, 1, 630
MM, 94, 8, 58
MM, 18, 30, 11
MM, 10, 18, 12
MM, 28, 18, 23
MM, 31, 23, 34
MM, 21, 19, 12
MM, 14, 15, 22
MM, 14, 14, 58
MM, 14, 13, 69
MM, 14, 14, 378
MM, 14, 12, 10
MC, 1, 190
MM, 16, 12, 87
MM, 26, 8, 11
MM, 124, 59, 35
MM, 179, 49, 11
MM, 229, 43, 12
MM, 287, 39, 11
MM, 334, 34, 12
MM, 384, 40, 11
MM, 415, 44, 11
MM, 439, 50, 12
MM, 459, 50, 11
MM, 472, 52, 12
MM, 479, 52, 11
MM, 492, 57, 23
MC, 1, 905
MM, 33, 14, 139
MM, 39, 8, 11
MM, 10, 25, 12
MM, 20, 5, 23
MM, 12, 7, 11
MM, 2, 11, 23
MM, 43, 13, 80
MM, 39, 18, 58
MM, 39, 19, 23
MM, 38, 19, 11
MM, 37, 22, 12
MM, 34, 24, 11
MM, 34, 26, 11
MM, 33, 27, 12
MM, 32, 28, 11
MM, 32, 29, 12
MM, 32, 30, 11
MM, 141, 0, 115
MM, 141, 1, 23
MM, 141, 2, 34
MM, 141, 1, 172
MM, 139, 4, 482
MM, 138, 5, 12
MM, 136, 6, 11
MM, 136, 8, 11
MM, 135, 9, 12
MM, 134, 11, 11
MM, 133, 12, 11
MM, 132, 14, 12
MM, 132, 15, 24
MC, 1, 537
MM, 133, 11, 219
MM, 8, 19, 23
MM, 26, 7, 11
MM, 14, 27, 24
MM, 38, 12, 11
MM, 0, 9, 12
MM, 9, 7, 11
MM, 25, 1, 11
MM, 33, 1, 11
MM, 39, 0, 12
MM, 8, 0, 58
MM, 9, 0, 11
MM, 10, 1, 12
MM, 12, 1, 11
MM, 13, 1, 12
MM, 30, 31, 172
MM, 29, 30, 11
MM, 27, 28, 11
MM, 26, 24, 12
MM, 23, 21, 11
MM, 23, 20, 12
MM, 21, 16, 11
MM, 20, 16, 23
MM, 20, 15, 23
MM, 20, 14, 69
MC, 1, 458
MM, 17, 13, 115
MM, 10, 13, 12
MM, 1, 13, 12
MM, 32, 13, 11
MM, 21, 16, 11
MM, 8, 18, 12
MM, 36, 16, 11
MM, 18, 19, 12
MM, 43, 19, 11
MM, 21, 19, 12
MM, 1, 22, 11
MM, 36, 2, 81
MM, 30, 6, 11
MM, 26, 10, 11
MM, 20, 15, 12
MM, 12, 20, 11
MM, 7, 23, 12
MM, 2, 27, 11
MM, 32, 0, 46
MM, 30, 3, 92
MM, 31, 3, 459
MM, 33, 3, 11
MM, 35, 4, 11
MM, 37, 5, 12
MM, 39, 6, 11
MM, 40, 8, 12
MM, 40, 9, 23
MM, 41, 9, 11
MM, 38, 10, 92
MM, 36, 10, 12
MM, 34, 10, 11
MM, 32, 10, 11
MM, 31, 10, 12
MM, 27, 10, 11
MM, 25, 8, 12
MM, 22, 5, 11
MM, 19, 1, 12
MM, 25, 31, 22
MM, 25, 30, 12
MM, 25, 29, 23
MM, 26, 28, 23
MM, 27, 28, 23
MM, 28, 28, 11
MM, 30, 27, 12
MM, 31, 27, 11
MM, 34, 27, 12
MM, 36, 27, 12
MM, 40, 27, 10
MM, 43, 27, 12
MM, 0, 28, 35
MM, 1, 28, 11
MM, 3, 28, 11
MM, 5, 29, 24
MM, 6, 29, 11
MM, 8, 29, 23
MM, 9, 29, 11
MM, 12, 28, 11
MM, 15, 27, 24
MM, 16, 27, 11
MM, 17, 26, 12
MM, 19, 23, 23
MM, 20, 23, 11
MM, 22, 20, 12
MM, 23, 18, 11
MM, 23, 17, 23
MM, 23, 16, 11
MM, 24, 15, 23
MM, 24, 14, 58
MM, 24, 13, 11
MM, 24, 12, 23
MC, 1, 161
MM, 24, 13, 34
MM, 24, 15, 11
MM, 24, 19, 12
MM, 24, 26, 23
MM, 24, 29, 11
MM, 16, 1, 24
MM, 16, 6, 11
MM, 17, 9, 11
MM, 17, 11, 12
MM, 18, 12, 22
MM, 18, 13, 46
MM, 18, 14, 12
MM, 18, 15, 12
MM, 18, 16, 23
MM, 19, 16, 11
MM, 19, 17, 11
MM, 20, 21, 58
MM, 20, 22, 11
MM, 20, 24, 12
MM, 20, 29, 23
MM, 20, 31, 23
MM, 85, 0, 103
MM, 85, 1, 11
MM, 85, 4, 11
MM, 84, 6, 23
MM, 84, 8, 12
MM, 84, 9, 35
MM, 84, 10, 68
MM, 84, 11, 12
MM, 84, 12, 23
MM, 83, 13, 46
MC, 1, 276
MM, 83, 12, 148
MM, 84, 9, 11
MM, 88, 3, 12
MM, 27, 31, 11
MM, 32, 22, 12
MM, 35, 18, 12
MM, 41, 6, 11
MM, 8, 30, 23
MM, 13, 19, 11
MM, 18, 15, 11
MM, 20, 14, 12
MM, 21, 12, 12
MM, 22, 11, 11
MM, 24, 10, 12
MM, 25, 8, 12
MM, 26, 6, 10
MM, 28, 3, 12
MM, 28, 1, 11
MM, 1, 24, 425
MM, 5, 29, 11
MM, 11, 0, 81
MM, 12, 1, 11
MM, 13, 2, 11
MM, 14, 4, 12
MM, 15, 5, 11
MM, 16, 5, 12
MM, 16, 7, 12
MM, 17, 7, 11
MM, 17, 8, 11
MM, 18, 8, 11
MM, 18, 9, 12
MM, 19, 10, 11
MM, 20, 11, 12
MM, 21, 13, 12
MM, 23, 19, 11
MM, 24, 22, 11
MM, 24, 23, 23
MC, 1, 162
MM, 23, 22, 33
MM, 20, 21, 12
MM, 17, 20, 11
MM, 14, 20, 12
MM, 8, 18, 12
MM, 2, 14, 11
MM, 46, 4, 22
MM, 39, 3, 12
MM, 31, 3, 11
MM, 25, 0, 12
MM, 21, 0, 11
MM, 14, 0, 12
MC, 1, 505
MM, 34, 3, 160
MM, 35, 6, 11
MM, 36, 7, 23
MM, 36, 9, 12
MM, 36, 11, 11
MM, 36, 14, 12
MM, 36, 18, 11
MM, 36, 20, 11
MM, 36, 23, 12
MM, 37, 27, 11
MM, 37, 31, 12
MM, 30, 1, 126
MM, 30, 2, 23
MM, 30, 3, 23
MM, 30, 5, 12
MM, 30, 6, 11
MM, 29, 11, 11
MM, 29, 15, 12
MM, 29, 16, 12
MM, 28, 17, 11
MM, 28, 19, 11
MM, 27, 22, 11
MM, 26, 25, 12
MM, 36, 7, 23
MM, 32, 18, 12
MM, 31, 18, 11
MM, 29, 18, 11
MM, 27, 18, 23
MC, 1, 562
MM, 26, 17, 138
MM, 24, 14, 12
MM, 19, 9, 11
MM, 15, 2, 12
MM, 39, 22, 23
MM, 35, 9, 11
MM, 37, 27, 11
MM, 36, 21, 12
MM, 34, 11, 11
MM, 32, 1, 12
MM, 29, 31, 217
MC, 1, 495
MM, 10, 0, 320
MM, 12, 2, 12
MM, 12, 4, 11
MM, 12, 5, 12
MM, 12, 7, 11
MM, 13, 9, 23
MM, 13, 10, 12
MM, 13, 11, 22
MM, 13, 12, 23
MM, 10, 12, 252
MM, 6, 10, 12
MM, 24, 7, 23
MM, 12, 5, 11
MM, 42, 2, 12
MM, 17, 2, 11
MM, 4, 2, 11
MM, 35, 1, 12
MM, 22, 1, 11
MM, 10, 2, 12
MM, 3, 2, 12
MM, 42, 0, 573
MM, 2, 3, 11
MM, 12, 4, 12
MM, 24, 9, 11
MM, 36, 11, 12
MM, 0, 15, 11
MM, 7, 17, 12
MM, 18, 23, 11
MM, 21, 24, 12
MM, 25, 26, 11
MM, 31, 28, 12
MM, 33, 29, 11
MM, 35, 29, 12
MM, 36, 29, 11
MM, 38, 29, 11
MM, 39, 29, 12
MM, 42, 29, 11
MM, 1, 25, 115
MM, 4, 22, 12
MM, 6, 22, 11
MM, 9, 21, 12
MM, 11, 21, 11
MM, 12, 21, 23
MM, 13, 20, 12
MM, 14, 20, 22
MM, 14, 19, 161
MC, 1, 24
MM, 11, 19, 45
MM, 26, 19, 34
MM, 9, 19, 12
MM, 34, 25, 12
MM, 11, 23, 11
MM, 41, 22, 11
MM, 30, 20, 12
MM, 18, 21, 11
MM, 6, 21, 12
MM, 46, 20, 23
MM, 39, 20, 11
MM, 33, 20, 11
MM, 29, 20, 12
MM, 24, 21, 11
MM, 23, 21, 12
MM, 21, 21, 11
MM, 20, 20, 12
MM, 19, 19, 11
MM, 18, 18, 12
MM, 15, 18, 11
MM, 14, 16, 23
MM, 11, 15, 11
MM, 10, 15, 12
MM, 8, 15, 23
MM, 6, 14, 11
MM, 3, 13, 12
MM, 41, 12, 23
MM, 35, 10, 11
MM, 31, 10, 12
MM, 27, 10, 11
MM, 24, 10, 12
MM, 19, 10, 11
MM, 12, 10, 12
MM, 6, 10, 12
MM, 3, 10, 11
MM, 0, 10, 11
MM, 43, 8, 69
MM, 42, 8, 11
MM, 41, 8, 12
MM, 39, 8, 11
MM, 36, 8, 12
MM, 35, 8, 11
MM, 33, 8, 12
MM, 32, 8, 11
MM, 31, 8, 12
MM, 30, 8, 22
MM, 29, 8, 12
MM, 29, 7, 23
MM, 28, 7, 23
MM, 28, 6, 11
MC, 1, 184
MM, 28, 7, 57
MM, 28, 9, 11
MM, 28, 11, 12
MM, 29, 13, 12
MM, 31, 19, 11
MM, 32, 21, 11
MM, 35, 24, 12
MM, 37, 30, 11
MM, 36, 2, 46
MM, 36, 5, 265
MM, 36, 10, 45
MM, 37, 11, 11
MM, 38, 13, 12
MM, 40, 16, 11
MM, 42, 17, 12
MM, 42, 18, 11
MM, 43, 20, 12
MM, 65, 0, 252
MM, 65, 3, 12
MM, 65, 5, 23
MM, 65, 6, 22
MM, 65, 7, 46
MM, 65, 8, 58
MM, 66, 8, 45
MM, 67, 8, 35
MM, 68, 8, 23
MM, 70, 5, 11
MM, 15, 29, 46
MM, 16, 27, 11
MM, 17, 26, 12
MM, 17, 23, 34
MM, 17, 22, 12
MM, 13, 19, 23
MM, 6, 11, 23
MM, 1, 8, 11
MM, 40, 0, 12
MM, 31, 30, 11
MM, 20, 21, 11
MM, 9, 17, 12
MM, 3, 15, 12
MM, 43, 11, 114
MM, 42, 11, 24
MM, 41, 11, 11
MM, 40, 11, 11
MM, 37, 11, 12
MM, 36, 11, 11
MM, 34, 11, 11
MM, 31, 10, 12
MM, 30, 10, 12
MM, 29, 10, 11
MM, 28, 10, 22
MM, 26, 9, 12
MM, 25, 9, 12
MM, 24, 9, 23
MM, 23, 9, 11
MM, 22, 9, 12
MM, 26, 10, 183
MM, 31, 15, 35
MM, 36, 18, 11
MM, 40, 20, 12
MM, 0, 29, 11
MM, 6, 9, 23
MM, 11, 14, 11
MM, 19, 19, 12
MM, 22, 22, 11
MM, 26, 26, 12
MM, 29, 27, 11
MM, 31, 29, 12
MM, 34, 31, 12
MM, 57, 0, 183
MM, 58, 3, 11
MM, 58, 4, 12
MM, 59, 4, 11
MM, 59, 5, 35
MM, 59, 6, 34
MC, 1, 242
MM, 60, 6, 45
MM, 64, 6, 11
MM, 69, 2, 12
MM, 34, 27, 34
MM, 11, 15, 11
MM, 34, 3, 12
MM, 34, 28, 23
MM, 2, 26, 11
MM, 24, 19, 23
MM, 35, 19, 11
MM, 40, 19, 12
MM, 1, 18, 252
MM, 3, 16, 12
MM, 7, 14, 11
MM, 25, 9, 23
MM, 30, 5, 12
MM, 15, 30, 115
MM, 26, 27, 57
MM, 29, 27, 11
MM, 34, 27, 23
MM, 0, 25, 35
MM, 3, 25, 11
MM, 4, 25, 12
MM, 10, 23, 22
MM, 13, 21, 23
MM, 14, 21, 12
MM, 16, 21, 11
MM, 17, 21, 23
MM, 18, 21, 104
MC, 1, 126
MM, 15, 21, 23
MM, 14, 21, 11
MM, 7, 21, 23
MM, 2, 21, 11
MM, 0, 21, 12
MM, 36, 21, 45
MM, 35, 21, 12
MM, 33, 21, 11
MM, 30, 21, 24
MM, 28, 21, 23
MM, 27, 21, 11
MM, 26, 21, 12
MM, 24, 21, 23
MM, 23, 21, 11
MM, 22, 20, 23
MM, 29, 20, 206
MM, 33, 20, 11
MM, 36, 20, 12
MM, 1, 20, 23
MM, 3, 20, 11
MM, 6, 20, 12
MM, 15, 20, 58
MM, 16, 20, 11
MM, 17, 20, 11
MM, 18, 20, 23
MM, 19, 20, 12
MM, 20, 20, 11
MM, 21, 20, 35
MM, 22, 20, 11
MM, 21, 20, 138
MM, 19, 20, 13
MM, 6, 20, 21
MM, 5, 20, 69
MM, 0, 20, 11
MM, 35, 20, 23
MM, 33, 20, 12
MM, 29, 21, 11
MM, 23, 21, 12
MM, 21, 21, 11
MM, 17, 21, 12
MM, 12, 22, 11
MM, 9, 22, 11
MM, 6, 22, 12
MM, 5, 22, 12
MM, 2, 22, 11
MM, 0, 22, 11
MM, 43, 21, 46
MM, 42, 21, 23
MM, 41, 21, 12
MM, 40, 19, 11
MM, 39, 19, 12
MM, 38, 19, 11
MM, 37, 18, 12
MM, 36, 18, 11
MM, 35, 18, 12
MM, 34, 17, 23
MM, 30, 17, 45
MM, 30, 16, 12
MC, 1, 127
MM, 32, 16, 11
MM, 39, 17, 11
MM, 8, 23, 23
MM, 17, 25, 11
MM, 25, 28, 12
MM, 31, 30, 11
MM, 2, 4, 46
MM, 6, 6, 12
MM, 8, 7, 11
MM, 9, 8, 12
MM, 11, 8, 11
MM, 12, 11, 11
MM, 15, 12, 23
MM, 16, 13, 23
MM, 17, 13, 12
MM, 17, 14, 34
MM, 18, 14, 35
MM, 14, 13, 321
MM, 9, 11, 11
MM, 20, 5, 24
MM, 43, 26, 34
MM, 24, 26, 11
MM, 22, 2, 92
MM, 11, 27, 46
MM, 3, 30, 11
MM, 43, 29, 12
MM, 37, 29, 11
MM, 33, 26, 12
MM, 32, 26, 11
MM, 31, 25, 12
MM, 31, 24, 194
MM, 31, 23, 23
MM, 31, 22, 35
MM, 31, 21, 46
MC, 1, 127
MM, 32, 20, 33
MM, 37, 20, 12
MM, 0, 11, 11
MM, 16, 8, 12
MM, 34, 5, 11
MM, 1, 4, 12
MM, 12, 2, 11
MM, 23, 0, 12
MC, 1, 734
MM, 7, 20, 103
MM, 17, 20, 11
MM, 22, 20, 12
MM, 26, 20, 11
MM, 34, 20, 11
MM, 40, 20, 12
MM, 2, 20, 24
MM, 5, 20, 10
MM, 10, 17, 11
MM, 16, 16, 12
MM, 18, 16, 12
MM, 20, 16, 11
MM, 24, 18, 12
MM, 27, 18, 11
MM, 30, 18, 12
MM, 34, 18, 11
MM, 35, 18, 12
MM, 38, 17, 11
MM, 39, 17, 12
MM, 41, 17, 11
MM, 43, 15, 12
MM, 0, 15, 80
MM, 1, 15, 11
MM, 4, 15, 12
MM, 5, 15, 11
MM, 6, 15, 11
MM, 8, 15, 12
MM, 10, 15, 12
MM, 11, 15, 11
MM, 13, 15, 11
MM, 14, 15, 12
MM, 15, 15, 23
MC, 1, 173
MM, 17, 15, 22
MM, 18, 15, 11
MM, 20, 15, 12
MM, 21, 15, 11
MM, 23, 15, 12
MM, 26, 15, 11
MM, 28, 15, 12
MM, 30, 15, 11
MM, 32, 15, 12
MM, 33, 15, 11
MM, 2, 15, 35
MM, 5, 15, 11
MM, 8, 15, 11
MM, 10, 15, 12
MM, 11, 15, 11
MM, 12, 15, 12
MM, 13, 15, 69
MC, 1, 172
MM, 12, 15, 23
MM, 9, 16, 11
MM, 2, 18, 12
MM, 33, 23, 11
MM, 24, 28, 12
MM, 3, 4, 23
MM, 39, 8, 11
MM, 30, 9, 11
MM, 24, 13, 11
MM, 22, 15, 12
MM, 20, 16, 11
MM, 17, 16, 12
MM, 14, 18, 12
MM, 11, 20, 11
MM, 10, 20, 12
MM, 9, 20, 22
MM, 8, 20, 12
MM, 7, 20, 11
MM, 6, 20, 23
MM, 3, 21, 12
MM, 0, 21, 11
MM, 41, 27, 23
MM, 34, 31, 12
MM, 13, 10, 23
MM, 4, 15, 11
MM, 1, 19, 12
MM, 0, 21, 355
MM, 1, 21, 23
MM, 2, 20, 11
MM, 3, 20, 23
MM, 5, 20, 12
MM, 6, 18, 12
MM, 7, 18, 23
MM, 8, 17, 11
MM, 9, 17, 11
MM, 9, 16, 12
MM, 10, 16, 11
MM, 12, 15, 23
MM, 13, 15, 35
MM, 15, 14, 23
MM, 16, 14, 11
MM, 17, 13, 23
MM, 19, 13, 12
MM, 20, 13, 34
MM, 20, 12, 126
MM, 19, 13, 69
MC, 1, 263
MM, 16, 14, 138
MM, 12, 14, 12
MM, 2, 15, 12
MM, 43, 18, 10
MM, 33, 18, 12
MM, 27, 22, 11
MM, 24, 23, 12
MM, 20, 25, 11
MM, 17, 26, 12
MM, 13, 26, 12
MM, 9, 28, 11
MM, 5, 30, 11
MM, 107, 0, 81
MM, 105, 1, 11
MM, 102, 1, 12
MM, 101, 2, 11
MM, 99, 4, 12
MM, 97, 5, 11
MM, 95, 7, 11
MM, 94, 8, 12
MM, 93, 8, 23
MM, 93, 9, 11
MM, 93, 7, 161
MM, 92, 7, 206
MC, 1, 194
MM, 101, 0, 59
MM, 11, 18, 11
MM, 11, 24, 23
MM, 27, 15, 12
MM, 4, 10, 22
MM, 10, 7, 12
MM, 15, 6, 11
MM, 21, 3, 12
MM, 24, 0, 11
MM, 26, 0, 12
MM, 39, 31, 114
MM, 40, 31, 12
MM, 40, 29, 11
MM, 41, 29, 12
MM, 41, 28, 11
MM, 43, 27, 23
MM, 43, 26, 11
MM, 0, 22, 46
MM, 2, 20, 12
MM, 4, 20, 11
MM, 5, 20, 12
MM, 6, 20, 11
MM, 7, 20, 12
MM, 8, 19, 11
MM, 9, 19, 12
MM, 10, 19, 11
MM, 11, 23, 287
MM, 11, 20, 10
MC, 1, 185
MM, 8, 20, 34
MM, 1, 20, 11
MM, 27, 20, 12
MM, 0, 20, 12
MM, 7, 7, 34
MM, 14, 17, 12
MM, 23, 20, 11
MM, 9, 20, 11
MM, 1, 22, 12
MM, 43, 22, 46
MM, 42, 22, 69
MM, 40, 22, 23
MM, 39, 22, 11
MM, 39, 21, 12
MM, 39, 20, 12
MM, 41, 19, 102
MM, 0, 15, 23
MM, 5, 15, 11
MM, 8, 15, 12
MM, 13, 14, 11
MM, 15, 14, 12
MM, 16, 13, 12
MM, 17, 13, 11
MM, 18, 13, 80
MM, 19, 13, 12
MM, 20, 13, 23
MM, 21, 14, 297
MM, 21, 12, 11
MC, 1, 183
MM, 22, 13, 70
MM, 29, 14, 12
MM, 38, 19, 12
MM, 10, 25, 23
MM, 40, 2, 34
MM, 1, 7, 34
MM, 2, 8, 12
MM, 4, 10, 11
MM, 7, 11, 11
MM, 8, 12, 24
MM, 9, 12, 11
MM, 9, 13, 23
MM, 10, 13, 23
MM, 10, 14, 12
MM, 10, 15, 57
MM, 10, 16, 11
MM, 10, 17, 12
MM, 10, 20, 11
MM, 10, 21, 12
MM, 10, 22, 11
MM, 10, 24, 12
MM, 10, 27, 12
MM, 10, 29, 10
MM, 10, 30, 12
MM, 10, 31, 23
MM, 75, 0, 183
MM, 75, 1, 34
MM, 75, 2, 13
MM, 75, 3, 11
MM, 75, 4, 22
MC, 1, 504
MM, 77, 4, 277
MM, 80, 4, 11
MM, 20, 19, 34
MM, 37, 12, 12
MM, 12, 11, 11
MM, 33, 7, 12
MM, 3, 5, 23
MM, 35, 1, 22
MM, 9, 0, 24
MM, 17, 2, 11
MM, 29, 3, 12
MM, 4, 7, 80
MM, 5, 7, 11
MM, 6, 7, 12
MM, 6, 6, 114
MM, 7, 5, 23
MM, 7, 4, 23
MM, 8, 3, 12
MM, 9, 2, 12
MM, 9, 0, 11
MM, 21, 28, 57
MM, 21, 25, 11
MM, 22, 24, 13
MM, 22, 23, 10
MM, 22, 22, 161
MC, 1, 538
MM, 21, 22, 127
MM, 18, 22, 12
MM, 11, 19, 11
MM, 20, 18, 23
MM, 34, 9, 11
MM, 30, 9, 12
MM, 31, 31, 275
MM, 29, 31, 12
MM, 26, 31, 11
MM, 24, 31, 12
MM, 23, 31, 23
MC, 1, 745
MM, 3, 1, 126
MM, 5, 3, 11
MM, 7, 4, 12
MM, 8, 4, 58
MM, 8, 5, 12
MM, 8, 6, 10
MM, 8, 7, 23
MM, 10, 8, 12
MM, 12, 9, 11
MM, 12, 10, 57
MM, 12, 11, 58
MC, 1, 401
MM, 15, 10, 11
MM, 25, 3, 12
MC, 1, 744
MM, 21, 5, 127
MM, 15, 21, 12
MM, 109, 0, 310
MM, 109, 1, 11
MM, 109, 2, 46
MM, 109, 3, 35
MM, 109, 5, 11
MM, 109, 6, 11
MM, 109, 8, 12
MM, 109, 10, 11
MM, 109, 11, 12
MM, 109, 12, 11
MM, 109, 13, 12
MM, 109, 14, 34
MM, 109, 12, 35
MM, 109, 9, 229
MM, 109, 11, 10
MC, 1, 185
MM, 109, 7, 57
MM, 9, 31, 35
MM, 15, 25, 11
MM, 20, 22, 12
MM, 26, 16, 11
MM, 28, 14, 12
MM, 31, 12, 11
MM, 35, 9, 11
MM, 38, 8, 12
MM, 42, 3, 11
MM, 10, 30, 127
MM, 11, 30, 10
MM, 13, 28, 12
MM, 14, 27, 12
MM, 15, 25, 23
MM, 16, 25, 11
MM, 16, 24, 23
MM, 16, 22, 23
MM, 17, 22, 23
MM, 17, 21, 12
MM, 17, 18, 11
MM, 17, 17, 12
MC, 1, 434
MM, 9, 17, 82
MM, 36, 16, 22
MM, 39, 14, 12
MM, 4, 14, 11
MM, 13, 10, 12
MM, 43, 10, 11
MM, 17, 6, 12
MM, 42, 4, 11
MM, 32, 2, 12
MM, 26, 2, 11
MM, 20, 2, 12
MM, 19, 2, 11
MM, 16, 2, 11
MM, 13, 3, 12
MM, 10, 3, 12
MM, 8, 6, 11
MM, 5, 6, 12
MM, 4, 7, 91
MM, 3, 7, 12
MM, 4, 7, 103
MM, 5, 8, 12
MM, 6, 8, 11
MM, 9, 9, 11
MM, 12, 10, 12
MM, 15, 10, 11
MM, 16, 11, 23
MM, 16, 13, 92
MM, 16, 14, 195
MC, 1, 195
MM, 22, 14, 35
MM, 31, 14, 11
MM, 31, 17, 23
MM, 19, 26, 11
MM, 3, 31, 12
MM, 43, 5, 23
MM, 12, 9, 11
MM, 21, 9, 12
MM, 32, 12, 11
MM, 35, 12, 11
MM, 38, 13, 12
MM, 40, 13, 11
MM, 42, 13, 12
MM, 0, 15, 252
MM, 5, 15, 46
MM, 6, 15, 34
MM, 7, 15, 12
MM, 9, 15, 23
MM, 10, 15, 23
MC, 1, 424
MM, 8, 15, 23
MM, 1, 15, 11
MM, 27, 9, 24
MM, 0, 3, 11
MM, 35, 30, 229
MM, 34, 29, 12
MM, 32, 27, 11
MM, 31, 26, 24
MM, 30, 25, 10
MM, 27, 21, 12
MM, 23, 19, 23
MM, 22, 18, 11
MM, 21, 17, 12
MM, 20, 16, 22
MC, 1, 516
MM, 20, 14, 58
MM, 21, 12, 12
MM, 22, 7, 11
MM, 24, 3, 23
MC, 1, 664
MM, 25, 1, 231
MM, 24, 7, 11
MM, 22, 13, 23
MM, 22, 14, 11
MM, 22, 16, 35
MM, 22, 17, 68
MM, 22, 18, 310
MC, 1, 194
MM, 24, 14, 1194
MM, 34, 9, 11
MM, 15, 5, 69
MM, 39, 20, 11
MM, 12, 31, 11
MM, 30, 10, 12
MM, 41, 16, 11
MM, 6, 18, 23
MM, 18, 22, 12
MM, 25, 22, 11
MM, 35, 22, 12
MM, 39, 21, 11
MM, 2, 13, 46
MM, 5, 9, 12
MM, 8, 6, 11
MM, 10, 6, 12
MM, 11, 6, 11
MM, 13, 5, 12
MM, 14, 5, 11
MM, 16, 3, 12
MM, 19, 1, 11
MM, 24, 4, 12
MM, 26, 4, 11
MM, 28, 7, 12
MM, 31, 8, 11
MM, 31, 9, 23
MM, 30, 10, 103
MM, 29, 11, 34
MM, 27, 12, 23
MM, 26, 12, 12
MM, 25, 13, 11
MM, 24, 13, 12
MM, 24, 15, 80
MC, 1, 412
MM, 22, 15, 47
MM, 16, 14, 11
MM, 41, 14, 12
MM, 8, 12, 11
MM, 5, 13, 23
MM, 28, 18, 12
MM, 15, 27, 11
MM, 33, 31, 195916
MM, 19, 4, 92
MM, 27, 4, 11
MM, 34, 12, 12
MM, 40, 17, 12
MM, 44, 18, 11
MM, 48, 24, 12
MM, 80, 33, 413
MM, 78, 31, 11
MM, 77, 31, 11
MM, 77, 30, 11
MM, 76, 30, 12
MM, 75, 29, 23
MM, 74, 28, 11
MM, 73, 28, 23
MM, 73, 27, 12
MM, 72, 27, 23
MM, 72, 25, 11
MM, 71, 25, 23
MM, 70, 24, 172
MM, 70, 23, 35
MM, 69, 22, 22
MM, 69, 21, 24
MM, 69, 20, 57
MM, 69, 21, 115
