********************************************************************************
LOGGING TIME: 20161024_155034
CLIENT IP: 10.17.6.85
USERNAME: Renu
OS: Windows 10
**********************************Emotional database********************************************************************************
MM, 616, 693, 1477468754444
MM, 616, 687, 10
MM, 618, 667, 9
MM, 20, 11, 31
MM, 10, 10, 10
MM, 617, 463, 10
MM, 353, 73, 10
MM, 353, 59, 11
MM, 353, 43, 10
MM, 353, 35, 10
MM, 353, 31, 10
MM, 351, 29, 11
MM, 349, 27, 10
MM, 348, 26, 9
MM, 345, 26, 10
MM, 342, 25, 11
MM, 338, 25, 10
MM, 327, 25, 10
MM, 313, 25, 11
MM, 302, 27, 9
MM, 291, 32, 11
MM, 285, 33, 10
MM, 276, 34, 10
MM, 270, 35, 10
MM, 260, 42, 10
MM, 254, 44, 10
MM, 250, 45, 10
MM, 247, 46, 10
MM, 244, 47, 10
MM, 243, 48, 10
MM, 241, 50, 21
MM, 239, 51, 19
MM, 239, 54, 10
MM, 238, 55, 12
MM, 238, 54, 2084
MM, 231, 32, 31
MM, 223, 23, 10
MM, 207, 0, 9
MM, 187, 74, 10
MM, 145, 34, 11
MM, 347, 199, 10
MM, 292, 150, 10
MM, 240, 104, 11
MM, 200, 68, 10
MM, 178, 51, 10
MM, 161, 31, 9
MM, 169, 33, 132
MM, 175, 38, 10
MM, 179, 44, 11
MM, 188, 50, 10
MM, 194, 55, 10
MM, 207, 64, 10
MM, 220, 77, 10
MM, 247, 96, 11
MM, 273, 120, 9
MM, 295, 134, 10
MM, 318, 156, 10
MM, 339, 176, 11
MM, 352, 189, 10
MM, 357, 202, 10
MM, 364, 210, 9
MM, 377, 224, 11
MM, 384, 227, 10
MM, 124, 5, 10
MM, 131, 12, 11
MM, 133, 13, 9
MM, 134, 13, 41
MM, 136, 13, 10
MM, 138, 13, 11
MM, 140, 14, 10
MM, 142, 18, 10
MM, 143, 18, 10
MM, 143, 21, 10
MM, 144, 24, 10
MM, 144, 26, 20
MM, 130, 34, 71
MM, 126, 36, 10
MM, 121, 38, 11
MM, 114, 44, 10
MM, 109, 47, 9
MM, 105, 55, 10
MM, 99, 58, 10
MM, 95, 60, 11
MM, 90, 62, 10
MM, 88, 64, 10
MM, 86, 64, 10
MM, 86, 63, 81
MM, 85, 63, 10
MM, 85, 62, 10
MM, 85, 61, 10
MM, 83, 62, 52416
MM, 81, 64, 20
MM, 328, 352, 61
MM, 64, 17, 10
MM, 65, 38, 11
MM, 71, 50, 10
MM, 84, 66, 10
MM, 90, 74, 10
MM, 370, 448, 20
MM, 378, 454, 11
MM, 390, 461, 10
MM, 17, 4, 9
MM, 33, 7, 10
MM, 437, 472, 10
MM, 16, 12, 11
MM, 30, 14, 10
MM, 479, 479, 10
MM, 11, 14, 9
MM, 28, 14, 21
MM, 515, 479, 10
MM, 2, 7, 31
MM, 3, 2, 10
MM, 524, 460, 11
MM, 522, 451, 10
MM, 247, 77, 10
MM, 239, 65, 10
MM, 230, 57, 9
MM, 210, 40, 11
MM, 192, 30, 10
MM, 144, 20, 10
MM, 119, 19, 10
MM, 86, 19, 10
MM, 54, 25, 10
MM, 41, 26, 10
MM, 31, 28, 10
MM, 21, 33, 10
MM, 19, 34, 10
MM, 17, 34, 11
MM, 17, 35, 10
MM, 17, 37, 40
MM, 18, 31, 10
MM, 18, 30, 649
MM, 18, 27, 30
MM, 18, 25, 10
MM, 22, 22, 10
MM, 25, 17, 10
MM, 37, 0, 10
MM, 310, 349, 11
MM, 327, 332, 10
MM, 339, 320, 10
MM, 346, 315, 10
MM, 90, 82, 10
MM, 95, 82, 11
MM, 102, 79, 9
MM, 109, 78, 10
MM, 116, 75, 11
MM, 124, 74, 10
MM, 134, 68, 10
MM, 143, 65, 10
MM, 146, 64, 11
MM, 150, 64, 9
MM, 158, 67, 11
MM, 164, 70, 10
MM, 174, 73, 10
MM, 181, 76, 10
MM, 188, 80, 10
MM, 195, 82, 10
MM, 468, 313, 10
MM, 473, 315, 10
MM, 478, 318, 11
MM, 480, 319, 10
MM, 483, 321, 10
MM, 486, 321, 10
MM, 489, 324, 10
MM, 490, 326, 10
MM, 490, 327, 20
MM, 491, 327, 20
MM, 490, 327, 51
MM, 489, 327, 11
MM, 486, 327, 10
MM, 483, 327, 10
MM, 477, 326, 9
MM, 472, 326, 11
MM, 457, 320, 10
MM, 444, 318, 10
MM, 435, 317, 10
MM, 426, 315, 10
MM, 416, 314, 10
MM, 411, 312, 11
MM, 407, 311, 9
MM, 140, 82, 11
MM, 134, 82, 51
MM, 135, 82, 121
MM, 137, 82, 10
MM, 140, 82, 10
MM, 143, 82, 10
MM, 147, 82, 10
MM, 152, 82, 11
MM, 155, 82, 10
MM, 162, 82, 10
MM, 168, 82, 11
MM, 436, 311, 9
MM, 443, 311, 11
MM, 447, 312, 9
MM, 461, 318, 31
MM, 464, 319, 10
MM, 465, 319, 10
MM, 468, 319, 10
MM, 469, 319, 10
MM, 468, 323, 20
MM, 470, 322, 497
MM, 474, 319, 10
MM, 477, 314, 11
MM, 222, 81, 9
MM, 226, 79, 11
MM, 231, 75, 9
MM, 236, 74, 10
MM, 242, 71, 10
MM, 247, 70, 11
MM, 251, 70, 10
MM, 256, 70, 10
MM, 259, 70, 10
MM, 262, 70, 11
MM, 265, 70, 10
MM, 272, 72, 10
MM, 277, 72, 10
MM, 287, 73, 10
MM, 293, 73, 10
MM, 299, 73, 10
MM, 308, 74, 10
MM, 314, 74, 10
MM, 326, 77, 10
MM, 334, 76, 11
MM, 339, 76, 9
MM, 344, 75, 11
MM, 349, 75, 10
MM, 358, 77, 10
MM, 361, 77, 10
MM, 365, 76, 10
MM, 366, 76, 20
MM, 361, 73, 10
MM, 363, 71, 466
MM, 373, 64, 11
MM, 384, 58, 9
MM, 413, 40, 10
MM, 434, 29, 10
MM, 467, 26, 12
MM, 500, 26, 9
MM, 524, 31, 10
MM, 553, 45, 10
MM, 574, 59, 11
MM, 589, 70, 10
MM, 599, 79, 10
MM, 870, 319, 10
MM, 877, 329, 10
MM, 881, 337, 10
MM, 882, 346, 10
MM, 882, 349, 10
MM, 882, 352, 10
MM, 881, 355, 10
MM, 879, 356, 11
MM, 607, 1, 10
MM, 598, 5, 10
MM, 578, 13, 10
MM, 542, 13, 11
MM, 503, 19, 10
MM, 465, 19, 9
MM, 426, 21, 10
MM, 407, 21, 11
MM, 379, 18, 10
MM, 356, 20, 10
MM, 337, 17, 10
MM, 327, 17, 10
MM, 317, 16, 10
MM, 313, 15, 11
MM, 306, 15, 9
MM, 299, 15, 10
MM, 295, 15, 10
MM, 294, 15, 11
MM, 292, 14, 9
MM, 294, 14, 619
MM, 295, 14, 10
MM, 294, 14, 41
MM, 289, 14, 9
MM, 266, 17, 10
MM, 215, 31, 10
MM, 171, 42, 11
MM, 124, 66, 10
MM, 90, 82, 10
MM, 323, 453, 11
MM, 309, 463, 9
MM, 295, 471, 10
MM, 287, 478, 10
MM, 283, 482, 11
MM, 275, 489, 10
MM, 273, 493, 10
MM, 270, 496, 10
MM, 268, 501, 10
MM, 268, 503, 11
MM, 268, 506, 10
MM, 271, 509, 10
MM, 273, 511, 10
MM, 276, 513, 9
MM, 282, 514, 11
MM, 289, 520, 10
MM, 293, 522, 10
MM, 297, 523, 10
MM, 301, 523, 11
MM, 0, 20, 9
MM, 8, 20, 11
MM, 17, 18, 10
MM, 24, 14, 10
MM, 31, 8, 10
MM, 36, 7, 10
MM, 1, 3, 10
MM, 357, 500, 10
MM, 362, 496, 11
MM, 18, 25, 10
MM, 26, 18, 10
MM, 29, 15, 9
MM, 31, 13, 11
MM, 385, 476, 10
MM, 387, 474, 10
MM, 389, 473, 10
MM, 2, 6, 11
MM, 6, 0, 9
MM, 400, 464, 10
MM, 403, 462, 11
MM, 407, 461, 10
MM, 413, 459, 10
MM, 418, 457, 10
MM, 422, 457, 11
MM, 428, 457, 10
MM, 437, 458, 10
MM, 444, 461, 9
MM, 14, 5, 11
MM, 23, 15, 10
MM, 30, 27, 10
MM, 31, 5, 11
MM, 33, 16, 10
MM, 34, 24, 10
MM, 3, 5, 10
MM, 3, 13, 10
MM, 3, 19, 10
MM, 1, 27, 10
MM, 467, 573, 10
MM, 29, 2, 10
MM, 28, 2, 213
MM, 24, 1, 10
MM, 19, 0, 11
MM, 448, 574, 9
MM, 12, 28, 11
MM, 8, 25, 10
MM, 3, 22, 10
MM, 425, 553, 10
MM, 31, 4, 10
MM, 27, 0, 10
MM, 407, 535, 10
MM, 5, 28, 10
MM, 4, 24, 11
MM, 396, 522, 9
MM, 392, 519, 11
MM, 392, 518, 10
MM, 391, 517, 19
MM, 393, 517, 52
MM, 0, 15, 10
MM, 10, 15, 10
MM, 14, 15, 10
MM, 18, 15, 10
MM, 24, 15, 10
MM, 28, 15, 11
MM, 0, 20, 10
MM, 8, 23, 10
MM, 19, 23, 10
MM, 23, 24, 10
MM, 472, 534, 10
MM, 482, 538, 10
MM, 20, 1, 10
MM, 26, 3, 10
MM, 32, 5, 10
MM, 508, 549, 10
MM, 2, 10, 11
MM, 7, 12, 9
MM, 13, 12, 11
MM, 19, 12, 10
MM, 23, 12, 10
MM, 26, 12, 10
MM, 28, 12, 11
MM, 29, 12, 10
MM, 32, 14, 10
MM, 32, 13, 60
MM, 32, 12, 21
MM, 32, 11, 10
MM, 32, 10, 10
MM, 31, 9, 10
MM, 30, 7, 11
MM, 28, 6, 10
MM, 26, 6, 10
MM, 22, 4, 10
MM, 527, 538, 10
MM, 525, 537, 10
MM, 524, 535, 10
MM, 521, 534, 10
MM, 521, 533, 21
MM, 523, 533, 70
MM, 5, 30, 10
MM, 10, 28, 11
MM, 19, 28, 10
MM, 24, 28, 10
MM, 29, 28, 10
MM, 34, 26, 10
MM, 3, 24, 10
MM, 7, 23, 10
MM, 10, 23, 11
MM, 13, 22, 9
MM, 18, 22, 10
MM, 21, 22, 10
MM, 23, 22, 11
MM, 25, 22, 10
MM, 29, 22, 10
MM, 31, 22, 11
MM, 33, 22, 9
MM, 36, 20, 10
MM, 603, 522, 11
MM, 0, 19, 10
MM, 3, 17, 10
MM, 6, 17, 10
MM, 7, 16, 10
MM, 10, 16, 10
MM, 11, 16, 10
MM, 14, 16, 10
MM, 15, 16, 11
MM, 18, 16, 10
MM, 20, 15, 10
MM, 21, 14, 10
MM, 22, 14, 10
MC, 1, 345
MM, 21, 14, 141
MM, 20, 13, 22
MM, 19, 13, 9
MM, 18, 13, 10
MM, 17, 13, 10
MM, 15, 12, 10
MM, 12, 12, 10
MM, 5, 12, 10
MM, 606, 514, 10
MM, 31, 11, 10
MM, 20, 11, 10
MM, 7, 12, 10
MM, 34, 14, 10
MM, 22, 13, 11
MM, 11, 15, 10
MM, 517, 522, 10
MM, 21, 21, 10
MM, 13, 23, 10
MM, 0, 27, 10
MM, 36, 28, 11
MM, 26, 29, 10
MM, 19, 30, 10
MM, 453, 537, 10
MM, 20, 2, 11
MM, 18, 4, 10
MM, 15, 9, 9
MM, 15, 12, 10
MM, 13, 16, 10
MM, 12, 22, 11
MM, 438, 572, 10
MM, 4, 1, 10
MM, 4, 5, 10
MM, 7, 15, 10
MM, 8, 23, 10
MM, 11, 29, 10
MM, 449, 611, 10
MM, 63, 1, 10
MM, 70, 7, 11
MM, 72, 8, 10
MM, 73, 8, 10
MM, 74, 8, 20
MM, 76, 8, 11
MM, 83, 0, 10
MM, 476, 608, 10
MM, 5, 27, 10
MM, 8, 18, 10
MM, 9, 12, 10
MM, 12, 5, 10
MM, 491, 574, 10
MM, 21, 29, 10
MM, 21, 24, 10
MM, 22, 22, 11
MM, 22, 16, 10
MM, 22, 15, 21
MM, 22, 13, 9
MM, 22, 12, 20
MM, 21, 11, 20
MM, 20, 10, 10
MM, 19, 9, 11
MM, 19, 8, 10
MM, 18, 8, 10
MM, 18, 7, 10
MM, 17, 5, 20
MM, 17, 4, 21
MM, 17, 2, 10
MM, 17, 1, 21
MM, 17, 0, 9
MM, 488, 537, 11
MM, 490, 535, 10
MM, 492, 533, 10
MM, 14, 28, 10
MM, 14, 27, 10
MM, 16, 25, 10
MM, 17, 24, 20
MM, 17, 23, 10
MM, 17, 22, 21
MM, 17, 21, 50
MC, 1, 244
MM, 18, 22, 61
MM, 18, 24, 10
MM, 21, 29, 10
MM, 507, 539, 10
MM, 1, 11, 10
MM, 9, 24, 10
MM, 18, 1, 10
MM, 33, 15, 10
MM, 2, 26, 11
MM, 570, 607, 9
MM, 577, 611, 10
MM, 588, 615, 10
MM, 599, 617, 11
MM, 611, 618, 10
MM, 617, 618, 10
MM, 626, 619, 10
MM, 631, 619, 10
MM, 636, 619, 10
MM, 639, 620, 10
MM, 640, 620, 10
MM, 641, 620, 10
MM, 642, 620, 10
MM, 643, 620, 11
MM, 643, 619, 20
MM, 643, 618, 20
MM, 643, 617, 11
MM, 643, 616, 10
MM, 640, 612, 10
MM, 638, 611, 10
MM, 636, 609, 10
MM, 635, 609, 11
MM, 635, 607, 10
MM, 30, 30, 10
MM, 29, 29, 10
MM, 28, 26, 9
MM, 26, 26, 10
MM, 22, 26, 10
MM, 20, 26, 10
MM, 18, 26, 11
MM, 16, 26, 10
MM, 14, 26, 11
MM, 12, 26, 9
MM, 9, 26, 10
MM, 6, 26, 10
MM, 3, 26, 10
MM, 0, 28, 11
MM, 601, 605, 10
MM, 598, 605, 10
MM, 36, 30, 10
MM, 595, 607, 10
MM, 590, 611, 11
MM, 589, 613, 10
MM, 587, 615, 10
MM, 575, 626, 30
MM, 566, 631, 10
MM, 556, 636, 10
MM, 159, 26, 11
MM, 542, 645, 10
MM, 536, 648, 10
MM, 531, 652, 10
MM, 525, 655, 10
MM, 519, 656, 10
MM, 511, 656, 10
MM, 503, 659, 11
MM, 497, 660, 10
MM, 495, 660, 10
MM, 492, 660, 10
MM, 490, 660, 10
MM, 489, 660, 11
MM, 487, 661, 10
MM, 485, 661, 10
MM, 483, 661, 10
MM, 481, 661, 10
MM, 478, 663, 20
MM, 476, 663, 10
MM, 475, 663, 10
MM, 474, 663, 10
MM, 472, 663, 11
MM, 470, 663, 9
MM, 469, 663, 21
MM, 468, 663, 10
MM, 467, 663, 10
MM, 467, 662, 10
MM, 466, 662, 10
MM, 465, 662, 11
MM, 464, 662, 20
MM, 463, 662, 30
MM, 462, 662, 20
MM, 460, 662, 30
MM, 459, 662, 22
MM, 458, 662, 39
MM, 457, 662, 21
MM, 456, 662, 30
MM, 455, 662, 40
MM, 454, 662, 21
MM, 454, 661, 283
MM, 454, 660, 192
MM, 454, 659, 274
MM, 454, 658, 51
MM, 454, 657, 51
MM, 454, 656, 30
MM, 454, 655, 91
MM, 454, 654, 30
MM, 454, 653, 20
MM, 454, 652, 11
MM, 455, 651, 20
MM, 456, 649, 20
MM, 458, 648, 10
MM, 460, 646, 11
MM, 462, 645, 20
MM, 72, 30, 10
MM, 72, 29, 10
MM, 74, 27, 20
MM, 75, 27, 10
MM, 75, 26, 10
MM, 76, 26, 10
MM, 77, 26, 21
MM, 78, 26, 40
MM, 78, 25, 10
MM, 76, 23, 1594
MM, 67, 20, 10
MM, 59, 13, 10
MM, 47, 4, 10
MM, 30, 10, 10
MM, 395, 538, 10
MM, 379, 499, 11
MM, 96, 82, 10
MM, 85, 44, 9
MM, 346, 352, 11
MM, 342, 318, 10
MM, 78, 65, 10
MM, 77, 55, 10
MM, 76, 44, 10
MM, 75, 36, 10
MM, 70, 27, 10
MM, 68, 26, 11
MM, 65, 26, 9
MM, 65, 24, 11
MM, 62, 22, 10
MM, 61, 22, 20
MM, 61, 20, 20
MM, 61, 18, 21
MM, 60, 18, 30
MM, 59, 18, 11
MM, 58, 18, 19
MM, 57, 19, 11
MM, 56, 19, 10
MM, 55, 19, 10
MM, 54, 20, 10
MM, 53, 22, 10
MM, 51, 24, 10
MM, 50, 26, 10
MM, 47, 28, 10
MM, 45, 30, 10
MM, 43, 32, 11
MM, 41, 33, 10
MM, 39, 35, 10
MM, 37, 36, 10
MM, 35, 38, 10
MM, 33, 39, 10
MM, 32, 39, 10
MM, 31, 39, 21
MM, 30, 39, 30
MM, 29, 39, 10
MM, 28, 39, 11
MM, 26, 39, 20
MM, 25, 39, 20
MM, 24, 39, 10
MM, 23, 39, 10
MM, 22, 39, 40
MM, 21, 39, 102
MM, 20, 39, 71
MM, 19, 39, 20
MM, 18, 39, 20
MM, 17, 39, 31
MM, 16, 39, 121
MM, 15, 39, 31
MM, 15, 40, 324
MC, 1, 372
MM, 22, 40, 5299
MM, 31, 40, 10
MM, 45, 45, 10
MM, 65, 45, 10
MM, 86, 45, 11
MM, 105, 49, 10
MM, 130, 49, 10
MM, 156, 54, 10
MM, 169, 56, 10
MM, 191, 61, 11
MM, 215, 61, 9
MM, 239, 66, 11
MM, 262, 75, 10
MM, 290, 80, 10
MM, 578, 311, 10
MM, 631, 332, 20
MM, 652, 344, 10
MM, 662, 353, 10
MM, 404, 1, 11
MM, 414, 9, 10
MM, 419, 11, 10
MM, 425, 17, 10
MM, 429, 17, 10
MM, 439, 17, 10
MM, 447, 17, 10
MM, 465, 19, 10
MM, 492, 15, 11
MM, 512, 7, 9
MM, 523, 2, 10
MM, 800, 352, 10
MM, 808, 345, 10
MM, 814, 339, 11
MM, 815, 335, 9
MM, 818, 329, 11
MM, 819, 327, 9
MM, 821, 323, 11
MM, 821, 321, 10
MM, 823, 316, 11
MM, 824, 314, 10
MM, 825, 311, 9
MM, 561, 82, 11
MM, 561, 79, 10
MM, 561, 77, 11
MM, 560, 73, 9
MM, 558, 73, 10
MM, 551, 69, 10
MM, 542, 63, 10
MM, 532, 62, 11
MM, 518, 58, 10
MM, 497, 53, 10
MM, 464, 52, 10
MM, 432, 47, 10
MM, 403, 47, 10
MM, 383, 47, 10
MM, 369, 47, 11
MM, 358, 47, 10
MM, 353, 47, 10
MM, 348, 48, 10
MM, 345, 49, 10
MM, 344, 50, 10
MM, 343, 51, 10
MM, 342, 52, 10
MM, 342, 53, 10
MM, 342, 54, 11
MM, 342, 56, 20
MM, 345, 58, 10
MM, 354, 62, 11
MM, 364, 65, 9
MM, 372, 69, 10
MM, 378, 69, 10
MM, 390, 74, 11
MM, 400, 74, 10
MM, 408, 73, 10
MM, 413, 72, 10
MM, 422, 69, 10
MM, 462, 59, 30
MM, 466, 58, 10
MM, 469, 58, 10
MM, 472, 56, 11
MM, 473, 54, 10
MM, 474, 52, 10
MM, 476, 48, 11
MM, 477, 48, 10
MM, 478, 43, 10
MM, 478, 40, 10
MM, 478, 38, 9
MM, 478, 34, 11
MM, 477, 33, 11
MM, 473, 30, 10
MM, 470, 28, 10
MM, 464, 28, 10
MM, 456, 28, 9
MM, 446, 28, 11
MM, 430, 33, 10
MM, 421, 35, 10
MM, 413, 39, 10
MM, 403, 41, 10
MM, 399, 46, 10
MM, 380, 53, 1838
MM, 327, 77, 10
MM, 550, 320, 11
MM, 513, 337, 10
MM, 481, 356, 10
MM, 206, 6, 10
MM, 194, 14, 10
MM, 184, 22, 10
MM, 178, 27, 10
MM, 174, 28, 10
MM, 170, 33, 10
MM, 169, 35, 11
MM, 169, 40, 20
MM, 168, 40, 20
MM, 168, 39, 10
MM, 166, 38, 21
MM, 165, 37, 10
MM, 162, 35, 10
MM, 161, 34, 10
MM, 159, 30, 10
MM, 155, 29, 10
MM, 149, 25, 10
MM, 138, 17, 11
MM, 127, 12, 10
MM, 117, 6, 10
MM, 103, 3, 10
MM, 93, 3, 10
MM, 82, 6, 10
MM, 75, 8, 10
MM, 70, 10, 11
MM, 66, 12, 9
MM, 64, 12, 11
MM, 60, 14, 10
MM, 56, 20, 10
MM, 53, 23, 10
MM, 49, 26, 10
MM, 45, 31, 10
MM, 45, 35, 10
MM, 43, 37, 10
MM, 43, 41, 11
MM, 42, 43, 10
MM, 41, 46, 10
MM, 39, 49, 10
MM, 37, 53, 10
MM, 37, 54, 10
MM, 37, 56, 20
MM, 36, 56, 102
MM, 35, 56, 91
MM, 35, 54, 20
MM, 35, 53, 21
MM, 35, 52, 10
MM, 35, 51, 10
MM, 35, 50, 10
MM, 35, 49, 10
MM, 34, 49, 223
MM, 39, 49, 253
MM, 32, 49, 9
MC, 1, 181
MM, 33, 49, 518
MM, 33, 52, 10
MM, 35, 61, 11
MM, 35, 70, 10
MM, 35, 82, 10
MM, 295, 455, 10
MM, 293, 464, 11
MM, 293, 479, 9
MM, 293, 505, 20
MM, 297, 514, 10
MM, 300, 520, 11
MM, 302, 530, 10
MM, 25, 1, 10
MM, 25, 4, 10
MM, 26, 6, 11
MM, 26, 8, 9
MC, 1, 394
MM, 28, 4, 274
MM, 32, 1, 10
MM, 10, 28, 11
MM, 26, 13, 10
MM, 36, 7, 10
MM, 354, 500, 10
MM, 14, 25, 10
MM, 30, 17, 10
MM, 13, 5, 10
MM, 415, 464, 11
MM, 423, 462, 9
MM, 443, 457, 11
MM, 458, 456, 10
MM, 471, 456, 10
MM, 485, 459, 11
MM, 493, 462, 10
MM, 19, 3, 10
MM, 29, 10, 10
MM, 517, 483, 11
MM, 519, 485, 9
MM, 2, 27, 10
MM, 526, 496, 10
MM, 6, 1, 10
MM, 7, 2, 10
MM, 10, 11, 10
MM, 10, 20, 11
MM, 10, 26, 9
MM, 10, 30, 11
MM, 533, 536, 10
MM, 22, 3, 10
MM, 20, 4, 11
MM, 17, 4, 10
MM, 14, 4, 10
MM, 5, 7, 10
MM, 510, 546, 10
MM, 32, 7, 10
MM, 25, 6, 10
MM, 17, 6, 11
MM, 437, 523, 90
MM, 436, 522, 11
MM, 436, 518, 40
MM, 0, 14, 10
MM, 3, 7, 11
MM, 7, 7, 9
MM, 13, 4, 11
MM, 17, 3, 10
MM, 24, 2, 10
MM, 28, 2, 10
MM, 33, 1, 10
MM, 477, 503, 10
MM, 2, 1, 10
MM, 11, 3, 10
MM, 21, 4, 10
MM, 25, 6, 11
MM, 30, 7, 10
MM, 32, 9, 10
MM, 34, 9, 10
MM, 518, 511, 10
MM, 520, 512, 10
MM, 522, 512, 10
MM, 1, 10, 11
MM, 4, 10, 10
MM, 6, 10, 10
MM, 9, 10, 10
MM, 12, 9, 10
MM, 13, 8, 21
MM, 14, 8, 9
MM, 15, 7, 21
MM, 18, 7, 9
MM, 19, 7, 11
MM, 21, 7, 10
MM, 25, 7, 10
MM, 28, 7, 11
MM, 31, 7, 10
MM, 33, 7, 9
MM, 558, 509, 10
MM, 562, 509, 11
MM, 0, 7, 10
MM, 3, 7, 10
MM, 6, 7, 10
MM, 11, 7, 11
MM, 15, 8, 10
MM, 19, 8, 9
MM, 21, 8, 11
MM, 24, 8, 10
MM, 26, 8, 10
MM, 27, 8, 20
MM, 30, 8, 10
MM, 32, 8, 10
MM, 35, 10, 11
MM, 602, 512, 10
MM, 603, 512, 10
MM, 604, 512, 10
MM, 606, 512, 10
MM, 0, 10, 41
MM, 1, 10, 10
MM, 2, 10, 10
MC, 1, 415
MM, 1, 10, 20
MM, 36, 10, 10
MM, 28, 10, 10
MM, 5, 14, 61
MM, 0, 17, 10
MM, 520, 519, 11
MM, 34, 17, 10
MM, 32, 17, 10
MM, 31, 17, 20
MM, 30, 17, 10
MM, 28, 16, 11
MM, 28, 15, 29
MM, 27, 15, 52
MM, 27, 14, 20
MC, 1, 203
MM, 27, 15, 20
MM, 27, 19, 10
MM, 27, 27, 10
MM, 506, 539, 10
MM, 33, 11, 10
MM, 33, 29, 10
MM, 24, 10, 11
MM, 22, 19, 10
MM, 22, 24, 9
MM, 497, 607, 11
MM, 497, 609, 10
MM, 497, 610, 20
MM, 497, 611, 182
MM, 497, 612, 111
MM, 106, 0, 10
MM, 105, 2, 10
MM, 105, 3, 10
MM, 105, 4, 11
MM, 105, 5, 81
MM, 105, 6, 70
MM, 105, 7, 91
MC, 1, 152
MM, 106, 6, 143
MM, 499, 611, 10
MM, 34, 24, 11
MM, 1, 14, 9
MM, 5, 3, 10
MM, 527, 575, 11
MM, 530, 571, 10
MM, 534, 570, 10
MM, 28, 27, 10
MM, 29, 26, 10
MM, 30, 25, 10
MM, 32, 24, 10
MM, 34, 24, 11
MM, 8, 10, 70
MM, 10, 9, 11
MM, 10, 6, 10
MM, 13, 3, 10
MM, 14, 0, 10
MM, 17, 0, 10
MM, 573, 537, 10
MM, 575, 536, 10
MM, 579, 533, 10
MM, 17, 29, 11
MM, 22, 25, 10
MM, 29, 17, 9
MM, 32, 15, 11
MM, 35, 13, 10
MM, 602, 510, 9
MM, 0, 3, 11
MM, 1, 2, 10
MM, 611, 501, 10
MM, 614, 500, 10
MM, 615, 500, 10
MM, 616, 500, 11
MM, 617, 500, 10
MM, 618, 500, 10
MM, 619, 500, 30
MM, 620, 500, 61
MM, 620, 501, 40
MM, 14, 2, 21
MM, 14, 4, 10
MM, 14, 6, 10
MM, 14, 8, 11
MM, 14, 11, 9
MM, 13, 13, 10
MM, 12, 13, 20
MC, 1, 254
MM, 11, 13, 20
MM, 9, 13, 10
MM, 0, 12, 10
MM, 28, 14, 11
MM, 1, 20, 10
MM, 20, 21, 10
MM, 512, 535, 10
MM, 18, 4, 10
MM, 468, 548, 10
MM, 17, 17, 10
MM, 35, 28, 10
MM, 411, 570, 10
MM, 402, 573, 10
MM, 4, 0, 10
MM, 386, 581, 10
MM, 31, 5, 11
MM, 28, 6, 10
MM, 26, 4, 10
MM, 25, 4, 10
MM, 24, 4, 10
MM, 24, 3, 31
MM, 24, 2, 10
MM, 24, 1, 121
MM, 374, 575, 10
MM, 375, 571, 10
MM, 34, 30, 11
MM, 380, 566, 9
MM, 381, 565, 20
MM, 382, 565, 11
MM, 382, 564, 10
MM, 383, 564, 10
MM, 384, 564, 21
MM, 0, 25, 40
MM, 1, 25, 10
MM, 2, 24, 10
MM, 4, 23, 10
MM, 5, 23, 11
MM, 6, 22, 60
MM, 8, 22, 21
MM, 8, 21, 10
MM, 9, 20, 20
MM, 9, 19, 20
MM, 10, 18, 11
MM, 11, 17, 10
MM, 11, 16, 10
MM, 12, 16, 10
MM, 12, 15, 31
MC, 1, 192
MM, 13, 17, 51
MM, 14, 18, 10
MM, 15, 21, 10
MM, 16, 27, 10
MM, 407, 573, 10
MM, 20, 6, 10
MM, 27, 19, 10
MM, 35, 27, 10
MM, 436, 611, 10
MM, 52, 2, 10
MM, 57, 9, 10
MM, 64, 18, 11
MM, 69, 21, 10
MM, 73, 27, 10
MM, 78, 30, 10
MM, 475, 648, 10
MM, 481, 650, 10
MM, 483, 652, 11
MM, 486, 652, 10
MM, 486, 651, 81
MM, 484, 650, 20
MM, 481, 648, 10
MM, 476, 646, 10
MM, 475, 645, 10
MM, 473, 645, 11
MM, 82, 30, 10
MM, 81, 30, 10
MM, 78, 28, 10
MM, 77, 28, 10
MM, 76, 28, 10
MM, 74, 27, 10
MM, 73, 27, 11
MM, 72, 26, 9
MM, 72, 24, 41
MM, 71, 24, 10
MM, 71, 23, 10
MM, 71, 22, 10
MM, 71, 21, 11
MM, 71, 20, 30
MM, 70, 20, 30
MM, 70, 19, 11
MM, 70, 18, 10
MM, 70, 17, 20
MM, 69, 16, 40
MM, 69, 15, 91
MC, 1, 42
MM, 68, 15, 29
MM, 66, 14, 10
MM, 61, 11, 10
MM, 43, 7, 20
MM, 35, 3, 10
MM, 27, 0, 10
MM, 18, 30, 10
MM, 12, 23, 11
MM, 8, 19, 10
MM, 5, 13, 10
MM, 1, 8, 10
MM, 388, 579, 10
MM, 387, 576, 10
MM, 385, 573, 10
MM, 384, 572, 11
MM, 384, 571, 31
MM, 383, 571, 20
MM, 383, 570, 30
MM, 383, 569, 60
MM, 383, 568, 31
MM, 381, 566, 10
MM, 380, 564, 11
MM, 34, 25, 10
MM, 32, 22, 10
MM, 30, 21, 10
MM, 27, 18, 10
MM, 25, 16, 10
MM, 23, 14, 20
MM, 22, 13, 10
MM, 21, 12, 10
MM, 19, 11, 10
MM, 19, 10, 11
MM, 18, 10, 10
MM, 17, 9, 10
MM, 17, 8, 10
MM, 16, 8, 41
MC, 1, 183
MM, 17, 8, 39
MM, 22, 8, 10
MM, 30, 8, 10
MM, 7, 8, 10
MM, 421, 552, 11
MM, 30, 25, 10
MM, 497, 571, 10
MM, 13, 10, 10
MM, 32, 14, 10
MM, 14, 21, 10
MM, 27, 20, 10
MM, 35, 20, 10
MM, 0, 19, 11
MM, 10, 16, 10
MM, 30, 11, 10
MM, 3, 10, 10
MM, 10, 7, 10
MM, 14, 5, 10
MM, 16, 5, 11
MM, 17, 3, 10
MM, 18, 3, 10
MM, 19, 2, 10
MM, 20, 2, 50
MM, 20, 1, 51
MM, 20, 0, 21
MM, 660, 575, 20
MM, 660, 573, 10
MM, 661, 572, 20
MM, 662, 571, 10
MM, 664, 571, 11
MM, 28, 30, 10
MM, 29, 30, 10
MM, 32, 29, 10
MM, 33, 27, 10
MM, 34, 27, 10
MM, 673, 566, 10
MM, 674, 565, 10
MM, 675, 565, 10
MM, 676, 564, 10
MM, 678, 563, 21
MM, 1, 22, 20
MM, 3, 21, 10
MM, 4, 20, 10
MM, 7, 17, 21
MM, 8, 17, 10
MM, 9, 17, 10
MM, 9, 16, 10
MM, 10, 16, 92
MM, 11, 16, 49
MC, 1, 131
MM, 11, 14, 143
MM, 6, 12, 10
MM, 677, 549, 11
MM, 15, 7, 10
MM, 16, 5, 10
MM, 3, 5, 10
MM, 508, 544, 10
MM, 21, 8, 10
MM, 33, 8, 10
MM, 6, 14, 10
MM, 32, 13, 10
MM, 24, 10, 10
MM, 20, 10, 10
MM, 16, 8, 11
MM, 14, 8, 10
MM, 11, 7, 10
MM, 9, 7, 10
MM, 9, 5, 10
MM, 8, 5, 10
MM, 8, 4, 183
MM, 8, 3, 20
MM, 8, 2, 10
MM, 9, 0, 11
MM, 356, 538, 10
MM, 357, 537, 10
MM, 8, 30, 9
MM, 11, 29, 10
MM, 14, 27, 10
MM, 15, 26, 10
MM, 16, 24, 22
MM, 16, 23, 30
MM, 16, 21, 20
MM, 16, 20, 10
MM, 17, 18, 10
MM, 17, 17, 10
MM, 17, 16, 10
MM, 17, 15, 51
MC, 1, 223
MM, 17, 17, 41
MM, 17, 20, 10
MM, 17, 25, 10
MM, 369, 534, 9
MM, 369, 537, 11
MM, 23, 1, 10
MM, 23, 2, 10
MM, 22, 4, 10
MM, 21, 4, 11
MM, 21, 6, 10
MM, 20, 6, 10
MC, 1, 334
MM, 22, 6, 30
MM, 382, 545, 21
MM, 19, 2, 10
MM, 430, 533, 20
MM, 441, 533, 10
MM, 26, 23, 20
MM, 3, 19, 20
MM, 14, 14, 21
MM, 24, 13, 20
MM, 27, 12, 20
MM, 31, 11, 20
MM, 33, 9, 21
MM, 33, 8, 20
MM, 34, 8, 71
MM, 517, 510, 10
MM, 517, 509, 20
MM, 518, 509, 10
MM, 519, 509, 21
MM, 520, 509, 20
MM, 521, 509, 10
MM, 1, 9, 20
MM, 3, 10, 10
MM, 5, 11, 11
MM, 6, 11, 20
MM, 8, 11, 20
MM, 8, 12, 10
MM, 9, 12, 10
MM, 10, 12, 10
MM, 11, 12, 10
MM, 12, 12, 30
MM, 13, 12, 31
MM, 15, 12, 30
MM, 16, 12, 10
MC, 1, 163
MM, 14, 12, 29
MM, 9, 12, 11
MM, 522, 515, 10
MM, 28, 18, 10
MM, 14, 20, 10
MM, 480, 528, 11
MM, 30, 30, 10
MM, 28, 1, 10
MM, 21, 4, 10
MM, 14, 7, 10
MM, 8, 8, 11
MM, 0, 10, 10
MM, 422, 552, 10
MM, 33, 13, 10
MM, 29, 13, 10
MM, 26, 13, 10
MM, 25, 13, 10
MM, 25, 12, 20
MM, 25, 11, 81
MM, 24, 11, 20
MM, 23, 11, 21
MM, 22, 11, 20
MM, 20, 11, 10
MM, 19, 11, 10
MM, 18, 11, 10
MM, 17, 11, 10
MM, 16, 10, 10
MC, 1, 225
MM, 17, 11, 69
MM, 19, 13, 10
MM, 21, 18, 10
MM, 26, 24, 11
MM, 415, 570, 10
MM, 29, 1, 10
MM, 35, 16, 11
MM, 433, 600, 10
MM, 436, 609, 9
MM, 49, 0, 10
MM, 53, 8, 21
MM, 58, 21, 20
MM, 60, 23, 10
MM, 62, 26, 10
MM, 455, 650, 10
MM, 455, 649, 224
MM, 455, 647, 10
MM, 455, 645, 20
MM, 455, 644, 10
MM, 65, 30, 10
MM, 65, 29, 30
MM, 65, 28, 71
MM, 65, 27, 10
MM, 65, 26, 20
MM, 65, 25, 20
MM, 65, 24, 31
MM, 65, 23, 20
MM, 65, 22, 31
MM, 64, 22, 10
MM, 64, 21, 20
MM, 64, 20, 10
MM, 63, 19, 20
MM, 63, 18, 21
MM, 63, 17, 40
MM, 63, 16, 31
MM, 63, 13, 141
MM, 63, 9, 10
MM, 63, 3, 10
MM, 453, 607, 11
MM, 19, 22, 10
MM, 19, 18, 10
MM, 19, 12, 10
MM, 19, 9, 10
MM, 19, 7, 11
MM, 19, 5, 10
MM, 19, 4, 10
MM, 18, 2, 10
MM, 17, 2, 51
MM, 16, 2, 20
MM, 15, 2, 10
MM, 14, 2, 9
MM, 13, 2, 10
MM, 10, 2, 11
MM, 9, 2, 10
MM, 9, 1, 20
MM, 12, 0, 81
MM, 19, 0, 10
MM, 460, 575, 10
MM, 468, 573, 10
MM, 471, 572, 10
MM, 473, 571, 11
MM, 474, 571, 20
MM, 5, 30, 20
MM, 6, 30, 11
MM, 8, 30, 10
MM, 11, 29, 10
MM, 13, 27, 10
MM, 15, 26, 10
MM, 16, 26, 10
MM, 16, 25, 10
MM, 17, 25, 10
MM, 18, 23, 10
MM, 19, 23, 10
MM, 20, 21, 31
MM, 21, 21, 10
MM, 22, 21, 11
MM, 23, 20, 10
MM, 26, 20, 10
MM, 28, 19, 10
MM, 33, 19, 10
MM, 505, 557, 10
MM, 507, 557, 10
MM, 510, 556, 31
MM, 0, 17, 10
MM, 1, 17, 20
MM, 2, 17, 10
MM, 5, 17, 10
MM, 7, 17, 11
MM, 8, 18, 10
MM, 10, 18, 10
MM, 12, 18, 10
MM, 14, 18, 10
MM, 15, 18, 20
MM, 16, 18, 10
MM, 17, 18, 10
MM, 18, 18, 71
MM, 19, 18, 152
MC, 1, 60
MM, 20, 18, 153
MM, 20, 17, 10
MM, 27, 11, 10
MM, 33, 4, 10
MM, 549, 540, 11
MM, 559, 533, 9
MM, 7, 27, 11
MM, 17, 23, 10
MM, 24, 22, 10
MM, 32, 20, 10
MM, 601, 521, 10
MM, 8, 19, 10
MM, 28, 18, 20
MM, 641, 520, 10
MM, 3, 18, 10
MM, 6, 18, 10
MM, 11, 18, 10
MM, 12, 18, 10
MM, 13, 18, 11
MM, 15, 17, 10
MM, 17, 16, 20
MM, 21, 13, 11
MM, 22, 13, 10
MM, 25, 10, 9
MM, 26, 10, 11
MM, 28, 8, 10
MM, 29, 8, 21
MM, 27, 8, 232
MM, 24, 9, 11
MM, 23, 9, 10
MM, 22, 9, 50
MC, 1, 234
MC, 2, 293
MM, 21, 9, 101
MM, 20, 9, 10
MM, 17, 9, 10
MM, 15, 9, 10
MM, 11, 9, 11
MM, 7, 9, 10
MM, 0, 10, 10
MM, 30, 10, 10
MM, 23, 11, 10
MM, 14, 12, 10
MM, 3, 13, 10
MM, 602, 515, 10
MM, 30, 17, 11
MM, 23, 17, 9
MM, 13, 18, 11
MM, 5, 20, 10
MM, 561, 522, 10
MM, 34, 21, 10
MM, 32, 21, 10
MM, 28, 22, 10
MM, 24, 22, 10
MM, 20, 25, 11
MM, 16, 25, 10
MM, 13, 25, 10
MM, 8, 27, 10
MM, 6, 27, 10
MM, 2, 28, 10
MM, 520, 534, 10
MM, 518, 534, 10
MM, 517, 536, 10
MM, 514, 536, 11
MM, 513, 536, 10
MM, 512, 536, 21
MM, 511, 536, 10
MM, 509, 537, 10
MM, 506, 537, 10
MM, 504, 537, 10
MM, 29, 0, 10
MM, 27, 0, 10
MM, 26, 0, 10
MM, 24, 0, 10
MM, 21, 1, 10
MM, 20, 2, 10
MM, 17, 2, 10
MM, 15, 2, 10
MM, 11, 5, 10
MM, 7, 7, 11
MM, 3, 7, 10
MM, 2, 7, 10
MM, 0, 7, 10
MM, 469, 546, 11
MM, 468, 546, 9
MM, 466, 546, 10
MM, 465, 546, 10
MM, 36, 7, 11
MM, 35, 7, 20
MM, 34, 7, 10
MM, 33, 7, 10
MM, 32, 7, 21
MM, 30, 7, 30
MM, 29, 7, 21
MM, 28, 7, 20
MM, 27, 7, 10
MM, 26, 7, 10
MM, 26, 8, 21
MM, 25, 8, 9
MM, 24, 8, 31
MM, 23, 8, 20
MC, 1, 144
MM, 24, 10, 38
MM, 24, 13, 10
MM, 25, 16, 11
MM, 25, 22, 10
MM, 25, 28, 10
MM, 452, 571, 10
MM, 18, 0, 10
MM, 18, 6, 10
MM, 18, 8, 10
MM, 18, 11, 11
MM, 18, 12, 9
MM, 18, 14, 11
MM, 18, 16, 10
MM, 18, 17, 10
MM, 18, 19, 20
MM, 18, 20, 30
MM, 18, 21, 10
MM, 18, 22, 11
MM, 18, 24, 10
MM, 18, 25, 10
MM, 18, 27, 10
MM, 18, 28, 11
MM, 19, 28, 10
MM, 20, 30, 19
MM, 454, 607, 72
MM, 454, 608, 20
MM, 455, 608, 20
MM, 455, 609, 10
MM, 455, 610, 20
MM, 455, 611, 51
MM, 455, 612, 10
MM, 65, 0, 10
MM, 65, 2, 21
MM, 65, 3, 19
MM, 65, 4, 21
MM, 65, 5, 50
MM, 65, 6, 41
MM, 66, 6, 11
MC, 1, 161
MM, 67, 4, 61
MM, 462, 607, 10
MM, 32, 23, 10
MM, 469, 591, 10
MM, 474, 584, 10
MM, 3, 0, 10
MM, 11, 30, 21
MM, 12, 27, 10
MM, 13, 26, 10
MM, 13, 23, 21
MM, 14, 23, 10
MM, 14, 22, 10
MM, 15, 20, 11
MM, 17, 17, 19
MM, 18, 14, 21
MM, 18, 13, 10
MM, 18, 11, 10
MM, 18, 9, 10
MM, 18, 8, 101
MM, 18, 7, 9
MM, 18, 6, 11
MM, 18, 5, 11
MM, 18, 4, 9
MM, 18, 2, 10
MM, 18, 0, 11
MM, 488, 537, 10
MM, 489, 535, 20
MM, 490, 533, 20
MM, 9, 29, 21
MM, 9, 28, 10
MM, 9, 27, 10
MM, 9, 25, 20
MM, 10, 24, 61
MM, 11, 23, 10
MM, 11, 22, 30
MM, 12, 22, 71
MM, 12, 21, 31
MM, 13, 21, 20
MM, 14, 21, 20
MM, 14, 20, 30
MM, 14, 19, 52
MM, 14, 18, 40
MM, 15, 17, 41
MC, 1, 111
MM, 17, 17, 30
MM, 20, 15, 10
MM, 24, 13, 10
MM, 34, 8, 10
MM, 4, 3, 11
MM, 19, 1, 10
MM, 3, 27, 9
MM, 14, 24, 10
MM, 21, 23, 11
MM, 31, 25, 10
MM, 598, 490, 10
MM, 3, 25, 10
MM, 13, 23, 11
MM, 17, 23, 10
MM, 23, 23, 10
MM, 31, 23, 10
MM, 2, 26, 10
MM, 11, 28, 10
MM, 17, 28, 10
MM, 23, 30, 10
MM, 26, 30, 10
MM, 672, 496, 10
MM, 675, 497, 10
MM, 678, 497, 10
MM, 684, 497, 11
MM, 687, 497, 10
MM, 691, 497, 10
MM, 692, 497, 10
MM, 692, 498, 91
MM, 691, 498, 10
MM, 689, 499, 10
MM, 686, 500, 10
MM, 681, 502, 10
MM, 34, 0, 11
MM, 33, 2, 10
MM, 31, 3, 10
MM, 29, 3, 20
MM, 28, 4, 11
MM, 26, 4, 20
MM, 25, 5, 10
MM, 24, 5, 10
MM, 23, 5, 10
MM, 22, 7, 10
MM, 21, 7, 21
MM, 20, 8, 10
MM, 20, 9, 10
MM, 19, 9, 10
MC, 1, 253
MM, 18, 9, 40
MM, 16, 9, 10
MM, 14, 10, 11
MM, 8, 13, 10
MM, 1, 17, 10
MM, 641, 521, 11
MM, 24, 25, 19
MM, 15, 30, 11
MM, 612, 538, 10
MM, 4, 6, 10
MM, 591, 554, 10
MM, 29, 22, 10
MM, 23, 26, 10
MM, 572, 571, 10
MM, 5, 0, 10
MM, 0, 5, 10
MM, 555, 584, 11
MM, 35, 11, 10
MM, 31, 12, 9
MM, 27, 20, 11
MM, 20, 27, 10
MM, 534, 607, 10
MM, 532, 610, 10
MM, 530, 612, 10
MM, 139, 0, 10
MM, 138, 1, 10
MM, 138, 2, 11
MM, 137, 2, 20
MM, 136, 2, 61
MM, 135, 2, 21
MM, 133, 3, 30
MM, 132, 4, 20
MM, 131, 4, 20
MM, 130, 4, 10
MM, 129, 6, 12
MM, 127, 7, 9
MM, 126, 8, 10
MM, 125, 9, 20
MM, 125, 10, 10
MM, 125, 11, 91
MM, 124, 11, 11
MM, 123, 11, 19
MC, 1, 172
MM, 122, 11, 173
MM, 120, 9, 10
MM, 110, 3, 10
MM, 103, 0, 10
MM, 482, 608, 11
MM, 18, 23, 10
MM, 0, 15, 10
MM, 18, 12, 10
MM, 2, 8, 10
MM, 26, 6, 20
MM, 22, 4, 10
MM, 20, 2, 10
MM, 19, 2, 10
MM, 18, 2, 10
MM, 15, 0, 10
MM, 365, 575, 10
MM, 365, 574, 10
MM, 363, 574, 10
MM, 362, 574, 82
MM, 361, 573, 11
MM, 360, 573, 10
MM, 360, 572, 10
MM, 360, 571, 20
MM, 360, 570, 40
MM, 16, 30, 20
MM, 17, 29, 11
MM, 18, 28, 10
MM, 19, 28, 10
MM, 21, 27, 10
MM, 22, 26, 10
MM, 24, 26, 10
MM, 26, 25, 10
MM, 29, 25, 10
MM, 32, 24, 11
MM, 33, 24, 10
MM, 34, 24, 10
MM, 379, 563, 10
MM, 380, 562, 21
MM, 381, 561, 20
MM, 382, 561, 9
MM, 384, 561, 10
MM, 0, 21, 10
MM, 1, 20, 10
MM, 2, 20, 11
MM, 2, 19, 10
MM, 3, 19, 10
MM, 4, 17, 11
MM, 5, 17, 10
MM, 6, 17, 20
MM, 7, 17, 9
MM, 8, 16, 21
MM, 10, 15, 11
MM, 10, 14, 20
MM, 11, 13, 10
MM, 12, 13, 20
MM, 13, 12, 30
MM, 14, 12, 51
MM, 14, 11, 11
MC, 1, 111
MM, 15, 10, 20
MM, 16, 8, 11
MM, 18, 4, 9
MM, 405, 538, 10
MM, 411, 535, 10
MM, 16, 27, 11
MM, 19, 25, 10
MM, 20, 21, 10
MM, 20, 20, 10
MM, 20, 19, 10
MM, 20, 17, 10
MM, 21, 15, 21
MM, 21, 14, 50
MC, 1, 304
MC, 2, 152
MM, 21, 15, 80
MM, 21, 17, 10
MM, 21, 20, 11
MM, 21, 24, 10
MM, 21, 28, 10
MM, 417, 537, 10
MM, 32, 9, 10
MM, 32, 19, 10
MM, 32, 27, 11
MM, 417, 574, 10
MM, 26, 3, 10
MM, 29, 11, 10
MM, 29, 20, 10
MM, 30, 23, 10
MM, 31, 27, 10
MM, 32, 29, 10
MM, 33, 30, 10
MM, 424, 607, 10
MM, 426, 608, 10
MM, 426, 610, 10
MM, 427, 611, 11
MM, 39, 0, 10
MM, 39, 1, 10
MM, 40, 5, 11
MM, 40, 7, 10
MM, 41, 7, 10
MM, 41, 8, 10
MM, 41, 9, 10
MM, 42, 9, 30
MM, 42, 10, 21
MC, 1, 355
MM, 42, 7, 50
MM, 42, 6, 10
MM, 43, 3, 10
MM, 436, 611, 10
MM, 5, 29, 10
MM, 8, 24, 10
MM, 13, 17, 10
MM, 17, 14, 11
MM, 17, 11, 10
MM, 20, 10, 10
MM, 22, 9, 10
MM, 22, 8, 10
MM, 24, 7, 10
MM, 25, 6, 10
MM, 26, 5, 10
MM, 27, 5, 21
MM, 27, 4, 10
MM, 28, 4, 20
MM, 28, 3, 10
MM, 29, 1, 10
MM, 31, 0, 10
MM, 465, 573, 11
MM, 466, 573, 10
MM, 467, 572, 10
MM, 467, 571, 10
MM, 468, 570, 20
MM, 468, 569, 11
MM, 469, 568, 10
MM, 0, 28, 10
MM, 2, 27, 10
MM, 3, 26, 10
MM, 5, 24, 10
MM, 6, 23, 10
MM, 7, 22, 10
MM, 9, 21, 10
MM, 9, 20, 10
MM, 10, 19, 11
MM, 11, 19, 10
MM, 11, 18, 20
MM, 12, 18, 9
MM, 12, 17, 42
MM, 13, 17, 192
MM, 13, 16, 20
MC, 1, 21
MM, 12, 16, 40
MM, 8, 16, 10
MM, 467, 555, 10
MM, 30, 16, 10
MM, 12, 18, 10
MM, 2, 19, 11
MM, 421, 559, 9
MM, 33, 20, 10
MM, 30, 20, 10
MM, 28, 20, 12
MM, 27, 20, 10
MM, 26, 20, 10
MM, 24, 20, 10
MM, 22, 20, 10
MM, 21, 20, 10
MM, 18, 22, 10
MM, 17, 22, 10
MM, 17, 23, 10
MM, 16, 23, 61
MM, 14, 23, 10
MM, 12, 23, 10
MM, 10, 23, 21
MM, 7, 23, 10
MM, 6, 23, 10
MM, 3, 23, 10
MM, 1, 23, 10
MM, 384, 562, 10
MM, 383, 562, 10
MM, 381, 562, 10
MM, 380, 562, 11
MM, 379, 562, 20
MM, 33, 22, 10
MM, 32, 22, 10
MM, 31, 22, 10
MM, 30, 20, 10
MM, 29, 20, 10
MM, 27, 20, 21
MM, 27, 18, 10
MM, 26, 18, 10
MM, 24, 17, 20
MM, 22, 17, 20
MM, 21, 17, 10
MM, 20, 17, 11
MM, 19, 17, 20
MM, 18, 17, 10
MM, 17, 17, 20
MM, 17, 16, 10
MM, 17, 15, 91
MM, 28, 15, 82
MM, 380, 554, 9
MM, 21, 15, 10
MM, 8, 18, 10
MM, 464, 561, 11
MM, 507, 573, 10
MM, 5, 4, 10
MM, 22, 17, 10
MM, 36, 23, 21
MM, 556, 601, 10
MM, 557, 602, 9
MM, 558, 603, 10
MM, 0, 28, 11
MM, 2, 30, 10
MM, 568, 608, 10
MM, 571, 608, 11
MM, 574, 609, 10
MM, 575, 609, 10
MM, 577, 609, 10
MM, 579, 609, 71
MM, 579, 608, 40
MM, 579, 607, 30
MM, 19, 30, 20
MM, 19, 29, 22
MM, 19, 28, 10
MM, 19, 27, 10
MM, 19, 26, 41
MM, 19, 25, 10
MM, 19, 23, 9
MM, 19, 22, 20
MM, 18, 21, 11
MM, 18, 20, 121
MC, 1, 110
MM, 20, 17, 173
MM, 25, 7, 11
MM, 29, 0, 10
MM, 0, 27, 10
MM, 20, 23, 51
MM, 23, 17, 10
MM, 25, 14, 10
MM, 26, 11, 10
MM, 27, 9, 10
MM, 28, 5, 20
MM, 28, 4, 61
MM, 28, 3, 50
MM, 28, 2, 21
MM, 27, 2, 81
MM, 26, 2, 10
MM, 25, 3, 10
MM, 23, 3, 10
MM, 20, 6, 10
MM, 18, 7, 11
MM, 15, 10, 10
MM, 14, 11, 10
MM, 14, 12, 10
MM, 13, 12, 40
MC, 1, 193
MM, 14, 12, 20
MM, 15, 12, 10
MM, 18, 12, 10
MM, 21, 12, 11
MM, 23, 13, 9
MM, 27, 16, 10
MM, 642, 521, 10
MM, 3, 24, 11
MM, 11, 26, 10
MM, 15, 28, 10
MM, 662, 533, 11
MM, 674, 545, 70
MM, 674, 547, 10
MM, 675, 547, 132
MM, 676, 547, 30
MM, 677, 547, 10
MM, 1, 8, 11
MM, 2, 8, 10
MM, 3, 8, 10
MM, 4, 8, 21
MM, 4, 9, 10
MM, 5, 9, 30
MM, 6, 9, 20
MM, 7, 9, 20
MM, 8, 9, 122
MC, 1, 122
MM, 6, 9, 20
MM, 3, 7, 10
MM, 673, 543, 10
MM, 23, 2, 10
MM, 648, 537, 10
MM, 635, 537, 10
MM, 628, 536, 10
MM, 620, 536, 10
MM, 615, 536, 10
MM, 610, 535, 10
MM, 606, 532, 10
MM, 36, 30, 10
MM, 33, 30, 10
MM, 32, 30, 10
MM, 29, 29, 10
MM, 28, 29, 11
MM, 27, 28, 11
MM, 26, 28, 10
MM, 25, 28, 19
MM, 25, 27, 20
MM, 23, 27, 52
MM, 21, 27, 10
MM, 18, 27, 10
MM, 16, 25, 10
MM, 14, 25, 11
MM, 11, 25, 10
MM, 9, 25, 10
MM, 8, 25, 10
MM, 7, 25, 10
MM, 6, 25, 10
MM, 4, 25, 10
MM, 3, 25, 11
MM, 2, 24, 9
MM, 0, 24, 10
MM, 563, 526, 10
MM, 562, 525, 10
MM, 559, 525, 11
MM, 559, 524, 10
MM, 34, 22, 10
MM, 32, 22, 10
MM, 31, 22, 11
MM, 29, 22, 9
MM, 27, 22, 10
MM, 26, 20, 10
MM, 25, 20, 11
MM, 24, 19, 10
MM, 23, 19, 10
MM, 23, 18, 10
MM, 23, 17, 10
MM, 22, 17, 10
MM, 22, 16, 21
MM, 21, 16, 10
MM, 21, 15, 20
MM, 20, 15, 51
MC, 1, 92
MM, 19, 19, 50
MM, 13, 30, 10
MM, 20, 1, 10
MM, 17, 8, 9
MM, 15, 12, 11
MM, 10, 20, 11
MM, 6, 23, 10
MM, 4, 29, 10
MM, 513, 572, 10
MM, 35, 5, 9
MM, 34, 9, 11
MM, 30, 15, 10
MM, 27, 19, 10
MM, 26, 21, 10
MM, 24, 21, 10
MM, 23, 23, 11
MM, 23, 24, 9
MM, 22, 25, 20
MM, 20, 26, 183
MM, 19, 28, 10
MM, 18, 29, 10
MM, 17, 30, 10
MM, 492, 608, 10
MM, 491, 609, 11
MM, 491, 610, 20
MM, 491, 611, 10
MM, 490, 611, 10
MM, 489, 612, 11
MM, 98, 2, 9
MM, 97, 3, 11
MM, 96, 5, 10
MM, 95, 8, 10
MM, 94, 9, 10
MM, 94, 10, 10
MM, 93, 12, 10
MM, 93, 11, 192
MC, 1, 101
MM, 93, 10, 122
MM, 93, 3, 10
MM, 483, 609, 10
MM, 7, 23, 10
MM, 7, 17, 11
MM, 7, 6, 10
MM, 481, 574, 10
MM, 11, 27, 10
MM, 11, 21, 10
MM, 11, 14, 10
MM, 11, 13, 10
MM, 10, 10, 10
MM, 9, 10, 11
MM, 9, 9, 10
MM, 8, 8, 10
MM, 6, 7, 10
MM, 6, 6, 10
MM, 5, 4, 10
MM, 4, 4, 10
MM, 4, 3, 10
MM, 4, 2, 21
MM, 3, 2, 20
MM, 3, 1, 10
MM, 2, 1, 10
MM, 1, 0, 10
MM, 470, 537, 21
MM, 469, 537, 10
MM, 467, 536, 10
MM, 465, 535, 10
MM, 463, 533, 10
MM, 22, 30, 10
MM, 19, 30, 10
MM, 16, 26, 11
MM, 14, 23, 9
MM, 13, 22, 11
MM, 12, 22, 9
MM, 12, 20, 11
MM, 11, 20, 20
MM, 11, 19, 20
MM, 5, 17, 234
MM, 3, 17, 10
MM, 1, 16, 10
MM, 437, 518, 10
MM, 433, 518, 10
MM, 31, 16, 11
MM, 26, 16, 9
MM, 23, 15, 21
MM, 22, 15, 10
MM, 21, 15, 10
MM, 20, 15, 10
MM, 20, 13, 10
MC, 1, 244
MM, 22, 14, 91
MM, 23, 14, 9
MM, 28, 18, 11
MM, 34, 21, 9
MM, 438, 525, 10
MM, 454, 537, 11
MM, 1, 0, 10
MM, 28, 15, 10
MM, 510, 560, 10
MM, 9, 24, 11
MM, 18, 30, 10
MM, 20, 30, 10
MM, 21, 30, 20
MM, 23, 28, 10
MM, 28, 23, 10
MM, 549, 557, 20
MM, 551, 554, 10
MM, 0, 14, 11
MM, 3, 9, 10
MM, 5, 9, 10
MM, 7, 8, 10
MM, 12, 7, 10
MM, 14, 7, 10
MM, 15, 7, 10
MM, 15, 6, 20
MM, 15, 5, 51
MM, 15, 4, 10
MM, 16, 4, 20
MM, 16, 2, 20
MM, 16, 1, 11
MM, 17, 0, 11
MM, 571, 538, 10
MM, 572, 537, 10
MM, 573, 536, 10
MM, 573, 535, 20
MM, 574, 534, 61
MM, 574, 533, 20
MM, 11, 30, 10
MM, 12, 29, 10
MM, 12, 27, 10
MM, 13, 27, 21
MM, 13, 26, 10
MM, 13, 25, 10
MM, 13, 24, 19
MM, 14, 24, 11
MM, 14, 23, 30
MM, 14, 22, 101
MM, 14, 21, 72
MM, 14, 20, 50
MC, 1, 72
MM, 14, 21, 70
MM, 14, 22, 10
MM, 13, 25, 30
MM, 13, 26, 12
MM, 12, 27, 9
MM, 9, 29, 10
MM, 571, 536, 10
MM, 11, 8, 10
MM, 7, 17, 10
MM, 4, 21, 10
MM, 554, 571, 10
MM, 32, 4, 11
MM, 30, 13, 9
MM, 28, 20, 10
MM, 545, 607, 10
MM, 544, 611, 11
MM, 154, 1, 10
MM, 153, 4, 10
MM, 153, 5, 10
MM, 153, 9, 11
MM, 153, 10, 30
MM, 153, 11, 10
MM, 153, 12, 10
MM, 153, 13, 30
MM, 153, 11, 102
MM, 153, 9, 10
MM, 153, 7, 9
MM, 153, 6, 10
MM, 151, 2, 21
MM, 151, 1, 10
MM, 541, 611, 10
MM, 540, 610, 11
MM, 539, 609, 10
MM, 539, 608, 10
MM, 538, 608, 10
MM, 21, 30, 10
MM, 21, 29, 40
MM, 19, 28, 10
MM, 19, 27, 11
MM, 19, 26, 10
MM, 19, 25, 30
MM, 19, 24, 20
MM, 19, 23, 11
MM, 18, 23, 10
MM, 18, 22, 10
MM, 18, 21, 21
MM, 21, 14, 172
MM, 26, 9, 20
MM, 34, 4, 20
MM, 556, 578, 10
MM, 1, 1, 10
MM, 568, 575, 10
MM, 575, 574, 11
MM, 578, 574, 9
MM, 579, 573, 10
MM, 581, 573, 11
MM, 30, 29, 10
MM, 32, 28, 10
MM, 36, 25, 10
MM, 595, 561, 10
MM, 6, 19, 10
MM, 9, 17, 10
MM, 11, 16, 11
MM, 11, 14, 10
MM, 11, 12, 10
MM, 11, 11, 80
MM, 11, 9, 21
MM, 11, 8, 21
MM, 12, 6, 9
MM, 13, 4, 21
MM, 13, 2, 10
MM, 13, 1, 10
MM, 13, 0, 10
MM, 610, 538, 11
MM, 610, 537, 10
MM, 610, 536, 10
MM, 611, 535, 10
MM, 612, 534, 30
MM, 612, 533, 30
MM, 5, 30, 21
MM, 6, 30, 10
MM, 6, 29, 10
MM, 6, 28, 11
MM, 7, 27, 10
MM, 8, 26, 10
MM, 8, 25, 10
MM, 8, 24, 10
MM, 9, 24, 20
MM, 9, 22, 10
MC, 1, 224
MM, 9, 21, 9
MM, 11, 21, 20
MM, 15, 19, 11
MM, 18, 19, 9
MM, 22, 18, 10
MM, 26, 17, 11
MM, 27, 16, 10
MM, 29, 16, 10
MM, 639, 515, 10
MM, 640, 515, 10
MM, 641, 515, 10
MM, 0, 13, 11
MM, 2, 12, 10
MM, 3, 11, 10
MM, 5, 11, 10
MM, 6, 10, 10
MM, 7, 10, 20
MC, 1, 335
MM, 6, 10, 61
MM, 1, 11, 10
MM, 27, 17, 9
MM, 11, 25, 20
MM, 608, 535, 11
MM, 595, 544, 10
MM, 32, 10, 10
MM, 16, 23, 20
MM, 561, 570, 20
MM, 557, 573, 10
MM, 555, 575, 11
MM, 34, 2, 10
MM, 34, 3, 10
MM, 33, 3, 10
MM, 33, 4, 20
MM, 32, 4, 31
MM, 31, 5, 20
MM, 31, 6, 21
MM, 30, 6, 10
MM, 29, 7, 10
MM, 28, 7, 10
MM, 28, 8, 20
MM, 27, 8, 40
MM, 24, 9, 20
MM, 21, 11, 10
MM, 20, 13, 11
MM, 18, 13, 10
MM, 17, 14, 11
MM, 16, 15, 9
MM, 15, 15, 21
MC, 1, 142
MM, 13, 14, 273
MM, 10, 13, 10
MM, 5, 9, 11
MM, 515, 581, 10
MM, 501, 575, 9
MM, 490, 573, 11
MM, 477, 573, 10
MM, 450, 570, 10
MM, 442, 570, 10
MM, 7, 29, 10
MM, 2, 29, 10
MM, 425, 567, 10
MM, 35, 25, 10
MM, 32, 25, 10
MM, 30, 23, 10
MM, 28, 23, 11
MM, 24, 22, 10
MM, 22, 21, 10
MM, 20, 21, 10
MM, 19, 20, 10
MM, 18, 19, 10
MM, 16, 17, 51
MM, 15, 17, 10
MM, 14, 17, 21
MM, 13, 17, 9
MM, 12, 17, 11
MM, 12, 16, 40
MC, 1, 162
MM, 13, 16, 202
MM, 14, 16, 10
MM, 15, 16, 10
MM, 16, 16, 11
MM, 18, 16, 10
MM, 21, 16, 10
MM, 24, 16, 10
MM, 26, 17, 10
MM, 29, 18, 10
MM, 32, 19, 10
MM, 34, 19, 11
MM, 421, 559, 10
MM, 423, 560, 10
MM, 426, 560, 10
MM, 1, 21, 11
MM, 4, 21, 10
MM, 9, 25, 10
MM, 11, 25, 10
MM, 14, 27, 10
MM, 16, 27, 20
MM, 17, 28, 10
MM, 18, 28, 21
MM, 18, 29, 10
MM, 19, 29, 10
MM, 448, 570, 30
MM, 448, 571, 10
MM, 448, 572, 31
MM, 449, 572, 10
MM, 449, 573, 20
MM, 449, 574, 40
MM, 450, 574, 385
MM, 451, 574, 20
MM, 456, 574, 20
MM, 463, 573, 10
MM, 480, 570, 11
MM, 7, 20, 10
MM, 13, 23, 10
MM, 13, 23, 11
MM, 646, 575, 10
MM, 28, 5, 10
MM, 679, 585, 10
MM, 686, 588, 10
MM, 691, 595, 10
MM, 694, 595, 10
MM, 695, 598, 10
MM, 696, 598, 11
MM, 696, 600, 60
MM, 696, 604, 10
MM, 696, 606, 10
MM, 696, 608, 11
MM, 695, 610, 10
MM, 694, 611, 10
MM, 692, 611, 31
MM, 675, 613, 40
MM, 671, 613, 10
MM, 663, 609, 10
MM, 659, 609, 10
MM, 658, 607, 10
MM, 15, 30, 10
MM, 13, 29, 10
MM, 12, 28, 20
MM, 11, 28, 10
MM, 10, 26, 11
MM, 8, 24, 10
MM, 6, 24, 10
MM, 5, 23, 10
MM, 5, 22, 10
MM, 4, 21, 10
MM, 3, 21, 21
MM, 3, 20, 20
MM, 4, 20, 112
MM, 5, 20, 19
MM, 6, 20, 10
MM, 6, 19, 11
MM, 7, 19, 20
MC, 1, 213
MM, 1, 18, 71
MM, 30, 17, 10
MM, 18, 17, 10
MM, 2, 17, 10
MM, 33, 17, 10
MM, 20, 17, 11
MM, 3, 17, 10
MM, 18, 19, 10
MM, 513, 595, 10
MM, 12, 22, 10
MM, 34, 27, 10
MM, 25, 27, 10
MM, 450, 612, 11
MM, 55, 3, 10
MM, 48, 5, 10
MM, 45, 7, 10
MM, 39, 13, 10
MM, 36, 16, 10
MM, 34, 19, 10
MM, 32, 23, 10
MM, 31, 24, 11
MM, 31, 28, 10
MM, 31, 29, 10
MM, 30, 30, 10
MM, 419, 646, 10
MM, 419, 647, 10
MM, 419, 649, 20
MM, 420, 652, 20
MM, 422, 654, 20
MM, 425, 655, 10
MM, 430, 659, 10
MM, 436, 661, 11
MM, 440, 661, 10
MM, 444, 662, 10
MM, 447, 662, 10
MM, 453, 662, 10
MM, 457, 662, 10
MM, 464, 660, 11
MM, 470, 657, 9
MM, 472, 655, 10
MM, 474, 653, 11
MM, 474, 650, 10
MM, 475, 649, 10
MM, 475, 648, 10
MM, 475, 647, 51
MM, 471, 646, 10
MM, 468, 646, 10
MM, 465, 644, 10
MM, 463, 644, 10
MM, 71, 30, 10
MM, 70, 30, 10
MM, 68, 30, 10
MM, 68, 29, 83
MM, 68, 28, 30
MM, 68, 26, 10
MM, 68, 25, 20
MM, 68, 23, 21
MM, 68, 22, 10
MM, 68, 21, 9
MM, 68, 19, 11
MM, 68, 18, 10
MM, 68, 17, 10
MM, 68, 16, 10
MM, 68, 15, 40
MC, 1, 183
MM, 71, 15, 20
MM, 75, 13, 10
MM, 89, 6, 20
MM, 96, 4, 10
MM, 107, 4, 11
MM, 504, 612, 10
MM, 511, 610, 10
MM, 513, 609, 10
MM, 515, 608, 10
MM, 518, 607, 10
MM, 2, 30, 20
MM, 4, 30, 11
MM, 4, 29, 10
MM, 5, 29, 10
MM, 6, 29, 20
MM, 6, 28, 50
MM, 6, 27, 122
MM, 8, 26, 30
MM, 8, 25, 10
MM, 8, 24, 10
MM, 8, 23, 21
MM, 9, 22, 30
MM, 9, 21, 61
MM, 9, 20, 10
MM, 9, 19, 11
MM, 13, 16, 344
MM, 13, 14, 10
MM, 12, 9, 10
MM, 9, 3, 10
MM, 522, 574, 10
MM, 32, 14, 20
MM, 26, 8, 10
MM, 16, 3, 11
MM, 476, 536, 10
MM, 466, 533, 10
MM, 16, 28, 10
MM, 9, 27, 10
MM, 2, 23, 10
MM, 437, 524, 10
MM, 434, 524, 10
MM, 34, 21, 11
MM, 32, 21, 10
MM, 31, 20, 20
MM, 30, 20, 9
MM, 29, 19, 11
MM, 28, 19, 10
MM, 28, 18, 20
MM, 26, 18, 71
MM, 25, 18, 11
MM, 24, 18, 10
MM, 23, 18, 10
MM, 22, 18, 20
MM, 21, 18, 21
MC, 1, 233
MM, 22, 18, 19
MM, 22, 19, 11
MM, 24, 22, 10
MM, 26, 24, 10
MM, 430, 534, 10
MM, 432, 538, 10
MM, 7, 6, 10
MM, 9, 11, 10
MM, 10, 12, 10
MM, 10, 13, 11
MM, 11, 16, 9
MM, 12, 17, 11
MM, 14, 20, 20
MM, 14, 21, 10
MM, 14, 24, 20
MM, 14, 25, 10
MM, 14, 26, 10
MM, 14, 27, 11
MM, 15, 28, 10
MM, 15, 29, 20
MM, 15, 30, 10
MM, 443, 570, 11
MM, 444, 572, 10
MM, 445, 575, 10
MM, 12, 0, 20
MM, 12, 1, 61
MM, 12, 2, 10
MM, 12, 3, 20
MM, 12, 5, 20
MM, 13, 6, 61
MM, 13, 7, 31
MC, 1, 173
MM, 13, 6, 201
MM, 13, 5, 41
MM, 12, 4, 20
MM, 10, 2, 11
MM, 9, 2, 9
MM, 8, 1, 10
MM, 441, 575, 10
MM, 440, 574, 10
MM, 439, 572, 11
MM, 438, 572, 10
MM, 437, 570, 10
MM, 7, 28, 10
MM, 5, 27, 10
MM, 3, 25, 10
MM, 2, 24, 11
MM, 0, 22, 10
MM, 426, 560, 10
MM, 425, 559, 10
MM, 423, 557, 10
MM, 422, 556, 20
MM, 422, 555, 10
MM, 422, 554, 10
MM, 35, 12, 10
MM, 34, 12, 11
MM, 34, 8, 10
MM, 33, 7, 10
MM, 33, 6, 10
MM, 31, 4, 10
MM, 30, 3, 10
MM, 30, 1, 10
MM, 28, 0, 11
MM, 413, 538, 10
MM, 412, 537, 10
MM, 412, 535, 21
MM, 412, 534, 29
MM, 412, 533, 20
MM, 15, 30, 21
MM, 15, 29, 11
MM, 15, 27, 10
MM, 15, 26, 9
MM, 15, 25, 21
MM, 15, 24, 10
MM, 15, 22, 10
MM, 15, 20, 10
MM, 15, 19, 21
MM, 15, 18, 30
MC, 1, 122
MM, 16, 18, 60
MM, 19, 18, 11
MM, 21, 18, 9
MM, 24, 18, 11
MM, 26, 18, 10
MM, 29, 17, 10
MM, 31, 17, 10
MM, 33, 17, 10
MM, 34, 17, 10
MM, 433, 519, 20
MM, 434, 519, 10
MM, 436, 518, 21
MM, 438, 517, 20
MM, 0, 15, 10
MM, 0, 14, 10
MM, 1, 14, 10
MM, 2, 14, 10
MM, 2, 13, 11
MM, 3, 13, 10
MM, 4, 13, 10
MM, 5, 13, 10
MM, 6, 13, 10
MM, 7, 13, 30
MM, 9, 13, 31
MM, 10, 13, 30
MC, 1, 457
MM, 10, 15, 80
MM, 10, 16, 10
MM, 10, 18, 10
MM, 10, 20, 10
MM, 10, 22, 10
MM, 10, 26, 10
MM, 449, 534, 10
MM, 449, 537, 10
MM, 22, 3, 11
MM, 22, 8, 10
MM, 22, 11, 10
MM, 22, 18, 10
MM, 22, 21, 10
MM, 23, 24, 11
MM, 23, 28, 10
MM, 451, 572, 9
MM, 451, 575, 11
MM, 17, 3, 10
MM, 17, 5, 10
MM, 17, 10, 10
MM, 17, 15, 10
MM, 17, 17, 10
MM, 17, 19, 10
MM, 17, 20, 11
MM, 18, 21, 10
MM, 18, 24, 10
MM, 18, 26, 10
MM, 18, 29, 10
MM, 452, 607, 20
MM, 453, 608, 10
MM, 454, 609, 11
MM, 454, 610, 10
MM, 454, 611, 10
MM, 454, 612, 10
MM, 64, 0, 9
MM, 64, 1, 11
MM, 64, 2, 132
MM, 64, 3, 10
MM, 64, 4, 30
MM, 64, 5, 30
MM, 64, 6, 10
MM, 64, 7, 10
MM, 64, 9, 11
MM, 64, 10, 20
MM, 64, 11, 21
MM, 64, 12, 20
MM, 64, 13, 21
MC, 1, 151
MM, 64, 12, 31
MM, 63, 10, 10
MM, 63, 7, 10
MM, 62, 4, 10
MM, 60, 0, 10
MM, 13, 30, 10
MM, 8, 21, 10
MM, 3, 5, 10
MM, 433, 574, 11
MM, 1, 27, 9
MM, 35, 11, 21
MM, 417, 538, 20
MM, 415, 533, 10
MM, 15, 25, 10
MM, 15, 22, 10
MM, 15, 20, 11
MM, 15, 19, 10
MM, 13, 19, 9
MM, 13, 17, 10
MM, 13, 16, 11
MM, 12, 16, 10
MM, 11, 14, 10
MM, 11, 12, 11
MM, 10, 11, 10
MM, 9, 9, 10
MM, 8, 7, 10
MM, 6, 6, 10
MM, 6, 5, 10
MM, 5, 3, 10
MM, 5, 1, 10
MM, 6, 1, 163
MM, 7, 2, 19
MM, 8, 3, 10
MM, 8, 4, 10
MM, 9, 5, 21
MM, 9, 6, 32
MM, 9, 7, 9
MM, 10, 7, 19
MM, 11, 8, 31
MM, 12, 8, 20
MM, 13, 10, 20
MC, 1, 273
MM, 13, 12, 245
MM, 13, 13, 9
MM, 11, 15, 11
MM, 9, 18, 9
MM, 6, 22, 10
MM, 4, 24, 10
MM, 1, 26, 11
MM, 0, 29, 10
MM, 10, 1, 11
MM, 10, 4, 10
MM, 8, 7, 10
MM, 8, 14, 9
MM, 7, 16, 10
MM, 6, 19, 10
MM, 5, 22, 11
MM, 4, 24, 10
MM, 3, 29, 10
MM, 2, 30, 10
MM, 387, 571, 10
MM, 386, 572, 11
MM, 386, 574, 10
MM, 385, 574, 20
MM, 385, 575, 20
MM, 34, 0, 10
MM, 34, 1, 22
MM, 34, 2, 19
MM, 33, 3, 10
MM, 33, 4, 10
MM, 33, 6, 10
MM, 32, 6, 10
MM, 31, 7, 11
MM, 30, 7, 30
MM, 30, 8, 10
MM, 30, 9, 50
MM, 28, 9, 11
MM, 26, 11, 10
MM, 25, 12, 10
MM, 23, 13, 20
MM, 22, 14, 11
MC, 1, 182
MM, 26, 12, 20
MM, 385, 584, 10
MM, 5, 1, 10
MM, 1, 26, 10
MM, 1, 1, 11
MM, 32, 12, 20
MM, 579, 501, 10
MM, 0, 30, 10
MM, 21, 26, 10
MM, 33, 23, 10
MM, 15, 23, 20
MM, 23, 23, 11
MM, 30, 23, 10
MM, 680, 488, 10
MM, 683, 488, 10
MM, 0, 23, 10
MM, 1, 23, 10
MM, 2, 23, 10
MM, 2, 24, 10
MM, 2, 25, 51
MM, 2, 26, 41
MM, 2, 28, 10
MM, 2, 29, 10
MM, 2, 30, 10
MM, 687, 498, 10
MM, 687, 500, 10
MM, 0, 1, 10
MM, 686, 508, 11
MM, 686, 509, 20
MM, 686, 510, 10
MM, 686, 511, 10
MM, 0, 10, 60
MM, 3, 11, 11
MM, 5, 11, 10
MM, 6, 11, 10
MM, 7, 11, 10
MM, 8, 11, 31
MC, 1, 304
MM, 6, 11, 30
MM, 1, 11, 10
MM, 683, 513, 9
MM, 33, 11, 11
MM, 30, 10, 10
MM, 25, 9, 10
MM, 21, 8, 10
MM, 17, 7, 10
MM, 12, 6, 10
MM, 2, 6, 11
MM, 30, 6, 10
MM, 18, 6, 10
MM, 10, 8, 10
MM, 603, 510, 10
MM, 15, 11, 30
MM, 9, 11, 10
MM, 5, 11, 10
MM, 561, 513, 11
MM, 34, 12, 10
MM, 28, 12, 10
MM, 23, 13, 10
MM, 17, 13, 11
MM, 8, 13, 20
MM, 2, 16, 10
MM, 517, 518, 10
MM, 27, 16, 10
MM, 21, 17, 10
MM, 16, 17, 10
MM, 11, 19, 10
MM, 8, 20, 11
MM, 5, 19, 10
MM, 3, 19, 10
MM, 0, 19, 10
MM, 479, 519, 10
MM, 476, 519, 10
MM, 35, 17, 11
MM, 32, 17, 10
MM, 30, 17, 10
MM, 28, 17, 10
MM, 27, 17, 10
MM, 25, 17, 10
MM, 23, 17, 10
MM, 19, 16, 10
MM, 17, 16, 10
MM, 13, 16, 11
MM, 12, 16, 9
MM, 8, 16, 11
MM, 6, 16, 20
MM, 4, 16, 10
MM, 2, 16, 20
MM, 0, 16, 10
MM, 438, 517, 10
MM, 436, 517, 11
MM, 435, 517, 10
MM, 35, 15, 10
MM, 34, 15, 10
MM, 33, 15, 10
MM, 32, 15, 21
MM, 30, 15, 9
MM, 29, 15, 11
MM, 27, 15, 20
MM, 26, 15, 40
MM, 26, 14, 11
MM, 25, 14, 10
MM, 24, 14, 20
MM, 23, 13, 20
MM, 22, 13, 52
MM, 21, 13, 50
MC, 1, 153
MM, 22, 13, 110
MM, 23, 13, 20
MM, 24, 13, 30
MM, 25, 14, 10
MM, 26, 14, 11
MM, 27, 15, 20
MM, 28, 15, 11
MM, 29, 15, 31
MM, 29, 16, 9
MM, 30, 16, 20
MM, 31, 16, 31
MM, 32, 17, 10
MM, 33, 17, 20
MM, 34, 17, 10
MM, 35, 18, 10
MM, 434, 520, 10
MM, 435, 521, 11
MM, 436, 521, 9
MM, 437, 521, 10
MM, 438, 521, 61
MM, 0, 19, 30
MM, 1, 19, 12
MM, 2, 19, 29
MM, 3, 19, 10
MM, 4, 19, 11
MM, 5, 19, 10
MM, 6, 19, 20
MM, 7, 19, 91
MM, 8, 19, 20
MM, 9, 18, 21
MM, 9, 17, 111
MM, 17, 17, 112
MC, 1, -41
MM, 25, 17, 61
MM, 33, 17, 10
MM, 10, 17, 21
MM, 21, 17, 9
MM, 33, 17, 10
MM, 4, 17, 10
MM, 15, 20, 10
MM, 24, 21, 10
MM, 558, 523, 11
MM, 0, 22, 10
MM, 9, 26, 10
MM, 13, 26, 10
MM, 16, 26, 10
MM, 18, 26, 10
MM, 19, 26, 10
MM, 20, 26, 10
MM, 22, 26, 11
MM, 25, 23, 30
MM, 25, 22, 20
MM, 25, 21, 31
MM, 26, 21, 50
MM, 28, 20, 10
MM, 29, 19, 11
MM, 31, 17, 9
MM, 34, 16, 11
MM, 601, 518, 10
MM, 602, 517, 9
MM, 603, 517, 10
MM, 604, 516, 10
MM, 605, 516, 11
MM, 606, 516, 10
MM, 0, 14, 21
MM, 1, 14, 30
MM, 2, 14, 10
MM, 3, 14, 10
MM, 4, 15, 132
MM, 5, 15, 20
MM, 6, 15, 10
MC, 1, 163
MM, 5, 15, 29
MM, 3, 15, 11
MM, 605, 515, 10
MM, 30, 10, 10
MM, 560, 509, 20
MM, 8, 11, 20
MM, 519, 515, 11
MM, 14, 19, 19
MM, 3, 20, 11
MM, 35, 21, 10
MM, 27, 23, 10
MM, 19, 24, 10
MM, 14, 26, 10
MM, 7, 26, 10
MM, 5, 26, 10
MM, 2, 28, 10
MM, 436, 530, 21
MM, 35, 28, 10
MM, 33, 28, 10
MM, 30, 28, 10
MM, 27, 28, 11
MM, 25, 28, 10
MM, 24, 28, 10
MM, 23, 28, 10
MM, 21, 28, 10
MM, 20, 28, 21
MM, 18, 27, 9
MM, 16, 26, 21
MM, 12, 24, 40
MM, 11, 23, 10
MM, 11, 22, 41
MM, 11, 21, 51
MM, 11, 20, 112
MM, 13, 20, 182
MM, 14, 20, 19
MM, 18, 23, 10
MM, 25, 24, 10
MM, 33, 27, 11
MM, 2, 29, 10
MM, 454, 533, 10
MM, 471, 534, 10
MM, 484, 537, 11
MM, 25, 1, 9
MM, 506, 547, 11
MM, 4, 11, 10
MM, 12, 14, 10
MM, 29, 24, 10
MM, 35, 28, 10
MM, 551, 570, 11
MM, 555, 575, 10
MM, 559, 580, 10
MM, 1, 5, 10
MM, 7, 8, 20
MM, 10, 10, 10
MM, 12, 11, 10
MM, 13, 11, 11
MM, 15, 12, 10
MM, 16, 12, 10
MM, 16, 13, 10
MM, 18, 13, 10
MM, 18, 14, 20
MM, 19, 14, 10
MM, 19, 15, 20
MM, 19, 16, 21
MM, 18, 16, 81
MM, 15, 16, 10
MM, 12, 16, 11
MM, 8, 16, 9
MM, 5, 15, 10
MM, 2, 15, 10
MM, 0, 14, 10
MM, 557, 590, 10
MM, 555, 590, 10
MM, 554, 590, 10
MM, 36, 14, 11
MM, 34, 14, 10
MM, 33, 14, 20
MM, 32, 14, 10
MM, 31, 14, 10
MM, 30, 14, 20
MM, 28, 14, 11
MM, 27, 14, 101
MM, 26, 14, 21
MM, 25, 13, 181
MM, 22, 12, 10
MM, 20, 12, 12
MM, 14, 10, 10
MM, 6, 9, 10
MM, 34, 9, 9
MM, 23, 9, 10
MM, 10, 6, 11
MM, 0, 5, 10
MM, 28, 6, 10
MM, 20, 6, 10
MM, 14, 7, 10
MM, 4, 7, 10
MM, 0, 7, 11
MM, 429, 583, 10
MM, 32, 8, 9
MM, 29, 8, 11
MM, 27, 9, 10
MM, 26, 9, 10
MM, 24, 9, 10
MM, 23, 10, 10
MM, 22, 10, 10
MM, 21, 10, 21
MM, 19, 10, 10
MM, 18, 11, 10
MM, 17, 11, 10
MM, 15, 11, 11
MC, 1, 284
MM, 15, 10, 9
MM, 15, 8, 21
MM, 15, 6, 10
MM, 15, 4, 10
MM, 15, 3, 10
MM, 15, 0, 10
MM, 406, 574, 10
MM, 21, 30, 10
MM, 21, 27, 10
MM, 21, 26, 10
MM, 21, 21, 21
MM, 21, 19, 10
MM, 21, 18, 10
MM, 23, 14, 10
MM, 24, 13, 10
MM, 24, 9, 10
MM, 25, 8, 10
MM, 25, 5, 10
MM, 25, 3, 10
MM, 25, 1, 10
MM, 25, 0, 10
MM, 411, 538, 11
MM, 412, 536, 9
MM, 412, 535, 21
MM, 412, 534, 10
MM, 15, 30, 11
MM, 16, 29, 10
MM, 17, 28, 10
MM, 17, 27, 10
MM, 18, 26, 10
MM, 18, 25, 10
MM, 19, 22, 10
MM, 19, 21, 91
MM, 19, 20, 31
MM, 20, 20, 20
MM, 20, 18, 20
MM, 20, 17, 31
MC, 1, 163
MM, 21, 18, 29
MM, 23, 20, 10
MM, 28, 25, 10
MM, 32, 28, 10
MM, 431, 533, 11
MM, 435, 538, 9
MM, 10, 2, 10
MM, 10, 4, 10
MM, 10, 6, 11
MM, 11, 6, 10
MM, 12, 8, 10
MM, 13, 9, 31
MM, 13, 10, 70
MM, 13, 11, 62
MM, 14, 12, 10
MM, 15, 14, 20
MC, 1, 233
MM, 16, 15, 111
MM, 16, 16, 11
MM, 16, 17, 10
MM, 17, 19, 10
MM, 18, 21, 10
MM, 19, 24, 10
MM, 19, 27, 9
MM, 448, 573, 10
MM, 16, 4, 11
MM, 17, 8, 10
MM, 19, 15, 10
MM, 19, 22, 11
MM, 21, 29, 9
MM, 458, 612, 11
MM, 70, 2, 10
MM, 70, 5, 10
MM, 71, 7, 10
MM, 72, 11, 10
MM, 72, 13, 10
MM, 72, 14, 20
MM, 72, 16, 21
MM, 72, 20, 20
MM, 73, 20, 10
MM, 73, 21, 10
MM, 73, 22, 10
MM, 73, 23, 20
MM, 73, 24, 122
MM, 73, 23, 172
MM, 73, 22, 21
MM, 73, 21, 10
MM, 73, 20, 20
MM, 73, 19, 20
MM, 73, 18, 20
MM, 73, 17, 50
MC, 1, 133
MM, 73, 16, 50
MM, 72, 10, 21
MM, 72, 1, 10
MM, 29, 29, 10
MM, 34, 12, 20
MM, 8, 15, 31
MM, 11, 7, 20
MM, 12, 4, 10
MM, 13, 0, 10
MM, 485, 536, 10
MM, 486, 533, 10
MM, 4, 29, 11
MM, 6, 27, 20
MM, 6, 26, 10
MM, 6, 25, 20
MM, 6, 24, 10
MM, 6, 23, 21
MM, 6, 22, 10
MM, 6, 20, 30
MM, 7, 20, 91
MM, 8, 20, 41
MM, 8, 19, 20
MM, 9, 19, 20
MM, 10, 19, 10
MM, 10, 18, 11
MM, 11, 18, 9
MC, 1, 194
MM, 13, 18, 9
MM, 15, 18, 10
MM, 19, 18, 20
MM, 22, 18, 10
MM, 28, 18, 10
MM, 517, 521, 10
MM, 11, 26, 21
MM, 16, 30, 10
MM, 544, 537, 10
MM, 36, 2, 10
MM, 553, 546, 10
MM, 3, 12, 21
MM, 3, 13, 50
MM, 4, 13, 233
MM, 5, 13, 31
MM, 6, 13, 20
MM, 7, 13, 40
MM, 8, 13, 102
MM, 8, 11, 121
MM, 6, 11, 10
MM, 1, 8, 11
MM, 35, 8, 10
MM, 31, 6, 10
MM, 26, 4, 10
MM, 20, 2, 10
MM, 14, 2, 10
MM, 516, 536, 10
MM, 509, 536, 10
MM, 502, 533, 10
MM, 496, 533, 10
MM, 488, 533, 11
MM, 484, 533, 9
MM, 480, 533, 11
MM, 35, 30, 10
MM, 32, 29, 10
MM, 29, 29, 10
MM, 26, 28, 10
MM, 25, 28, 10
MM, 21, 26, 10
MM, 18, 26, 10
MM, 17, 25, 21
MM, 15, 25, 10
MM, 14, 24, 10
MM, 13, 23, 10
MM, 12, 22, 11
MM, 11, 22, 10
MM, 9, 21, 10
MM, 8, 21, 10
MM, 6, 21, 10
MM, 4, 19, 10
MM, 1, 19, 10
MM, 438, 521, 10
MM, 435, 521, 11
MM, 433, 521, 9
MM, 34, 19, 10
MM, 32, 19, 11
MM, 31, 19, 10
MM, 30, 19, 10
MM, 29, 19, 10
MM, 28, 19, 11
MM, 27, 19, 10
MM, 26, 19, 10
MM, 25, 19, 10
MM, 23, 19, 10
MM, 22, 19, 20
MM, 21, 18, 21
MM, 20, 18, 10
MM, 19, 18, 10
MM, 19, 17, 20
MM, 18, 17, 30
MM, 18, 16, 51
MC, 1, 82
MM, 18, 17, 50
MM, 19, 20, 10
MM, 24, 28, 9
MM, 426, 534, 10
MM, 8, 5, 10
MM, 16, 15, 11
MM, 21, 23, 10
MM, 454, 572, 10
MM, 22, 2, 10
MM, 26, 7, 10
MM, 26, 11, 10
MM, 26, 13, 10
MM, 26, 14, 21
MM, 26, 15, 20
MM, 27, 15, 10
MM, 28, 17, 10
MM, 28, 19, 11
MM, 30, 23, 10
MM, 32, 25, 10
MM, 32, 27, 10
MM, 32, 28, 10
MM, 468, 607, 11
MM, 468, 608, 20
MM, 468, 609, 10
MM, 468, 610, 10
MM, 469, 611, 10
MM, 469, 612, 20
MM, 79, 0, 31
MM, 80, 1, 10
MM, 80, 2, 20
MM, 81, 3, 10
MM, 82, 3, 11
MM, 82, 4, 10
MM, 82, 5, 20
MM, 83, 5, 20
MM, 83, 6, 41
MM, 83, 7, 20
MM, 83, 8, 10
MM, 83, 9, 20
MC, 1, 244
MM, 83, 8, 80
MM, 84, 8, 10
MM, 88, 6, 20
MM, 91, 4, 10
MM, 96, 2, 11
MM, 496, 609, 10
MM, 515, 603, 20
MM, 8, 26, 11
MM, 19, 24, 10
MM, 30, 20, 10
MM, 556, 594, 10
MM, 4, 14, 10
MM, 11, 12, 10
MM, 35, 8, 31
MM, 2, 4, 10
MM, 9, 2, 10
MM, 14, 2, 10
MM, 21, 1, 10
MM, 635, 575, 20
MM, 649, 574, 11
MM, 652, 574, 10
MM, 656, 574, 10
MM, 658, 574, 10
MM, 661, 574, 10
MM, 663, 573, 10
MM, 665, 573, 10
MM, 1, 29, 51
MM, 2, 28, 10
MM, 3, 26, 20
MM, 4, 25, 10
MM, 5, 23, 10
MM, 7, 21, 20
MM, 8, 20, 10
MM, 9, 18, 10
MM, 9, 16, 11
MM, 9, 14, 10
MM, 9, 12, 10
MM, 9, 10, 20
MM, 9, 9, 30
MM, 9, 8, 10
MM, 9, 6, 10
MM, 8, 6, 11
MM, 7, 5, 10
MM, 6, 4, 10
MM, 5, 3, 61
MM, 5, 1, 30
MM, 5, 0, 21
MM, 685, 537, 20
MM, 686, 536, 10
MM, 687, 535, 10
MM, 688, 534, 10
MM, 689, 533, 11
MM, 2, 30, 10
MM, 3, 30, 10
MM, 4, 29, 10
MM, 5, 29, 9
MM, 5, 28, 143
MM, 6, 27, 20
MM, 6, 26, 51
MM, 7, 26, 20
MM, 7, 25, 19
MM, 7, 24, 51
MM, 8, 24, 11
MM, 8, 23, 11
MM, 8, 21, 29
MC, 1, 254
MM, 3, 21, 40
MM, 34, 21, 10
MM, 21, 23, 11
MM, 637, 533, 10
MM, 7, 7, 10
MM, 6, 20, 10
MM, 526, 575, 10
MM, 13, 12, 10
MM, 15, 26, 10
MM, 36, 0, 10
MM, 369, 639, 20
MM, 354, 641, 10
MM, 341, 644, 11
MM, 329, 647, 10
MM, 315, 647, 20
MM, 308, 647, 11
MM, 304, 647, 9
MM, 300, 647, 11
MM, 298, 646, 10
MM, 296, 645, 10
MM, 294, 645, 10
MM, 293, 644, 10
MM, 292, 642, 10
MM, 292, 641, 10
MM, 292, 639, 11
MM, 292, 636, 10
MM, 292, 635, 10
MM, 293, 633, 10
MM, 295, 631, 10
MM, 296, 629, 10
MM, 296, 627, 10
MM, 298, 626, 11
MM, 299, 622, 10
MM, 304, 616, 10
MM, 307, 613, 10
MM, 312, 610, 10
MM, 316, 607, 10
MM, 11, 28, 10
MM, 13, 25, 10
MM, 15, 25, 10
MM, 16, 21, 11
MM, 20, 18, 10
MM, 21, 17, 10
MM, 25, 14, 10
MM, 27, 12, 10
MM, 28, 11, 10
MM, 30, 9, 10
MM, 31, 6, 10
MM, 32, 6, 10
MM, 33, 4, 20
MM, 34, 2, 11
MM, 344, 577, 10
MM, 345, 577, 10
MM, 345, 576, 10
MM, 346, 575, 20
MM, 346, 574, 10
MM, 347, 574, 10
MM, 347, 573, 10
MM, 349, 571, 10
MM, 8, 28, 11
MM, 12, 25, 11
MM, 13, 22, 10
MM, 15, 21, 10
MM, 16, 18, 10
MM, 16, 17, 10
MM, 17, 17, 10
MM, 17, 15, 10
MM, 18, 14, 10
MM, 19, 13, 10
MM, 19, 12, 10
MM, 20, 15, 263
MC, 1, 40
MM, 28, 14, 183
MM, 382, 552, 10
MM, 8, 12, 11
MM, 32, 12, 10
MM, 14, 12, 10
MM, 28, 11, 10
MM, 7, 9, 10
MM, 24, 8, 10
MM, 510, 545, 10
MM, 12, 3, 10
MM, 28, 3, 11
MM, 550, 540, 10
MM, 3, 0, 10
MM, 560, 537, 10
MM, 562, 537, 10
MM, 565, 533, 20
MM, 4, 30, 11
MM, 6, 28, 10
MM, 10, 26, 10
MM, 12, 24, 9
MM, 14, 24, 11
MM, 14, 23, 10
MM, 15, 21, 10
MM, 16, 20, 21
MM, 17, 19, 20
MM, 18, 19, 10
MM, 21, 16, 10
MM, 25, 14, 10
MM, 27, 12, 10
MM, 30, 11, 10
MM, 32, 11, 20
MM, 34, 9, 11
MM, 36, 8, 20
MM, 601, 510, 10
MM, 603, 510, 10
MM, 605, 510, 11
MM, 0, 7, 10
MM, 1, 7, 10
MM, 2, 7, 10
MM, 3, 7, 10
MM, 4, 7, 10
MM, 5, 7, 10
MM, 6, 7, 10
MM, 7, 7, 11
MM, 8, 7, 20
MC, 1, 294
MM, 8, 9, 30
MM, 2, 11, 10
MM, 603, 519, 10
MM, 31, 23, 10
MM, 27, 27, 10
MM, 26, 29, 10
MM, 588, 537, 10
MM, 32, 2, 11
MM, 29, 2, 10
MM, 28, 4, 10
MM, 26, 7, 10
MM, 26, 10, 10
MM, 24, 11, 10
MM, 23, 14, 10
MM, 22, 15, 10
MM, 21, 15, 10
MM, 20, 16, 10
MM, 19, 17, 11
MM, 18, 18, 20
MM, 16, 20, 10
MM, 15, 20, 11
MM, 15, 21, 10
MM, 12, 21, 10
MM, 12, 22, 10
MM, 10, 23, 10
MM, 6, 23, 10
MM, 4, 25, 10
MM, 3, 27, 10
MM, 553, 568, 10
MM, 552, 569, 10
MM, 551, 570, 10
MM, 550, 571, 11
MM, 548, 572, 10
MM, 546, 574, 10
MM, 545, 575, 10
MM, 27, 1, 10
MM, 26, 1, 10
MM, 24, 3, 11
MM, 22, 4, 10
MM, 22, 5, 212
MC, 1, 153
MM, 20, 7, 60
MM, 19, 10, 10
MM, 17, 13, 10
MM, 15, 13, 10
MM, 13, 15, 10
MM, 11, 17, 10
MM, 9, 19, 11
MM, 7, 20, 10
MM, 4, 22, 10
MM, 2, 25, 9
MM, 516, 607, 12
MM, 515, 607, 10
MM, 513, 609, 10
MM, 512, 610, 20
MM, 512, 611, 10
MM, 511, 612, 10
MM, 510, 612, 10
MM, 120, 0, 11
MM, 119, 1, 10
MM, 118, 2, 10
MM, 117, 3, 10
MM, 116, 3, 30
MM, 116, 4, 10
MM, 115, 4, 31
MM, 115, 5, 20
MM, 114, 5, 10
MM, 113, 5, 20
MM, 113, 6, 10
MM, 112, 7, 31
MM, 112, 8, 10
MC, 1, 213
MM, 115, 6, 60
MM, 122, 2, 10
MM, 4, 29, 10
MM, 33, 6, 21
MM, 559, 577, 9
MM, 565, 573, 10
MM, 568, 570, 11
MM, 16, 30, 10
MM, 19, 29, 10
MM, 25, 29, 10
MM, 29, 27, 11
MM, 31, 27, 9
MM, 35, 26, 10
MM, 592, 561, 11
MM, 595, 560, 10
MM, 2, 18, 10
MM, 8, 12, 10
MM, 10, 10, 10
MM, 13, 9, 10
MM, 15, 7, 11
MM, 17, 5, 10
MM, 19, 4, 10
MM, 23, 2, 10
MM, 24, 1, 10
MM, 627, 537, 10
MM, 630, 535, 10
MM, 632, 533, 10
MM, 638, 532, 10
MM, 642, 529, 10
MM, 2, 24, 11
MM, 6, 20, 10
MM, 12, 20, 10
MM, 15, 18, 10
MM, 18, 18, 10
MM, 18, 15, 10
MM, 19, 15, 10
MM, 20, 15, 82
MM, 20, 14, 31
MC, 1, 182
MM, 18, 14, 29
MM, 15, 14, 10
MM, 11, 14, 11
MM, 5, 14, 10
MM, 639, 517, 10
MM, 21, 20, 10
MM, 12, 21, 10
MM, 3, 23, 11
MM, 604, 525, 9
MM, 33, 24, 11
MM, 24, 24, 10
MM, 15, 28, 10
MM, 7, 28, 10
MM, 563, 530, 10
MM, 32, 29, 10
MM, 26, 29, 11
MM, 22, 29, 9
MM, 19, 29, 10
MM, 18, 29, 11
MM, 17, 29, 10
MM, 12, 30, 20
MM, 11, 30, 21
MM, 10, 30, 10
MM, 9, 30, 40
MM, 8, 30, 11
MM, 7, 30, 10
MM, 6, 30, 20
MM, 5, 30, 9
MM, 4, 30, 62
MM, 526, 533, 9
MM, 524, 534, 11
MM, 521, 536, 20
MM, 519, 537, 20
MM, 519, 538, 10
MM, 517, 538, 10
MM, 5, 1, 20
MM, 1, 2, 11
MM, 0, 3, 10
MM, 509, 543, 10
MM, 506, 543, 10
MM, 505, 543, 10
MM, 505, 544, 10
MM, 33, 6, 10
MM, 32, 6, 21
MM, 30, 6, 10
MM, 29, 7, 10
MM, 27, 7, 21
MM, 26, 7, 10
MM, 26, 8, 30
MM, 25, 8, 61
MC, 1, 193
MM, 25, 9, 70
MM, 25, 10, 10
MM, 25, 12, 10
MM, 23, 14, 11
MM, 22, 16, 10
MM, 21, 23, 10
MM, 19, 28, 10
MM, 487, 570, 10
MM, 486, 574, 10
MM, 11, 1, 10
MM, 9, 3, 10
MM, 8, 5, 10
MM, 6, 10, 11
MM, 5, 13, 10
MM, 4, 16, 10
MM, 4, 19, 10
MM, 3, 21, 10
MM, 3, 24, 11
MM, 0, 27, 20
MM, 0, 30, 20
MM, 474, 608, 10
MM, 474, 609, 10
MM, 474, 610, 10
MM, 474, 612, 11
MM, 473, 612, 10
MM, 82, 0, 10
MM, 82, 2, 10
MM, 82, 4, 10
MM, 81, 6, 21
MM, 81, 7, 9
MM, 80, 10, 10
MM, 80, 11, 10
MM, 79, 13, 10
MM, 79, 14, 21
MC, 1, 252
MM, 78, 14, 214
MM, 77, 12, 10
MM, 76, 8, 10
MM, 70, 3, 10
MM, 453, 611, 10
MM, 11, 30, 10
MM, 3, 23, 11
MM, 34, 9, 10
MM, 26, 0, 10
MM, 17, 20, 10
MM, 9, 13, 9
MM, 0, 6, 21
MM, 383, 543, 10
MM, 381, 541, 10
MM, 33, 0, 10
MM, 32, 0, 10
MM, 373, 536, 10
MM, 372, 536, 10
MM, 371, 536, 11
MM, 370, 536, 10
MM, 370, 535, 40
MM, 369, 535, 41
MM, 368, 535, 20
MM, 367, 535, 52
MM, 367, 536, 20
MM, 367, 537, 20
MM, 367, 538, 10
MM, 23, 0, 30
MM, 24, 2, 20
MM, 28, 4, 11
MM, 30, 5, 10
MM, 31, 5, 10
MM, 32, 6, 10
MM, 379, 545, 10
MM, 380, 545, 20
MM, 383, 546, 10
MM, 384, 546, 11
MM, 0, 7, 9
MM, 1, 7, 10
MM, 2, 7, 21
MM, 3, 7, 10
MM, 4, 7, 10
MM, 5, 7, 10
MM, 6, 7, 10
MM, 7, 7, 10
MM, 8, 7, 11
MM, 10, 7, 10
MM, 11, 7, 10
MM, 13, 8, 10
MM, 15, 8, 11
MM, 15, 10, 10
MM, 16, 10, 9
MC, 1, 264
MM, 17, 9, 30
MM, 18, 7, 10
MM, 19, 5, 10
MM, 20, 1, 10
MM, 409, 534, 10
MM, 14, 27, 11
MM, 15, 25, 10
MM, 15, 22, 10
MM, 17, 20, 10
MM, 18, 18, 10
MM, 18, 16, 20
MM, 18, 15, 11
MC, 1, 314
MM, 19, 15, 19
MM, 22, 15, 10
MM, 25, 14, 11
MM, 30, 13, 10
MM, 438, 515, 10
MM, 14, 9, 10
MM, 34, 9, 10
MM, 12, 4, 10
MM, 7, 4, 11
MM, 28, 4, 10
MM, 12, 4, 10
MM, 29, 2, 10
MM, 604, 503, 10
MM, 614, 500, 11
MM, 619, 499, 10
MM, 626, 498, 10
MM, 637, 498, 10
MM, 645, 496, 10
MM, 11, 26, 10
MM, 16, 26, 10
MM, 23, 24, 10
MM, 27, 24, 10
MM, 32, 24, 11
MM, 680, 489, 10
MM, 683, 489, 10
MM, 5, 26, 10
MM, 7, 27, 10
MM, 10, 28, 10
MM, 14, 28, 10
MM, 19, 28, 10
MM, 710, 498, 10
MM, 712, 500, 20
MM, 714, 501, 11
MM, 28, 0, 20
MM, 29, 1, 10
MM, 30, 2, 10
MM, 31, 2, 10
MM, 33, 3, 10
MM, 34, 3, 10
MM, 34, 4, 10
MM, 35, 4, 11
MM, 35, 6, 152
MM, 33, 6, 10
MM, 31, 7, 31
MM, 31, 8, 9
MM, 30, 8, 11
MM, 29, 8, 9
MM, 28, 8, 21
MC, 1, 528
MM, 18, 8, 69
MM, 8, 8, 10
MM, 0, 7, 11
MM, 24, 5, 9
MM, 12, 5, 11
MM, 3, 7, 11
MM, 26, 9, 10
MM, 2, 12, 10
MM, 34, 16, 9
MM, 15, 24, 11
MM, 555, 534, 10
MM, 17, 1, 9
MM, 34, 7, 11
MM, 7, 12, 10
MM, 29, 18, 10
MM, 13, 21, 10
MM, 33, 26, 10
MM, 13, 30, 20
MM, 6, 30, 10
MM, 378, 572, 21
MM, 371, 572, 10
MM, 364, 571, 10
MM, 359, 570, 10
MM, 356, 570, 11
MM, 353, 570, 9
MM, 349, 571, 11
MM, 347, 573, 10
MM, 346, 573, 10
MM, 345, 573, 10
MM, 344, 571, 30
MM, 343, 569, 10
MM, 342, 567, 10
MM, 342, 565, 21
MM, 342, 564, 10
MM, 342, 563, 10
MM, 343, 563, 183
MM, 1, 24, 10
MM, 3, 24, 10
MM, 5, 24, 11
MM, 7, 24, 10
MM, 8, 24, 10
MM, 10, 24, 10
MM, 12, 24, 10
MM, 12, 23, 60
MM, 13, 23, 71
MM, 13, 22, 31
MM, 13, 21, 132
MM, 13, 20, 91
MC, 1, 31
MM, 14, 20, 9
MM, 16, 18, 10
MM, 17, 18, 10
MM, 19, 15, 10
MM, 25, 12, 10
MM, 30, 9, 10
MM, 33, 9, 10
MM, 382, 546, 10
MM, 1, 6, 10
MM, 10, 5, 10
MM, 18, 5, 11
MM, 23, 4, 10
MM, 29, 4, 10
MM, 421, 542, 10
MM, 423, 542, 10
MM, 424, 542, 10
MM, 425, 541, 10
MM, 426, 541, 11
MM, 0, 1, 10
MM, 2, 1, 21
MM, 3, 1, 9
MM, 4, 1, 21
MM, 4, 0, 10
MM, 5, 0, 61
MM, 432, 538, 10
MM, 437, 534, 60
MM, 437, 533, 11
MM, 438, 533, 10
MM, 0, 30, 10
MM, 1, 29, 12
MM, 3, 25, 8
MM, 4, 25, 10
MM, 5, 24, 10
MM, 5, 23, 10
MM, 7, 22, 10
MM, 7, 21, 11
MM, 8, 21, 20
MM, 9, 21, 20
MM, 9, 20, 10
MM, 10, 20, 10
MM, 11, 19, 11
MM, 12, 18, 10
MM, 13, 18, 9
MM, 13, 17, 11
MM, 13, 16, 31
MC, 1, 233
MM, 12, 16, 30
MM, 7, 17, 10
MM, 2, 19, 10
MM, 435, 524, 10
MM, 433, 525, 10
MM, 27, 26, 20
MM, 25, 28, 10
MM, 21, 30, 10
MM, 414, 533, 10
MM, 411, 535, 21
MM, 409, 536, 10
MM, 408, 537, 10
MM, 407, 537, 11
MM, 405, 538, 20
MM, 402, 538, 10
MM, 12, 0, 10
MM, 10, 1, 10
MM, 8, 2, 11
MM, 5, 3, 10
MM, 3, 3, 10
MM, 1, 4, 10
MM, 384, 544, 10
MM, 383, 545, 10
MM, 380, 545, 10
MM, 33, 9, 10
MM, 30, 10, 10
MM, 27, 11, 11
MM, 24, 11, 10
MM, 23, 12, 10
MM, 20, 13, 10
MM, 19, 13, 20
MM, 17, 14, 10
MM, 16, 14, 10
MM, 15, 14, 10
MM, 14, 14, 10
MM, 14, 15, 21
MC, 1, 203
MM, 16, 15, 20
MM, 19, 15, 10
MM, 26, 14, 10
MM, 382, 551, 10
MM, 15, 8, 10
MM, 421, 543, 11
MM, 439, 533, 10
MM, 12, 25, 10
MM, 19, 22, 10
MM, 36, 13, 10
MM, 5, 12, 10
MM, 15, 10, 10
MM, 30, 7, 20
MM, 520, 505, 11
MM, 7, 1, 10
MM, 12, 1, 10
MM, 16, 1, 10
MM, 19, 0, 10
MM, 542, 501, 41
MM, 541, 501, 142
MM, 540, 501, 10
MM, 16, 1, 10
MM, 13, 1, 10
MM, 9, 2, 10
MM, 4, 7, 10
MM, 522, 512, 10
MM, 32, 15, 20
MM, 28, 17, 11
MM, 27, 17, 10
MM, 26, 18, 10
MM, 25, 18, 10
MM, 25, 19, 10
MM, 24, 19, 10
MM, 23, 19, 41
MM, 22, 19, 10
MM, 21, 20, 20
MM, 20, 20, 10
MM, 19, 20, 12
MM, 18, 20, 18
MC, 1, 233
MM, 19, 20, 10
MM, 21, 20, 20
MM, 23, 20, 10
MM, 26, 20, 10
MM, 31, 18, 11
MM, 519, 519, 10
MM, 6, 17, 11
MM, 20, 15, 10
MM, 32, 13, 9
MM, 563, 514, 10
MM, 7, 10, 10
MM, 18, 8, 10
MM, 29, 8, 11
MM, 33, 8, 10
MM, 35, 8, 10
MM, 602, 510, 10
MM, 605, 511, 11
MM, 3, 9, 19
MM, 4, 9, 10
MM, 7, 10, 10
MM, 8, 11, 11
MM, 3, 10, 10
MM, 4, 10, 303
MM, 5, 10, 21
MM, 6, 10, 10
MM, 7, 10, 11
MM, 9, 10, 9
MM, 10, 10, 21
MM, 12, 11, 30
MC, 1, 254
MM, 13, 11, 40
MM, 14, 11, 10
MM, 16, 11, 10
MM, 17, 11, 10
MM, 19, 13, 11
MM, 21, 13, 10
MM, 23, 13, 10
MM, 25, 13, 10
MM, 27, 13, 10
MM, 30, 13, 10
MM, 638, 515, 10
MM, 639, 517, 10
MM, 640, 517, 11
MM, 641, 517, 60
MM, 642, 517, 50
MM, 643, 517, 11
MM, 0, 15, 21
MM, 1, 15, 50
MM, 2, 15, 20
MM, 3, 15, 11
MM, 4, 15, 9
MM, 5, 15, 10
MM, 5, 14, 10
MM, 6, 14, 10
MM, 7, 14, 41
MM, 8, 14, 10
MM, 9, 14, 21
MM, 10, 14, 9
MC, 1, 193
MM, 9, 14, 71
MM, 7, 16, 10
MM, 1, 19, 11
MM, 642, 523, 9
MM, 29, 29, 20
MM, 632, 534, 10
MM, 625, 537, 10
MM, 25, 0, 10
MM, 22, 2, 10
MM, 18, 3, 11
MM, 15, 5, 11
MM, 13, 7, 10
MM, 8, 10, 10
MM, 5, 13, 10
MM, 0, 14, 9
MM, 594, 557, 11
MM, 35, 21, 10
MM, 28, 24, 10
MM, 21, 28, 11
MM, 19, 29, 10
MM, 18, 29, 10
MM, 16, 29, 10
MM, 14, 29, 10
MM, 567, 570, 10
MM, 566, 570, 10
MM, 564, 572, 10
MM, 562, 572, 10
MM, 561, 572, 10
MM, 560, 572, 10
MM, 558, 573, 11
MM, 556, 573, 20
MM, 555, 573, 10
MM, 554, 574, 10
MM, 552, 575, 20
MM, 550, 575, 10
MM, 32, 0, 10
MM, 31, 0, 10
MM, 30, 0, 11
MM, 29, 0, 21
MM, 28, 1, 9
MM, 27, 1, 10
MM, 26, 1, 10
MM, 24, 3, 11
MM, 22, 4, 10
MM, 22, 5, 10
MM, 21, 5, 10
MM, 21, 6, 31
MM, 20, 6, 20
MM, 19, 7, 10
MM, 19, 8, 82
MC, 1, 131
MM, 17, 8, 71
MM, 13, 8, 9
MM, 10, 9, 11
MM, 7, 9, 9
MM, 3, 11, 11
MM, 513, 592, 10
MM, 34, 18, 10
MM, 30, 22, 10
MM, 27, 22, 11
MM, 24, 23, 9
MM, 22, 24, 10
MM, 19, 26, 10
MM, 17, 26, 10
MM, 15, 28, 11
MM, 11, 29, 10
MM, 7, 30, 10
MM, 481, 608, 10
MM, 478, 610, 10
MM, 476, 610, 10
MM, 83, 0, 11
MM, 81, 3, 10
MM, 80, 4, 10
MM, 79, 5, 10
MM, 77, 6, 11
MM, 75, 9, 20
MM, 74, 10, 10
MM, 73, 11, 10
MM, 73, 12, 10
MM, 72, 15, 10
MM, 71, 16, 10
MC, 1, 284
MM, 71, 15, 141
MM, 72, 12, 10
MM, 74, 9, 10
MM, 75, 6, 11
MM, 76, 2, 10
MM, 468, 612, 10
MM, 469, 609, 10
MM, 470, 606, 10
MM, 470, 602, 10
MM, 471, 600, 10
MM, 472, 594, 11
MM, 473, 588, 10
MM, 473, 587, 10
MM, 473, 585, 10
MM, 474, 582, 10
MM, 0, 3, 10
MM, 1, 0, 11
MM, 476, 574, 9
MM, 479, 570, 10
MM, 10, 29, 10
MM, 11, 26, 11
MM, 11, 25, 10
MM, 11, 24, 10
MM, 11, 21, 10
MM, 11, 19, 10
MM, 11, 18, 10
MM, 11, 17, 21
MM, 11, 16, 10
MM, 12, 15, 10
MM, 13, 15, 21
MM, 13, 13, 10
MM, 13, 12, 20
MM, 15, 10, 20
MM, 15, 8, 10
MM, 17, 7, 10
MM, 18, 5, 10
MM, 19, 4, 10
MM, 20, 0, 20
MM, 492, 537, 10
MM, 493, 536, 10
MM, 493, 534, 12
MM, 494, 533, 20
MM, 12, 30, 10
MM, 13, 29, 10
MM, 13, 28, 10
MM, 13, 27, 10
MM, 13, 26, 11
MM, 13, 25, 10
MM, 13, 24, 10
MM, 13, 22, 30
MM, 13, 21, 20
MM, 13, 20, 182
MC, 1, 164
MM, 14, 20, 59
MM, 15, 20, 20
MM, 17, 20, 10
MM, 18, 20, 10
MM, 20, 21, 11
MM, 23, 21, 10
MM, 25, 25, 10
MM, 31, 28, 10
MM, 33, 28, 10
MM, 519, 534, 10
MM, 523, 535, 10
MM, 526, 536, 10
MM, 528, 537, 10
MM, 21, 1, 10
MM, 24, 2, 11
MM, 25, 4, 10
MM, 27, 4, 10
MM, 30, 4, 10
MM, 32, 4, 11
MM, 33, 4, 9
MM, 548, 544, 10
MM, 550, 546, 10
MM, 552, 546, 11
MM, 1, 9, 10
MM, 2, 9, 10
MM, 3, 9, 10
MM, 4, 10, 10
MM, 5, 10, 10
MM, 6, 11, 11
MM, 10, 12, 40
MM, 12, 12, 10
MM, 14, 12, 11
MM, 15, 13, 20
MM, 16, 13, 10
MM, 17, 13, 10
MM, 18, 13, 10
MM, 19, 13, 21
MM, 20, 13, 10
MM, 21, 13, 20
MC, 1, 243
MM, 23, 11, 61
MM, 24, 11, 10
MM, 28, 9, 10
MM, 32, 7, 10
MM, 592, 544, 10
MM, 595, 543, 10
MM, 1, 4, 10
MM, 4, 2, 10
MM, 6, 2, 11
MM, 14, 1, 30
MM, 16, 0, 10
MM, 615, 538, 10
MM, 617, 538, 10
MM, 618, 538, 10
MM, 620, 537, 10
MM, 621, 535, 10
MM, 622, 535, 10
MM, 623, 535, 11
MM, 625, 533, 10
MM, 626, 533, 10
MM, 21, 29, 11
MM, 22, 29, 10
MM, 23, 29, 9
MM, 25, 29, 10
MM, 26, 26, 11
MM, 27, 26, 10
MM, 30, 26, 10
MM, 639, 528, 10
MM, 640, 528, 10
MM, 641, 526, 10
MM, 643, 526, 10
MM, 0, 23, 10
MM, 2, 22, 10
MM, 3, 21, 11
MM, 4, 21, 10
MM, 5, 20, 11
MM, 7, 19, 9
MM, 7, 18, 11
MM, 9, 17, 10
MM, 9, 16, 10
MM, 10, 16, 10
MM, 11, 15, 10
MM, 12, 15, 10
MM, 13, 15, 81
MM, 13, 14, 10
MC, 1, 193
MM, 12, 14, 81
MM, 10, 14, 10
MM, 9, 14, 21
MM, 8, 14, 9
MM, 7, 14, 10
MM, 5, 14, 10
MM, 3, 14, 10
MM, 0, 14, 10
MM, 639, 516, 11
MM, 30, 14, 10
MM, 29, 14, 10
MM, 28, 14, 20
MM, 26, 14, 31
MM, 23, 14, 10
MM, 20, 14, 10
MM, 17, 14, 10
MM, 16, 14, 10
MM, 15, 14, 10
MM, 14, 14, 11
MM, 13, 14, 10
MM, 12, 14, 10
MM, 11, 14, 10
MM, 9, 14, 10
MM, 8, 14, 10
MM, 7, 14, 10
MM, 5, 14, 10
MM, 4, 14, 10
MM, 2, 14, 11
MM, 1, 14, 9
MM, 606, 516, 10
MM, 604, 516, 11
MM, 602, 516, 10
MM, 36, 14, 9
MM, 35, 14, 11
MM, 33, 14, 11
MM, 32, 14, 10
MM, 31, 14, 20
MM, 30, 14, 10
MM, 29, 14, 20
MM, 27, 14, 10
MM, 26, 14, 21
MM, 24, 14, 10
MM, 23, 14, 19
MM, 22, 14, 31
MM, 21, 14, 11
MM, 20, 14, 30
MC, 1, 132
MM, 17, 14, 71
MM, 14, 14, 10
MM, 10, 15, 9
MM, 4, 18, 11
MM, 560, 523, 10
MM, 28, 27, 10
MM, 545, 533, 10
MM, 540, 535, 10
MM, 23, 1, 10
MM, 12, 8, 10
MM, 7, 11, 10
MM, 2, 13, 11
MM, 509, 554, 10
MM, 506, 556, 10
MM, 33, 18, 10
MM, 30, 18, 10
MM, 27, 18, 11
MM, 23, 20, 10
MM, 21, 21, 10
MM, 20, 21, 10
MM, 18, 21, 10
MM, 16, 23, 10
MM, 15, 23, 10
MM, 14, 24, 10
MM, 13, 24, 20
MM, 12, 24, 10
MM, 13, 24, 72
MM, 14, 24, 30
MM, 16, 24, 10
MM, 19, 24, 10
MM, 20, 24, 10
MM, 21, 24, 10
MM, 23, 23, 10
MM, 26, 23, 20
MM, 27, 23, 10
MM, 29, 22, 11
MM, 31, 22, 10
MM, 32, 22, 10
MM, 34, 22, 10
MM, 505, 561, 10
MM, 506, 561, 11
MM, 507, 561, 10
MM, 508, 559, 10
MM, 509, 559, 10
MM, 0, 19, 10
MM, 1, 18, 10
MM, 2, 18, 10
MM, 3, 18, 21
MM, 4, 18, 40
MM, 5, 18, 20
MM, 6, 18, 11
MM, 7, 18, 10
MM, 7, 17, 40
MM, 8, 17, 30
MM, 9, 17, 31
MM, 10, 17, 10
MM, 10, 16, 61
MM, 11, 16, 20
MM, 11, 15, 51
MC, 1, 102
MM, 12, 15, 39
MM, 14, 15, 10
MM, 16, 15, 10
MM, 19, 14, 11
MM, 26, 14, 10
MM, 30, 13, 10
MM, 33, 13, 10
MM, 35, 13, 10
MM, 548, 552, 11
MM, 550, 552, 10
MM, 552, 552, 10
MM, 2, 13, 10
MM, 5, 13, 10
MM, 6, 13, 10
MM, 8, 13, 10
MM, 10, 13, 10
MM, 11, 13, 11
MC, 1, 587
MM, 12, 13, 71
MM, 14, 13, 10
MM, 18, 15, 10
MM, 21, 16, 10
MM, 24, 19, 11
MM, 26, 21, 10
MM, 28, 23, 10
MM, 33, 25, 9
MM, 34, 25, 10
MM, 594, 567, 11
MM, 0, 29, 10
MM, 603, 571, 10
MM, 14, 3, 21
MM, 19, 5, 10
MM, 20, 6, 10
MM, 22, 6, 10
MM, 23, 7, 10
MM, 24, 7, 92
MM, 25, 7, 20
MM, 26, 7, 10
MM, 27, 8, 9
MM, 28, 8, 10
MM, 30, 9, 10
MM, 635, 586, 10
MM, 637, 587, 21
MM, 0, 13, 10
MM, 2, 16, 20
MM, 4, 17, 10
MM, 6, 17, 21
MM, 7, 17, 20
MM, 8, 17, 10
MM, 11, 17, 20
MM, 13, 17, 51
MM, 16, 17, 40
MM, 17, 18, 10
MC, 1, 354
MM, 18, 18, 568
MM, 21, 17, 10
MM, 26, 15, 10
MM, 671, 589, 10
MM, 674, 589, 11
MM, 677, 589, 10
MM, 684, 589, 10
MM, 692, 588, 10
MM, 705, 586, 10
MM, 719, 586, 10
MM, 743, 586, 11
MM, 779, 588, 10
MM, 816, 591, 10
MM, 852, 597, 10
MM, 883, 607, 10
MM, 898, 609, 10
MM, 916, 617, 10
MM, 925, 621, 10
MM, 930, 624, 10
MM, 935, 626, 10
MM, 936, 630, 10
MM, 939, 630, 11
MM, 940, 632, 10
MM, 941, 632, 10
MM, 941, 633, 10
MM, 942, 636, 11
MM, 941, 643, 10
MM, 940, 642, 455
MM, 938, 640, 10
MM, 936, 638, 10
MM, 934, 632, 10
MM, 932, 623, 11
MM, 929, 617, 10
MM, 924, 601, 10
MM, 921, 593, 10
MM, 919, 583, 11
MM, 916, 572, 10
MM, 914, 561, 10
MM, 911, 549, 10
MM, 908, 542, 10
MM, 907, 538, 10
MM, 904, 533, 10
MM, 902, 526, 10
MM, 898, 521, 11
MM, 893, 514, 10
MM, 891, 512, 10
MM, 888, 509, 10
MM, 884, 509, 10
MM, 879, 509, 10
MM, 869, 510, 10
MM, 859, 517, 10
MM, 852, 521, 11
MM, 846, 526, 10
MM, 840, 528, 10
MM, 836, 533, 10
MM, 833, 538, 10
MM, 833, 543, 10
MM, 831, 548, 10
MM, 830, 550, 11
MM, 828, 553, 10
MM, 827, 559, 10
MM, 826, 563, 10
MM, 826, 566, 10
MM, 826, 572, 10
MM, 827, 578, 10
MM, 830, 581, 11
MM, 835, 585, 9
MM, 844, 591, 11
MM, 857, 597, 20
MM, 865, 598, 10
MM, 877, 603, 10
MM, 885, 604, 10
MM, 892, 604, 10
MM, 900, 604, 10
MM, 910, 599, 10
MM, 919, 597, 11
MM, 925, 594, 10
MM, 931, 592, 9
MM, 936, 589, 11
MM, 939, 587, 10
MM, 941, 584, 10
MM, 942, 582, 10
MM, 946, 578, 10
MM, 951, 572, 10
MM, 954, 567, 10
MM, 954, 560, 11
MM, 954, 526, 51
MM, 953, 525, 10
MM, 951, 519, 10
MM, 947, 517, 10
MM, 942, 514, 10
MM, 939, 514, 10
MM, 933, 515, 10
MM, 919, 522, 10
MM, 894, 536, 11
MM, 859, 570, 50
MM, 854, 579, 10
MM, 851, 584, 10
MM, 850, 589, 10
MM, 850, 593, 10
MM, 850, 596, 10
MM, 849, 600, 11
MM, 849, 606, 10
MM, 849, 608, 10
MM, 852, 616, 10
MM, 854, 621, 10
MM, 856, 628, 11
MM, 858, 631, 10
MM, 860, 637, 10
MM, 864, 641, 10
MM, 864, 642, 10
MM, 866, 644, 10
MM, 866, 645, 10
MM, 868, 646, 10
MM, 869, 646, 11
MM, 870, 646, 10
MM, 872, 647, 20
MM, 873, 648, 10
MM, 874, 648, 10
MM, 32, 0, 20
MM, 33, 0, 10
MM, 35, 0, 10
MM, 36, 0, 10
MM, 37, 1, 11
MM, 38, 1, 20
MM, 39, 3, 20
MM, 39, 4, 112
MM, 39, 5, 20
MM, 40, 5, 20
MM, 40, 7, 10
MM, 40, 8, 20
MM, 40, 9, 51
MM, 40, 10, 21
MM, 40, 11, 20
MM, 39, 11, 4420
MM, 38, 11, 10
MM, 36, 8, 9
MM, 34, 7, 11
MM, 32, 4, 10
MM, 28, 0, 10
MM, 866, 647, 10
MM, 850, 640, 9
MM, 834, 630, 11
MM, 806, 606, 10
MM, 783, 595, 10
MM, 739, 561, 11
MM, 25, 4, 10
MM, 7, 12, 10
MM, 0, 21, 10
MM, 547, 453, 10
MM, 244, 79, 10
MM, 216, 67, 10
MM, 195, 57, 11
MM, 186, 53, 10
MM, 180, 49, 10
MM, 176, 47, 10
MM, 172, 43, 10
MM, 170, 41, 10
MM, 169, 41, 10
MM, 168, 41, 10
MM, 170, 41, 40
