********************************************************************************
LOGGING TIME: 20161112_122519
CLIENT IP: 10.117.7.42
USERNAME: Renu
OS: Windows 10
**********************************Emotional database********************************************************************************
MM, 26, 5, 1477468751391
MM, 24, 28, 12
MM, 194, 86, 11
MM, 162, 37, 11
MM, 141, 7, 12
MM, 376, 335, 12
MM, 359, 317, 11
MM, 348, 311, 12
MM, 80, 79, 11
MM, 77, 79, 12
MM, 79, 79, 46900
MM, 84, 77, 10
MM, 97, 77, 12
MM, 107, 77, 11
MM, 118, 79, 12
MM, 131, 80, 11
MM, 425, 317, 12
MM, 442, 330, 11
MM, 460, 348, 12
MM, 213, 7, 11
MM, 224, 17, 11
MM, 237, 37, 12
MM, 244, 48, 12
MM, 252, 64, 11
MM, 259, 77, 11
MM, 263, 83, 13
MM, 530, 447, 11
MM, 530, 456, 27
MM, 529, 459, 7
MM, 528, 460, 11
MM, 526, 461, 12
MM, 524, 461, 12
MM, 520, 461, 10
MM, 511, 461, 13
MM, 484, 464, 11
MM, 453, 460, 11
MM, 425, 450, 12
MM, 122, 74, 11
MM, 88, 58, 12
MM, 61, 43, 11
MM, 45, 34, 11
MM, 27, 16, 12
MM, 21, 12, 12
MM, 16, 9, 11
MM, 12, 7, 22
MM, 8, 6, 24
MM, 7, 5, 23
MM, 6, 5, 23
MM, 8, 8, 45
MM, 10, 14, 12
MM, 14, 20, 12
MM, 18, 25, 11
MM, 28, 32, 12
MM, 36, 36, 11
MM, 47, 41, 11
MM, 63, 56, 12
MM, 74, 64, 11
MM, 82, 69, 12
MM, 100, 82, 11
MM, 110, 86, 12
MM, 118, 89, 11
MM, 390, 448, 12
MM, 396, 450, 11
MM, 400, 455, 11
MM, 9, 6, 12
MM, 9, 8, 229
MM, 9, 16, 12
MM, 9, 18, 68
MM, 12, 25, 12
MM, 13, 30, 12
MM, 412, 534, 10
MM, 413, 536, 12
MM, 415, 536, 12
MM, 418, 538, 11
MM, 419, 538, 11
MM, 35, 1, 12
MM, 422, 543, 11
MM, 425, 546, 12
MM, 425, 548, 11
MM, 426, 549, 13
MM, 0, 11, 10
MM, 1, 11, 35
MM, 3, 11, 12
MM, 6, 11, 11
MM, 12, 12, 11
MM, 14, 12, 11
MM, 16, 12, 13
MM, 17, 12, 11
MM, 19, 12, 11
MM, 21, 12, 23
MM, 22, 12, 11
MM, 25, 12, 12
MM, 30, 10, 11
MM, 33, 10, 12
MM, 36, 10, 12
MM, 465, 549, 11
MM, 468, 549, 12
MM, 469, 548, 10
MM, 1, 9, 13
MM, 2, 9, 23
MM, 3, 9, 22
MM, 4, 8, 23
MM, 5, 8, 23
MM, 6, 8, 23
MM, 7, 8, 57
MM, 8, 8, 12
MM, 9, 8, 34
MM, 10, 8, 11
MM, 1, 10, 184
MM, 464, 549, 12
MM, 26, 7, 11
MM, 6, 2, 11
MM, 35, 2, 12
MM, 17, 2, 12
MM, 380, 541, 11
MM, 25, 2, 11
MM, 14, 6, 11
MM, 7, 7, 12
MM, 1, 10, 12
MM, 343, 550, 12
MM, 339, 550, 11
MM, 56, 12, 11
MM, 52, 12, 12
MM, 51, 12, 57
MM, 51, 11, 11
MM, 52, 11, 138
MM, 338, 552, 11
MM, 26, 25, 69
MM, 28, 24, 229
MM, 27, 23, 230
MM, 26, 23, 11
MM, 25, 23, 34
MM, 23, 22, 24
MM, 23, 21, 22
MM, 22, 21, 12
MM, 22, 20, 11
MM, 21, 20, 24
MM, 21, 18, 11
MM, 20, 18, 12
MM, 19, 17, 11
MM, 19, 16, 22
MM, 19, 15, 24
MM, 18, 15, 22
MC, 1, 139
MM, 21, 15, 22
MM, 32, 16, 12
MM, 4, 16, 11
MM, 15, 16, 11
MM, 33, 21, 12
MM, 4, 24, 12
MM, 15, 27, 11
MM, 24, 27, 11
MM, 463, 570, 11
MM, 473, 571, 12
MM, 480, 573, 11
MM, 488, 574, 12
MM, 491, 574, 12
MM, 493, 574, 11
MM, 494, 574, 12
MM, 495, 574, 11
MM, 496, 574, 11
MM, 498, 574, 11
MM, 499, 574, 12
MM, 501, 574, 12
MM, 504, 574, 22
MM, 506, 574, 12
MM, 509, 574, 12
MM, 510, 574, 11
MM, 515, 574, 23
MM, 519, 574, 11
MM, 521, 574, 12
MM, 526, 574, 11
MM, 16, 0, 12
MM, 22, 1, 11
MM, 26, 2, 12
MM, 29, 2, 11
MM, 32, 2, 12
MM, 35, 2, 11
MM, 554, 578, 11
MM, 558, 579, 12
MM, 2, 3, 11
MM, 5, 3, 12
MM, 6, 3, 12
MM, 7, 3, 11
MM, 8, 3, 218
MM, 9, 4, 23
MM, 9, 5, 11
MM, 9, 6, 11
MM, 11, 7, 23
MC, 1, 184
MM, 16, 6, 114
MM, 36, 29, 12
MM, 3, 21, 11
MM, 13, 6, 12
MM, 24, 2, 11
MM, 627, 536, 12
MM, 632, 533, 11
MM, 27, 25, 12
MM, 29, 21, 11
MM, 640, 518, 12
MM, 642, 497, 92
MM, 637, 499, 172
MM, 25, 2, 11
MM, 23, 4, 11
MM, 22, 5, 11
MM, 21, 6, 13
MM, 20, 7, 11
MM, 19, 8, 11
MM, 19, 9, 34
MM, 17, 9, 70
MM, 16, 11, 22
MM, 15, 12, 11
MM, 14, 12, 12
MM, 14, 13, 11
MC, 1, 185
MM, 15, 15, 10
MM, 26, 0, 81
MM, 28, 4, 11
MM, 33, 6, 12
MM, 673, 548, 11
MM, 675, 548, 12
MM, 677, 550, 11
MM, 678, 550, 12
MM, 1, 11, 11
MM, 4, 11, 11
MM, 6, 12, 24
MM, 7, 13, 11
MM, 8, 13, 23
MM, 9, 13, 23
MM, 9, 14, 11
MM, 10, 14, 11
MM, 11, 14, 24
MM, 12, 14, 80
MM, 11, 14, 126
MM, 31, 14, 34
MM, 15, 14, 13
MM, 632, 553, 10
MM, 16, 13, 11
MM, 2, 10, 12
MM, 30, 7, 12
MM, 21, 5, 11
MM, 15, 5, 11
MM, 10, 2, 12
MM, 7, 1, 12
MM, 7, 0, 11
MM, 559, 538, 12
MM, 557, 538, 11
MM, 556, 538, 23
MM, 555, 537, 11
MM, 554, 536, 12
MM, 554, 535, 11
MM, 552, 534, 12
MM, 29, 30, 11
MM, 24, 26, 12
MM, 23, 26, 11
MM, 23, 23, 12
MM, 22, 21, 11
MM, 21, 20, 24
MM, 20, 20, 11
MM, 20, 19, 22
MM, 19, 19, 35
MM, 19, 18, 12
MM, 18, 17, 11
MM, 17, 16, 12
MM, 16, 14, 22
MM, 15, 14, 12
MM, 14, 13, 12
MC, 1, 138
MM, 14, 14, 10
MM, 14, 16, 12
MM, 11, 26, 12
MM, 18, 1, 11
MM, 8, 20, 11
MM, 512, 576, 12
MM, 31, 11, 11
MM, 22, 30, 11
MM, 106, 5, 11
MM, 104, 11, 13
MM, 103, 16, 11
MM, 102, 18, 11
MM, 101, 18, 23
MM, 100, 18, 287
MM, 98, 13, 57
MM, 96, 9, 12
MM, 479, 609, 11
MM, 1, 23, 11
MM, 470, 585, 12
MM, 465, 575, 12
MM, 34, 21, 11
MM, 32, 11, 11
MM, 30, 8, 12
MM, 11, 29, 46
MM, 11, 28, 46
MM, 10, 26, 11
MM, 10, 25, 172
MM, 10, 24, 12
MM, 10, 23, 11
MM, 10, 22, 23
MM, 10, 21, 11
MM, 10, 20, 23
MM, 10, 19, 23
MC, 1, 159
MM, 8, 18, 186
MM, 6, 18, 10
MM, 4, 18, 13
MM, 2, 18, 11
MM, 438, 518, 11
MM, 437, 518, 11
MM, 435, 517, 12
MM, 433, 517, 12
MM, 34, 15, 11
MM, 33, 15, 12
MM, 32, 15, 22
MM, 30, 15, 12
MM, 29, 15, 11
MM, 28, 15, 23
MM, 27, 15, 12
MM, 26, 15, 23
MM, 25, 15, 34
MM, 24, 15, 35
MM, 23, 15, 11
MM, 23, 14, 12
MM, 22, 14, 11
MM, 30, 14, 126
MM, 438, 516, 12
MM, 12, 11, 11
MM, 31, 13, 11
MM, 7, 10, 12
MM, 17, 10, 12
MM, 26, 10, 11
MM, 517, 515, 11
MM, 4, 15, 12
MM, 8, 16, 11
MM, 15, 16, 12
MM, 21, 16, 11
MM, 24, 16, 12
MM, 27, 17, 11
MM, 33, 21, 12
MM, 558, 523, 11
MM, 561, 523, 12
MM, 0, 21, 11
MM, 4, 21, 12
MM, 7, 21, 11
MM, 10, 20, 11
MM, 16, 18, 11
MM, 18, 18, 12
MM, 21, 16, 12
MM, 25, 15, 11
MM, 26, 15, 12
MM, 27, 15, 11
MM, 30, 15, 11
MM, 31, 15, 12
MM, 31, 14, 116
MM, 30, 14, 68
MM, 29, 14, 45
MM, 28, 14, 13
MM, 25, 14, 22
MM, 24, 14, 11
MM, 23, 14, 12
MM, 21, 15, 11
MM, 19, 17, 12
MM, 16, 19, 11
MM, 14, 21, 11
MM, 13, 22, 12
MM, 12, 24, 11
MM, 8, 30, 13
MM, 569, 536, 11
MM, 13, 1, 11
MM, 12, 4, 11
MM, 11, 8, 12
MM, 9, 10, 12
MM, 8, 14, 11
MM, 5, 20, 12
MM, 3, 22, 11
MM, 2, 24, 11
MM, 0, 27, 12
MM, 553, 567, 12
MM, 552, 568, 10
MM, 552, 569, 12
MM, 550, 572, 11
MM, 549, 572, 12
MM, 30, 1, 13
MM, 28, 2, 10
MM, 28, 4, 11
MM, 27, 6, 11
MM, 25, 7, 12
MM, 25, 11, 12
MM, 24, 12, 11
MM, 23, 13, 11
MM, 22, 15, 13
MM, 21, 17, 10
MM, 20, 18, 12
MM, 19, 19, 11
MC, 1, 219
MM, 19, 18, 11
MM, 21, 16, 11
MM, 24, 14, 12
MM, 27, 11, 12
MM, 33, 6, 11
MM, 555, 577, 11
MM, 558, 574, 12
MM, 562, 572, 11
MM, 8, 27, 11
MM, 11, 26, 12
MM, 15, 23, 12
MM, 17, 22, 11
MM, 20, 19, 12
MM, 20, 17, 11
MM, 23, 16, 11
MM, 25, 14, 12
MM, 26, 12, 11
MM, 31, 8, 12
MM, 32, 5, 11
MM, 34, 4, 12
MM, 35, 4, 11
MM, 591, 540, 11
MM, 591, 539, 12
MM, 592, 539, 11
MM, 592, 538, 12
MM, 595, 536, 11
MM, 595, 535, 12
MM, 595, 534, 12
MM, 596, 533, 10
MM, 33, 30, 13
MM, 36, 28, 11
MM, 601, 528, 11
MM, 602, 528, 12
MM, 603, 527, 11
MM, 604, 526, 35
MM, 605, 526, 34
MM, 605, 525, 11
MM, 606, 524, 12
MM, 0, 22, 12
MM, 0, 21, 11
MM, 1, 21, 11
MM, 2, 21, 12
MM, 3, 20, 11
MM, 4, 19, 23
MM, 5, 18, 218
MM, 6, 18, 11
MM, 7, 17, 12
MM, 9, 17, 11
MM, 13, 15, 12
MM, 15, 14, 12
MM, 18, 14, 11
MM, 20, 14, 11
MM, 24, 13, 11
MM, 26, 13, 12
MM, 29, 13, 11
MM, 638, 515, 12
MM, 643, 515, 11
MM, 0, 13, 12
MM, 1, 13, 12
MM, 4, 13, 11
MM, 6, 13, 11
MM, 7, 13, 12
MM, 8, 13, 12
MM, 9, 13, 11
MM, 11, 13, 11
MM, 12, 13, 11
MM, 13, 13, 12
MM, 14, 13, 34
MC, 1, 185
MM, 13, 13, 45
MM, 10, 13, 12
MM, 6, 13, 11
MM, 643, 515, 12
MM, 28, 14, 11
MM, 17, 19, 11
MM, 7, 22, 11
MM, 30, 29, 12
MM, 22, 29, 11
MM, 18, 30, 12
MM, 577, 537, 11
MM, 572, 537, 11
MM, 13, 2, 12
MM, 5, 8, 12
MM, 0, 10, 12
MM, 549, 552, 11
MM, 33, 15, 11
MM, 29, 16, 11
MM, 27, 18, 12
MM, 22, 20, 11
MM, 16, 28, 12
MM, 524, 570, 11
MM, 522, 571, 12
MM, 521, 572, 11
MM, 520, 574, 12
MM, 519, 575, 12
MM, 2, 0, 11
MM, 2, 2, 12
MM, 2, 4, 34
MM, 2, 5, 22
MM, 2, 6, 12
MM, 2, 8, 11
MM, 2, 9, 12
MM, 3, 10, 11
MM, 4, 12, 23
MM, 5, 13, 23
MC, 1, 230
MM, 3, 13, 22
MM, 0, 12, 11
MM, 513, 585, 12
MM, 28, 6, 12
MM, 16, 4, 11
MM, 5, 0, 11
MM, 466, 572, 12
MM, 462, 570, 12
MM, 30, 30, 11
MM, 28, 29, 12
MM, 27, 29, 11
MM, 25, 29, 12
MM, 24, 29, 12
MM, 22, 29, 22
MM, 17, 27, 11
MM, 14, 27, 12
MM, 10, 27, 12
MM, 8, 27, 11
MM, 6, 27, 12
MM, 5, 26, 11
MM, 3, 25, 12
MM, 426, 563, 11
MM, 425, 562, 12
MM, 422, 560, 11
MM, 33, 18, 11
MM, 31, 18, 12
MM, 30, 18, 12
MM, 29, 18, 11
MM, 28, 18, 11
MM, 27, 18, 12
MM, 26, 18, 11
MM, 24, 18, 11
MM, 23, 18, 12
MM, 22, 18, 11
MM, 21, 18, 12
MM, 19, 18, 11
MM, 18, 18, 11
MM, 17, 18, 24
MM, 16, 17, 23
MM, 16, 19, 470
MM, 16, 22, 11
MM, 18, 26, 12
MM, 18, 28, 11
MM, 405, 570, 12
MM, 18, 0, 11
MM, 19, 3, 12
MM, 20, 6, 11
MM, 22, 11, 12
MM, 25, 17, 11
MM, 27, 22, 11
MM, 27, 25, 12
MM, 28, 26, 12
MM, 28, 29, 11
MM, 30, 30, 11
MM, 421, 609, 12
MM, 421, 610, 138
MM, 421, 611, 22
MM, 421, 612, 24
MM, 31, 0, 11
MM, 32, 2, 12
MM, 33, 3, 11
MM, 33, 4, 12
MM, 33, 5, 23
MM, 33, 6, 11
MM, 34, 7, 11
MM, 34, 8, 12
MM, 35, 9, 13
MM, 35, 10, 9
MM, 35, 11, 23
MC, 1, 162
MM, 34, 11, 10
MM, 32, 9, 12
MM, 30, 8, 11
MM, 22, 1, 12
MM, 406, 608, 11
MM, 8, 26, 12
MM, 0, 18, 12
MM, 385, 587, 10
MM, 32, 8, 12
MM, 31, 6, 12
MM, 29, 5, 11
MM, 29, 4, 12
MM, 27, 2, 11
MM, 25, 0, 23
MM, 373, 572, 11
MM, 372, 570, 35
MM, 371, 570, 23
MM, 26, 30, 12
MM, 25, 28, 22
MM, 24, 27, 12
MM, 23, 26, 12
MM, 22, 22, 10
MM, 21, 21, 12
MM, 19, 20, 12
MM, 18, 18, 11
MM, 17, 17, 12
MM, 16, 15, 10
MM, 15, 15, 12
MM, 15, 14, 23
MM, 21, 13, 161
MM, 27, 12, 11
MM, 381, 547, 11
MM, 4, 7, 12
MM, 12, 6, 12
MM, 19, 2, 11
MM, 25, 1, 11
MM, 28, 1, 12
MM, 30, 1, 23
MM, 416, 538, 11
MM, 34, 0, 12
MM, 421, 539, 11
MM, 422, 539, 12
MM, 423, 539, 11
MM, 425, 539, 12
MM, 426, 539, 12
MM, 0, 0, 10
MM, 2, 0, 12
MM, 431, 537, 11
MM, 433, 537, 12
MM, 434, 537, 11
MM, 436, 536, 12
MM, 438, 535, 12
MM, 439, 535, 11
MM, 440, 534, 11
MM, 3, 30, 12
MM, 7, 26, 11
MM, 9, 26, 12
MM, 11, 24, 12
MM, 12, 24, 22
MM, 12, 23, 23
MM, 12, 22, 23
MM, 12, 21, 218
MM, 2, 21, 34
MM, 435, 523, 11
MM, 30, 21, 13
MM, 25, 21, 11
MM, 21, 21, 11
MM, 17, 22, 12
MM, 13, 21, 11
MM, 11, 22, 12
MM, 10, 22, 11
MM, 9, 22, 11
MC, 1, 242
MM, 12, 25, 45
MM, 13, 29, 12
MM, 413, 534, 11
MM, 31, 2, 12
MM, 35, 9, 11
MM, 422, 553, 11
MM, 424, 557, 12
MM, 426, 563, 11
MM, 430, 572, 12
MM, 432, 577, 11
MM, 432, 588, 12
MM, 433, 595, 11
MM, 0, 23, 12
MM, 0, 26, 12
MM, 434, 608, 10
MM, 435, 609, 12
MM, 49, 3, 11
MM, 50, 8, 12
MM, 50, 10, 11
MM, 51, 13, 12
MM, 52, 14, 12
MM, 52, 15, 11
MM, 53, 18, 12
MM, 53, 19, 10
MM, 53, 20, 13
MM, 54, 21, 11
MM, 54, 22, 22
MM, 54, 23, 69
MM, 54, 24, 24
MM, 54, 21, 206
MM, 54, 20, 12
MM, 56, 17, 11
MM, 59, 11, 11
MM, 66, 0, 11
MM, 460, 610, 12
MM, 461, 609, 11
MM, 463, 607, 12
MM, 30, 30, 11
MM, 30, 29, 12
MM, 31, 29, 12
MM, 32, 27, 11
MM, 34, 26, 11
MM, 470, 600, 12
MM, 471, 599, 23
MM, 472, 598, 11
MM, 473, 597, 12
MM, 1, 20, 11
MM, 2, 19, 12
MM, 3, 17, 11
MM, 5, 17, 11
MM, 7, 15, 13
MM, 8, 15, 10
MM, 12, 13, 12
MM, 13, 12, 11
MM, 15, 10, 12
MM, 17, 10, 11
MM, 19, 9, 12
MM, 20, 9, 12
MM, 22, 6, 10
MM, 24, 5, 12
MM, 25, 3, 12
MM, 505, 573, 11
MM, 507, 572, 12
MM, 509, 570, 11
MM, 510, 569, 11
MM, 0, 28, 12
MM, 3, 28, 12
MM, 5, 25, 11
MM, 6, 25, 11
MM, 7, 25, 12
MM, 7, 24, 11
MM, 8, 24, 46
MM, 9, 24, 57
MM, 9, 23, 12
MM, 10, 23, 11
MM, 11, 22, 24
MM, 11, 21, 11
MM, 12, 21, 34
MM, 12, 20, 23
MM, 13, 20, 11
MC, 1, 162
MM, 13, 17, 951
MM, 13, 16, 12
MM, 13, 11, 11
MM, 13, 8, 11
MM, 13, 5, 12
MM, 12, 0, 11
MM, 519, 525, 11
MM, 27, 12, 11
MM, 497, 501, 13
MM, 6, 26, 11
MM, 474, 485, 11
MM, 29, 16, 12
MM, 18, 9, 12
MM, 12, 5, 11
MM, 1, 4, 11
MM, 430, 463, 12
MM, 424, 461, 12
MM, 420, 460, 11
MM, 415, 459, 12
MM, 409, 459, 10
MM, 405, 459, 12
MM, 400, 459, 12
MM, 394, 462, 11
MM, 389, 467, 12
MM, 386, 468, 11
MM, 385, 470, 11
MM, 34, 8, 12
MM, 34, 11, 11
MM, 32, 16, 11
MM, 32, 24, 12
MM, 26, 3, 11
MM, 26, 12, 12
MM, 27, 23, 11
MM, 383, 535, 12
MM, 2, 2, 11
MM, 8, 6, 12
MM, 13, 10, 11
MM, 16, 11, 11
MM, 25, 18, 12
MM, 29, 19, 11
MM, 34, 20, 12
MM, 423, 559, 11
MM, 1, 19, 12
MM, 16, 11, 11
MM, 23, 6, 14
MM, 32, 3, 9
MM, 466, 536, 11
MM, 30, 29, 12
MM, 32, 26, 12
MM, 36, 18, 12
MM, 476, 516, 11
MM, 476, 512, 12
MM, 476, 509, 11
MM, 476, 504, 12
MM, 476, 496, 10
MM, 34, 25, 12
MM, 32, 19, 11
MM, 28, 16, 12
MM, 26, 12, 11
MM, 23, 2, 12
MM, 22, 0, 11
MM, 459, 461, 12
MM, 458, 459, 12
MM, 458, 458, 11
MM, 456, 456, 11
MM, 456, 455, 12
MM, 455, 455, 34
MM, 455, 456, 103
MM, 455, 458, 12
MM, 453, 463, 12
MM, 14, 5, 11
MM, 12, 12, 11
MM, 11, 20, 12
MM, 446, 498, 11
MM, 7, 4, 12
MM, 7, 8, 11
MM, 7, 10, 12
MM, 7, 11, 11
MM, 7, 12, 12
MM, 7, 11, 401
MM, 8, 11, 183
MM, 9, 11, 23
MM, 9, 12, 35
MC, 1, 368
MM, 7, 12, 22
MM, 4, 12, 11
MM, 1, 12, 11
MM, 438, 514, 12
MM, 435, 514, 11
MM, 434, 514, 12
MM, 34, 12, 11
MM, 33, 12, 23
MM, 32, 12, 12
MM, 31, 12, 11
MM, 30, 12, 23
MM, 29, 12, 35
MM, 28, 12, 45
MM, 27, 12, 23
MM, 26, 12, 58
MM, 25, 12, 22
MM, 24, 12, 58
MC, 1, 46
MM, 23, 12, 11
MM, 21, 12, 11
MM, 18, 13, 12
MM, 16, 13, 12
MM, 14, 14, 12
MM, 12, 16, 11
MM, 10, 17, 11
MM, 8, 17, 12
MM, 6, 18, 11
MM, 5, 20, 12
MM, 2, 20, 11
MM, 0, 22, 12
MM, 393, 525, 12
MM, 37, 27, 10
MM, 35, 29, 12
MM, 386, 534, 12
MM, 384, 535, 11
MM, 383, 536, 11
MM, 381, 538, 12
MM, 381, 539, 12
MM, 381, 541, 11
MM, 34, 5, 22
MM, 33, 8, 12
MM, 31, 10, 12
MM, 30, 10, 11
MM, 29, 11, 12
MM, 28, 11, 11
MM, 27, 11, 11
MM, 26, 13, 12
MM, 24, 13, 11
MM, 23, 13, 23
MM, 21, 13, 23
MM, 20, 13, 23
MM, 24, 12, 183
MM, 28, 12, 12
MM, 383, 547, 11
MM, 9, 6, 12
MM, 19, 4, 12
MM, 29, 4, 11
MM, 423, 542, 11
MM, 4, 3, 12
MM, 10, 3, 11
MM, 14, 3, 12
MM, 21, 3, 11
MM, 26, 3, 12
MM, 30, 2, 11
MM, 36, 2, 11
MM, 467, 541, 13
MM, 469, 541, 10
MM, 1, 0, 12
MM, 2, 0, 12
MM, 4, 0, 11
MM, 5, 0, 11
MM, 6, 0, 12
MM, 8, 0, 12
MM, 479, 538, 22
MM, 480, 538, 11
MM, 481, 538, 35
MM, 481, 537, 11
MM, 481, 536, 13
MM, 482, 533, 11
MM, 2, 28, 11
MM, 3, 25, 12
MM, 4, 25, 12
MM, 4, 24, 10
MM, 4, 23, 12
MM, 5, 23, 11
MM, 5, 22, 12
MM, 6, 22, 12
MM, 7, 21, 11
MM, 8, 20, 11
MM, 9, 19, 11
MM, 10, 17, 24
MM, 11, 17, 11
MM, 11, 16, 35
MM, 12, 16, 11
MM, 12, 15, 23
MC, 1, 138
MM, 11, 15, 34
MM, 8, 22, 11
MM, 4, 29, 12
MM, 11, 0, 12
MM, 6, 10, 10
MM, 3, 16, 12
MM, 0, 23, 12
MM, 467, 571, 11
MM, 33, 8, 12
MM, 32, 15, 11
MM, 30, 17, 11
MM, 30, 19, 12
MM, 30, 21, 11
MM, 30, 22, 12
MM, 30, 23, 23
MM, 30, 24, 11
MM, 30, 25, 80
MM, 30, 26, 23
MM, 30, 27, 12
MM, 30, 29, 11
MM, 464, 607, 12
MM, 464, 610, 11
MM, 464, 612, 12
MM, 74, 0, 11
MM, 74, 1, 12
MM, 74, 3, 57
MM, 74, 4, 11
MM, 74, 6, 23
MC, 1, 229
MM, 75, 4, 207
MM, 76, 2, 11
MM, 78, 0, 11
MM, 472, 606, 12
MM, 474, 599, 11
MM, 2, 17, 12
MM, 10, 6, 11
MM, 490, 574, 12
MM, 23, 29, 11
MM, 30, 14, 23
MM, 31, 10, 12
MM, 32, 8, 11
MM, 32, 7, 12
MM, 33, 5, 11
MM, 33, 4, 115
MM, 33, 2, 11
MM, 32, 1, 24
MM, 32, 0, 11
MM, 501, 538, 11
MM, 500, 537, 11
MM, 498, 536, 12
MM, 497, 535, 12
MM, 14, 30, 11
MM, 14, 29, 12
MM, 14, 27, 12
MM, 13, 27, 11
MM, 12, 23, 11
MM, 12, 22, 12
MM, 11, 22, 11
MM, 11, 21, 23
MM, 11, 20, 12
MM, 10, 19, 80
MM, 10, 17, 11
MM, 15, 17, 184
MM, 18, 17, 11
MM, 23, 17, 12
MM, 30, 17, 12
MM, 517, 519, 11
MM, 0, 17, 12
MM, 9, 20, 10
MM, 15, 20, 12
MM, 23, 20, 11
MM, 31, 20, 12
MM, 561, 522, 12
MM, 1, 20, 11
MM, 4, 20, 11
MM, 6, 20, 12
MM, 9, 18, 11
MM, 17, 18, 11
MM, 20, 18, 12
MM, 27, 17, 12
MM, 33, 16, 11
MM, 601, 517, 11
MM, 604, 517, 12
MM, 2, 14, 12
MM, 4, 13, 11
MM, 7, 12, 11
MM, 13, 12, 12
MM, 18, 12, 11
MM, 21, 12, 12
MM, 24, 11, 11
MM, 25, 11, 12
MM, 28, 11, 11
MM, 29, 11, 12
MM, 638, 511, 22
MM, 640, 511, 12
MM, 641, 511, 12
MM, 642, 511, 11
MM, 0, 9, 11
MM, 2, 9, 12
MM, 5, 9, 12
MM, 7, 9, 11
MM, 8, 9, 11
MM, 9, 9, 12
MM, 10, 9, 23
MM, 11, 9, 11
MM, 12, 9, 23
MM, 13, 9, 24
MC, 1, 218
MM, 12, 9, 10
MM, 8, 9, 12
MM, 2, 9, 11
MM, 28, 12, 12
MM, 7, 21, 11
MM, 26, 27, 12
MM, 19, 5, 11
MM, 1, 14, 12
MM, 24, 30, 11
MM, 524, 572, 12
MM, 513, 577, 11
MM, 29, 6, 12
MM, 20, 17, 11
MM, 10, 24, 11
MM, 475, 612, 12
MM, 80, 3, 11
MM, 76, 9, 13
MM, 71, 12, 10
MM, 67, 16, 12
MM, 65, 17, 12
MM, 63, 18, 11
MM, 62, 20, 12
MM, 61, 21, 12
MM, 59, 21, 10
MM, 58, 21, 12
MM, 58, 20, 332
MC, 1, 115
MM, 58, 19, 35
MM, 57, 19, 11
MM, 57, 18, 12
MM, 52, 13, 11
MM, 50, 8, 11
MM, 434, 609, 11
MM, 31, 6, 12
MM, 24, 15, 12
MM, 394, 525, 11
MM, 32, 4, 11
MM, 376, 500, 12
MM, 18, 22, 12
MM, 16, 20, 11
MM, 13, 19, 11
MM, 12, 18, 12
MM, 11, 18, 11
MM, 11, 20, 206
MM, 11, 23, 12
MM, 13, 29, 12
MM, 364, 497, 11
MM, 365, 499, 12
MM, 365, 501, 11
MM, 13, 1, 11
MM, 13, 3, 12
MM, 13, 5, 11
MM, 13, 6, 12
MM, 13, 7, 23
MM, 14, 7, 12
MM, 15, 8, 79
MC, 1, 242
MM, 15, 9, 22
MM, 15, 11, 23
MM, 15, 14, 12
MM, 15, 17, 11
MM, 15, 22, 11
MM, 15, 30, 12
MM, 367, 535, 11
MM, 367, 538, 12
MM, 23, 1, 11
MM, 23, 2, 11
MM, 23, 3, 47
MM, 23, 4, 115
MM, 23, 6, 23
MM, 23, 7, 11
MM, 23, 10, 12
MM, 23, 12, 11
MM, 23, 13, 11
MM, 23, 14, 12
MM, 23, 15, 12
MC, 1, 171
MM, 24, 14, 35
MM, 29, 10, 11
MM, 34, 9, 12
MM, 0, 7, 11
MM, 398, 536, 12
MM, 409, 533, 11
MM, 22, 27, 11
MM, 33, 25, 12
MM, 435, 526, 11
MM, 5, 21, 12
MM, 14, 21, 11
MM, 17, 21, 12
MM, 21, 21, 11
MM, 25, 21, 12
MM, 28, 20, 11
MM, 31, 20, 12
MM, 34, 20, 11
MM, 35, 20, 11
MM, 476, 521, 12
MM, 478, 520, 11
MM, 479, 520, 12
MM, 480, 520, 11
MM, 481, 520, 23
MM, 0, 18, 12
MM, 1, 18, 11
MM, 2, 18, 35
MM, 3, 18, 11
MM, 4, 18, 12
MM, 5, 18, 11
MM, 5, 17, 11
MM, 6, 17, 23
MM, 7, 17, 12
MM, 8, 17, 22
MM, 9, 17, 12
MM, 10, 16, 11
MM, 11, 16, 12
MM, 11, 15, 57
MC, 1, 103
MM, 6, 18, 46
MM, 477, 526, 12
MM, 28, 30, 11
MM, 28, 3, 12
MM, 21, 14, 12
MM, 12, 24, 11
MM, 429, 573, 12
MM, 33, 3, 11
MM, 30, 6, 12
MM, 27, 8, 11
MM, 24, 13, 11
MM, 22, 17, 11
MM, 20, 20, 12
MM, 19, 21, 11
MM, 17, 22, 13
MM, 17, 23, 10
MM, 17, 24, 35
MM, 16, 24, 12
MM, 16, 23, 229
MM, 17, 22, 23
MM, 23, 20, 22
MM, 28, 17, 12
MM, 36, 16, 12
MM, 433, 589, 11
MM, 9, 6, 12
MM, 20, 1, 11
MM, 1, 29, 11
MM, 10, 24, 12
MM, 16, 22, 11
MM, 26, 22, 12
MM, 33, 18, 12
MM, 508, 557, 11
MM, 7, 15, 11
MM, 12, 15, 11
MM, 21, 11, 12
MM, 25, 9, 12
MM, 28, 9, 11
MM, 31, 9, 11
MM, 35, 9, 12
MM, 552, 548, 12
MM, 1, 9, 11
MM, 5, 9, 11
MM, 6, 9, 11
MM, 7, 9, 12
MM, 9, 9, 12
MM, 10, 9, 22
MM, 11, 9, 12
MM, 12, 9, 46
MM, 13, 9, 11
MM, 14, 9, 12
MC, 1, 216
MM, 14, 10, 277
MM, 14, 14, 11
MM, 15, 24, 12
MM, 569, 571, 11
MM, 569, 575, 12
MM, 9, 3, 12
MM, 9, 5, 12
MM, 9, 10, 10
MM, 9, 12, 12
MM, 10, 18, 11
MM, 10, 28, 11
MM, 571, 607, 12
MM, 573, 611, 11
MM, 573, 614, 12
MM, 574, 619, 12
MM, 575, 621, 11
MM, 576, 624, 11
MM, 580, 629, 12
MM, 580, 630, 11
MM, 581, 633, 12
MM, 582, 634, 11
MM, 583, 634, 23
MM, 584, 634, 23
MM, 585, 634, 11
MM, 587, 634, 12
MM, 590, 632, 11
MM, 591, 632, 12
MM, 593, 630, 12
MM, 597, 628, 11
MM, 600, 626, 11
MM, 601, 626, 11
MM, 603, 625, 12
MM, 607, 623, 11
MM, 610, 621, 12
MM, 611, 621, 11
MM, 613, 621, 12
MM, 616, 621, 12
MM, 619, 619, 11
MM, 620, 618, 12
MM, 622, 617, 10
MM, 624, 615, 12
MM, 627, 614, 12
MM, 628, 613, 11
MM, 630, 611, 12
MM, 631, 611, 11
MM, 633, 610, 23
MM, 634, 609, 12
MM, 635, 609, 11
MM, 636, 607, 11
MM, 637, 606, 12
MM, 638, 606, 11
MM, 639, 605, 24
MM, 0, 29, 23
MM, 1, 29, 22
MM, 1, 28, 12
MM, 2, 28, 34
MM, 3, 27, 23
MM, 4, 27, 12
MM, 4, 26, 22
MM, 5, 26, 12
MM, 6, 25, 11
MM, 7, 24, 58
MM, 7, 23, 22
MM, 8, 23, 23
MM, 9, 22, 12
MM, 9, 21, 126
MC, 1, 35
MM, 5, 21, 22
MM, 636, 598, 12
MM, 22, 26, 11
MM, 8, 29, 12
MM, 595, 611, 11
MM, 582, 613, 12
MM, 576, 614, 11
MM, 572, 616, 12
MM, 567, 616, 11
MM, 559, 619, 11
MM, 162, 8, 12
MM, 156, 12, 11
MM, 151, 12, 12
MM, 145, 15, 11
MM, 142, 18, 12
MM, 137, 19, 11
MM, 134, 21, 12
MM, 130, 21, 11
MM, 125, 22, 12
MM, 122, 22, 12
MM, 120, 22, 11
MM, 118, 22, 11
MM, 116, 22, 12
MM, 115, 22, 11
MM, 113, 22, 11
MM, 112, 22, 12
MM, 111, 22, 11
MM, 110, 22, 24
MM, 109, 22, 11
MM, 108, 19, 11
MM, 106, 18, 12
MM, 105, 17, 11
MM, 104, 17, 12
MM, 104, 16, 11
MM, 103, 16, 12
MC, 1, 206
MM, 102, 13, 195
MM, 101, 8, 12
MM, 101, 2, 11
MM, 11, 28, 12
MM, 8, 16, 11
MM, 3, 2, 12
MM, 6, 28, 11
MM, 6, 17, 12
MM, 4, 13, 11
MM, 3, 10, 11
MM, 1, 9, 11
MM, 1, 6, 12
MM, 0, 5, 12
MM, 0, 4, 11
MM, 469, 542, 12
MM, 468, 541, 45
MM, 468, 540, 58
MM, 467, 537, 11
MM, 466, 535, 24
MM, 465, 534, 10
MM, 465, 533, 12
MM, 26, 30, 11
MM, 24, 27, 12
MM, 24, 26, 12
MM, 23, 25, 22
MM, 22, 24, 12
MM, 22, 23, 46
MM, 21, 23, 23
MM, 21, 22, 22
MM, 21, 21, 150
MM, 19, 20, 23
MM, 17, 20, 11
MM, 11, 18, 11
MM, 8, 17, 12
MM, 3, 17, 12
MM, 438, 519, 11
MM, 435, 519, 12
MM, 35, 17, 11
MM, 33, 15, 11
MM, 31, 15, 12
MM, 30, 15, 12
MM, 28, 14, 11
MM, 27, 14, 12
MM, 26, 14, 11
MM, 25, 14, 11
MM, 23, 14, 11
MM, 22, 14, 14
MM, 21, 14, 10
MM, 19, 14, 11
MM, 17, 14, 11
MM, 15, 14, 12
MM, 14, 12, 11
MM, 13, 12, 12
MM, 12, 12, 23
MC, 1, 137
MM, 14, 12, 12
MM, 17, 13, 11
MM, 21, 15, 12
MM, 28, 15, 11
MM, 34, 19, 12
MM, 0, 24, 11
MM, 10, 28, 12
MM, 458, 535, 11
MM, 469, 540, 11
MM, 8, 4, 11
MM, 19, 8, 12
MM, 27, 12, 12
MM, 508, 560, 11
MM, 3, 23, 12
MM, 8, 26, 11
MM, 11, 29, 12
MM, 524, 570, 11
MM, 528, 571, 12
MM, 18, 2, 11
MM, 20, 3, 12
MM, 27, 6, 12
MM, 31, 7, 10
MM, 32, 8, 12
MM, 554, 584, 11
MM, 555, 586, 12
MM, 558, 587, 11
MM, 559, 587, 12
MM, 1, 13, 11
MM, 2, 13, 12
MM, 4, 14, 11
MM, 5, 15, 12
MM, 6, 15, 12
MM, 7, 15, 11
MM, 9, 15, 11
MM, 10, 15, 23
MM, 11, 15, 12
MM, 12, 15, 11
MM, 13, 15, 11
MM, 14, 15, 35
MC, 1, 218
MM, 14, 14, 34
MM, 15, 9, 11
MM, 18, 3, 12
MM, 579, 571, 12
MM, 28, 27, 11
MM, 32, 20, 12
MM, 33, 17, 11
MM, 591, 552, 11
MM, 594, 547, 12
MM, 595, 547, 11
MM, 0, 5, 12
MM, 2, 3, 11
MM, 4, 2, 11
MM, 6, 0, 13
MM, 604, 538, 11
MM, 605, 537, 11
MM, 606, 536, 12
MM, 606, 535, 11
MM, 608, 535, 23
MM, 608, 533, 11
MM, 609, 533, 11
MM, 610, 533, 13
MM, 3, 29, 11
MM, 4, 29, 23
MM, 4, 28, 22
MM, 5, 26, 12
MM, 6, 26, 12
MM, 6, 25, 11
MM, 7, 24, 24
MM, 7, 23, 11
MM, 8, 22, 57
MM, 8, 21, 34
MC, 1, 162
MM, 6, 22, 10
MM, 0, 26, 12
MM, 598, 533, 11
MM, 592, 537, 11
MM, 31, 3, 12
MM, 21, 9, 11
MM, 17, 19, 12
MM, 12, 23, 12
MM, 556, 571, 11
MM, 36, 0, 11
MM, 32, 3, 12
MM, 30, 6, 11
MM, 28, 7, 12
MM, 25, 9, 11
MM, 23, 9, 12
MM, 23, 10, 22
MM, 22, 10, 127
MM, 21, 10, 12
MM, 19, 13, 10
MM, 18, 14, 24
MM, 16, 14, 162
MM, 11, 12, 21
MM, 6, 10, 11
MM, 515, 585, 12
MM, 32, 7, 12
MM, 20, 5, 11
MM, 13, 4, 11
MM, 6, 4, 12
MM, 2, 1, 13
MM, 473, 576, 10
MM, 471, 575, 11
MM, 469, 575, 12
MM, 466, 575, 11
MM, 465, 575, 11
MM, 463, 575, 12
MM, 461, 575, 12
MM, 460, 574, 35
MM, 459, 574, 22
MM, 458, 574, 12
MM, 457, 573, 11
MM, 456, 572, 11
MM, 27, 30, 12
MM, 26, 29, 11
MM, 26, 28, 23
MM, 25, 27, 11
MM, 23, 26, 35
MM, 22, 25, 23
MM, 22, 24, 12
MM, 19, 21, 11
MM, 18, 20, 34
MM, 17, 19, 34
MM, 16, 19, 104
MM, 13, 19, 57
MM, 11, 18, 11
MM, 9, 17, 12
MM, 2, 15, 12
MM, 426, 554, 11
MM, 424, 553, 12
MM, 421, 552, 11
MM, 34, 11, 12
MM, 33, 11, 11
MM, 30, 11, 12
MM, 29, 11, 11
MM, 28, 11, 12
MM, 27, 11, 11
MM, 26, 11, 23
MM, 26, 10, 23
MC, 1, 217
MM, 26, 11, 11
MM, 28, 14, 12
MM, 31, 17, 12
MM, 33, 19, 11
MM, 423, 563, 12
MM, 426, 569, 12
MM, 431, 574, 11
MM, 0, 1, 12
MM, 3, 5, 11
MM, 9, 14, 12
MM, 11, 15, 10
MM, 13, 18, 12
MM, 16, 20, 11
MM, 17, 22, 12
MM, 19, 24, 12
MM, 20, 24, 11
MM, 20, 25, 11
MM, 22, 26, 12
MM, 24, 29, 12
MM, 460, 608, 10
MM, 461, 609, 12
MM, 462, 611, 12
MM, 462, 612, 11
MM, 463, 612, 11
MM, 73, 1, 12
MM, 74, 1, 11
MM, 74, 3, 12
MM, 74, 4, 11
MM, 74, 6, 11
MM, 75, 7, 12
MM, 76, 8, 12
MM, 77, 9, 23
MM, 77, 10, 11
MM, 78, 11, 23
MM, 78, 13, 12
MM, 79, 14, 13
MC, 1, 148
MM, 81, 13, 45
MM, 86, 7, 11
MM, 14, 28, 12
MM, 24, 16, 11
MM, 32, 11, 12
MM, 515, 577, 11
MM, 521, 574, 12
MM, 15, 30, 11
MM, 19, 28, 12
MM, 25, 24, 11
MM, 30, 20, 12
MM, 551, 550, 11
MM, 6, 4, 11
MM, 14, 0, 12
MM, 18, 24, 12
MM, 26, 20, 11
MM, 31, 20, 11
MM, 33, 18, 12
MM, 33, 17, 218
MC, 1, 103
MM, 32, 17, 92
MM, 31, 16, 45
MM, 29, 16, 12
MM, 26, 16, 12
MM, 24, 16, 11
MM, 20, 16, 12
MM, 10, 16, 11
MM, 0, 16, 12
MM, 29, 16, 11
MM, 16, 17, 11
MM, 522, 520, 12
MM, 28, 20, 12
MM, 7, 23, 11
MM, 481, 527, 11
MM, 476, 527, 12
MM, 34, 25, 11
MM, 30, 25, 12
MM, 28, 25, 11
MM, 27, 25, 12
MM, 23, 27, 11
MM, 22, 28, 11
MM, 20, 28, 13
MM, 19, 28, 10
MM, 18, 28, 12
MM, 16, 28, 11
MM, 16, 29, 12
MM, 13, 29, 11
MM, 11, 29, 12
MM, 10, 30, 11
MM, 7, 30, 12
MM, 445, 533, 12
MM, 444, 533, 11
MM, 443, 533, 11
MM, 442, 534, 12
MM, 440, 535, 12
MM, 438, 536, 11
MM, 437, 536, 12
MM, 436, 537, 11
MM, 434, 538, 11
MM, 5, 1, 23
MM, 4, 1, 11
MM, 3, 1, 12
MM, 1, 2, 12
MM, 426, 543, 11
MM, 424, 544, 11
MM, 422, 545, 11
MM, 421, 546, 12
MM, 34, 8, 23
MM, 33, 8, 12
MM, 31, 10, 11
MM, 29, 11, 11
MM, 28, 11, 12
MM, 27, 12, 11
MM, 26, 12, 11
MM, 25, 13, 13
MM, 24, 13, 22
MM, 23, 13, 12
MC, 1, 195
MM, 23, 14, 137
MM, 25, 17, 12
MM, 27, 19, 11
MM, 31, 21, 12
MM, 33, 23, 11
MM, 423, 566, 11
MM, 428, 570, 12
MM, 432, 572, 12
MM, 437, 574, 11
MM, 13, 8, 11
MM, 20, 10, 12
MM, 22, 15, 12
MM, 27, 22, 11
MM, 30, 25, 11
MM, 33, 27, 12
MM, 471, 608, 11
MM, 473, 610, 11
MM, 86, 1, 12
MM, 87, 3, 11
MM, 90, 6, 12
MM, 90, 8, 11
MM, 92, 9, 12
MM, 92, 13, 12
MM, 95, 17, 11
MM, 96, 17, 12
MM, 96, 18, 11
MM, 97, 18, 23
MM, 97, 19, 12
MM, 96, 17, 538
MM, 94, 14, 12
MM, 89, 3, 11
MM, 470, 601, 11
MM, 26, 7, 12
MM, 19, 22, 11
MM, 11, 11, 12
MM, 7, 5, 11
MM, 427, 535, 12
MM, 25, 26, 11
MM, 22, 23, 12
MM, 20, 17, 11
MM, 16, 16, 11
MM, 7, 12, 12
MM, 2, 12, 12
MM, 392, 511, 11
MM, 37, 9, 12
MM, 34, 9, 11
MM, 33, 9, 11
MM, 32, 9, 12
MM, 31, 9, 11
MM, 30, 9, 23
MM, 29, 9, 23
MM, 26, 9, 11
MM, 25, 9, 12
MM, 24, 9, 23
MM, 23, 9, 23
MC, 1, 218
MM, 25, 9, 23
MM, 28, 9, 12
MM, 31, 9, 11
MM, 37, 11, 11
MM, 396, 516, 12
MM, 5, 14, 11
MM, 10, 14, 12
MM, 20, 15, 11
MM, 27, 19, 12
MM, 33, 21, 11
MM, 434, 525, 11
MM, 0, 24, 12
MM, 3, 24, 12
MM, 7, 29, 11
MM, 453, 533, 11
MM, 457, 533, 12
MM, 461, 533, 11
MM, 467, 533, 12
MM, 472, 534, 11
MM, 480, 538, 12
MM, 17, 0, 12
MM, 22, 1, 11
MM, 26, 1, 12
MM, 32, 3, 11
MM, 509, 543, 11
MM, 1, 4, 11
MM, 5, 4, 12
MM, 11, 6, 13
MM, 14, 6, 10
MM, 18, 6, 11
MM, 23, 6, 11
MM, 27, 6, 11
MM, 31, 6, 12
MM, 35, 6, 12
MM, 549, 545, 12
MM, 0, 6, 11
MM, 6, 8, 11
MM, 9, 8, 12
MM, 12, 8, 12
MM, 16, 8, 11
MM, 17, 8, 12
MM, 19, 9, 11
MM, 21, 9, 11
MM, 22, 9, 11
MM, 23, 9, 12
MM, 24, 9, 35
MC, 1, 217
MM, 22, 9, 12
MM, 16, 9, 11
MM, 6, 9, 12
MM, 29, 16, 11
MM, 509, 558, 12
MM, 9, 19, 11
MM, 465, 561, 12
MM, 24, 22, 11
MM, 13, 22, 12
MM, 5, 22, 11
MM, 423, 560, 11
MM, 27, 22, 12
MM, 18, 21, 12
MM, 13, 21, 11
MM, 6, 19, 11
MM, 384, 558, 12
MM, 379, 558, 11
MM, 29, 18, 12
MM, 27, 18, 11
MM, 25, 18, 12
MM, 24, 18, 11
MM, 21, 17, 12
MM, 19, 16, 11
MM, 18, 16, 12
MM, 17, 16, 11
MM, 16, 15, 12
MM, 15, 15, 11
MM, 14, 15, 11
MM, 13, 15, 12
MM, 12, 14, 11
MM, 11, 14, 23
MM, 10, 14, 12
MM, 9, 14, 12
MM, 9, 13, 114
MM, 15, 12, 57
MM, 22, 11, 12
MM, 29, 7, 11
MM, 33, 6, 12
MM, 2, 6, 12
MM, 8, 6, 11
MM, 14, 4, 11
MM, 18, 4, 12
MM, 20, 4, 12
MM, 23, 4, 10
MM, 25, 3, 12
MM, 29, 3, 12
MM, 35, 3, 11
MM, 2, 1, 11
MM, 436, 537, 12
MM, 440, 536, 11
MM, 443, 536, 12
MM, 446, 535, 11
MM, 449, 535, 12
MM, 451, 535, 12
MM, 458, 535, 11
MM, 23, 30, 11
MM, 25, 29, 11
MM, 28, 29, 12
MM, 29, 27, 12
MM, 31, 27, 11
MM, 33, 26, 11
MM, 35, 24, 12
MM, 35, 23, 11
MM, 476, 525, 12
MM, 478, 525, 11
MM, 480, 524, 12
MM, 481, 522, 11
MM, 1, 19, 12
MM, 3, 19, 23
MM, 4, 19, 11
MM, 5, 18, 11
MM, 6, 18, 13
MM, 7, 18, 11
MM, 8, 17, 11
MM, 9, 17, 11
MM, 10, 16, 12
MM, 11, 15, 11
MM, 12, 15, 35
MM, 2, 15, 183
MM, 477, 520, 11
MM, 28, 20, 12
MM, 19, 27, 11
MM, 11, 29, 12
MM, 5, 30, 11
MM, 442, 533, 12
MM, 437, 538, 11
MM, 8, 0, 12
MM, 5, 0, 12
MM, 2, 2, 11
MM, 0, 3, 11
MM, 424, 542, 12
MM, 423, 543, 11
MM, 35, 6, 12
MM, 34, 8, 12
MM, 31, 8, 11
MM, 29, 9, 12
MM, 28, 10, 11
MM, 27, 10, 11
MM, 25, 11, 12
MM, 24, 12, 22
MM, 23, 13, 23
MM, 21, 13, 23
MM, 20, 13, 23
MM, 20, 14, 11
MC, 1, 150
MM, 20, 15, 22
MM, 20, 16, 12
MM, 22, 19, 11
MM, 23, 23, 12
MM, 25, 27, 11
MM, 414, 575, 12
MM, 24, 4, 11
MM, 26, 5, 12
MM, 28, 8, 12
MM, 29, 10, 11
MM, 29, 12, 12
MM, 30, 13, 11
MM, 34, 18, 11
MM, 34, 19, 12
MM, 35, 21, 11
MM, 36, 22, 12
MM, 36, 23, 12
MM, 428, 600, 11
MM, 428, 601, 22
MM, 428, 602, 13
MM, 429, 602, 10
MM, 429, 603, 12
MM, 430, 604, 23
MM, 430, 605, 11
MM, 430, 606, 35
MM, 431, 606, 23
MM, 431, 607, 11
MM, 431, 609, 34
MM, 431, 610, 46
MM, 431, 611, 46
MM, 431, 612, 12
MM, 41, 0, 11
MM, 41, 2, 69
MM, 42, 3, 11
MM, 42, 5, 12
MM, 42, 6, 13
MC, 1, 378
MM, 42, 5, 79
MM, 42, 4, 12
MM, 42, 1, 11
MM, 432, 611, 12
MM, 432, 609, 11
MM, 432, 608, 12
MM, 432, 606, 11
MM, 433, 604, 12
MM, 0, 24, 11
MM, 0, 22, 12
MM, 0, 19, 11
MM, 1, 16, 12
MM, 2, 16, 11
MM, 2, 14, 11
MM, 2, 12, 11
MM, 2, 11, 23
MM, 2, 9, 23
MM, 3, 7, 23
MM, 4, 5, 12
MM, 4, 3, 12
MM, 441, 571, 10
MM, 14, 29, 12
MM, 14, 25, 12
MM, 14, 23, 11
MM, 14, 22, 11
MM, 15, 21, 12
MM, 15, 19, 23
MM, 16, 19, 23
MM, 17, 17, 11
MM, 17, 16, 11
MM, 17, 15, 12
MM, 17, 12, 12
MM, 18, 8, 11
MM, 19, 6, 12
MM, 19, 4, 11
MM, 446, 538, 11
MM, 447, 536, 12
MM, 448, 535, 12
MM, 448, 533, 11
MM, 9, 30, 35
MM, 10, 29, 11
MM, 10, 28, 22
MM, 10, 26, 12
MM, 10, 25, 23
MM, 10, 24, 23
MM, 10, 23, 195
MM, 3, 21, 149
MM, 437, 523, 12
MM, 433, 522, 11
MM, 34, 20, 12
MM, 33, 20, 11
MM, 30, 20, 12
MM, 29, 20, 22
MM, 28, 20, 12
MM, 27, 20, 23
MM, 25, 20, 12
MM, 22, 20, 11
MM, 20, 20, 12
MM, 18, 20, 10
MM, 17, 20, 12
MM, 16, 20, 24
MM, 16, 19, 103
MC, 1, 80
MM, 14, 19, 11
MM, 12, 20, 11
MM, 9, 24, 12
MM, 5, 25, 11
MM, 3, 28, 12
MM, 1, 28, 11
MM, 396, 532, 11
MM, 395, 532, 12
MM, 394, 532, 11
MM, 393, 533, 12
MM, 392, 534, 23
MM, 390, 534, 12
MM, 389, 536, 11
MM, 387, 537, 11
MM, 1, 0, 12
MM, 0, 0, 12
MM, 383, 539, 11
MM, 383, 540, 12
MM, 383, 541, 11
MM, 382, 541, 23
MM, 32, 5, 57
MM, 30, 7, 12
MM, 29, 8, 11
MM, 27, 9, 11
MM, 25, 10, 23
MM, 24, 10, 23
MM, 23, 11, 24
MM, 22, 11, 11
MM, 21, 11, 22
MM, 21, 12, 12
MC, 1, 173
MM, 23, 13, 22
MM, 26, 13, 11
MM, 32, 13, 12
MM, 383, 552, 11
MM, 5, 14, 12
MM, 15, 14, 12
MM, 26, 14, 11
MM, 423, 553, 12
MM, 5, 16, 10
MM, 24, 16, 12
MM, 33, 16, 12
MM, 2, 16, 12
MM, 12, 16, 10
MM, 24, 16, 12
MM, 507, 553, 12
MM, 14, 14, 10
MM, 31, 13, 12
MM, 553, 552, 11
MM, 14, 8, 12
MM, 28, 8, 12
MM, 592, 547, 12
MM, 5, 9, 10
MM, 13, 10, 12
MM, 20, 10, 12
MM, 25, 10, 11
MM, 633, 551, 12
MM, 3, 12, 11
MM, 12, 13, 11
MM, 16, 13, 12
MM, 22, 13, 11
MM, 27, 13, 12
MM, 32, 13, 12
MM, 674, 552, 12
MM, 3, 14, 12
MM, 7, 14, 10
MM, 12, 14, 12
MM, 15, 14, 11
MM, 18, 14, 11
MM, 20, 14, 11
MM, 21, 14, 12
MM, 22, 14, 12
MM, 23, 14, 11
MC, 1, 333
MC, 2, 183
MM, 21, 13, 34
MM, 19, 12, 12
MM, 16, 11, 11
MM, 8, 9, 12
MM, 1, 7, 11
MM, 674, 543, 11
MM, 31, 0, 12
MM, 661, 538, 12
MM, 654, 535, 11
MM, 651, 533, 11
MM, 3, 30, 12
MM, 643, 531, 12
MM, 640, 530, 11
MM, 30, 28, 12
MM, 27, 28, 11
MM, 24, 28, 11
MM, 20, 28, 12
MM, 16, 28, 11
MM, 10, 28, 12
MM, 5, 28, 11
MM, 1, 28, 12
MM, 603, 530, 11
MM, 35, 28, 11
MM, 31, 30, 11
MM, 23, 30, 12
MM, 17, 30, 12
MM, 12, 30, 11
MM, 8, 30, 12
MM, 3, 30, 11
MM, 2, 30, 12
MM, 1, 29, 12
MM, 0, 29, 10
MM, 563, 531, 24
MM, 562, 530, 11
MM, 561, 530, 11
MM, 560, 530, 12
MM, 559, 529, 12
MM, 33, 27, 11
MM, 33, 26, 11
MM, 32, 26, 12
MM, 30, 23, 11
MM, 28, 22, 12
MM, 27, 21, 11
MM, 25, 19, 12
MM, 23, 17, 11
MM, 22, 16, 12
MM, 21, 16, 23
MM, 20, 15, 23
MM, 20, 14, 22
MM, 19, 14, 12
MM, 19, 13, 23
MC, 1, 184
MM, 18, 13, 57
MM, 17, 14, 11
MM, 15, 15, 12
MM, 13, 17, 11
MM, 10, 20, 12
MM, 6, 21, 11
MM, 3, 23, 12
MM, 520, 528, 11
MM, 514, 533, 11
MM, 512, 538, 12
MM, 509, 541, 11
MM, 506, 544, 12
MM, 29, 8, 12
MM, 25, 13, 11
MM, 23, 16, 11
MM, 20, 21, 12
MM, 18, 23, 11
MM, 18, 26, 12
MM, 17, 27, 11
MM, 486, 571, 12
MM, 8, 0, 11
MM, 7, 2, 11
MM, 7, 3, 11
MM, 7, 6, 12
MM, 7, 8, 12
MM, 7, 10, 11
MM, 7, 12, 12
MM, 7, 14, 11
MM, 7, 16, 12
MM, 7, 18, 11
MM, 7, 19, 11
MM, 7, 20, 24
MM, 7, 21, 22
MM, 7, 23, 58
MM, 7, 24, 12
MM, 7, 26, 11
MM, 7, 27, 12
MM, 7, 30, 11
MM, 482, 607, 23
MM, 482, 609, 11
MM, 482, 611, 12
MM, 92, 0, 11
MM, 92, 3, 11
MM, 92, 5, 12
MM, 92, 10, 12
MM, 92, 13, 11
MM, 92, 16, 12
MM, 92, 18, 22
MC, 1, 299
MM, 93, 17, 68
MM, 99, 8, 12
MM, 106, 1, 11
MM, 31, 28, 12
MM, 1, 17, 11
MM, 10, 7, 12
MM, 27, 30, 11
MM, 36, 26, 12
MM, 0, 24, 10
MM, 6, 19, 12
MM, 10, 17, 12
MM, 14, 16, 11
MM, 18, 14, 13
MM, 23, 9, 10
MM, 25, 7, 12
MM, 28, 6, 12
MM, 30, 5, 11
MM, 33, 4, 12
MM, 36, 3, 11
MM, 1, 1, 11
MM, 601, 537, 11
MM, 603, 537, 12
MM, 604, 535, 11
MM, 606, 533, 12
MM, 608, 533, 23
MM, 2, 28, 12
MM, 7, 25, 11
MM, 8, 23, 11
MM, 9, 21, 12
MM, 11, 19, 11
MM, 14, 19, 12
MM, 16, 18, 11
MM, 17, 18, 12
MM, 19, 15, 11
MM, 20, 14, 23
MM, 17, 14, 264
MM, 13, 16, 11
MM, 9, 20, 12
MM, 5, 25, 11
MM, 2, 28, 11
MM, 606, 533, 13
MM, 5, 0, 10
MM, 2, 5, 12
MM, 1, 13, 11
MM, 0, 15, 12
MM, 595, 555, 11
MM, 594, 557, 12
MM, 593, 559, 11
MM, 592, 563, 23
MM, 35, 27, 12
MM, 35, 29, 11
MM, 35, 30, 12
MM, 589, 570, 22
MM, 588, 571, 12
MM, 587, 571, 12
MM, 587, 573, 11
MM, 587, 574, 34
MM, 587, 575, 23
MM, 27, 0, 12
MM, 26, 2, 12
MM, 26, 3, 11
MM, 26, 4, 11
MM, 26, 5, 80
MM, 25, 7, 12
MM, 25, 9, 103
MM, 25, 10, 12
MC, 1, 126
MM, 26, 10, 68
MM, 27, 6, 12
MM, 30, 5, 12
MM, 35, 2, 11
MM, 601, 575, 12
MM, 604, 574, 11
MM, 609, 571, 11
MM, 19, 23, 12
MM, 23, 20, 11
MM, 29, 18, 12
MM, 632, 552, 12
MM, 5, 6, 11
MM, 15, 4, 11
MM, 659, 538, 12
MM, 667, 533, 11
MM, 31, 28, 11
MM, 684, 527, 12
MM, 7, 22, 11
MM, 14, 19, 12
MM, 20, 17, 12
MM, 23, 13, 11
MM, 26, 11, 12
MM, 30, 10, 11
MM, 31, 8, 11
MM, 33, 8, 12
MM, 33, 7, 11
MM, 34, 7, 11
MM, 34, 6, 12
MM, 34, 5, 11
MM, 723, 507, 12
MM, 723, 506, 126
MM, 35, 4, 57
MM, 33, 5, 11
MM, 32, 6, 13
MM, 31, 7, 22
MM, 29, 7, 12
MM, 28, 8, 11
MM, 25, 9, 11
MM, 23, 9, 12
MM, 21, 9, 11
MM, 19, 9, 12
MM, 18, 10, 12
MM, 17, 11, 11
MM, 16, 11, 11
MM, 16, 12, 23
MM, 15, 12, 12
MM, 14, 13, 23
MC, 1, 172
MM, 12, 13, 23
MM, 9, 13, 11
MM, 7, 13, 12
MM, 4, 13, 11
MM, 1, 13, 11
MM, 686, 515, 12
MM, 683, 515, 11
MM, 681, 515, 12
MM, 35, 13, 11
MM, 32, 13, 12
MM, 30, 13, 12
MM, 28, 13, 11
MM, 26, 13, 11
MM, 24, 13, 12
MM, 21, 16, 11
MM, 20, 16, 11
MM, 19, 16, 13
MM, 18, 16, 10
MC, 1, 207
MM, 16, 16, 459
MM, 10, 16, 11
MM, 643, 521, 12
MM, 21, 21, 11
MM, 602, 536, 12
MM, 14, 4, 11
MM, 549, 547, 12
MM, 11, 14, 11
MM, 33, 14, 11
MM, 24, 14, 11
MM, 17, 13, 12
MM, 10, 12, 12
MM, 2, 12, 11
MM, 36, 7, 12
MM, 34, 6, 11
MM, 33, 6, 12
MM, 32, 5, 11
MM, 32, 4, 23
MM, 32, 3, 126
MM, 32, 2, 35
MM, 459, 538, 11
MM, 459, 537, 12
MM, 459, 535, 11
MM, 20, 30, 11
MM, 20, 28, 12
MM, 20, 26, 12
MM, 20, 23, 11
MM, 19, 21, 12
MM, 17, 19, 11
MM, 17, 18, 11
MM, 15, 16, 12
MM, 14, 16, 23
MM, 14, 15, 22
MC, 1, 219
MM, 15, 15, 34
MM, 17, 15, 11
MM, 19, 15, 12
MM, 23, 15, 11
MM, 29, 15, 12
MM, 34, 15, 11
MM, 478, 517, 12
MM, 481, 517, 11
MM, 2, 15, 11
MM, 4, 15, 12
MM, 5, 15, 11
MM, 6, 15, 12
MM, 7, 15, 11
MM, 9, 15, 12
MM, 10, 15, 11
MM, 11, 15, 12
MM, 13, 15, 11
MM, 14, 15, 92
MM, 14, 14, 161
MM, 8, 14, 34
MM, 1, 14, 11
MM, 476, 516, 12
MM, 25, 16, 11
MM, 17, 16, 12
MM, 9, 17, 11
MM, 3, 17, 12
MM, 434, 522, 11
MM, 33, 20, 11
MM, 28, 22, 12
MM, 22, 24, 12
MM, 17, 24, 12
MM, 11, 28, 11
MM, 8, 28, 11
MM, 5, 30, 11
MM, 3, 30, 12
MM, 398, 534, 12
MM, 395, 536, 11
MM, 392, 536, 12
MM, 390, 538, 11
MM, 2, 2, 11
MM, 0, 3, 11
MM, 382, 545, 13
MM, 380, 545, 10
MM, 379, 545, 12
MM, 34, 6, 11
MM, 34, 7, 12
MM, 33, 7, 12
MM, 31, 7, 22
MM, 30, 7, 35
MM, 29, 7, 23
MM, 27, 8, 23
MM, 26, 9, 12
MM, 25, 9, 11
MM, 24, 9, 12
MM, 23, 10, 10
MM, 22, 10, 23
MM, 20, 10, 58
MM, 20, 11, 46
MC, 1, 115
MM, 21, 11, 34
MM, 24, 11, 11
MM, 30, 11, 12
MM, 34, 11, 11
MM, 4, 13, 12
MM, 12, 15, 12
MM, 20, 17, 11
MM, 28, 17, 11
MM, 424, 556, 11
MM, 11, 22, 12
MM, 22, 22, 12
MM, 30, 25, 11
MM, 468, 565, 12
MM, 484, 571, 11
MM, 491, 574, 11
MM, 499, 574, 12
MM, 503, 575, 11
MM, 33, 1, 12
MM, 512, 577, 11
MM, 4, 5, 11
MM, 7, 6, 12
MM, 9, 7, 11
MM, 11, 8, 12
MM, 12, 8, 12
MM, 14, 8, 23
MM, 15, 9, 22
MM, 15, 10, 35
MM, 16, 10, 22
MM, 17, 10, 12
MM, 18, 10, 11
MM, 18, 11, 12
MM, 19, 12, 11
MM, 20, 12, 23
MM, 20, 13, 12
MC, 1, 207
MM, 20, 12, 11
MM, 19, 10, 11
MM, 17, 7, 12
MM, 14, 4, 11
MM, 523, 573, 12
MM, 8, 28, 11
MM, 6, 25, 12
MM, 3, 21, 11
MM, 0, 18, 12
MM, 509, 550, 11
MM, 507, 544, 12
MM, 505, 541, 11
MM, 503, 536, 11
MM, 502, 534, 12
MM, 20, 30, 11
MM, 19, 28, 12
MM, 18, 27, 12
MM, 18, 26, 11
MM, 16, 25, 68
MM, 16, 23, 13
MM, 16, 22, 22
MM, 15, 22, 11
MM, 15, 20, 12
MM, 14, 19, 23
MM, 14, 18, 23
MM, 13, 17, 11
MM, 13, 16, 69
MM, 12, 16, 23
MC, 1, 69
MM, 12, 17, 22
MM, 12, 18, 12
MM, 12, 19, 12
MM, 12, 22, 11
MM, 9, 30, 12
MM, 19, 6, 11
MM, 18, 16, 12
MM, 16, 23, 11
MM, 485, 571, 11
MM, 6, 7, 12
MM, 4, 16, 11
MM, 3, 21, 11
MM, 477, 607, 12
MM, 87, 2, 11
MM, 86, 5, 12
MM, 86, 10, 12
MM, 85, 13, 10
MM, 85, 14, 12
MM, 84, 15, 12
MM, 84, 16, 11
MM, 84, 17, 24
MM, 84, 18, 23
MM, 84, 19, 11
MM, 84, 20, 11
MM, 84, 22, 23
MM, 84, 23, 35
MM, 84, 24, 57
MC, 1, 149
MM, 84, 23, 80
MM, 85, 21, 12
MM, 86, 20, 11
MM, 92, 15, 12
MM, 98, 11, 11
MM, 104, 8, 12
MM, 112, 4, 11
MM, 507, 612, 12
MM, 512, 607, 11
MM, 3, 29, 12
MM, 9, 25, 11
MM, 23, 15, 12
MM, 29, 10, 11
MM, 35, 5, 11
MM, 0, 0, 11
MM, 568, 571, 12
MM, 21, 30, 12
MM, 26, 25, 11
MM, 32, 23, 11
MM, 592, 557, 12
MM, 0, 17, 12
MM, 9, 9, 11
MM, 14, 3, 12
MM, 16, 2, 11
MM, 20, 1, 11
MM, 22, 0, 11
MM, 621, 537, 12
MM, 623, 535, 12
MM, 626, 533, 11
MM, 19, 30, 60
MM, 19, 29, 66
MM, 18, 28, 12
MM, 18, 27, 11
MM, 18, 26, 12
MM, 17, 24, 11
MM, 17, 23, 23
MM, 16, 22, 11
MM, 16, 21, 24
MM, 15, 20, 34
MM, 14, 19, 11
MM, 14, 18, 23
MM, 13, 17, 92
MM, 11, 17, 80
MM, 8, 18, 11
MM, 3, 22, 13
MM, 605, 528, 11
MM, 35, 29, 11
MM, 594, 535, 12
MM, 35, 3, 11
MM, 33, 6, 11
MM, 30, 10, 12
MM, 28, 12, 12
MM, 26, 14, 11
MM, 25, 16, 12
MM, 21, 20, 11
MM, 19, 21, 12
MM, 17, 24, 10
MM, 15, 25, 12
MM, 13, 25, 12
MM, 12, 26, 11
MM, 11, 27, 12
MM, 11, 28, 11
MM, 9, 28, 11
MM, 8, 29, 24
MM, 6, 30, 11
MM, 558, 571, 11
MM, 555, 571, 12
MM, 552, 574, 11
MM, 550, 575, 12
MM, 32, 2, 11
MM, 29, 7, 12
MM, 26, 8, 11
MM, 24, 10, 12
MM, 23, 11, 11
MM, 22, 11, 12
MM, 21, 12, 11
MM, 20, 12, 12
MM, 19, 13, 11
MM, 18, 14, 11
MM, 17, 15, 24
MM, 15, 15, 22
MC, 1, 184
MM, 15, 16, 57
MM, 12, 24, 11
MM, 11, 27, 12
MM, 10, 29, 12
MM, 526, 608, 11
MM, 525, 611, 12
MM, 134, 1, 11
MM, 133, 2, 12
MM, 132, 3, 11
MM, 132, 4, 11
MC, 1, 299
MM, 133, 4, 57
MM, 135, 4, 11
MM, 142, 3, 12
MM, 151, 1, 11
MM, 159, 0, 12
MM, 559, 610, 11
MM, 565, 609, 11
MM, 569, 608, 12
MM, 577, 608, 12
MM, 23, 30, 11
MM, 32, 26, 11
MM, 598, 599, 12
MM, 3, 20, 11
MM, 8, 18, 12
MM, 16, 11, 11
MM, 25, 7, 12
MM, 636, 576, 12
MM, 643, 570, 10
MM, 14, 27, 12
MM, 16, 25, 11
MM, 22, 20, 12
MM, 26, 14, 11
MM, 31, 12, 12
MM, 34, 10, 12
MM, 673, 546, 11
MM, 4, 1, 12
MM, 8, 0, 11
MM, 689, 537, 11
MM, 692, 535, 12
MM, 694, 533, 11
MM, 12, 29, 12
MM, 13, 28, 12
MM, 14, 28, 11
MM, 15, 27, 11
MM, 17, 27, 34
MM, 18, 27, 11
MM, 19, 27, 24
MM, 20, 27, 23
MM, 20, 28, 149
MM, 20, 29, 12
MM, 18, 30, 11
MM, 705, 533, 11
MM, 704, 533, 11
MM, 703, 536, 12
MM, 702, 538, 12
MM, 21, 2, 11
MM, 20, 3, 12
MM, 19, 5, 22
MM, 18, 6, 13
MM, 18, 7, 22
MM, 18, 8, 23
MM, 14, 8, 401
MM, 11, 8, 11
MM, 4, 8, 12
MM, 0, 8, 11
MM, 35, 7, 12
MM, 31, 7, 12
MM, 29, 6, 11
MM, 27, 6, 12
MM, 25, 3, 11
MM, 24, 3, 11
MM, 23, 2, 11
MM, 22, 1, 12
MM, 657, 538, 12
MM, 656, 537, 11
MM, 654, 535, 12
MM, 652, 534, 12
MM, 7, 30, 10
MM, 5, 30, 12
MM, 5, 29, 11
MM, 4, 29, 12
MM, 2, 28, 11
MM, 1, 25, 11
MM, 643, 527, 12
MM, 642, 527, 11
MM, 639, 527, 12
MM, 638, 527, 12
MM, 30, 25, 12
MM, 29, 25, 22
MM, 28, 25, 12
MM, 27, 25, 12
MM, 25, 24, 11
MM, 23, 24, 11
MM, 21, 23, 23
MM, 20, 23, 12
MM, 19, 23, 11
MM, 18, 22, 12
MM, 17, 22, 34
MM, 17, 21, 23
MM, 17, 20, 22
MM, 16, 20, 35
MM, 16, 19, 68
MM, 14, 19, 127
MM, 11, 19, 13
MM, 7, 19, 22
MM, 5, 19, 11
MM, 1, 19, 11
MM, 605, 521, 12
MM, 602, 521, 11
MM, 31, 19, 12
MM, 27, 19, 11
MM, 22, 19, 11
MM, 19, 20, 12
MM, 15, 21, 11
MM, 10, 23, 12
MM, 3, 27, 11
MM, 563, 532, 11
MM, 558, 533, 12
MM, 554, 533, 11
MM, 552, 533, 12
MM, 550, 533, 11
MM, 547, 535, 12
MM, 543, 536, 12
MM, 542, 537, 11
MM, 540, 538, 12
MM, 25, 0, 12
MM, 24, 0, 11
MM, 23, 1, 11
MM, 20, 1, 11
MM, 18, 1, 12
MM, 15, 1, 12
MM, 13, 2, 11
MM, 9, 3, 12
MM, 5, 4, 11
MM, 3, 5, 11
MM, 1, 5, 12
MM, 510, 545, 12
MM, 508, 545, 11
MM, 506, 545, 11
MM, 34, 7, 12
MM, 32, 8, 12
MM, 31, 8, 11
MM, 29, 8, 11
MM, 28, 8, 12
MM, 27, 8, 11
MM, 26, 8, 11
MM, 29, 6, 161
MC, 1, 136
MM, 27, 5, 128
MM, 24, 4, 11
MM, 20, 4, 12
MM, 9, 0, 11
MM, 0, 0, 12
MM, 35, 0, 11
MM, 456, 538, 12
MM, 450, 535, 11
MM, 8, 30, 11
MM, 6, 30, 12
MM, 4, 30, 12
MM, 2, 30, 11
MM, 1, 28, 11
MM, 0, 28, 12
MM, 438, 530, 12
MM, 436, 529, 10
MM, 435, 528, 23
MM, 433, 528, 12
MM, 33, 25, 11
MM, 31, 25, 12
MM, 30, 25, 11
MM, 28, 24, 12
MM, 26, 24, 12
MM, 24, 23, 11
MM, 22, 23, 11
MM, 21, 22, 12
MM, 20, 22, 11
MM, 20, 21, 12
MM, 18, 21, 11
MM, 17, 20, 23
MM, 15, 20, 11
MM, 15, 18, 12
MM, 13, 17, 23
MM, 13, 16, 23
MC, 1, 115
MM, 15, 16, 80
MM, 17, 16, 11
MM, 20, 16, 12
MM, 24, 17, 11
MM, 32, 17, 12
MM, 435, 521, 11
MM, 3, 20, 12
MM, 14, 22, 11
MM, 26, 23, 12
MM, 2, 26, 11
MM, 15, 28, 12
MM, 30, 30, 11
MM, 526, 537, 11
MM, 541, 538, 11
MM, 553, 541, 12
MM, 11, 7, 12
MM, 24, 15, 12
MM, 36, 23, 11
MM, 603, 570, 12
MM, 10, 4, 11
MM, 28, 21, 11
MM, 636, 604, 12
MM, 639, 615, 11
MM, 639, 631, 11
MM, 641, 631, 448
MM, 642, 631, 11
MM, 643, 631, 11
MM, 644, 630, 13
MM, 644, 629, 10
MM, 646, 629, 12
MM, 646, 627, 11
MM, 646, 626, 12
MM, 647, 624, 12
MM, 648, 624, 11
MM, 648, 622, 11
MM, 650, 622, 23
MM, 650, 620, 12
MM, 651, 618, 22
MM, 651, 617, 12
MM, 652, 616, 11
MM, 652, 614, 24
MM, 652, 613, 34
MM, 653, 613, 11
MM, 653, 611, 12
MM, 654, 610, 12
MM, 654, 608, 11
MM, 14, 29, 12
MM, 14, 28, 11
MM, 15, 27, 22
MM, 15, 25, 47
MM, 15, 24, 115
MM, 15, 23, 79
MC, 1, 91
MM, 15, 21, 196
MM, 15, 16, 11
MM, 15, 7, 12
MM, 654, 573, 12
MM, 9, 3, 11
MM, 0, 4, 11
MM, 639, 464, 12
MM, 368, 67, 11
MM, 366, 50, 12
MM, 363, 22, 12
MM, 360, 11, 10
MM, 355, 4, 12
MM, 354, 0, 12
MM, 615, 352, 12
MM, 614, 349, 10
MM, 614, 347, 12
MM, 612, 344, 12
MM, 611, 344, 11
MM, 610, 340, 12
MM, 609, 340, 11
MM, 609, 338, 11
MM, 609, 336, 12
MM, 608, 334, 23
MM, 607, 334, 80
MM, 605, 331, 11
MM, 605, 330, 12
MM, 605, 327, 11
MM, 604, 323, 12
MM, 602, 320, 11
MM, 601, 317, 12
MM, 334, 81, 11
MM, 331, 73, 12
MM, 329, 68, 11
MM, 326, 60, 12
MM, 323, 56, 11
MM, 321, 51, 12
MM, 318, 48, 11
MM, 317, 46, 12
MM, 316, 43, 11
MM, 316, 41, 12
MM, 315, 41, 11
MM, 315, 40, 11
MM, 314, 40, 69
MM, 313, 40, 12
MM, 312, 40, 11
MM, 310, 40, 241
MM, 308, 40, 12
MM, 306, 42, 11
MM, 304, 42, 11
MM, 303, 42, 11
MM, 302, 43, 12
MM, 301, 43, 12
MM, 300, 43, 68
MM, 299, 43, 24
MM, 298, 43, 34
MM, 298, 42, 137
MM, 297, 42, 12
MM, 296, 41, 35
MM, 296, 42, 309
MM, 296, 41, 10
MC, 1, 184
MM, 299, 39, 1125
MM, 308, 33, 10
MM, 344, 24, 13
MM, 379, 24, 11
MM, 432, 33, 11
MM, 479, 52, 12
MM, 799, 311, 11
MM, 846, 346, 12
MM, 618, 35, 11
MM, 917, 429, 11
MM, 939, 464, 12
MM, 947, 642, 757
MM, 942, 643, 11
MM, 939, 643, 12
MM, 937, 643, 11
MM, 936, 644, 12
MM, 934, 644, 11
MM, 932, 644, 23
MM, 929, 644, 11
MM, 928, 644, 11
MM, 927, 644, 12
MM, 924, 646, 11
MM, 921, 646, 12
MM, 918, 646, 12
MM, 916, 647, 11
MM, 914, 648, 11
MM, 913, 648, 12
MM, 911, 649, 12
MM, 909, 649, 11
MM, 906, 649, 11
MM, 62, 0, 12
MM, 59, 0, 11
MM, 57, 1, 12
MM, 55, 1, 11
MM, 54, 2, 23
MM, 53, 2, 11
MM, 52, 3, 11
MM, 51, 3, 23
MM, 51, 4, 13
MM, 49, 4, 11
MM, 48, 4, 58
MM, 48, 6, 68
MM, 48, 7, 127
MM, 47, 7, 733
MM, 44, 0, 11
MM, 883, 645, 12
MM, 874, 635, 11
MM, 857, 622, 12
MM, 830, 591, 12
MM, 783, 552, 10
MM, 730, 526, 12
MM, 17, 3, 12
MM, 335, 71, 11
