********************************************************************************
LOGGING TIME: 20161112_145443
CLIENT IP: 10.117.7.42
USERNAME: Renu
OS: Windows 10
**********************************Emotional database********************************************************************************
MM, 637, 694, 1477468751407
MM, 628, 660, 12
MM, 611, 614, 11
MM, 595, 565, 11
MM, 13, 13, 12
MM, 555, 463, 11
MM, 273, 49, 12
MM, 266, 17, 12
MM, 521, 331, 11
MM, 519, 311, 11
MM, 255, 59, 12
MM, 253, 45, 11
MM, 253, 42, 12
MM, 253, 41, 23
MM, 253, 42, 34
MM, 253, 43, 11
MM, 253, 45, 12
MM, 253, 46, 57
MC, 1, 527
MM, 253, 49, 9950
MM, 250, 51, 11
MM, 251, 51, 11240
MM, 252, 52, 12
MM, 254, 54, 12
MM, 264, 67, 34
MM, 270, 78, 12
MM, 539, 315, 11
MM, 554, 342, 11
MM, 300, 12, 12
MM, 310, 33, 11
MM, 320, 63, 12
MM, 325, 80, 11
MM, 598, 457, 12
MM, 600, 468, 11
MM, 601, 474, 12
MM, 600, 481, 11
MM, 34, 24, 11
MM, 29, 26, 12
MM, 25, 27, 11
MM, 15, 30, 12
MM, 6, 30, 11
MM, 547, 500, 12
MM, 0, 25, 11
MM, 19, 19, 12
MM, 29, 4, 11
MM, 447, 458, 11
MM, 422, 447, 12
MM, 143, 78, 12
MM, 131, 69, 11
MM, 121, 55, 12
MM, 113, 47, 11
MM, 109, 36, 12
MM, 108, 33, 11
MM, 105, 27, 11
MM, 104, 25, 12
MM, 104, 24, 11
MM, 102, 19, 12
MM, 102, 18, 34
MM, 105, 17, 23
MM, 110, 16, 11
MM, 111, 6, 12
MM, 111, 4, 562
MM, 378, 312, 69
MM, 114, 75, 12
MM, 115, 73, 11
MM, 115, 72, 11
MM, 115, 71, 149
MM, 116, 70, 12
MM, 117, 66, 11
MM, 119, 61, 23
MM, 119, 60, 11
MM, 119, 59, 12
MM, 119, 57, 11
MM, 119, 55, 23
MM, 119, 54, 35
MM, 120, 53, 46
MM, 121, 53, 160
MM, 121, 52, 12
MM, 121, 51, 11
MM, 122, 51, 12
MM, 122, 47, 11
MM, 122, 44, 437
MM, 121, 43, 10
MM, 118, 39, 57
MM, 118, 38, 219
MM, 119, 38, 68
MM, 121, 38, 172
MM, 123, 43, 11
MM, 120, 38, 11
MC, 1, 183
MM, 118, 41, 3982
MM, 117, 50, 11
MM, 114, 66, 12
MM, 111, 81, 11
MM, 374, 329, 11
MM, 9, 5, 104
MM, 9, 4, 46
MM, 9, 0, 11
MM, 399, 457, 12
MM, 132, 89, 11
MM, 126, 73, 12
MM, 118, 58, 11
MM, 107, 32, 12
MM, 101, 16, 11
MM, 354, 354, 11
MM, 350, 345, 12
MM, 347, 337, 11
MM, 344, 332, 12
MM, 341, 331, 11
MM, 341, 328, 12
MM, 341, 327, 11
MM, 341, 326, 126
MM, 341, 325, 24
MM, 341, 326, 103
MM, 340, 326, 57
MM, 340, 325, 23
MM, 339, 325, 11
MM, 338, 325, 12
MM, 337, 325, 11
MM, 337, 324, 12
MM, 338, 326, 149
MM, 344, 334, 11
MM, 353, 346, 13
MM, 110, 17, 11
MM, 120, 35, 11
MM, 135, 57, 11
MM, 145, 67, 27
MM, 146, 71, 7
MM, 147, 76, 12
MM, 148, 77, 12
MM, 150, 80, 11
MM, 154, 89, 11
MM, 418, 447, 23
MM, 419, 447, 35
MM, 155, 89, 45
MM, 155, 88, 12
MM, 146, 77, 57
MM, 144, 76, 12
MM, 141, 72, 11
MM, 140, 71, 12
MM, 139, 70, 12
MM, 138, 69, 11
MM, 138, 68, 23
MM, 138, 66, 11
MM, 138, 64, 11
MM, 137, 64, 12
MM, 137, 63, 11
MM, 136, 62, 35
MM, 136, 61, 11
MC, 1, 412
MM, 140, 56, 391
MM, 171, 56, 69
MM, 175, 64, 11
MM, 178, 67, 12
MM, 181, 77, 11
MM, 184, 86, 12
MM, 448, 455, 11
MM, 10, 0, 12
MM, 10, 9, 11
MM, 10, 14, 11
MM, 10, 17, 12
MM, 10, 20, 11
MM, 10, 25, 12
MM, 9, 25, 12
MM, 8, 25, 22
MM, 8, 26, 12
MM, 7, 27, 11
MM, 5, 27, 12
MM, 3, 27, 11
MM, 1, 28, 12
MM, 438, 493, 11
MM, 435, 493, 12
MM, 433, 495, 11
MM, 432, 495, 23
MM, 432, 496, 58
MM, 435, 512, 34
MM, 438, 514, 11
MM, 438, 517, 12
MM, 0, 16, 11
MM, 1, 17, 12
MM, 2, 17, 23
MM, 3, 17, 68
MM, 4, 17, 35
MC, 1, 253
MM, 3, 17, 22
MM, 1, 17, 12
MM, 436, 519, 11
MM, 33, 17, 23
MM, 28, 17, 12
MM, 26, 16, 11
MM, 24, 14, 12
MM, 23, 13, 11
MM, 21, 13, 12
MM, 20, 13, 22
MC, 1, 219
MM, 3, 7, 103
MM, 19, 10, 11
MM, 30, 13, 11
MM, 602, 519, 12
MM, 605, 520, 11
MM, 0, 20, 12
MM, 1, 23, 11
MM, 1, 26, 12
MM, 605, 535, 11
MM, 609, 535, 184
MM, 21, 18, 138
MM, 22, 18, 11
MM, 23, 18, 11
MM, 24, 17, 12
MM, 25, 16, 11
MM, 26, 15, 23
MM, 28, 15, 12
MM, 30, 15, 22
MM, 31, 14, 12
MM, 31, 13, 11
MM, 34, 13, 12
MM, 36, 14, 12
MM, 0, 16, 34
MM, 2, 16, 11
MM, 4, 16, 12
MM, 5, 16, 11
MM, 7, 16, 12
MM, 8, 16, 11
MM, 9, 17, 12
MM, 10, 17, 22
MM, 0, 17, 241
MM, 29, 17, 12
MM, 8, 21, 11
MM, 20, 22, 12
MM, 35, 22, 11
MM, 18, 24, 12
MM, 4, 24, 11
MM, 31, 24, 12
MM, 19, 24, 11
MM, 12, 26, 12
MM, 7, 26, 11
MM, 3, 26, 12
MM, 1, 26, 11
MM, 522, 528, 11
MM, 519, 528, 12
MM, 518, 528, 11
MM, 517, 528, 12
MM, 33, 26, 11
MM, 31, 26, 11
MM, 29, 26, 12
MM, 25, 26, 12
MM, 22, 26, 11
MM, 20, 26, 12
MM, 15, 26, 11
MM, 12, 25, 11
MM, 7, 24, 12
MM, 3, 24, 11
MM, 0, 23, 12
MM, 34, 19, 11
MM, 28, 18, 12
MM, 19, 18, 11
MM, 13, 18, 12
MM, 9, 18, 11
MM, 3, 18, 11
MM, 438, 520, 12
MM, 433, 519, 11
MM, 32, 15, 12
MM, 30, 15, 11
MM, 28, 15, 12
MM, 27, 15, 12
MM, 26, 13, 11
MM, 25, 13, 11
MM, 24, 13, 12
MM, 21, 13, 11
MM, 20, 12, 12
MM, 19, 12, 11
MM, 18, 11, 12
MM, 17, 9, 46
MM, 16, 9, 23
MC, 1, 125
MM, 14, 9, 150
MM, 10, 11, 11
MM, 3, 12, 12
MM, 394, 515, 11
MM, 33, 15, 11
MM, 26, 19, 12
MM, 19, 19, 11
MM, 13, 24, 12
MM, 11, 25, 11
MM, 11, 26, 12
MM, 10, 27, 12
MM, 10, 28, 23
MM, 362, 533, 22
MM, 362, 534, 12
MM, 362, 535, 80
MM, 362, 536, 11
MM, 362, 537, 12
MM, 362, 538, 12
MM, 18, 2, 11
MM, 18, 3, 23
MM, 18, 4, 12
MM, 18, 6, 34
MM, 17, 7, 11
MM, 17, 8, 12
MM, 17, 9, 23
MM, 17, 10, 11
MM, 17, 11, 23
MM, 17, 13, 23
MM, 17, 14, 12
MC, 1, 150
MM, 20, 12, 22
MM, 33, 4, 11
MM, 388, 538, 12
MM, 404, 535, 11
MM, 26, 26, 11
MM, 434, 525, 12
MM, 11, 23, 11
MM, 20, 21, 12
MM, 29, 18, 11
MM, 33, 18, 12
MM, 478, 518, 11
MM, 13, 16, 80
MM, 14, 16, 12
MM, 15, 17, 12
MM, 16, 17, 11
MM, 18, 17, 12
MM, 19, 17, 11
MM, 20, 17, 34
MM, 20, 16, 161
MC, 1, 24
MM, 19, 16, 10
MM, 11, 16, 12
MM, 1, 18, 11
MM, 32, 23, 12
MM, 15, 27, 11
MM, 3, 29, 11
MM, 433, 532, 12
MM, 28, 30, 11
MM, 418, 533, 12
MM, 414, 533, 11
MM, 411, 533, 12
MM, 410, 533, 11
MM, 409, 533, 81
MM, 12, 30, 114
MM, 12, 29, 35
MM, 12, 28, 23
MM, 12, 27, 23
MM, 14, 25, 11
MM, 14, 23, 12
MM, 14, 22, 11
MM, 14, 19, 11
MM, 14, 17, 12
MM, 14, 15, 11
MM, 14, 13, 35
MM, 15, 13, 149
MC, 1, 24
MM, 16, 14, 11
MM, 19, 18, 11
MM, 22, 21, 11
MM, 26, 25, 12
MM, 433, 535, 11
MM, 438, 538, 12
MM, 15, 3, 11
MM, 17, 5, 12
MM, 20, 8, 11
MM, 21, 9, 12
MM, 22, 9, 11
MC, 1, 298
MM, 22, 15, 12
MM, 21, 17, 264
MM, 20, 19, 11
MM, 20, 23, 12
MM, 19, 26, 11
MM, 19, 29, 11
MM, 445, 570, 12
MM, 9, 0, 11
MM, 8, 6, 12
MM, 8, 11, 11
MM, 7, 15, 12
MM, 7, 22, 11
MM, 7, 27, 11
MM, 7, 29, 13
MM, 441, 607, 10
MM, 441, 610, 12
MM, 53, 3, 12
MM, 53, 6, 11
MM, 54, 8, 12
MM, 55, 10, 11
MM, 57, 12, 12
MM, 59, 15, 11
MM, 60, 16, 11
MM, 60, 17, 12
MM, 63, 20, 11
MM, 64, 21, 23
MM, 65, 23, 12
MM, 65, 24, 34
MM, 66, 24, 34
MM, 66, 23, 218
MM, 65, 22, 12
MM, 65, 21, 11
MM, 65, 20, 12
MM, 64, 17, 11
MM, 63, 16, 12
MM, 63, 15, 11
MM, 63, 14, 12
MM, 63, 13, 34
MC, 1, 161
MM, 62, 10, 34
MM, 61, 1, 12
MM, 11, 13, 11
MM, 442, 575, 11
MM, 8, 12, 12
MM, 3, 5, 11
MM, 0, 3, 12
MM, 425, 542, 11
MM, 425, 541, 12
MM, 425, 542, 114
MM, 425, 543, 24
MM, 425, 544, 11
MM, 425, 545, 12
MM, 425, 546, 22
MM, 425, 547, 12
MM, 424, 547, 11
MM, 422, 548, 23
MM, 34, 11, 12
MM, 32, 11, 11
MM, 31, 11, 11
MM, 29, 11, 12
MM, 27, 12, 12
MM, 25, 12, 11
MM, 23, 12, 11
MM, 21, 12, 12
MM, 19, 12, 11
MM, 18, 12, 23
MM, 422, 549, 184
MM, 24, 2, 11
MM, 20, 27, 12
MM, 26, 10, 11
MM, 16, 5, 12
MM, 620, 500, 11
MM, 632, 497, 12
MM, 639, 497, 11
MM, 643, 497, 12
MM, 644, 497, 11
MM, 646, 497, 12
MM, 5, 29, 11
MM, 11, 26, 11
MM, 12, 26, 12
MM, 15, 26, 11
MM, 17, 26, 12
MM, 18, 26, 11
MM, 20, 28, 12
MM, 21, 28, 11
MM, 22, 28, 12
MM, 23, 29, 11
MM, 26, 29, 12
MM, 28, 29, 11
MM, 30, 29, 11
MM, 33, 29, 12
MM, 679, 494, 12
MM, 681, 495, 11
MM, 682, 495, 11
MM, 682, 496, 12
MM, 683, 496, 11
MM, 684, 498, 12
MM, 684, 499, 23
MM, 684, 500, 34
MM, 682, 502, 23
MM, 36, 1, 12
MM, 34, 2, 11
MM, 33, 3, 11
MM, 31, 4, 12
MM, 30, 4, 12
MM, 28, 6, 11
MM, 27, 6, 11
MM, 26, 6, 12
MM, 25, 6, 12
MM, 21, 7, 57
MM, 18, 11, 11
MM, 17, 11, 12
MM, 16, 12, 11
MM, 15, 13, 12
MM, 15, 14, 34
MM, 8, 17, 172
MM, 2, 19, 12
MM, 28, 23, 11
MM, 21, 28, 11
MM, 617, 534, 12
MM, 608, 538, 11
MM, 594, 543, 12
MM, 29, 8, 11
MM, 22, 13, 12
MM, 13, 21, 11
MM, 6, 27, 12
MM, 552, 572, 11
MM, 26, 6, 12
MM, 15, 16, 11
MM, 5, 23, 11
MM, 513, 605, 12
MM, 511, 608, 11
MM, 505, 610, 12
MM, 504, 610, 12
MM, 503, 612, 11
MM, 112, 0, 11
MM, 111, 1, 46
MM, 111, 2, 69
MM, 111, 3, 11
MM, 111, 4, 12
MM, 111, 5, 115
MM, 111, 6, 11
MM, 111, 7, 12
MM, 111, 8, 11
MM, 110, 10, 23
MM, 109, 10, 126
MC, 1, 47
MM, 110, 10, 68
MM, 112, 9, 11
MM, 115, 8, 12
MM, 118, 8, 11
MM, 120, 6, 12
MM, 126, 6, 11
MM, 131, 3, 12
MM, 133, 3, 11
MM, 134, 3, 12
MM, 137, 3, 11
MM, 139, 2, 11
MM, 139, 1, 13
MM, 140, 1, 11
MM, 141, 1, 11
MM, 142, 0, 11
MM, 535, 611, 12
MM, 537, 611, 12
MM, 538, 610, 11
MM, 540, 609, 12
MM, 541, 609, 11
MM, 542, 609, 11
MM, 543, 608, 23
MM, 544, 608, 23
MM, 29, 30, 12
MM, 31, 28, 11
MM, 33, 28, 11
MM, 33, 26, 11
MM, 554, 599, 12
MM, 555, 598, 12
MM, 556, 597, 11
MM, 556, 596, 12
MM, 557, 596, 11
MM, 559, 595, 12
MM, 0, 19, 11
MM, 3, 19, 12
MM, 4, 18, 11
MM, 5, 18, 12
MM, 6, 18, 22
MM, 7, 17, 24
MM, 8, 17, 34
MM, 8, 16, 183
MM, 6, 14, 12
MM, 10, 9, 35
MM, 13, 4, 11
MM, 26, 4, 11
MM, 433, 580, 12
MM, 27, 2, 11
MM, 16, 1, 12
MM, 395, 573, 11
MM, 388, 573, 12
MM, 382, 570, 11
MM, 379, 570, 12
MM, 378, 570, 11
MM, 377, 570, 11
MM, 33, 30, 58
MM, 32, 30, 91
MM, 31, 29, 24
MM, 30, 29, 11
MM, 29, 28, 11
MM, 28, 27, 12
MM, 26, 26, 11
MM, 24, 25, 12
MM, 23, 23, 11
MM, 22, 21, 12
MM, 21, 21, 11
MM, 20, 20, 12
MM, 19, 19, 11
MM, 18, 19, 12
MM, 17, 19, 11
MM, 15, 17, 12
MC, 1, 139
MM, 17, 17, 10
MM, 20, 17, 11
MM, 26, 17, 12
MM, 380, 556, 11
MM, 14, 20, 12
MM, 31, 21, 11
MM, 1, 23, 12
MM, 456, 571, 11
MM, 466, 573, 11
MM, 473, 577, 12
MM, 3, 3, 11
MM, 10, 9, 12
MM, 13, 11, 11
MM, 15, 11, 12
MM, 16, 11, 12
MM, 17, 12, 11
MM, 19, 13, 11
MM, 21, 14, 12
MM, 22, 14, 11
MM, 23, 14, 11
MM, 25, 14, 12
MM, 27, 16, 12
MM, 29, 17, 11
MM, 31, 17, 11
MM, 34, 18, 12
MM, 513, 597, 11
MM, 516, 597, 12
MM, 0, 21, 11
MM, 1, 21, 12
MM, 2, 21, 11
MM, 3, 21, 23
MM, 5, 21, 23
MM, 6, 21, 11
MM, 6, 20, 13
MM, 8, 20, 11
MM, 9, 20, 34
MM, 9, 19, 23
MM, 9, 18, 11
MM, 10, 17, 23
MM, 10, 14, 149
MM, 10, 11, 12
MM, 10, 2, 11
MM, 529, 571, 12
MM, 19, 24, 11
MM, 534, 533, 58
MM, 11, 30, 22
MM, 12, 29, 12
MM, 13, 29, 11
MM, 13, 28, 12
MM, 13, 27, 23
MM, 14, 25, 23
MM, 14, 24, 11
MM, 14, 23, 12
MM, 14, 22, 11
MM, 14, 21, 12
MM, 14, 20, 57
MM, 14, 19, 35
MM, 12, 24, 137
MM, 526, 536, 11
MM, 8, 11, 12
MM, 507, 565, 12
MM, 27, 0, 11
MM, 24, 10, 12
MM, 20, 16, 11
MM, 19, 18, 11
MM, 16, 24, 12
MM, 14, 28, 11
MM, 14, 29, 12
MM, 14, 30, 11
MM, 13, 30, 23
MM, 12, 30, 12
MM, 487, 607, 23
MM, 487, 608, 45
MM, 485, 612, 12
MM, 95, 2, 11
MM, 95, 6, 12
MM, 94, 7, 11
MM, 93, 9, 23
MM, 93, 10, 92
MC, 1, 161
MM, 93, 9, 11
MM, 93, 3, 11
MM, 9, 29, 12
MM, 11, 17, 11
MM, 13, 7, 12
MM, 20, 29, 11
MM, 21, 21, 12
MM, 22, 14, 11
MM, 23, 11, 12
MM, 23, 9, 115
MM, 23, 8, 11
MM, 23, 6, 11
MM, 23, 4, 12
MM, 23, 1, 12
MM, 493, 538, 11
MM, 493, 535, 11
MM, 493, 533, 12
MM, 11, 29, 11
MM, 11, 27, 12
MM, 11, 24, 11
MM, 11, 23, 23
MC, 1, 207
MM, 11, 22, 45
MM, 12, 22, 12
MM, 15, 21, 11
MM, 22, 21, 12
MM, 29, 20, 11
MM, 519, 522, 12
MM, 7, 20, 11
MM, 15, 20, 12
MM, 20, 21, 11
MM, 26, 22, 11
MM, 28, 22, 12
MM, 31, 22, 11
MM, 560, 525, 12
MM, 1, 23, 11
MM, 2, 23, 12
MM, 5, 24, 11
MM, 7, 25, 12
MM, 8, 25, 11
MM, 10, 25, 11
MM, 11, 25, 24
MM, 12, 25, 11
MM, 13, 25, 11
MM, 14, 25, 12
MM, 15, 25, 11
MM, 17, 23, 12
MM, 19, 22, 12
MM, 20, 20, 11
MM, 22, 19, 11
MM, 27, 18, 12
MM, 28, 17, 11
MM, 29, 15, 12
MM, 32, 15, 12
MM, 34, 15, 11
MM, 601, 514, 11
MM, 602, 514, 11
MM, 605, 513, 12
MM, 606, 513, 11
MM, 0, 10, 12
MM, 2, 10, 12
MM, 4, 10, 11
MM, 5, 9, 11
MM, 7, 9, 12
MM, 8, 9, 11
MM, 9, 9, 12
MM, 10, 9, 11
MC, 1, 184
MM, 7, 12, 23
MM, 3, 18, 11
MM, 1, 22, 12
MM, 605, 528, 11
MM, 6, 0, 12
MM, 1, 7, 11
MM, 594, 556, 12
MM, 593, 558, 11
MM, 35, 25, 11
MM, 35, 26, 12
MM, 35, 29, 11
MM, 587, 570, 12
MM, 586, 570, 23
MM, 585, 573, 11
MM, 25, 0, 12
MM, 25, 3, 11
MM, 22, 6, 12
MM, 19, 11, 11
MM, 19, 14, 12
MM, 18, 17, 11
MM, 17, 18, 11
MM, 17, 19, 12
MM, 16, 20, 12
MM, 16, 21, 11
MM, 15, 21, 57
MC, 1, 149
MM, 14, 19, 12
MM, 10, 13, 11
MM, 9, 9, 12
MM, 3, 0, 11
MM, 0, 30, 11
MM, 34, 18, 12
MM, 14, 1, 12
MM, 33, 28, 11
MM, 18, 19, 12
MM, 0, 10, 11
MM, 31, 7, 12
MM, 21, 6, 11
MM, 14, 2, 12
MM, 9, 2, 11
MM, 2, 0, 12
MM, 436, 502, 22
MM, 435, 502, 12
MM, 434, 502, 11
MM, 433, 502, 23
MM, 35, 0, 23
MM, 33, 0, 12
MM, 31, 0, 11
MM, 30, 0, 12
MM, 30, 1, 22
MM, 29, 1, 12
MM, 29, 2, 23
MM, 28, 2, 11
MM, 27, 2, 12
MM, 26, 2, 11
MM, 25, 2, 11
MM, 24, 3, 12
MM, 23, 3, 12
MM, 22, 5, 11
MM, 21, 5, 12
MM, 20, 5, 23
MM, 20, 6, 241
MM, 18, 12, 68
MM, 18, 13, 12
MM, 16, 15, 11
MM, 16, 17, 12
MM, 16, 19, 11
MM, 15, 19, 12
MM, 15, 21, 11
MM, 15, 23, 11
MM, 14, 23, 12
MM, 13, 25, 23
MM, 13, 26, 23
MM, 13, 28, 11
MM, 13, 29, 12
MM, 12, 30, 23
MM, 409, 533, 34
MP, 1, 104
MR, 1, 12
MC, 1, 0
MM, 409, 534, 79
MM, 410, 536, 23
MM, 412, 538, 12
MM, 29, 0, 11
MM, 33, 3, 11
MM, 425, 549, 23
MM, 2, 14, 12
MM, 8, 17, 11
MM, 13, 22, 12
MM, 22, 29, 11
MM, 457, 572, 12
MM, 31, 1, 11
MM, 472, 579, 12
MM, 2, 7, 11
MM, 2, 26, 11
MM, 2, 25, 264
MM, 7, 22, 12
MM, 13, 13, 11
MM, 19, 7, 12
MM, 504, 575, 12
MM, 2, 30, 11
MM, 14, 25, 11
MM, 24, 25, 12
MM, 32, 25, 11
MM, 549, 564, 12
MM, 552, 565, 11
MM, 553, 565, 12
MM, 0, 26, 11
MM, 1, 26, 11
MM, 2, 26, 46
MM, 3, 26, 12
MM, 4, 26, 12
MM, 4, 28, 11
MM, 2, 28, 103
MM, 551, 567, 11
MM, 33, 28, 12
MM, 25, 29, 12
MM, 16, 29, 11
MM, 5, 29, 11
MM, 31, 27, 12
MM, 10, 27, 23
MM, 3, 27, 11
MM, 464, 561, 12
MM, 32, 22, 11
MM, 25, 22, 12
MM, 22, 22, 11
MM, 20, 22, 12
MM, 17, 22, 11
MM, 14, 22, 11
MM, 13, 21, 12
MM, 11, 20, 12
MM, 9, 19, 11
MM, 6, 17, 12
MM, 5, 16, 11
MM, 3, 15, 11
MM, 2, 15, 46
MM, 2, 14, 12
MM, 1, 14, 11
MM, 0, 13, 12
MM, 426, 552, 23
MM, 425, 552, 22
MM, 424, 552, 23
MM, 421, 552, 12
MM, 34, 13, 23
MM, 33, 13, 11
MM, 30, 13, 12
MM, 29, 13, 11
MM, 28, 13, 12
MM, 27, 13, 11
MM, 26, 13, 12
MM, 25, 13, 11
MM, 24, 13, 11
MM, 23, 13, 12
MM, 22, 13, 11
MM, 21, 13, 12
MM, 20, 13, 11
MM, 19, 13, 12
MM, 18, 12, 57
MC, 1, 139
MM, 20, 12, 80
MM, 22, 12, 10
MM, 25, 13, 12
MM, 30, 13, 11
MM, 422, 553, 12
MM, 6, 17, 12
MM, 17, 18, 11
MM, 35, 24, 12
MM, 8, 28, 11
MM, 490, 572, 11
MM, 32, 5, 12
MM, 9, 5, 11
MM, 19, 7, 12
MM, 27, 9, 11
MM, 2, 18, 12
MM, 15, 21, 11
MM, 27, 27, 12
MM, 613, 609, 22
MM, 622, 611, 12
MM, 629, 613, 11
MM, 635, 617, 12
MM, 637, 618, 11
MM, 638, 619, 12
MM, 639, 619, 11
MM, 639, 620, 12
MM, 639, 621, 11
MM, 639, 622, 57
MM, 639, 621, 92
MM, 639, 620, 12
MM, 637, 618, 12
MM, 634, 615, 11
MM, 633, 610, 12
MM, 27, 30, 11
MM, 27, 28, 11
MM, 27, 27, 12
MM, 25, 25, 11
MM, 25, 24, 46
MM, 27, 23, 12
MM, 28, 22, 11
MM, 30, 22, 11
MM, 635, 598, 12
MM, 636, 598, 11
MM, 639, 598, 12
MM, 0, 22, 11
MM, 1, 22, 12
MM, 3, 21, 11
MM, 6, 21, 23
MM, 7, 21, 12
MM, 9, 21, 23
MM, 10, 21, 23
MM, 11, 21, 11
MM, 12, 21, 34
MM, 12, 20, 70
MM, 8, 20, 114
MM, 1, 20, 11
MM, 26, 23, 12
MM, 5, 27, 11
MM, 30, 29, 12
MM, 569, 608, 11
MM, 546, 611, 12
MM, 145, 0, 11
MM, 137, 2, 12
MM, 128, 2, 11
MM, 117, 8, 11
MM, 110, 8, 12
MM, 102, 8, 11
MM, 97, 10, 12
MM, 94, 12, 12
MM, 91, 12, 11
MM, 90, 13, 11
MC, 1, 527
MM, 88, 13, 161
MM, 86, 12, 12
MM, 84, 10, 11
MM, 80, 8, 12
MM, 70, 4, 11
MM, 448, 612, 12
MM, 433, 606, 11
MM, 30, 26, 12
MM, 19, 24, 11
MM, 10, 20, 12
MM, 7, 18, 11
MM, 6, 18, 11
MM, 6, 17, 12
MM, 5, 17, 23
MM, 4, 16, 23
MM, 3, 14, 34
MM, 3, 11, 23
MM, 2, 9, 12
MM, 1, 6, 11
MM, 1, 5, 11
MM, 1, 0, 24
MM, 392, 575, 22
MM, 392, 574, 12
MM, 392, 573, 23
MM, 392, 571, 23
MM, 392, 570, 11
MM, 7, 30, 12
MM, 8, 30, 11
MM, 8, 29, 12
MM, 10, 27, 11
MM, 10, 26, 34
MM, 11, 25, 12
MM, 11, 24, 12
MM, 12, 24, 12
MM, 12, 22, 22
MM, 13, 22, 23
MM, 13, 21, 11
MM, 14, 20, 12
MM, 14, 19, 23
MM, 14, 18, 11
MM, 15, 18, 12
MM, 15, 17, 11
MM, 15, 16, 12
MC, 1, 127
MM, 17, 16, 22
MM, 21, 15, 11
MM, 29, 13, 12
MM, 4, 11, 11
MM, 35, 7, 12
MM, 15, 4, 11
MM, 522, 538, 11
MM, 539, 533, 12
MM, 556, 535, 11
MM, 571, 535, 12
MM, 583, 535, 11
MM, 591, 535, 12
MM, 599, 533, 11
MM, 607, 533, 12
MM, 616, 535, 11
MM, 624, 535, 12
MM, 630, 535, 11
MM, 633, 535, 12
MM, 635, 535, 11
MM, 638, 536, 34
MM, 640, 534, 12
MM, 641, 534, 11
MM, 641, 533, 12
MM, 642, 533, 11
MM, 643, 532, 69
MM, 0, 30, 12
MM, 0, 28, 11
MM, 1, 28, 12
MM, 2, 28, 23
MM, 2, 27, 11
MM, 2, 26, 23
MM, 2, 25, 11
MM, 2, 22, 12
MM, 2, 21, 12
MM, 2, 19, 11
MM, 2, 16, 12
MM, 2, 14, 11
MM, 2, 13, 46
MM, 3, 13, 80
MM, 4, 13, 12
MM, 3, 13, 103
MM, 25, 15, 34
MM, 555, 571, 11
MM, 21, 7, 12
MM, 7, 10, 11
MM, 5, 13, 12
MM, 3, 14, 11
MM, 514, 593, 12
MM, 35, 21, 11
MM, 32, 24, 12
MM, 30, 26, 11
MM, 24, 27, 12
MM, 22, 29, 11
MM, 82, 8, 82
MM, 78, 8, 10
MM, 76, 9, 11
MM, 75, 10, 23
MM, 75, 11, 23
MM, 74, 11, 23
MM, 73, 13, 12
MM, 73, 14, 11
MM, 72, 14, 11
MM, 72, 17, 12
MM, 72, 18, 12
MC, 1, 161
MM, 72, 17, 11
MM, 72, 16, 11
MM, 72, 14, 23
MM, 73, 10, 12
MM, 77, 6, 11
MM, 79, 0, 12
MM, 470, 610, 11
MM, 474, 604, 11
MM, 0, 27, 12
MM, 0, 26, 11
MM, 0, 25, 12
MM, 1, 25, 11
MM, 2, 25, 23
MM, 3, 24, 46
MM, 4, 24, 34
MM, 5, 24, 23
MM, 6, 23, 12
MM, 6, 22, 103
MM, 7, 22, 12
MM, 7, 21, 23
MM, 8, 21, 11
MM, 16, 16, 160
MM, 32, 10, 12
MM, 0, 3, 12
MM, 533, 573, 11
MM, 551, 565, 12
MM, 8, 25, 11
MM, 15, 20, 11
MM, 21, 17, 11
MM, 32, 14, 12
MM, 596, 550, 11
MM, 7, 9, 12
MM, 14, 7, 11
MM, 21, 4, 13
MM, 27, 4, 11
MM, 31, 0, 11
MM, 632, 538, 12
MM, 636, 536, 11
MM, 638, 534, 11
MM, 641, 534, 12
MM, 0, 30, 11
MM, 2, 30, 12
MM, 3, 30, 11
MM, 5, 27, 12
MM, 7, 24, 115
MM, 8, 24, 11
MM, 8, 23, 11
MM, 9, 21, 12
MM, 10, 20, 12
MM, 10, 18, 11
MM, 12, 17, 12
MM, 13, 16, 11
MM, 13, 15, 12
MM, 14, 13, 23
MM, 13, 13, 171
MM, 2, 12, 23
MM, 22, 15, 35
MM, 558, 511, 45
MM, 25, 6, 24
MM, 10, 5, 22
MM, 5, 1, 12
MM, 519, 503, 23
MM, 25, 1, 34
MM, 23, 0, 23
MM, 19, 0, 57
MM, 7, 4, 23
MM, 0, 9, 12
MM, 22, 20, 23
MM, 16, 20, 23
MM, 16, 21, 11
MM, 15, 21, 11
MM, 14, 21, 35
MM, 14, 22, 620
MC, 1, 275
MM, 14, 21, 11
MM, 13, 21, 11
MM, 12, 21, 12
MM, 7, 21, 23
MM, 4, 21, 11
MM, 1, 21, 12
MM, 437, 522, 11
MM, 434, 522, 12
MM, 35, 20, 11
MM, 32, 20, 12
MM, 30, 19, 11
MM, 29, 19, 12
MM, 28, 19, 11
MM, 27, 19, 11
MM, 26, 19, 12
MM, 25, 19, 23
MM, 24, 19, 25
MM, 23, 19, 9
MM, 22, 19, 12
MM, 22, 18, 23
MC, 1, 127
MM, 23, 19, 45
MM, 27, 21, 11
MM, 33, 26, 12
MM, 433, 532, 12
MM, 437, 536, 11
MM, 14, 1, 11
MM, 18, 7, 12
MM, 21, 8, 11
MM, 22, 10, 12
MM, 23, 11, 23
MC, 1, 241
MM, 23, 12, 68
MM, 23, 13, 12
MM, 21, 17, 11
MM, 19, 21, 12
MM, 19, 24, 12
MM, 18, 27, 11
MM, 443, 573, 11
MM, 8, 1, 12
MM, 8, 2, 11
MM, 8, 4, 11
MM, 8, 5, 11
MM, 8, 7, 12
MM, 8, 8, 12
MM, 8, 12, 23
MM, 8, 15, 195
MM, 7, 18, 11
MM, 7, 19, 12
MM, 6, 22, 23
MM, 6, 24, 22
MM, 6, 25, 24
MM, 6, 27, 23
MM, 6, 28, 11
MM, 6, 30, 23
MM, 440, 607, 34
MM, 440, 608, 23
MM, 440, 609, 12
MM, 440, 610, 23
MM, 441, 612, 22
MM, 442, 612, 12
MM, 53, 0, 11
MM, 55, 1, 12
MM, 56, 1, 22
MM, 56, 2, 13
MM, 57, 3, 11
MM, 58, 3, 11
MC, 1, 219
MM, 57, 3, 114
MM, 56, 3, 23
MM, 54, 3, 11
MM, 51, 3, 12
MM, 45, 3, 11
MM, 37, 2, 12
MM, 29, 0, 11
MM, 408, 611, 12
MM, 398, 607, 11
MM, 390, 602, 11
MM, 25, 16, 12
MM, 15, 13, 12
MM, 9, 10, 11
MM, 1, 10, 11
MM, 346, 586, 12
MM, 31, 6, 11
MM, 29, 5, 12
MM, 26, 1, 11
MM, 24, 1, 12
MM, 332, 574, 11
MM, 332, 573, 46
MM, 334, 572, 80
MM, 338, 570, 12
MM, 342, 569, 11
MM, 0, 30, 12
MM, 3, 29, 11
MM, 6, 27, 11
MM, 8, 27, 12
MM, 9, 27, 34
MM, 9, 26, 23
MM, 11, 25, 12
MM, 12, 23, 12
MM, 14, 21, 11
MM, 15, 19, 11
MM, 17, 19, 12
MM, 20, 17, 11
MM, 21, 15, 23
MM, 21, 13, 12
MM, 22, 13, 11
MM, 23, 10, 12
MM, 23, 9, 11
MM, 27, 6, 35
MM, 28, 5, 22
MM, 29, 5, 81
MM, 30, 5, 34
MM, 27, 5, 149
MM, 26, 5, 12
MM, 25, 5, 11
MM, 24, 5, 12
MM, 23, 5, 34
MM, 22, 5, 34
MM, 21, 5, 13
MM, 21, 6, 57
MC, 1, 23
MM, 21, 7, 91
MM, 22, 7, 12
MM, 26, 9, 11
MM, 28, 10, 12
MM, 33, 13, 11
MM, 381, 555, 11
MM, 7, 21, 12
MM, 21, 27, 11
MM, 414, 570, 12
MM, 423, 574, 11
MM, 430, 575, 12
MM, 6, 3, 11
MM, 14, 5, 11
MM, 18, 6, 12
MM, 24, 8, 11
MM, 27, 9, 12
MM, 29, 10, 11
MM, 31, 10, 12
MM, 31, 11, 11
MM, 31, 13, 12
MM, 30, 19, 11
MM, 31, 19, 184
MM, 33, 19, 11
MM, 472, 595, 12
MM, 473, 595, 11
MM, 0, 19, 11
MM, 1, 19, 13
MM, 2, 19, 10
MM, 3, 19, 12
MM, 6, 19, 12
MM, 7, 19, 23
MM, 7, 18, 11
MM, 9, 18, 11
MM, 14, 16, 24
MM, 17, 15, 11
MM, 21, 15, 11
MM, 23, 14, 12
MM, 25, 14, 11
MM, 27, 14, 11
MM, 28, 14, 12
MM, 29, 14, 12
MM, 31, 14, 11
MM, 33, 14, 12
MM, 34, 14, 11
MM, 511, 590, 11
MM, 513, 590, 12
MM, 515, 590, 12
MM, 1, 14, 11
MM, 2, 14, 23
MM, 3, 14, 57
MM, 4, 14, 12
MM, 5, 14, 11
MM, 6, 14, 69
MM, 7, 14, 23
MM, 8, 14, 11
MM, 9, 14, 23
MC, 1, 230
MM, 7, 13, 34
MM, 4, 12, 11
MM, 33, 11, 12
MM, 20, 9, 11
MM, 8, 8, 12
MM, 3, 7, 11
MM, 472, 580, 12
MM, 470, 578, 11
MM, 34, 2, 12
MM, 32, 2, 11
MM, 31, 2, 12
MM, 30, 2, 11
MM, 29, 1, 11
MM, 29, 0, 12
MM, 463, 575, 34
MM, 462, 575, 12
MM, 461, 573, 12
MM, 459, 572, 11
MM, 458, 571, 12
MM, 30, 30, 11
MM, 30, 28, 11
MM, 29, 25, 12
MM, 29, 24, 11
MM, 29, 23, 12
MM, 28, 22, 11
MM, 28, 20, 23
MM, 27, 19, 11
MM, 26, 18, 12
MM, 25, 17, 23
MM, 25, 16, 11
MM, 24, 14, 23
MM, 22, 14, 12
MM, 21, 14, 11
MM, 21, 13, 12
MM, 20, 13, 11
MM, 19, 13, 12
MM, 18, 12, 23
MC, 1, 81
MM, 19, 12, 10
MM, 19, 19, 24
MM, 19, 23, 11
MM, 12, 25, 103
MM, 449, 609, 23
MM, 449, 611, 23
MM, 449, 612, 12
MM, 59, 1, 11
MM, 59, 2, 23
MM, 59, 3, 11
MM, 59, 4, 23
MM, 59, 5, 23
MM, 59, 6, 46
MM, 59, 7, 46
MM, 60, 7, 11
MM, 60, 8, 12
MM, 61, 9, 11
MM, 61, 11, 12
MM, 61, 12, 11
MM, 61, 13, 34
MC, 1, 151
MM, 60, 11, 33
MM, 57, 10, 12
MM, 54, 8, 11
MM, 51, 5, 11
MM, 47, 3, 12
MM, 432, 610, 11
MM, 428, 608, 12
MM, 33, 27, 11
MM, 31, 26, 12
MM, 25, 24, 11
MM, 15, 11, 92
MM, 13, 10, 12
MM, 12, 8, 11
MM, 10, 7, 11
MM, 9, 4, 12
MM, 397, 570, 57
MM, 12, 30, 46
MM, 12, 29, 92
MM, 11, 29, 286
MM, 11, 28, 632
MM, 11, 27, 34
MM, 11, 26, 11
MM, 11, 25, 12
MM, 11, 24, 11
MM, 11, 23, 35
MM, 11, 22, 34
MM, 11, 21, 46
MM, 11, 20, 23
MC, 1, 253
MM, 12, 20, 68
MM, 15, 19, 12
MM, 20, 17, 11
MM, 421, 555, 12
MM, 7, 12, 11
MM, 20, 11, 11
MM, 2, 8, 12
MM, 26, 8, 11
MM, 510, 546, 12
MM, 22, 3, 11
MM, 36, 3, 12
MM, 8, 3, 11
MM, 17, 4, 12
MM, 28, 4, 11
MM, 36, 4, 12
MM, 595, 543, 11
MM, 2, 1, 11
MM, 608, 536, 23
MM, 610, 536, 12
MM, 613, 535, 11
MM, 619, 535, 12
MM, 622, 535, 11
MM, 625, 533, 12
MM, 20, 30, 11
MM, 22, 30, 12
MM, 24, 29, 11
MM, 24, 28, 58
MM, 24, 27, 57
MM, 23, 26, 23
MM, 22, 26, 11
MM, 20, 24, 12
MM, 17, 22, 11
MM, 15, 21, 12
MM, 14, 20, 11
MM, 13, 19, 12
MM, 13, 18, 11
MM, 13, 17, 12
MC, 1, 229
MM, 12, 17, 310
MM, 9, 17, 11
MM, 1, 17, 12
MM, 32, 16, 11
MM, 18, 16, 11
MM, 0, 16, 12
MM, 27, 16, 11
MM, 16, 16, 12
MM, 8, 16, 11
MM, 0, 17, 11
MM, 517, 520, 13
MM, 22, 21, 22
MM, 14, 28, 12
MM, 490, 536, 11
MM, 12, 3, 12
MM, 5, 8, 11
MM, 467, 552, 12
MM, 34, 18, 11
MM, 32, 20, 12
MM, 30, 22, 11
MM, 28, 24, 12
MM, 26, 24, 23
MM, 26, 26, 11
MM, 23, 27, 11
MM, 20, 30, 12
MM, 19, 30, 12
MM, 442, 573, 11
MM, 441, 573, 11
MM, 438, 573, 12
MM, 437, 574, 11
MM, 434, 575, 11
MM, 0, 2, 12
MM, 433, 580, 12
MM, 432, 581, 11
MM, 36, 7, 12
MM, 32, 9, 11
MM, 29, 12, 12
MM, 27, 13, 11
MM, 25, 15, 12
MM, 23, 18, 11
MM, 21, 18, 12
MM, 20, 18, 11
MM, 19, 18, 11
MM, 18, 18, 12
MM, 17, 18, 11
MM, 17, 17, 69
MM, 17, 16, 34
MM, 21, 14, 138
MM, 33, 12, 12
MM, 13, 7, 11
MM, 474, 575, 11
MM, 8, 29, 12
MM, 35, 23, 12
MM, 19, 23, 11
MM, 0, 18, 11
MM, 15, 16, 11
MM, 28, 16, 12
MM, 3, 16, 11
MM, 11, 15, 12
MM, 17, 15, 12
MM, 27, 13, 68
MM, 27, 12, 81
MM, 26, 12, 631
MM, 25, 12, 34
MM, 24, 12, 12
MM, 22, 12, 11
MM, 21, 12, 11
MM, 20, 12, 12
MC, 1, 184
MM, 18, 12, 34
MM, 15, 12, 11
MM, 11, 12, 12
MM, 1, 12, 11
MM, 31, 12, 12
MM, 17, 15, 11
MM, 1, 16, 11
MM, 30, 20, 12
MM, 14, 23, 11
MM, 3, 27, 12
MM, 548, 568, 11
MM, 538, 572, 13
MM, 13, 0, 10
MM, 9, 1, 12
MM, 8, 4, 11
MM, 5, 4, 12
MM, 3, 5, 11
MM, 0, 9, 11
MM, 516, 589, 12
MM, 515, 591, 11
MM, 513, 593, 12
MM, 513, 595, 12
MM, 513, 596, 11
MM, 513, 597, 12
MM, 513, 598, 11
MM, 513, 600, 23
MM, 513, 603, 11
MM, 513, 604, 12
MM, 514, 606, 11
MM, 514, 607, 11
MM, 514, 608, 12
MM, 514, 609, 12
MM, 514, 610, 22
MM, 514, 611, 12
MM, 514, 612, 11
MM, 124, 0, 35
MM, 124, 1, 12
MM, 124, 2, 45
MM, 124, 3, 23
MM, 124, 4, 23
MM, 124, 5, 12
MM, 124, 8, 80
MM, 124, 9, 12
MM, 124, 10, 11
MM, 124, 11, 23
MM, 124, 12, 46
MM, 123, 12, 68
MC, 1, 47
MM, 126, 9, 45
MM, 132, 2, 12
MM, 530, 610, 12
MM, 22, 27, 11
MM, 571, 572, 34
MM, 28, 23, 12
MM, 592, 557, 11
MM, 1, 14, 12
MM, 6, 9, 11
MM, 13, 7, 12
MM, 20, 0, 11
MM, 620, 536, 12
MM, 625, 534, 11
MM, 20, 30, 11
MM, 24, 29, 12
MM, 27, 27, 11
MM, 640, 523, 12
MM, 642, 522, 11
MM, 2, 21, 12
MM, 5, 21, 22
MM, 6, 21, 23
MM, 7, 21, 23
MM, 8, 21, 35
MM, 9, 21, 11
MM, 11, 20, 12
MM, 13, 19, 12
MM, 13, 18, 11
MM, 14, 18, 23
MM, 14, 17, 104
MM, 11, 16, 68
MM, 18, 22, 34
MM, 5, 24, 12
MM, 602, 528, 11
MM, 25, 28, 11
MM, 15, 28, 12
MM, 11, 28, 11
MM, 566, 533, 12
MM, 562, 533, 12
MM, 559, 534, 11
MM, 556, 537, 12
MM, 548, 540, 11
MM, 31, 1, 11
MM, 28, 2, 12
MM, 25, 3, 11
MM, 21, 3, 12
MM, 18, 5, 11
MM, 14, 6, 11
MM, 8, 12, 12
MM, 3, 13, 12
MM, 510, 553, 11
MM, 505, 554, 12
MM, 33, 17, 11
MM, 30, 18, 11
MM, 29, 18, 12
MM, 28, 18, 11
MM, 27, 18, 12
MM, 26, 18, 11
MM, 24, 18, 12
MM, 23, 18, 11
MM, 22, 18, 23
MM, 19, 18, 12
MM, 18, 18, 22
MM, 17, 18, 12
MM, 16, 18, 11
MM, 15, 18, 12
MM, 14, 18, 11
MM, 13, 17, 12
MC, 1, 128
MM, 13, 18, 44
MM, 14, 24, 12
MM, 484, 571, 11
MM, 9, 3, 12
MM, 9, 7, 11
MM, 9, 10, 11
MM, 9, 12, 12
MM, 9, 15, 11
MM, 11, 20, 12
MM, 12, 21, 12
MM, 13, 23, 11
MM, 13, 26, 11
MM, 13, 27, 12
MM, 13, 28, 11
MM, 13, 29, 12
MM, 488, 608, 11
MM, 488, 610, 35
MM, 489, 611, 11
MM, 101, 2, 11
MM, 102, 3, 35
MM, 102, 5, 12
MM, 102, 6, 22
MM, 104, 7, 12
MM, 104, 8, 11
MM, 104, 10, 11
MM, 104, 11, 35
MM, 105, 11, 12
MC, 1, 150
MM, 106, 10, 45
MM, 110, 4, 11
MM, 114, 1, 11
MM, 511, 609, 12
MM, 3, 24, 12
MM, 16, 13, 11
MM, 23, 6, 11
MM, 551, 573, 12
MM, 4, 30, 11
MM, 12, 24, 12
MM, 16, 22, 11
MM, 19, 19, 11
MM, 27, 18, 12
MM, 32, 12, 11
MM, 591, 547, 12
MM, 593, 546, 12
MM, 594, 545, 11
MM, 0, 6, 11
MM, 2, 4, 24
MM, 3, 2, 11
MM, 604, 537, 12
MM, 606, 532, 11
MM, 2, 22, 23
MM, 3, 20, 11
MM, 5, 19, 12
MM, 5, 18, 22
MM, 7, 16, 24
MM, 8, 16, 11
MM, 9, 14, 12
MM, 10, 14, 34
MM, 10, 13, 11
MM, 12, 11, 12
MM, 13, 11, 34
MM, 13, 10, 58
MM, 13, 9, 57
MM, 8, 9, 46
MM, 2, 9, 11
MM, 602, 511, 12
MM, 29, 7, 11
MM, 21, 7, 12
MM, 15, 7, 11
MM, 7, 7, 12
MM, 0, 7, 11
MM, 558, 508, 12
MM, 29, 4, 11
MM, 25, 4, 12
MM, 22, 4, 11
MM, 19, 4, 12
MM, 16, 4, 11
MM, 12, 4, 11
MM, 10, 4, 12
MM, 8, 4, 11
MM, 5, 4, 12
MM, 2, 2, 11
MM, 0, 2, 12
MM, 521, 504, 11
MM, 519, 504, 12
MM, 517, 504, 11
MM, 34, 2, 23
MM, 32, 2, 12
MM, 31, 2, 11
MM, 30, 2, 12
MM, 28, 2, 11
MM, 27, 3, 11
MM, 26, 4, 12
MM, 25, 5, 11
MM, 24, 6, 12
MM, 22, 6, 11
MM, 21, 6, 23
MM, 21, 7, 12
MM, 20, 7, 11
MM, 19, 7, 12
MM, 19, 9, 11
MM, 18, 9, 12
MM, 17, 10, 22
MC, 1, 151
MM, 19, 10, 79
MM, 20, 11, 11
MM, 22, 13, 12
MM, 25, 14, 11
MM, 29, 17, 12
MM, 33, 20, 11
MM, 519, 525, 12
MM, 521, 527, 11
MM, 1, 26, 12
MM, 4, 30, 11
MM, 5, 30, 81
MM, 7, 30, 11
MM, 8, 30, 11
MM, 10, 30, 12
MM, 12, 30, 12
MM, 15, 30, 11
MM, 21, 30, 11
MM, 26, 30, 12
MM, 559, 532, 11
MM, 9, 30, 12
MM, 587, 533, 11
MM, 600, 536, 12
MM, 26, 9, 11
MM, 9, 13, 11
MM, 19, 17, 12
MM, 30, 23, 12
MM, 695, 574, 23
MM, 699, 582, 11
MM, 702, 592, 11
MM, 705, 592, 2740
MM, 711, 597, 12
MM, 730, 607, 11
MM, 758, 634, 12
MM, 791, 671, 11
MM, 804, 688, 11
MM, 591, 682, 218
MM, 571, 672, 12
MM, 553, 665, 11
MM, 533, 656, 12
MM, 523, 652, 11
MM, 122, 28, 12
MM, 117, 26, 11
MM, 111, 19, 12
MM, 108, 19, 11
MM, 106, 16, 12
MM, 106, 14, 12
MM, 106, 13, 57
MM, 106, 12, 23
MM, 106, 9, 11
MM, 106, 8, 12
MM, 106, 5, 11
MM, 112, 0, 12
MM, 34, 28, 11
MM, 1, 21, 11
MM, 19, 6, 12
MM, 551, 574, 11
MM, 16, 23, 12
MM, 1, 14, 11
MM, 22, 8, 12
MM, 635, 544, 11
MM, 17, 5, 12
MM, 673, 544, 11
MM, 15, 9, 12
MM, 27, 10, 11
MM, 728, 556, 12
MM, 748, 566, 11
MM, 764, 588, 12
MM, 777, 612, 11
MM, 785, 636, 11
MM, 793, 657, 12
MM, 800, 691, 11
MM, 817, 690, 287
MM, 826, 685, 11
MM, 832, 683, 12
MM, 836, 680, 11
MM, 843, 679, 12
MM, 846, 678, 11
MM, 6, 26, 12
MM, 7, 24, 11
MM, 8, 24, 12
MM, 8, 23, 46
MM, 8, 22, 11
MM, 10, 21, 12
MM, 12, 18, 11
MM, 17, 15, 11
MM, 18, 14, 12
MM, 20, 13, 11
MM, 22, 13, 12
MM, 22, 12, 115
MM, 23, 12, 184
MM, 22, 10, 412
MM, 17, 7, 11
MM, 849, 643, 12
MM, 820, 612, 11
MM, 792, 587, 11
MM, 763, 558, 12
MM, 34, 20, 15
MM, 2, 23, 8
MM, 651, 462, 12
MM, 332, 40, 22
