**********************************
LOGGING TIME: 20180906_121518
CLIENT IP: 127.0.1.1
USERNAME: abhilash
OS: Linux
*********************Neutral database**********************************
MM, 26, 17, 1537598295039
MM, 2, 18, 12
MM, 159, 6, 5340
MM, 33, 1, 4231
MM, 35, 4, 13
MM, 36, 6, 12
MM, 37, 7, 14
MM, 38, 8, 14
MM, 38, 8, 12
MM, 38, 8, 370
MM, 35, 10, 11
MM, 29, 12, 13
MM, 21, 14, 13
MM, 13, 16, 12
MM, 6, 18, 12
MM, 0, 20, 15
MM, 176, 24, 27
MM, 174, 25, 11
MM, 172, 25, 13
MM, 171, 26, 12
MM, 170, 26, 12
MM, 168, 27, 12
MM, 166, 27, 15
MM, 164, 28, 12
MM, 162, 28, 12
MM, 161, 28, 15
MM, 160, 28, 12
MM, 159, 28, 11
MM, 159, 28, 12
MM, 158, 28, 15
MM, 158, 28, 13
MM, 158, 28, 12
MM, 157, 28, 12
MM, 157, 28, 14
MM, 142, 0, 3999
MM, 142, 0, 12
MM, 142, 1, 15
MM, 142, 3, 12
MM, 142, 4, 15
MM, 142, 5, 13
MM, 142, 6, 11
MM, 142, 7, 11
MM, 142, 8, 14
MM, 142, 9, 14
MM, 142, 9, 12
MM, 142, 10, 13
MM, 142, 11, 13
MM, 142, 11, 13
MM, 142, 12, 11
MM, 142, 12, 12
MM, 142, 13, 15
MM, 142, 13, 12
MM, 142, 13, 15
MM, 142, 13, 10
MM, 142, 13, 13
MM, 142, 14, 13
MC, 1, 113
MM, 142, 14, 5696
MM, 143, 14, 27
MM, 153, 15, 13
MM, 172, 16, 11
MM, 19, 14, 14
MM, 50, 14, 12
MM, 65, 15, 14919
MM, 67, 1, 12499
MM, 69, 2, 11
MM, 71, 3, 12
MM, 71, 3, 12
MM, 71, 3, 16
MM, 76, 5, 175
MM, 90, 12, 15
MM, 119, 27, 13
MM, 165, 1, 14
MM, 14, 15, 12
MM, 38, 25, 12
MC, 1, 6775
MC, 1, 5274
MM, 76, 12, 38156
MM, 95, 52, 23
MM, 14, 7, 26
MM, 18, 16, 13
MM, 20, 20, 16
MM, 21, 21, 11
MM, 21, 22, 11
MM, 22, 22, 12
MM, 22, 23, 12
MM, 22, 23, 28
MM, 23, 23, 25
MM, 23, 23, 26
MM, 23, 23, 23
MM, 23, 20, 66
MM, 23, 16, 13
MM, 23, 11, 11
MM, 23, 6, 12
MM, 24, 2, 15
MM, 124, 66, 194
MM, 125, 63, 11
MM, 126, 60, 11
MM, 127, 59, 12
MM, 127, 57, 12
MM, 128, 57, 15
MM, 128, 56, 14
MM, 129, 55, 12
MM, 129, 54, 12
MM, 130, 52, 12
MM, 131, 51, 13
MM, 132, 49, 12
MM, 133, 48, 14
MM, 133, 46, 12
MM, 134, 45, 14
MM, 135, 44, 13
MM, 135, 42, 11
MM, 136, 41, 12
MM, 137, 40, 13
MM, 137, 39, 13
MM, 138, 38, 14
MM, 138, 37, 13
MM, 138, 36, 13
MM, 139, 36, 12
MM, 139, 35, 11
MM, 139, 35, 14
MM, 139, 35, 15
MM, 139, 34, 12
MM, 139, 34, 11
MM, 139, 34, 15
MM, 139, 34, 11
MM, 139, 34, 12
MM, 139, 33, 13
MM, 139, 33, 14
MM, 139, 33, 12
MC, 1, 177
MM, 139, 34, 1695
MM, 139, 37, 13
MM, 139, 44, 15
MM, 139, 55, 12
MM, 42, 4, 27
MM, 42, 17, 11
MM, 42, 31, 11
MM, 25, 31, 2029
MM, 25, 31, 12
MM, 25, 31, 13
MM, 26, 31, 13
MM, 26, 31, 13
MM, 26, 31, 11
MM, 26, 30, 12
MM, 26, 30, 13
MM, 26, 30, 16
MM, 26, 29, 12
MM, 26, 29, 13
MM, 27, 29, 12
MM, 28, 28, 12
MM, 28, 28, 11
MM, 28, 27, 13
MM, 29, 27, 14
MM, 31, 26, 14
MM, 32, 24, 13
MM, 34, 22, 12
MM, 35, 20, 13
MM, 37, 19, 11
MM, 39, 17, 12
MM, 40, 15, 15
MM, 41, 14, 13
MM, 42, 13, 13
MM, 43, 12, 14
MM, 0, 2, 124
MM, 0, 1, 13
MM, 51, 67, 76
MM, 51, 65, 13
MM, 51, 62, 13
MM, 51, 60, 14
MM, 51, 58, 13
MM, 51, 56, 13
MM, 51, 55, 14
MM, 51, 53, 11
MM, 51, 51, 11
MM, 51, 50, 13
MM, 49, 49, 16
MM, 47, 48, 9
MM, 45, 47, 14
MM, 42, 47, 13
MM, 39, 46, 14
MM, 36, 45, 11
MM, 32, 44, 12
MM, 28, 43, 13
MM, 24, 43, 16
MM, 22, 42, 11
MM, 19, 42, 12
MM, 18, 41, 14
MM, 17, 41, 12
MM, 16, 40, 11
MM, 15, 40, 14
MM, 15, 40, 14
MM, 14, 40, 12
MM, 13, 40, 15
MM, 13, 39, 12
MM, 12, 39, 11
MM, 12, 39, 12
MM, 11, 39, 12
MM, 10, 39, 16
MM, 10, 39, 12
MM, 10, 38, 12
MM, 10, 38, 13
MM, 9, 38, 14
MM, 9, 38, 12
MM, 9, 38, 11
MM, 8, 38, 27
MM, 8, 38, 36
MM, 8, 38, 41
MC, 1, 190
MM, 7, 39, 203
MM, 7, 45, 12
MM, 7, 54, 13
MM, 7, 63, 16
MM, 10, 3, 36
MM, 10, 5, 13
MM, 10, 7, 12
MM, 10, 8, 12
MM, 10, 8, 13
MM, 10, 9, 15
MM, 10, 10, 13
MM, 10, 11, 13
MM, 10, 11, 11
MM, 10, 13, 13
MM, 10, 14, 11
MM, 10, 17, 14
MM, 10, 21, 12
MM, 10, 25, 14
MM, 10, 30, 13
MM, 10, 31, 764
MM, 10, 30, 12
MM, 10, 29, 13
MM, 10, 28, 15
MM, 10, 28, 13
MM, 10, 28, 12
MM, 10, 27, 12
MM, 10, 27, 13
MM, 10, 26, 11
MM, 10, 26, 13
MM, 10, 26, 14
MM, 11, 25, 14
MM, 13, 24, 13
MM, 14, 23, 12
MM, 16, 23, 12
MM, 19, 22, 12
MM, 21, 21, 12
MM, 24, 21, 12
MM, 26, 20, 15
MM, 29, 19, 13
MM, 31, 18, 12
MM, 33, 18, 16
MM, 35, 17, 10
MM, 37, 16, 11
MM, 39, 15, 12
MM, 40, 14, 15
MM, 41, 14, 14
MM, 43, 13, 11
MM, 0, 9, 51
MM, 2, 8, 12
MM, 4, 7, 12
MM, 6, 6, 15
MM, 8, 5, 12
MM, 10, 4, 13
MM, 12, 4, 13
MM, 13, 3, 11
MM, 14, 3, 13
MM, 15, 3, 12
MM, 16, 3, 15
MM, 18, 3, 12
MM, 20, 3, 13
MM, 21, 3, 13
MM, 22, 3, 12
MM, 24, 3, 12
MM, 25, 3, 16
MM, 26, 3, 12
MM, 27, 3, 12
MM, 28, 3, 12
MM, 28, 3, 14
MM, 29, 3, 12
MM, 30, 3, 12
MM, 30, 3, 12
MM, 31, 3, 15
MM, 31, 3, 13
MM, 31, 3, 13
MM, 32, 3, 11
MM, 32, 3, 13
MM, 33, 3, 13
MM, 33, 3, 11
MM, 33, 3, 18
MM, 33, 3, 10
MM, 33, 3, 11
MM, 34, 4, 12
MM, 34, 4, 12
MM, 34, 4, 16
MM, 35, 4, 12
MM, 35, 4, 12
MM, 36, 5, 13
MM, 36, 5, 13
MM, 37, 5, 11
MM, 38, 5, 13
MM, 39, 6, 16
MM, 39, 6, 12
MM, 40, 6, 12
MM, 41, 6, 12
MM, 42, 6, 13
MM, 42, 6, 12
MM, 43, 7, 12
MM, 43, 7, 13
MM, 43, 9, 422
MM, 38, 11, 14
MM, 30, 13, 11
MM, 21, 15, 11
MM, 14, 18, 14
MM, 7, 20, 12
MM, 1, 23, 15
MM, 43, 28, 13
MM, 9, 0, 375
MM, 9, 2, 20
MM, 10, 2, 11
MM, 11, 2, 16
MM, 12, 3, 11
MM, 12, 3, 12
MM, 13, 3, 13
MM, 13, 3, 11
MM, 13, 3, 13
MM, 14, 4, 15
MM, 14, 4, 12
MM, 15, 4, 13
MM, 15, 4, 14
MM, 16, 4, 11
MM, 16, 4, 13
MM, 17, 4, 11
MM, 17, 4, 12
MM, 18, 4, 15
MM, 20, 4, 13
MM, 21, 4, 13
MM, 22, 4, 13
MM, 24, 4, 12
MM, 25, 4, 11
MM, 26, 4, 13
MM, 27, 4, 15
MM, 28, 4, 12
MM, 28, 4, 12
MM, 29, 4, 25
MM, 0, 18, 345
MM, 8, 18, 254
MM, 27, 18, 14
MM, 8, 18, 12
MM, 35, 18, 14
MM, 8, 18, 13
MM, 28, 18, 11
MM, 40, 17, 13
MM, 0, 17, 40
MM, 5, 15, 228
MM, 18, 10, 12
MM, 39, 2, 13
MM, 26, 30, 13
MM, 43, 24, 14
MM, 2, 21, 12
MM, 7, 20, 11
MM, 8, 19, 13
MM, 9, 19, 16
MM, 9, 19, 11
MM, 9, 19, 178
MM, 9, 19, 12
MM, 8, 19, 15
MM, 8, 19, 13
MM, 7, 19, 11
MM, 7, 19, 12
MM, 6, 19, 27
MM, 6, 19, 25
MM, 6, 19, 26
MM, 5, 19, 12
MM, 3, 19, 11
MM, 2, 19, 13
MM, 38, 20, 40
MM, 30, 21, 13
MM, 23, 21, 13
MM, 16, 21, 12
MM, 11, 21, 12
MM, 7, 21, 12
MM, 5, 21, 15
MM, 3, 21, 12
MM, 2, 21, 12
MM, 1, 21, 14
MM, 1, 21, 12
MM, 0, 22, 12
MM, 0, 22, 12
MM, 0, 23, 13
MM, 0, 23, 15
MM, 0, 25, 12
MM, 0, 27, 13
MM, 0, 30, 13
MM, 40, 2, 39
MM, 40, 5, 13
MM, 40, 7, 11
MM, 40, 9, 12
MM, 40, 10, 15
MM, 40, 11, 11
MM, 40, 12, 12
MM, 40, 12, 12
MM, 40, 13, 15
MM, 40, 13, 13
MM, 40, 13, 13
MM, 40, 13, 11
MM, 40, 13, 14
MM, 40, 14, 24
MM, 40, 14, 16
MM, 40, 14, 10
MM, 40, 16, 12
MM, 40, 18, 12
MM, 39, 21, 17
MM, 36, 24, 11
MM, 33, 27, 12
MM, 29, 30, 13
MM, 17, 1, 37
MM, 13, 4, 13
MM, 10, 6, 12
MM, 8, 7, 15
MM, 6, 8, 13
MM, 4, 8, 12
MM, 3, 9, 12
MM, 2, 9, 13
MM, 1, 9, 11
MM, 0, 9, 14
MM, 41, 9, 51
MM, 39, 9, 14
MM, 36, 9, 11
MM, 33, 9, 12
MM, 30, 7, 16
MM, 27, 6, 12
MM, 24, 4, 12
MM, 22, 3, 15
MM, 20, 2, 12
MM, 18, 1, 11
MM, 17, 0, 12
MM, 41, 0, 333
MM, 38, 1, 12
MM, 34, 2, 13
MM, 30, 3, 12
MM, 26, 3, 12
MM, 22, 3, 13
MM, 18, 4, 16
MM, 15, 5, 11
MM, 12, 5, 12
MM, 9, 5, 14
MM, 7, 6, 11
MM, 4, 6, 12
MM, 2, 6, 14
MM, 1, 6, 13
MM, 0, 6, 13
MM, 0, 25, 508
MM, 2, 24, 15
MM, 4, 23, 12
MM, 5, 22, 13
MM, 7, 22, 13
MM, 8, 21, 11
MM, 8, 21, 12
MM, 8, 21, 14
MM, 9, 21, 14
MM, 9, 21, 12
MM, 9, 20, 13
MM, 10, 20, 13
MM, 10, 20, 24
MM, 10, 20, 28
MM, 11, 20, 24
MM, 11, 20, 25
MM, 11, 20, 52
MC, 1, 241
MM, 12, 20, 219
MM, 12, 20, 9
MM, 13, 20, 15
MM, 16, 20, 12
MM, 20, 19, 13
MM, 27, 18, 19
MM, 0, 15, 20
MM, 26, 11, 12
MM, 6, 7, 13
MM, 36, 3, 11
MM, 15, 1, 13
MM, 38, 0, 14
MM, 4, 0, 13
MM, 15, 0, 15
MM, 22, 0, 11
MM, 24, 0, 12
MM, 26, 0, 12
MM, 26, 0, 179
MM, 1, 28, 65
MM, 10, 24, 12
MM, 16, 21, 13
MM, 21, 19, 12
MM, 24, 17, 11
MM, 26, 17, 14
MM, 27, 16, 14
MM, 28, 16, 12
MM, 28, 15, 15
MM, 28, 15, 12
MM, 29, 15, 11
MM, 29, 15, 12
MM, 29, 15, 12
MM, 29, 15, 15
MM, 30, 15, 25
MM, 30, 14, 13
MM, 32, 14, 13
MM, 33, 14, 12
MM, 34, 14, 11
MM, 35, 14, 13
MM, 35, 13, 256
MM, 33, 13, 12
MM, 32, 13, 13
MM, 30, 13, 15
MM, 30, 13, 13
MM, 29, 13, 12
MM, 28, 13, 12
MM, 28, 13, 13
MM, 27, 13, 11
MM, 27, 13, 13
MM, 26, 13, 12
MM, 26, 13, 15
MM, 26, 13, 13
MM, 25, 13, 13
MM, 25, 13, 12
MM, 24, 13, 13
MM, 24, 13, 24
MM, 24, 13, 26
MC, 1, 178
MM, 24, 14, 194
MM, 17, 20, 12
MM, 40, 29, 11
MM, 40, 1, 12
MM, 2, 7, 13
MM, 20, 11, 15
MM, 41, 11, 12
MM, 17, 11, 12
MM, 25, 11, 26
MM, 7, 11, 11
MM, 41, 11, 12
MM, 30, 11, 15
MM, 25, 11, 13
MM, 23, 11, 13
MM, 21, 11, 12
MC, 1, 395
MM, 27, 11, 368
MM, 4, 11, 15
MM, 24, 11, 12
MM, 9, 11, 26
MM, 3, 11, 13
MM, 30, 11, 11
MM, 43, 11, 13
MM, 3, 11, 280
MM, 5, 9, 14
MM, 8, 7, 13
MM, 10, 4, 13
MM, 12, 2, 11
MM, 13, 1, 14
MM, 0, 28, 90
MM, 1, 27, 11
MM, 1, 26, 12
MM, 2, 25, 12
MM, 3, 25, 16
MM, 3, 24, 12
MM, 4, 24, 12
MM, 5, 23, 13
MM, 6, 22, 14
MM, 6, 22, 11
MM, 7, 21, 11
MM, 8, 21, 14
MM, 8, 21, 13
MM, 10, 21, 13
MM, 10, 20, 14
MM, 11, 20, 12
MM, 12, 20, 11
MM, 12, 20, 13
MM, 13, 20, 13
MM, 13, 20, 14
MM, 14, 20, 13
MM, 14, 20, 13
MM, 14, 20, 25
MM, 15, 20, 11
MM, 15, 20, 29
MC, 1, 88
MM, 15, 22, 203
MM, 15, 23, 13
MM, 15, 25, 11
MM, 15, 27, 13
MM, 15, 29, 16
MM, 15, 31, 9
MM, 36, 0, 116
MM, 36, 1, 14
MM, 36, 2, 11
MM, 36, 3, 13
MM, 36, 3, 13
MM, 36, 4, 13
MM, 35, 5, 13
MM, 35, 5, 14
MM, 34, 6, 13
MM, 34, 6, 11
MM, 34, 6, 12
MM, 34, 7, 12
MM, 34, 7, 15
MM, 33, 7, 12
MM, 33, 7, 13
MM, 33, 7, 13
MM, 33, 7, 14
MM, 33, 8, 11
MM, 33, 8, 11
MM, 33, 8, 13
MC, 1, 65
MM, 33, 11, 179
MM, 25, 15, 13
MM, 36, 25, 11
MM, 24, 1, 13
MM, 28, 9, 15
MM, 38, 14, 12
MM, 3, 15, 12
MM, 23, 15, 12
MM, 26, 15, 26
MM, 4, 15, 12
MM, 33, 15, 12
MM, 13, 14, 15
MM, 33, 7, 26
MM, 21, 4, 11
MM, 13, 2, 14
MM, 8, 0, 11
MM, 1, 16, 372
MM, 2, 16, 12
MM, 3, 16, 12
MM, 4, 15, 15
MM, 5, 15, 11
MM, 5, 15, 12
MM, 5, 15, 12
MM, 6, 15, 12
MM, 6, 15, 15
MM, 6, 15, 13
MM, 7, 15, 25
MM, 7, 15, 24
MM, 7, 15, 27
MM, 8, 15, 25
MC, 1, 139
MM, 8, 15, 231
MM, 19, 15, 14
MM, 40, 13, 13
MM, 16, 10, 11
MM, 23, 3, 24
MM, 17, 1, 27
MM, 36, 1, 13
MM, 1, 1, 13
MM, 14, 1, 14
MM, 23, 1, 12
MM, 28, 1, 11
MM, 30, 1, 12
MM, 32, 1, 12
MM, 33, 1, 22
MM, 34, 1, 17
MM, 34, 1, 206
MM, 34, 1, 25
MM, 35, 1, 13
MM, 35, 1, 13
MM, 36, 1, 12
MM, 36, 1, 11
MM, 37, 1, 13
MM, 37, 0, 14
MM, 37, 0, 12
MM, 38, 0, 13
MM, 9, 31, 103
MM, 11, 30, 12
MM, 13, 29, 12
MM, 15, 28, 12
MM, 16, 27, 16
MM, 17, 26, 12
MM, 18, 26, 12
MM, 18, 25, 13
MM, 19, 24, 13
MM, 19, 24, 11
MM, 20, 24, 12
MM, 20, 24, 15
MM, 20, 23, 14
MM, 20, 23, 12
MM, 21, 23, 11
MM, 21, 23, 15
MM, 21, 23, 11
MM, 21, 23, 12
MM, 21, 22, 12
MM, 21, 22, 27
MM, 22, 22, 63
MC, 1, 102
MM, 22, 26, 599
MM, 44, 17, 40
MM, 40, 25, 13
MM, 36, 31, 12
MM, 30, 2, 25
MM, 28, 7, 12
MM, 26, 11, 13
MM, 25, 14, 13
MM, 24, 16, 13
MM, 24, 18, 14
MM, 23, 20, 13
MM, 23, 22, 11
MM, 22, 25, 12
MM, 21, 26, 12
MM, 21, 27, 13
MM, 20, 28, 15
MM, 20, 30, 12
MM, 20, 31, 13
MM, 103, 0, 63
MM, 101, 2, 28
MM, 100, 4, 11
MM, 99, 5, 12
MM, 98, 6, 14
MM, 97, 7, 11
MM, 97, 9, 12
MM, 96, 11, 12
MM, 95, 12, 15
MM, 94, 13, 13
MM, 94, 14, 13
MM, 94, 15, 12
MM, 93, 15, 12
MM, 93, 16, 12
MM, 93, 17, 15
MM, 92, 17, 12
MM, 92, 17, 13
MM, 92, 18, 13
MM, 92, 18, 12
MM, 92, 18, 11
MM, 92, 18, 14
MM, 92, 19, 16
MM, 92, 19, 11
MM, 92, 19, 12
MM, 92, 19, 50
MM, 92, 19, 13
MM, 92, 20, 14
MM, 92, 20, 14
MM, 92, 21, 13
MM, 91, 21, 24
MM, 91, 21, 11
MM, 91, 21, 13
MM, 91, 21, 15
MM, 91, 22, 11
MM, 91, 22, 12
MM, 91, 22, 13
MC, 1, 141
MM, 89, 22, 330
MM, 85, 21, 13
MM, 81, 18, 14
MM, 74, 15, 12
MM, 65, 10, 13
MM, 56, 4, 14
MM, 34, 23, 36
MM, 25, 17, 12
MM, 17, 12, 15
MM, 10, 8, 12
MM, 5, 5, 13
MM, 0, 2, 14
MM, 37, 31, 178
MM, 37, 31, 12
MM, 37, 31, 12
MM, 37, 30, 12
MM, 36, 30, 13
MM, 36, 29, 15
MM, 36, 29, 11
MM, 35, 29, 16
MM, 35, 28, 11
MM, 35, 28, 11
MM, 34, 28, 12
MM, 34, 27, 12
MM, 33, 27, 17
MM, 33, 26, 12
MM, 33, 26, 12
MM, 33, 26, 12
MM, 32, 26, 15
MM, 32, 26, 11
MM, 32, 25, 24
MM, 32, 25, 15
MM, 31, 25, 18
MM, 31, 24, 17
MM, 31, 24, 16
MM, 31, 24, 13
MM, 31, 24, 13
MM, 31, 24, 12
MM, 31, 23, 12
MM, 31, 23, 11
MC, 1, 181
MM, 31, 23, 11
MM, 31, 23, 12
MM, 31, 22, 53
MM, 31, 22, 12
MM, 31, 22, 179
MM, 31, 22, 12
MM, 31, 22, 11
MM, 31, 21, 13
MM, 31, 21, 14
MM, 31, 21, 14
MM, 31, 21, 13
MM, 31, 21, 12
MM, 31, 20, 13
MM, 31, 18, 11
MM, 31, 16, 12
MM, 31, 13, 13
MM, 31, 10, 14
MM, 31, 6, 13
MM, 33, 3, 15
MM, 36, 0, 12
MC, 1, 483
MM, 6, 3, 294
MM, 18, 7, 13
MM, 29, 10, 11
MM, 37, 12, 13
MM, 42, 14, 12
MM, 5, 21, 255
MM, 15, 26, 14
MM, 27, 31, 12
MM, 2, 6, 36
MM, 5, 9, 16
MM, 7, 10, 12
MM, 8, 10, 12
MM, 9, 11, 13
MM, 10, 12, 12
MM, 10, 12, 12
MM, 10, 12, 13
MM, 11, 13, 15
MM, 11, 13, 12
MM, 11, 14, 13
MM, 11, 14, 13
MM, 11, 14, 11
MM, 11, 14, 12
MC, 1, 242
MM, 11, 14, 230
MM, 6, 13, 16
MM, 1, 11, 12
MM, 41, 6, 24
MM, 36, 3, 11
MM, 33, 0, 13
MM, 27, 30, 41
MM, 26, 27, 13
MM, 24, 24, 12
MM, 23, 20, 11
MM, 21, 16, 12
MM, 20, 11, 15
MM, 18, 6, 12
MM, 17, 1, 13
MP, 1, 330
MR, 1, 13
MC, 1, 0
MC, 1, 766
MC, 1, 1603
MM, 6, 8, 307
MM, 32, 17, 14
MM, 5, 25, 25
MM, 8, 26, 12
MM, 9, 27, 12
MM, 8, 27, 191
MM, 8, 28, 12
MM, 8, 29, 15
MM, 8, 30, 14
MM, 8, 31, 12
MM, 11, 0, 75
MM, 11, 0, 13
MM, 11, 1, 15
MM, 11, 1, 11
MM, 11, 2, 11
MM, 11, 3, 13
MM, 11, 4, 15
MM, 10, 6, 11
MM, 6, 7, 14
MM, 3, 9, 12
MM, 43, 13, 64
MM, 42, 14, 12
MM, 41, 14, 15
MM, 40, 14, 10
MM, 39, 15, 14
MM, 39, 15, 11
MM, 38, 15, 13
MM, 37, 16, 13
MM, 36, 16, 12
MM, 36, 16, 15
MM, 35, 16, 12
MM, 34, 16, 13
MM, 33, 16, 12
MM, 32, 16, 12
MM, 31, 16, 13
MM, 31, 16, 12
MM, 30, 16, 15
MM, 30, 16, 12
MM, 29, 16, 13
MM, 29, 16, 24
MM, 29, 16, 28
MC, 1, 279
MM, 29, 18, 192
MM, 27, 21, 13
MM, 18, 25, 12
MM, 7, 27, 13
MM, 85, 0, 64
MM, 77, 0, 14
MM, 72, 0, 12
MM, 69, 0, 11
MM, 67, 0, 12
MM, 65, 0, 12
MM, 64, 0, 16
MM, 63, 0, 12
MM, 61, 0, 12
MM, 60, 0, 13
MM, 59, 0, 14
MM, 57, 0, 11
MM, 57, 0, 12
MM, 57, 0, 12
MM, 55, 0, 15
MM, 54, 0, 13
MM, 4, 31, 50
MM, 2, 29, 13
MM, 0, 28, 13
MM, 43, 23, 193
MM, 43, 23, 11
MM, 43, 23, 13
MM, 43, 23, 37
MM, 42, 22, 12
MM, 42, 22, 12
MM, 42, 22, 15
MM, 42, 22, 14
MM, 42, 22, 13
MM, 42, 21, 11
MM, 41, 21, 13
MM, 41, 21, 11
MM, 41, 21, 13
MM, 41, 21, 12
MM, 40, 20, 15
MM, 40, 20, 13
MM, 39, 20, 14
MM, 39, 20, 12
MM, 39, 20, 12
MM, 39, 20, 24
MM, 38, 20, 38
MC, 1, 102
MM, 38, 20, 244
MM, 38, 17, 13
MM, 38, 13, 12
MM, 36, 8, 12
MM, 33, 3, 12
MM, 28, 31, 27
MM, 26, 27, 12
MM, 24, 23, 13
MM, 23, 19, 12
MM, 22, 16, 13
MM, 21, 14, 12
MM, 21, 12, 13
MM, 20, 11, 14
MM, 20, 11, 12
MM, 19, 9, 14
MM, 19, 8, 13
MM, 19, 6, 11
MM, 19, 5, 13
MM, 18, 4, 15
MM, 18, 3, 12
MM, 18, 3, 12
MM, 18, 2, 12
MM, 18, 2, 13
MM, 18, 1, 13
MM, 17, 1, 12
MM, 17, 0, 13
MM, 17, 0, 12
MC, 1, 409
MM, 16, 0, 393
MM, 20, 11, 13
MM, 29, 19, 13
MM, 39, 27, 14
MM, 9, 2, 26
MM, 17, 7, 12
MM, 25, 12, 12
MM, 30, 15, 12
MM, 34, 17, 17
MM, 35, 19, 11
MM, 37, 20, 12
MM, 38, 22, 13
MM, 39, 23, 13
MM, 40, 24, 12
MM, 40, 25, 12
MM, 41, 26, 12
MM, 41, 26, 14
MM, 41, 28, 255
MM, 43, 31, 12
MM, 97, 1, 38
MM, 100, 3, 15
MM, 102, 5, 12
MM, 104, 6, 11
MM, 106, 7, 13
MM, 107, 8, 12
MM, 108, 8, 15
MM, 109, 9, 12
MM, 109, 9, 13
MM, 109, 9, 14
MM, 109, 9, 12
MM, 110, 9, 23
MM, 110, 9, 17
MM, 110, 10, 9
MM, 110, 10, 14
MM, 111, 10, 27
MM, 111, 10, 38
MM, 112, 10, 12
MM, 112, 10, 24
MM, 112, 10, 13
MM, 113, 10, 26
MM, 113, 10, 141
MM, 113, 10, 24
MM, 113, 10, 27
MM, 113, 10, 12
MM, 113, 11, 38
MM, 113, 11, 12
MM, 113, 11, 53
MM, 113, 11, 63
MM, 113, 11, 216
MM, 113, 12, 13
MM, 113, 12, 12
MM, 113, 12, 14
MM, 113, 12, 11
MM, 113, 13, 12
MM, 113, 13, 77
MM, 113, 13, 475
MM, 113, 13, 9
MM, 113, 13, 15
MM, 113, 13, 178
MM, 113, 14, 14
MM, 113, 14, 75
MM, 113, 14, 13
MM, 113, 14, 13
MM, 113, 15, 13
MM, 114, 15, 12
MM, 114, 16, 11
MM, 114, 16, 13
MM, 114, 16, 14
MM, 114, 16, 13
MM, 114, 16, 13
MM, 114, 17, 12
MM, 114, 17, 12
MC, 1, 215
MM, 114, 13, 247
MM, 114, 7, 11
MM, 18, 27, 24
MM, 14, 19, 12
MM, 13, 12, 21
MM, 10, 0, 18
MM, 6, 26, 28
MM, 5, 21, 12
MM, 4, 17, 11
MM, 3, 15, 13
MM, 2, 13, 13
MM, 2, 12, 12
MM, 1, 10, 12
MC, 1, 663
MM, 2, 30, 369
MM, 4, 31, 15
MM, 1, 2, 74
MM, 3, 5, 13
MM, 6, 7, 14
MM, 8, 9, 13
MM, 10, 10, 14
MM, 11, 12, 12
MM, 12, 13, 12
MM, 13, 13, 12
MM, 14, 14, 12
MM, 14, 14, 12
MM, 15, 15, 16
MM, 15, 15, 12
MM, 15, 15, 12
MM, 15, 15, 15
MM, 16, 15, 11
MM, 16, 16, 11
MM, 16, 16, 13
MM, 16, 16, 14
MM, 17, 16, 26
MM, 17, 16, 37
MC, 1, 65
MM, 17, 17, 203
MM, 10, 20, 11
MM, 31, 29, 28
MM, 23, 0, 51
MM, 14, 0, 12
MM, 6, 0, 11
MM, 38, 0, 27
MM, 27, 0, 12
MM, 17, 0, 14
MM, 10, 0, 14
MM, 6, 0, 12
MM, 3, 0, 11
MM, 0, 0, 12
MM, 41, 0, 54
MM, 36, 0, 11
MM, 31, 0, 12
MM, 41, 31, 114
MM, 36, 30, 13
MM, 33, 28, 14
MM, 30, 28, 13
MM, 28, 27, 13
MM, 26, 26, 19
MM, 24, 25, 19
MM, 22, 23, 13
MM, 21, 22, 13
MM, 21, 21, 12
MM, 20, 19, 12
MM, 20, 18, 12
MM, 19, 18, 15
MM, 19, 17, 14
MM, 19, 16, 11
MM, 19, 16, 12
MM, 19, 16, 14
MM, 19, 15, 12
MM, 19, 15, 11
MM, 19, 15, 13
MC, 1, 128
MM, 19, 15, 205
MM, 28, 15, 24
MM, 0, 15, 13
MM, 39, 8, 15
MM, 1, 12, 61
MM, 8, 11, 12
MM, 10, 10, 15
MM, 12, 10, 14
MM, 12, 10, 12
MM, 13, 10, 12
MM, 13, 10, 13
MM, 7, 10, 228
MM, 1, 11, 16
MC, 1, 367
MM, 17, 1, 268
MM, 17, 6, 13
MM, 17, 10, 13
MM, 17, 14, 13
MM, 17, 18, 12
MM, 17, 21, 11
MM, 17, 24, 13
MM, 17, 26, 14
MM, 17, 28, 12
MM, 17, 29, 13
MM, 17, 31, 13
MM, 17, 1, 52
MM, 17, 3, 12
MM, 17, 5, 12
MM, 17, 6, 15
MM, 17, 7, 11
MM, 17, 8, 13
MM, 17, 9, 11
MM, 17, 10, 12
MM, 17, 11, 14
MM, 17, 12, 14
MM, 17, 14, 12
MM, 17, 15, 13
MM, 17, 17, 13
MM, 17, 18, 12
MM, 17, 19, 12
MM, 17, 21, 16
MM, 17, 22, 12
MM, 17, 23, 12
MM, 17, 24, 12
MM, 17, 25, 13
MM, 17, 26, 12
MM, 17, 27, 13
MM, 17, 28, 12
MM, 17, 28, 15
MM, 17, 29, 13
MM, 17, 30, 13
MM, 17, 31, 11
MM, 107, 0, 65
MM, 107, 4, 12
MM, 107, 7, 14
MM, 107, 10, 12
MM, 107, 12, 11
MM, 107, 14, 13
MM, 107, 15, 12
MM, 107, 17, 21
MM, 107, 20, 18
MM, 107, 21, 12
MM, 107, 22, 16
MM, 107, 23, 12
MM, 107, 23, 11
MM, 107, 24, 14
MM, 107, 24, 12
MM, 107, 24, 12
MM, 107, 24, 12
MM, 107, 25, 12
MC, 1, 143
MM, 107, 23, 178
MM, 108, 20, 13
MM, 127, 13, 13
MM, 25, 31, 11
MM, 21, 6, 13
MM, 0, 23, 13
MM, 21, 7, 12
MM, 12, 31, 52
MM, 11, 31, 179
MM, 9, 31, 12
MM, 6, 31, 13
MM, 3, 31, 11
MM, 0, 31, 13
MM, 35, 31, 52
MM, 34, 31, 14
MM, 33, 31, 11
MM, 32, 31, 12
MM, 30, 31, 15
MM, 29, 31, 12
MM, 29, 31, 13
MM, 28, 31, 14
MM, 27, 31, 12
MM, 27, 31, 12
MM, 26, 31, 11
MM, 26, 31, 13
MM, 25, 31, 15
MM, 24, 31, 12
MM, 24, 30, 13
MM, 23, 30, 13
MM, 23, 30, 13
MM, 23, 29, 12
MM, 22, 29, 11
MM, 22, 29, 13
MM, 22, 29, 14
MM, 22, 29, 19
MM, 21, 28, 20
MM, 21, 28, 11
MM, 21, 28, 16
MM, 20, 28, 11
MM, 20, 28, 25
MC, 1, 141
MM, 17, 28, 292
MM, 13, 28, 26
MM, 25, 29, 11
MM, 41, 3, 601
MM, 40, 3, 11
MM, 39, 4, 13
MM, 38, 4, 13
MM, 37, 5, 12
MM, 36, 6, 15
MM, 35, 6, 12
MM, 32, 9, 14
MM, 28, 12, 12
MM, 23, 15, 12
MM, 19, 18, 11
MM, 16, 20, 14
MM, 14, 22, 13
MM, 12, 23, 13
MM, 11, 24, 13
MM, 10, 25, 13
MM, 10, 25, 12
MM, 9, 25, 12
MM, 9, 25, 12
MM, 9, 26, 13
MM, 9, 26, 15
MC, 1, 115
MM, 11, 26, 239
MM, 16, 26, 15
MM, 27, 26, 12
MM, 42, 29, 14
MM, 9, 0, 11
MM, 30, 11, 13
MM, 61, 2, 37
MM, 67, 9, 13
MM, 71, 13, 14
MM, 73, 15, 12
MM, 73, 16, 14
MM, 74, 17, 13
MM, 74, 17, 11
MM, 74, 18, 12
MM, 74, 18, 219
MM, 74, 19, 13
MM, 74, 19, 13
MM, 74, 20, 11
MM, 74, 20, 13
MM, 74, 20, 13
MM, 74, 20, 28
MC, 1, 125
MM, 76, 16, 304
MM, 79, 7, 15
MM, 0, 21, 24
MM, 3, 13, 13
MM, 6, 8, 13
MM, 8, 4, 11
MM, 9, 1, 13
MM, 14, 31, 76
MM, 14, 30, 14
MM, 14, 29, 12
MM, 15, 27, 15
MM, 15, 25, 12
MM, 16, 22, 13
MM, 16, 21, 14
MM, 16, 18, 11
MM, 16, 17, 12
MM, 16, 15, 12
MM, 16, 12, 16
MM, 16, 8, 9
MM, 16, 5, 15
MM, 16, 3, 12
MM, 16, 1, 14
MC, 1, 570
MM, 3, 19, 256
MM, 37, 12, 29
MM, 13, 11, 11
MM, 32, 9, 12
MM, 3, 9, 13
MM, 11, 9, 13
MM, 16, 9, 11
MM, 18, 9, 13
MM, 20, 9, 14
MM, 21, 9, 14
MM, 22, 9, 12
MM, 23, 9, 12
MM, 23, 9, 14
MM, 23, 9, 23
MM, 23, 9, 39
MM, 23, 9, 15
MM, 23, 10, 12
MM, 23, 12, 12
MM, 23, 13, 12
MM, 23, 15, 12
MM, 23, 16, 12
MM, 23, 17, 15
MM, 22, 18, 12
MM, 21, 18, 14
MM, 20, 19, 13
MM, 20, 19, 12
MM, 19, 20, 11
MM, 19, 20, 13
MM, 19, 20, 14
MM, 19, 20, 12
MC, 1, 178
MM, 19, 20, 268
MM, 19, 26, 14
MM, 28, 9, 24
MM, 18, 20, 13
MM, 12, 27, 11
MM, 6, 31, 16
MM, 2, 0, 37
MM, 41, 6, 65
MM, 39, 7, 12
MM, 37, 8, 12
MM, 36, 9, 12
MM, 34, 9, 12
MM, 32, 10, 13
MM, 29, 11, 15
MM, 23, 12, 12
MM, 16, 13, 15
MM, 9, 15, 11
MM, 3, 16, 12
MM, 41, 20, 39
MM, 39, 21, 13
MM, 38, 22, 12
MM, 37, 22, 12
MM, 35, 23, 14
MM, 34, 24, 11
MM, 33, 24, 12
MM, 32, 25, 16
MM, 31, 26, 12
MM, 30, 27, 14
MM, 29, 28, 11
MM, 26, 30, 13
MM, 153, 2, 63
MM, 152, 3, 13
MM, 151, 4, 13
MM, 150, 5, 12
MM, 149, 5, 12
MM, 148, 6, 12
MM, 148, 6, 13
MM, 147, 7, 15
MM, 147, 7, 12
MM, 146, 8, 13
MM, 146, 8, 13
MM, 145, 9, 12
MM, 144, 10, 11
MM, 142, 11, 14
MM, 140, 12, 16
MM, 138, 13, 11
MM, 136, 14, 13
MM, 135, 15, 12
MM, 133, 15, 13
MM, 132, 15, 11
MM, 132, 16, 13
MM, 131, 16, 13
MM, 131, 16, 14
MM, 130, 16, 14
MC, 1, 87
MM, 130, 15, 281
MM, 130, 13, 13
MM, 130, 11, 11
MM, 130, 8, 13
MM, 130, 6, 14
MM, 130, 5, 12
MM, 130, 3, 13
MM, 130, 2, 15
MM, 130, 0, 12
MM, 37, 31, 88
MM, 37, 30, 12
MM, 36, 28, 12
MM, 35, 27, 13
MM, 35, 26, 14
MM, 34, 25, 12
MM, 34, 25, 13
MM, 34, 25, 14
MM, 34, 24, 11
MM, 34, 24, 12
MM, 34, 24, 13
MM, 33, 24, 12
MM, 33, 24, 14
MM, 33, 23, 13
MM, 33, 23, 13
MM, 32, 23, 14
MM, 32, 23, 11
MM, 32, 22, 12
MM, 32, 22, 12
MM, 32, 22, 17
MM, 32, 22, 11
MM, 31, 22, 12
MM, 31, 21, 12
MM, 31, 21, 26
MC, 1, 89
MM, 21, 20, 267
MM, 16, 17, 14
MM, 10, 15, 13
MM, 5, 12, 13
MM, 42, 5, 24
MM, 27, 30, 24
MM, 19, 23, 14
MM, 12, 17, 14
MM, 8, 12, 12
MM, 4, 9, 14
MM, 3, 8, 13
MM, 2, 7, 11
MM, 2, 7, 12
MM, 1, 7, 13
MM, 43, 5, 231
MM, 37, 2, 12
MC, 1, 459
MM, 16, 1, 316
MM, 21, 19, 17
MM, 29, 11, 23
MM, 34, 25, 13
MM, 30, 11, 26
MM, 31, 19, 11
MM, 34, 26, 13
MM, 34, 29, 14
MM, 34, 31, 12
MM, 35, 31, 13
MM, 38, 31, 269
MM, 41, 31, 11
MM, 44, 32, 13
MM, 47, 32, 13
MM, 48, 33, 11
MM, 50, 33, 13
MM, 51, 33, 15
MM, 52, 33, 12
MM, 52, 33, 15
MM, 53, 34, 11
MM, 53, 34, 12
MM, 53, 34, 12
MM, 54, 34, 12
MM, 54, 34, 17
MM, 55, 34, 9
MM, 55, 34, 14
MM, 55, 34, 27
MC, 1, 176
MM, 56, 34, 204
MM, 56, 34, 13
MM, 58, 33, 18
MM, 65, 13, 21
MM, 38, 18, 24
MM, 0, 23, 25
MM, 4, 7, 15
MC, 1, 393
MM, 0, 14, 511
MM, 1, 14, 12
MM, 2, 14, 12
MM, 3, 14, 12
MM, 3, 14, 15
MM, 4, 14, 13
MM, 5, 14, 13
MM, 5, 14, 12
MM, 6, 14, 13
MM, 6, 14, 12
MM, 7, 14, 11
MM, 7, 14, 17
MM, 7, 14, 11
MM, 8, 14, 11
MM, 8, 14, 13
MM, 9, 14, 12
MM, 9, 14, 13
MM, 9, 14, 13
MM, 10, 14, 14
MM, 11, 14, 12
MM, 12, 14, 15
MM, 13, 14, 11
MM, 14, 14, 11
MM, 14, 14, 13
MM, 15, 14, 13
MM, 15, 14, 14
MM, 15, 14, 12
MC, 1, 90
MM, 15, 14, 178
MM, 15, 15, 12
MM, 21, 16, 15
MM, 42, 16, 12
MM, 29, 17, 12
MM, 16, 18, 12
MM, 4, 18, 12
MM, 28, 18, 15
MM, 2, 18, 12
MM, 14, 18, 13
MM, 19, 18, 12
MM, 22, 18, 12
MM, 23, 18, 12
MM, 24, 18, 13
MM, 24, 18, 15
MM, 25, 18, 12
MM, 25, 18, 27
MC, 1, 315
MM, 22, 18, 231
MM, 4, 18, 12
MM, 11, 18, 12
MM, 19, 18, 13
MM, 39, 18, 15
MM, 16, 16, 14
MM, 35, 11, 24
MM, 26, 9, 12
MM, 17, 7, 13
MM, 8, 4, 12
MC, 1, 1057
MM, 24, 0, 522
MM, 24, 1, 12
MM, 24, 2, 15
MM, 24, 3, 12
MM, 24, 4, 15
MM, 24, 6, 12
MM, 24, 7, 11
MM, 25, 8, 12
MM, 25, 9, 13
MM, 25, 10, 15
MM, 25, 10, 12
MC, 1, 114
MM, 27, 10, 394
MM, 29, 10, 13
MM, 33, 13, 14
MM, 39, 20, 12
MM, 14, 6, 38
MM, 21, 13, 15
MM, 26, 17, 12
MM, 30, 21, 12
MM, 32, 24, 13
MM, 35, 27, 12
MM, 37, 30, 12
MM, 82, 0, 77
MM, 82, 2, 13
MM, 83, 5, 11
MM, 83, 8, 13
MM, 83, 11, 14
MM, 84, 13, 12
MM, 84, 15, 15
MM, 84, 16, 13
MM, 84, 17, 12
MM, 84, 18, 11
MM, 84, 18, 12
MM, 84, 18, 12
MM, 84, 19, 15
MM, 84, 19, 13
MM, 84, 19, 13
MM, 84, 19, 12
MC, 1, 139
MM, 84, 19, 166
MM, 86, 17, 13
MM, 100, 14, 14
MM, 127, 6, 14
MM, 33, 30, 24
MM, 1, 21, 37
MM, 2, 20, 12
MM, 2, 19, 13
MM, 3, 16, 14
MM, 4, 12, 14
MM, 4, 9, 12
MM, 4, 6, 12
MM, 4, 4, 13
MM, 4, 2, 12
MM, 4, 1, 12
MM, 1, 31, 103
MM, 1, 29, 13
MM, 1, 27, 13
MM, 1, 25, 11
MM, 1, 23, 13
MM, 1, 22, 12
MM, 1, 21, 17
MM, 1, 20, 11
MM, 1, 20, 12
MM, 1, 19, 13
MM, 1, 19, 12
MM, 1, 18, 12
MM, 1, 18, 13
MM, 1, 18, 14
MM, 1, 18, 13
MM, 1, 17, 13
MM, 1, 17, 12
MM, 1, 17, 13
MM, 1, 15, 268
MM, 1, 11, 11
MM, 1, 8, 12
MM, 1, 5, 14
MM, 1, 3, 12
MM, 1, 2, 13
MM, 1, 1, 14
MM, 1, 0, 13
MM, 14, 31, 167
MM, 14, 30, 11
MM, 14, 30, 13
MM, 14, 29, 12
MM, 14, 29, 13
MM, 14, 28, 11
MM, 14, 28, 14
MM, 14, 27, 13
MM, 14, 27, 13
MM, 14, 27, 14
MM, 14, 26, 13
MM, 14, 26, 11
MM, 14, 26, 12
MM, 14, 26, 12
MM, 14, 26, 25
MM, 14, 25, 14
MC, 1, 95
MM, 5, 29, 162
MM, 12, 12, 24
MM, 12, 21, 12
MM, 20, 24, 12
MM, 37, 27, 15
MM, 12, 27, 12
MM, 33, 27, 26
MM, 27, 27, 13
MM, 24, 27, 12
MM, 19, 27, 11
MM, 16, 27, 13
MM, 13, 26, 14
MM, 10, 25, 12
MM, 7, 25, 15
MM, 5, 25, 12
MM, 4, 24, 11
MM, 4, 24, 12
MM, 3, 24, 14
MM, 3, 24, 14
MM, 3, 24, 38
MM, 3, 23, 24
MM, 3, 23, 12
MM, 3, 23, 16
MM, 3, 23, 36
MM, 7, 23, 13
MM, 13, 23, 12
MM, 18, 23, 13
MM, 24, 23, 14
MM, 29, 23, 13
MM, 34, 23, 13
MM, 37, 23, 12
MM, 40, 23, 13
MM, 42, 23, 12
MM, 43, 23, 12
MM, 0, 23, 89
MM, 0, 23, 12
MM, 1, 23, 16
MM, 1, 23, 12
MM, 1, 23, 12
MM, 2, 23, 13
MM, 2, 23, 14
MM, 3, 23, 11
MM, 4, 23, 11
MM, 5, 23, 14
MM, 7, 23, 14
MM, 8, 23, 12
MM, 9, 23, 14
MM, 9, 23, 12
MM, 10, 23, 11
MM, 11, 23, 13
MM, 11, 23, 14
MM, 12, 23, 13
MM, 12, 23, 13
MM, 12, 23, 26
MM, 13, 23, 23
MC, 1, 65
MM, 23, 23, 190
MM, 37, 23, 13
MM, 8, 23, 13
MM, 1, 23, 14
MM, 42, 23, 13
MM, 32, 23, 12
MM, 17, 14, 13
MM, 28, 31, 24
MM, 36, 26, 16
MM, 38, 26, 216
MM, 38, 26, 13
MM, 39, 26, 11
MM, 41, 26, 12
MM, 43, 26, 12
MM, 2, 26, 39
MM, 4, 25, 14
MM, 6, 24, 14
MM, 7, 24, 11
MM, 8, 24, 11
MM, 9, 23, 13
MM, 9, 23, 14
MM, 9, 23, 14
MM, 9, 23, 11
MM, 10, 23, 13
MM, 10, 22, 13
MM, 10, 22, 13
MM, 10, 22, 12
MM, 10, 22, 12
MM, 11, 22, 12
MM, 11, 21, 15
MM, 11, 21, 12
MM, 11, 21, 13
MM, 12, 21, 13
MM, 12, 20, 11
MM, 12, 20, 14
MM, 12, 20, 12
MM, 12, 20, 14
MM, 12, 19, 12
MM, 12, 19, 26
MM, 12, 19, 11
MM, 12, 18, 13
MM, 12, 18, 16
MM, 12, 18, 12
MM, 12, 17, 12
MM, 12, 17, 13
MC, 1, 38
MM, 12, 19, 306
MM, 10, 21, 12
MM, 9, 24, 13
MM, 7, 27, 11
MM, 38, 0, 27
MM, 35, 5, 14
MM, 32, 10, 13
MM, 29, 13, 11
MM, 28, 16, 13
MM, 26, 18, 12
MM, 24, 20, 12
MM, 23, 21, 12
MM, 22, 22, 15
MM, 21, 23, 13
MM, 20, 23, 14
MM, 20, 24, 12
MM, 19, 24, 11
MM, 18, 25, 13
MM, 16, 26, 12
MM, 13, 27, 13
MM, 9, 29, 14
MM, 3, 31, 13
MM, 42, 1, 49
MM, 40, 2, 12
MM, 38, 3, 15
MM, 36, 3, 13
MM, 34, 4, 13
MM, 32, 5, 12
MM, 29, 7, 12
MM, 26, 9, 12
MM, 23, 11, 13
MM, 20, 13, 13
MM, 18, 15, 14
MM, 16, 16, 12
MM, 15, 18, 15
MM, 13, 19, 11
MM, 13, 20, 13
MM, 12, 21, 11
MM, 11, 21, 13
MM, 10, 22, 13
MM, 10, 23, 14
MM, 9, 23, 12
MM, 9, 24, 14
MM, 9, 24, 12
MM, 8, 24, 12
MM, 8, 24, 12
MM, 8, 24, 12
MM, 8, 24, 16
MM, 7, 24, 24
MM, 7, 24, 49
MC, 1, 143
MM, 35, 24, 280
MM, 14, 24, 11
MM, 38, 22, 27
MM, 30, 19, 12
MM, 25, 16, 15
MM, 19, 13, 12
MM, 15, 9, 12
MM, 11, 6, 11
MM, 7, 4, 13
MM, 5, 2, 15
MM, 3, 0, 12
MM, 43, 30, 127
MM, 43, 30, 12
MM, 42, 30, 13
MM, 42, 30, 13
MM, 41, 29, 12
MM, 41, 29, 14
MM, 40, 28, 12
MM, 40, 28, 13
MM, 39, 28, 13
MM, 39, 27, 12
MM, 38, 27, 13
MM, 38, 26, 11
MM, 38, 26, 16
MM, 38, 26, 12
MM, 38, 26, 12
MM, 37, 26, 13
MM, 37, 25, 13
MM, 37, 25, 11
MM, 37, 25, 13
MM, 37, 25, 16
MM, 37, 25, 11
MM, 37, 24, 13
MM, 37, 23, 12
MM, 37, 22, 13
MM, 41, 21, 12
MM, 2, 18, 25
MM, 8, 18, 15
MM, 14, 18, 13
MM, 20, 18, 13
MM, 26, 18, 11
MM, 31, 18, 13
MM, 35, 18, 11
MM, 38, 18, 12
MM, 40, 18, 15
MM, 41, 18, 13
MM, 43, 18, 13
MM, 43, 18, 15
MM, 0, 18, 252
MM, 1, 18, 12
MM, 2, 18, 12
MM, 4, 18, 12
MM, 7, 18, 15
MM, 9, 18, 13
MM, 11, 18, 13
MM, 12, 18, 14
MM, 13, 18, 12
MM, 14, 18, 11
MM, 14, 18, 12
MM, 15, 18, 13
MM, 15, 18, 14
MM, 16, 18, 14
MM, 16, 18, 24
MM, 16, 18, 25
MC, 1, 203
MM, 17, 18, 612
MM, 17, 18, 13
MM, 18, 20, 19
MM, 21, 29, 20
MM, 27, 9, 25
MM, 29, 16, 11
MM, 30, 22, 12
MM, 32, 26, 16
MM, 32, 29, 12
MM, 33, 31, 15
MM, 125, 0, 125
MM, 125, 3, 12
MM, 125, 5, 13
MM, 126, 7, 16
MM, 126, 10, 9
MM, 126, 11, 14
MM, 126, 12, 12
MM, 126, 13, 13
MM, 127, 14, 13
MM, 127, 14, 12
MM, 127, 15, 12
MM, 127, 15, 15
MM, 127, 15, 13
MM, 127, 15, 138
MM, 127, 15, 12
MM, 127, 15, 13
MM, 127, 15, 54
MM, 127, 16, 11
MM, 127, 16, 11
MM, 127, 16, 54
MM, 127, 16, 12
MM, 127, 16, 446
MM, 127, 17, 11
MM, 127, 17, 13
MM, 128, 18, 13
MM, 128, 19, 14
MM, 128, 22, 12
MM, 129, 24, 13
MM, 129, 27, 13
MM, 130, 29, 14
MM, 131, 31, 11
MM, 131, 32, 11
MM, 131, 33, 13
MM, 131, 34, 16
MM, 132, 34, 11
MM, 132, 34, 13
MM, 132, 34, 432
MM, 132, 34, 14
MM, 132, 34, 25
MM, 132, 34, 14
MM, 132, 33, 11
MM, 132, 33, 13
MC, 1, 141
MM, 131, 33, 738
MM, 131, 33, 13
MM, 130, 33, 13
MM, 129, 31, 11
MM, 128, 27, 13
MM, 126, 24, 13
MM, 125, 21, 12
MM, 123, 19, 15
MM, 122, 16, 12
MM, 120, 14, 13
MM, 119, 11, 12
MM, 117, 8, 12
MM, 115, 5, 13
MM, 113, 2, 12
MM, 20, 31, 40
MM, 19, 29, 12
MM, 19, 27, 14
MM, 19, 26, 11
MM, 18, 25, 12
MM, 18, 23, 13
MM, 18, 21, 16
MM, 17, 19, 11
MM, 16, 16, 13
MM, 16, 14, 13
MM, 15, 12, 12
MM, 15, 11, 11
MM, 14, 10, 13
MM, 14, 9, 14
MM, 14, 8, 14
MM, 14, 8, 12
MM, 14, 8, 12
MM, 13, 7, 14
MM, 13, 7, 11
MM, 13, 7, 14
MM, 13, 7, 13
MM, 13, 7, 12
MM, 13, 6, 13
MM, 13, 6, 14
MM, 13, 6, 13
MM, 12, 6, 11
MM, 8, 6, 11
MM, 2, 6, 14
MM, 42, 6, 26
MM, 39, 6, 13
MM, 35, 8, 13
MM, 33, 9, 13
MM, 31, 9, 12
MM, 30, 10, 11
MM, 28, 10, 13
MM, 28, 10, 14
MM, 27, 11, 18
MM, 27, 11, 21
MM, 27, 11, 75
MM, 27, 11, 12
MM, 27, 11, 15
MM, 27, 11, 25
MM, 27, 12, 15
MC, 1, 112
MM, 30, 12, 293
MM, 38, 11, 13
MM, 3, 6, 24
MM, 6, 5, 13
MM, 8, 4, 13
MM, 10, 3, 12
MM, 10, 3, 15
MM, 11, 3, 13
MM, 11, 3, 14
MM, 11, 3, 10
MM, 12, 3, 24
MM, 12, 3, 90
MM, 13, 3, 25
MM, 13, 3, 28
MM, 14, 2, 12
MM, 17, 2, 12
MM, 21, 1, 13
MM, 1, 30, 39
MM, 10, 27, 13
MM, 16, 25, 13
MM, 19, 24, 11
MM, 22, 24, 14
MM, 23, 23, 11
MM, 24, 23, 13
MM, 24, 22, 12
MM, 25, 22, 14
MM, 25, 22, 13
MM, 25, 22, 14
MM, 25, 20, 254
MM, 31, 15, 13
MM, 39, 10, 12
MM, 26, 29, 319
MM, 26, 27, 12
MM, 29, 25, 14
MM, 30, 23, 12
MM, 32, 21, 12
MM, 32, 21, 12
MM, 34, 20, 12
MM, 34, 19, 16
MM, 35, 19, 12
MM, 36, 18, 12
MM, 37, 17, 13
MM, 37, 17, 13
MM, 37, 17, 13
MM, 38, 16, 11
MM, 38, 16, 12
MM, 39, 15, 16
MM, 40, 14, 12
MM, 41, 13, 12
MM, 43, 12, 13
MM, 1, 7, 37
MM, 2, 6, 12
MM, 3, 6, 15
MM, 4, 5, 14
MM, 5, 5, 12
MM, 6, 4, 13
MM, 8, 4, 12
MM, 9, 4, 11
MM, 10, 4, 13
MM, 12, 4, 14
MM, 13, 4, 12
MM, 14, 4, 13
MM, 15, 4, 15
MM, 16, 4, 12
MM, 16, 4, 11
MM, 17, 4, 12
MM, 17, 4, 12
MM, 17, 4, 16
MM, 18, 4, 11
MM, 18, 4, 13
MM, 18, 4, 13
MM, 18, 4, 13
MM, 18, 4, 24
MM, 19, 4, 12
MC, 1, 65
MM, 10, 4, 444
MM, 24, 4, 28
MM, 6, 4, 13
MM, 42, 4, 12
MM, 29, 3, 13
MM, 17, 2, 12
MM, 7, 2, 11
MM, 0, 2, 14
MC, 1, 711
MC, 1, 665
MM, 9, 14, 180
MM, 21, 14, 12
MM, 31, 14, 11
MM, 38, 14, 13
MM, 1, 14, 52
MM, 2, 14, 13
MM, 3, 14, 12
MM, 4, 14, 17
MM, 4, 14, 9
MM, 5, 14, 12
MM, 5, 14, 12
MM, 6, 14, 13
MM, 7, 14, 12
MM, 8, 14, 15
MM, 9, 14, 12
MM, 10, 14, 13
MM, 10, 14, 14
MM, 11, 15, 11
MM, 11, 15, 12
MM, 12, 15, 13
MM, 12, 15, 13
MM, 13, 15, 12
MM, 13, 15, 14
MM, 13, 15, 13
MM, 14, 15, 26
MM, 14, 15, 11
MM, 14, 15, 28
MC, 1, 61
MM, 11, 16, 216
MM, 18, 21, 28
MM, 27, 0, 408
MM, 26, 1, 12
MM, 25, 2, 11
MM, 25, 2, 14
MM, 24, 3, 12
MM, 23, 4, 14
MM, 22, 4, 14
MM, 22, 5, 13
MM, 21, 6, 11
MM, 21, 6, 13
MM, 21, 7, 11
MM, 20, 7, 12
MM, 20, 7, 16
MM, 20, 8, 11
MM, 20, 8, 12
MM, 20, 8, 12
MM, 20, 8, 16
MM, 19, 9, 12
MM, 19, 9, 12
MM, 19, 10, 13
MM, 19, 10, 13
MM, 19, 11, 13
MM, 19, 11, 11
MM, 19, 12, 12
MM, 19, 12, 16
MC, 1, 62
MM, 22, 12, 255
MM, 0, 12, 13
MM, 23, 12, 12
MM, 7, 12, 13
MM, 40, 12, 12
MM, 11, 12, 14
MM, 15, 12, 12
MM, 44, 16, 383
MM, 40, 16, 14
MM, 37, 16, 12
MM, 34, 16, 11
MM, 32, 16, 12
MM, 30, 16, 12
MM, 29, 16, 17
MM, 28, 16, 12
MM, 27, 16, 12
MM, 27, 16, 12
MM, 27, 16, 26
MM, 26, 16, 11
MC, 1, 177
MM, 25, 17, 270
MM, 7, 26, 25
MM, 202, 17, 13
MM, 163, 41, 13
MM, 104, 40, 1109
MM, 108, 38, 12
MM, 113, 36, 13
MM, 117, 34, 13
MM, 121, 32, 11
MM, 124, 31, 12
MM, 126, 30, 17
MM, 128, 29, 9
MM, 129, 29, 14
MM, 130, 29, 13
MM, 130, 28, 13
MM, 130, 28, 12
MM, 130, 28, 12
MC, 1, 126
MM, 133, 26, 269
MM, 140, 22, 12
MM, 151, 15, 15
MM, 161, 7, 13
MM, 43, 28, 37
MM, 2, 21, 37
MM, 4, 19, 15
MM, 7, 16, 12
MM, 10, 14, 18
MM, 15, 11, 21
MM, 17, 10, 12
MM, 17, 10, 15
MM, 18, 9, 11
MM, 19, 9, 11
MM, 20, 9, 13
MM, 20, 8, 12
MM, 22, 7, 16
MM, 22, 7, 9
MM, 23, 6, 15
MM, 24, 6, 12
MM, 26, 5, 15
MM, 28, 3, 12
MM, 32, 2, 11
MM, 38, 0, 12
MM, 4, 31, 52
MM, 6, 30, 13
MM, 7, 30, 13
MM, 8, 29, 11
MM, 8, 29, 12
MM, 9, 29, 16
MM, 9, 29, 12
MM, 9, 29, 12
MM, 10, 28, 25
MM, 10, 28, 143
MM, 11, 28, 11
MM, 11, 28, 13
MM, 11, 28, 12
MM, 11, 28, 12
MM, 11, 27, 12
MM, 11, 27, 13
MM, 11, 27, 15
MM, 12, 27, 14
MM, 12, 27, 11
MM, 12, 27, 50
MC, 1, 100
MM, 11, 30, 180
MM, 6, 22, 40
MM, 18, 4, 12
MC, 1, 739
MM, 4, 18, 204
MM, 30, 18, 12
MM, 10, 15, 25
MM, 17, 15, 12
MM, 22, 15, 12
MM, 24, 15, 15
MM, 27, 15, 12
MM, 28, 15, 13
MM, 29, 15, 13
MM, 29, 15, 11
MM, 30, 15, 13
MM, 30, 15, 13
MM, 30, 15, 14
MM, 31, 15, 25
MM, 31, 16, 14
MM, 31, 16, 12
MM, 31, 16, 11
MM, 31, 16, 29
MM, 31, 17, 9
MM, 31, 18, 14
MM, 24, 20, 12
MM, 16, 23, 15
MM, 10, 24, 17
MM, 3, 27, 20
MM, 1, 27, 13
MM, 0, 28, 12
MM, 41, 29, 126
MM, 35, 29, 13
MM, 31, 29, 15
MM, 27, 29, 12
MM, 24, 29, 13
MM, 23, 29, 13
MM, 21, 29, 11
MM, 20, 29, 12
MM, 20, 29, 17
MM, 19, 29, 9
MM, 19, 29, 14
MM, 19, 29, 12
MM, 19, 29, 15
MC, 1, 241
MM, 23, 29, 216
MM, 41, 27, 13
MM, 23, 24, 12
MM, 0, 22, 12
MM, 16, 20, 14
MM, 25, 19, 11
MM, 29, 19, 16
MM, 31, 19, 12
MM, 32, 19, 12
MM, 32, 19, 12
MM, 33, 19, 179
MM, 8, 19, 25
MM, 18, 20, 12
MM, 26, 20, 17
MM, 31, 20, 10
MM, 33, 20, 12
MM, 35, 20, 12
MM, 0, 20, 79
MM, 0, 20, 11
MM, 1, 20, 12
MM, 2, 20, 13
MM, 2, 20, 15
MM, 2, 20, 9
MM, 3, 20, 15
MM, 3, 20, 13
MM, 4, 20, 12
MM, 4, 20, 12
MM, 4, 20, 25
MM, 4, 20, 29
MM, 5, 20, 76
MM, 5, 20, 12
MM, 5, 20, 26
MC, 1, 150
MM, 4, 23, 205
MM, 23, 31, 13
MM, 1, 7, 12
MM, 2, 17, 14
MM, 8, 25, 13
MM, 23, 30, 11
MM, 37, 30, 13
MM, 4, 30, 12
MM, 22, 30, 15
MM, 42, 30, 12
MM, 18, 30, 13
MM, 35, 27, 25
MM, 25, 25, 12
MM, 19, 25, 12
MM, 15, 24, 17
MM, 13, 24, 11
MM, 10, 24, 12
MM, 8, 24, 13
MM, 6, 24, 13
MM, 5, 23, 11
MM, 3, 23, 13
MM, 3, 23, 13
MM, 2, 23, 14
MM, 2, 23, 14
MM, 1, 23, 12
MM, 0, 21, 64
MM, 0, 21, 23
MM, 0, 21, 12
MM, 0, 21, 16
MM, 0, 21, 12
MM, 0, 20, 38
MM, 0, 20, 166
MC, 1, 62
MM, 1, 20, 280
MM, 9, 20, 12
MM, 25, 20, 15
MM, 42, 20, 12
MM, 7, 20, 13
MM, 19, 20, 14
MM, 31, 20, 11
MM, 40, 20, 12
MM, 0, 20, 28
MM, 2, 20, 12
MM, 4, 20, 13
MM, 5, 21, 12
MM, 6, 21, 13
MM, 6, 21, 11
MM, 6, 21, 25
MM, 7, 21, 154
MM, 7, 21, 13
MM, 7, 21, 37
MM, 8, 21, 90
MM, 9, 21, 37
MM, 10, 21, 15
MM, 11, 21, 14
MM, 11, 21, 12
MM, 12, 21, 13
MM, 12, 21, 12
MM, 13, 21, 12
MM, 13, 21, 11
MM, 13, 21, 28
MM, 14, 21, 12
MM, 14, 21, 27
MC, 1, 114
MM, 14, 21, 343
MM, 35, 20, 13
MM, 1, 13, 13
MM, 38, 7, 11
MM, 17, 28, 26
MM, 290, 12, 34318
MM, 312, 49, 13
MM, 9, 11, 23
MM, 10, 0, 16
MM, 32, 20, 11
MM, 7, 3, 24
MM, 20, 11, 16
MM, 27, 14, 12
MM, 32, 16, 12
MM, 35, 16, 13
MM, 37, 17, 13
MM, 39, 17, 12
MM, 42, 17, 12
MM, 44, 17, 12
MM, 46, 17, 16
MM, 49, 17, 12
MM, 51, 17, 12
MM, 53, 17, 13
MM, 54, 17, 12
MM, 55, 17, 13
MM, 56, 17, 12
MM, 57, 17, 12
MM, 57, 17, 14
MM, 57, 17, 15
MM, 58, 17, 12
