**********************************
LOGGING TIME: 20180908_202702
CLIENT IP: 127.0.1.1
USERNAME: abhilash
OS: Linux
*********************Neutral database**********************************
MM, 145, 56, 1537598292530
MM, 143, 33, 8
MM, 140, 9, 12
MP, 1, 13044
MR, 1, 35
MC, 1, 0
MM, 129, 26, 155
MM, 126, 15, 12
MM, 124, 5, 13
MM, 117, 28, 75
MM, 116, 27, 16
MM, 116, 26, 11
MM, 116, 26, 12
MM, 116, 25, 12
MM, 115, 25, 12
MM, 115, 24, 15
MM, 115, 24, 12
MM, 115, 24, 12
MM, 115, 24, 27
MM, 114, 24, 23
MM, 114, 24, 28
MM, 114, 24, 24
MM, 113, 24, 13
MM, 113, 24, 12
MM, 113, 24, 13
MM, 112, 24, 27
MM, 112, 25, 12
MM, 112, 26, 12
MM, 112, 28, 15
MM, 112, 0, 303
MM, 112, 0, 15
MM, 112, 1, 12
MM, 112, 1, 12
MM, 112, 2, 13
MM, 112, 2, 12
MM, 112, 2, 13
MM, 112, 3, 12
MM, 112, 3, 13
MM, 112, 3, 14
MM, 112, 4, 12
MM, 112, 4, 14
MM, 112, 4, 12
MM, 112, 4, 12
MM, 112, 4, 12
MM, 112, 5, 16
MM, 112, 5, 13
MM, 112, 5, 23
MM, 112, 5, 13
MC, 1, 153
MM, 112, 4, 3096
MM, 112, 0, 12
MM, 177, 22, 28
MM, 160, 0, 1286
MM, 160, 0, 204
MC, 1, 2252
MC, 1, 15139
MM, 163, 0, 18138
MM, 162, 10, 16
MM, 160, 19, 11
MM, 159, 25, 11
MM, 158, 29, 14
MM, 156, 33, 14
MM, 156, 34, 12
MM, 155, 36, 11
MM, 154, 37, 12
MM, 154, 38, 15
MM, 153, 39, 12
MM, 152, 39, 12
MM, 151, 41, 14
MM, 149, 42, 12
MM, 148, 43, 12
MM, 146, 44, 13
MM, 145, 45, 12
MM, 144, 46, 15
MM, 142, 47, 11
MM, 140, 48, 14
MM, 139, 49, 13
MM, 137, 49, 11
MM, 136, 49, 13
MM, 136, 49, 12
MC, 1, 12
MM, 134, 49, 181
MM, 132, 49, 12
MM, 128, 49, 12
MM, 123, 49, 13
MM, 117, 49, 13
MM, 109, 49, 14
MM, 99, 50, 12
MM, 89, 51, 12
MM, 80, 51, 15
MM, 73, 52, 12
MM, 67, 53, 12
MM, 63, 53, 12
MM, 60, 54, 12
MM, 58, 54, 13
MM, 57, 55, 14
MM, 56, 55, 12
MM, 55, 56, 13
MM, 54, 56, 13
MM, 54, 57, 12
MM, 54, 57, 12
MM, 54, 57, 16
MM, 54, 59, 13
MM, 54, 61, 12
MM, 54, 64, 12
MM, 5, 1, 49
MM, 2, 4, 15
MM, 38, 13, 38
MM, 33, 15, 12
MM, 28, 17, 12
MM, 23, 19, 12
MM, 18, 20, 15
MM, 14, 21, 12
MM, 10, 22, 13
MM, 7, 22, 15
MM, 4, 22, 11
MM, 2, 22, 11
MM, 0, 22, 13
MM, 1, 19, 191
MM, 5, 19, 13
MM, 10, 19, 12
MM, 13, 19, 15
MM, 16, 19, 12
MM, 18, 19, 12
MM, 20, 19, 13
MM, 21, 19, 12
MM, 21, 19, 13
MM, 22, 19, 12
MM, 22, 19, 16
MM, 22, 19, 11
MM, 23, 19, 13
MC, 1, 75
MM, 23, 19, 52
MM, 23, 19, 12
MM, 24, 19, 15
MM, 28, 19, 12
MM, 33, 19, 13
MM, 39, 19, 13
MM, 1, 19, 25
MM, 6, 19, 11
MM, 10, 19, 13
MM, 14, 18, 15
MM, 17, 18, 11
MM, 20, 17, 12
MM, 23, 16, 16
MM, 25, 16, 12
MM, 28, 15, 12
MM, 30, 15, 12
MM, 32, 15, 12
MM, 35, 15, 13
MM, 38, 15, 13
MM, 41, 15, 13
MM, 0, 15, 40
MM, 2, 15, 12
MM, 4, 15, 12
MM, 5, 15, 12
MM, 6, 15, 13
MM, 8, 15, 12
MM, 9, 14, 15
MM, 11, 14, 12
MM, 12, 14, 14
MM, 13, 14, 12
MM, 14, 13, 12
MM, 16, 13, 12
MM, 16, 13, 12
MM, 17, 13, 13
MM, 17, 13, 15
MM, 18, 13, 11
MM, 18, 13, 13
MM, 18, 13, 15
MM, 19, 13, 11
MM, 19, 13, 12
MM, 19, 13, 12
MC, 1, 3
MM, 21, 13, 12
MM, 22, 13, 12
MM, 26, 13, 13
MM, 32, 13, 12
MM, 41, 13, 12
MM, 3, 0, 102
MM, 11, 3, 13
MM, 16, 4, 12
MM, 18, 5, 13
MM, 18, 5, 14
MM, 18, 5, 152
MM, 18, 8, 41
MM, 29, 20, 12
MM, 35, 3, 12
MM, 1, 23, 12
MM, 27, 10, 25
MM, 34, 18, 12
MM, 38, 23, 15
MM, 42, 25, 12
MM, 0, 31, 50
MM, 26, 31, 357
MM, 26, 30, 12
MM, 26, 29, 15
MM, 26, 28, 11
MM, 26, 28, 13
MM, 26, 28, 15
MM, 26, 27, 11
MM, 26, 27, 12
MM, 26, 27, 12
MM, 26, 27, 15
MM, 26, 27, 12
MM, 26, 26, 13
MM, 26, 26, 12
MM, 26, 26, 12
MC, 1, 11
MM, 26, 26, 2
MM, 24, 26, 460
MM, 22, 26, 11
MM, 17, 26, 12
MM, 10, 25, 16
MM, 2, 21, 12
MM, 41, 14, 12
MM, 25, 5, 12
MM, 35, 20, 26
MM, 16, 10, 13
MM, 2, 1, 12
MM, 42, 30, 26
MM, 35, 29, 15
MM, 31, 28, 11
MM, 28, 28, 12
MM, 27, 28, 13
MM, 26, 28, 12
MM, 26, 28, 152
MM, 26, 29, 15
MM, 21, 30, 14
MM, 7, 31, 11
MC, 1, 827
MM, 43, 6, 230
MM, 38, 10, 13
MM, 34, 14, 14
MM, 30, 17, 12
MM, 27, 19, 12
MM, 25, 21, 14
MM, 23, 23, 11
MM, 21, 24, 13
MM, 20, 25, 12
MM, 19, 25, 14
MM, 18, 26, 11
MM, 18, 26, 16
MM, 18, 26, 11
MM, 18, 26, 13
MM, 18, 26, 12
MM, 17, 26, 41
MC, 1, 36
MM, 22, 23, 25
MM, 42, 13, 12
MC, 1, 803
MC, 1, 305
MM, 5, 27, 243
MM, 9, 29, 13
MM, 16, 0, 77
MM, 18, 1, 13
MM, 20, 2, 13
MM, 22, 3, 11
MM, 24, 4, 12
MM, 25, 5, 16
MM, 26, 6, 12
MM, 27, 7, 12
MM, 28, 8, 13
MM, 29, 9, 12
MM, 29, 10, 13
MM, 30, 11, 12
MM, 31, 12, 12
MM, 31, 13, 15
MM, 31, 14, 13
MM, 31, 15, 14
MM, 31, 15, 12
MM, 31, 16, 11
MM, 31, 17, 12
MM, 31, 17, 13
MC, 1, 14
MM, 31, 17, 0
MM, 31, 18, 12
MM, 31, 19, 13
MM, 31, 20, 15
MM, 31, 21, 12
MM, 31, 23, 11
MM, 29, 25, 12
MM, 26, 27, 12
MM, 23, 30, 17
MM, 20, 31, 10
MM, 15, 0, 51
MM, 13, 2, 12
MM, 12, 4, 12
MM, 10, 6, 15
MM, 9, 7, 18
MM, 6, 12, 18
MM, 5, 15, 14
MM, 4, 17, 14
MM, 3, 18, 13
MM, 2, 20, 12
MM, 1, 21, 12
MM, 1, 23, 12
MM, 0, 24, 12
MM, 0, 25, 15
MM, 133, 0, 152
MM, 132, 1, 12
MM, 132, 2, 12
MM, 131, 2, 15
MM, 131, 3, 12
MM, 130, 4, 13
MM, 130, 5, 13
MM, 129, 5, 12
MM, 129, 6, 12
MM, 128, 6, 12
MM, 128, 7, 14
MM, 128, 7, 14
MM, 128, 7, 12
MC, 1, 89
MM, 128, 7, 38
MM, 131, 5, 12
MM, 135, 2, 15
MM, 10, 31, 26
MM, 19, 24, 12
MM, 28, 17, 13
MM, 37, 11, 12
MM, 12, 29, 51
MM, 16, 26, 12
MM, 20, 23, 15
MM, 23, 19, 13
MM, 27, 16, 11
MM, 30, 13, 11
MM, 33, 9, 13
MM, 35, 7, 14
MM, 37, 4, 12
MM, 38, 2, 13
MM, 39, 1, 13
MM, 40, 0, 13
MM, 5, 31, 63
MM, 6, 30, 13
MM, 7, 29, 13
MM, 8, 28, 12
MM, 9, 26, 12
MM, 10, 25, 13
MM, 11, 23, 15
MM, 12, 22, 11
MM, 13, 20, 14
MM, 14, 19, 15
MM, 15, 18, 10
MM, 15, 17, 12
MM, 16, 16, 12
MM, 16, 15, 16
MM, 16, 14, 12
MM, 16, 14, 11
MM, 17, 13, 13
MM, 17, 13, 13
MM, 17, 12, 19
MM, 17, 12, 19
MC, 1, 38
MM, 13, 12, 53
MM, 8, 12, 11
MM, 1, 13, 13
MM, 39, 16, 12
MM, 24, 18, 13
MM, 8, 22, 13
MM, 41, 27, 14
MM, 29, 3, 37
MM, 12, 8, 12
MM, 29, 16, 25
MM, 14, 18, 16
MM, 1, 21, 11
MM, 39, 23, 13
MM, 27, 24, 12
MM, 16, 24, 13
MM, 6, 24, 12
MM, 41, 24, 27
MM, 36, 24, 13
MM, 33, 24, 13
MM, 30, 24, 12
MM, 27, 24, 12
MM, 25, 24, 12
MM, 24, 24, 13
MM, 23, 24, 12
MM, 22, 24, 15
MM, 22, 24, 12
MM, 22, 23, 37
MM, 22, 22, 13
MM, 22, 21, 12
MM, 22, 19, 15
MM, 22, 18, 12
MM, 22, 18, 13
MM, 22, 18, 12
MM, 22, 17, 14
MM, 22, 17, 11
MM, 22, 17, 12
MM, 22, 17, 13
MM, 22, 17, 15
MC, 1, 10
MM, 23, 17, 4
MM, 24, 17, 11
MM, 25, 17, 12
MM, 26, 17, 13
MM, 28, 17, 13
MM, 31, 19, 11
MM, 34, 23, 12
MM, 39, 27, 16
MM, 43, 31, 12
MM, 4, 3, 26
MM, 10, 8, 12
MM, 15, 13, 12
MM, 20, 18, 13
MM, 24, 22, 12
MM, 29, 27, 14
MM, 33, 30, 13
MM, 33, 2, 37
MM, 36, 4, 12
MM, 38, 6, 16
MM, 41, 8, 13
MM, 42, 9, 11
MM, 43, 10, 13
MM, 45, 11, 13
MM, 46, 11, 12
MM, 48, 12, 13
MM, 50, 13, 12
MM, 53, 14, 14
MM, 55, 15, 13
MM, 57, 16, 13
MM, 58, 16, 11
MM, 59, 16, 13
MM, 60, 16, 12
MM, 61, 16, 13
MM, 61, 16, 16
MM, 61, 16, 11
MM, 62, 16, 11
MM, 62, 16, 13
MC, 1, 11
MM, 63, 16, 1
MM, 63, 16, 27
MM, 63, 16, 12
MM, 64, 16, 15
MM, 65, 15, 12
MM, 66, 7, 12
MM, 31, 28, 12
MM, 38, 6, 12
MM, 179, 64, 118
MM, 179, 61, 12
MM, 179, 59, 12
MM, 179, 58, 13
MM, 179, 56, 12
MM, 179, 54, 12
MM, 179, 53, 12
MM, 179, 52, 15
MM, 179, 51, 12
MM, 179, 51, 15
MM, 179, 50, 11
MM, 179, 51, 88
MM, 179, 54, 14
MM, 179, 56, 12
MM, 179, 58, 12
MM, 179, 61, 12
MM, 179, 64, 15
MM, 179, 67, 12
MC, 1, 575
MM, 0, 27, 189
MM, 2, 29, 11
MM, 5, 31, 14
MM, 1, 3, 356
MM, 3, 3, 13
MM, 5, 4, 16
MM, 6, 4, 12
MM, 7, 5, 12
MM, 8, 6, 12
MM, 9, 6, 12
MM, 10, 6, 13
MM, 11, 7, 13
MM, 11, 7, 12
MM, 11, 7, 15
MM, 11, 7, 12
MM, 12, 7, 14
MC, 1, 36
MM, 10, 7, 101
MM, 5, 7, 13
MM, 43, 7, 27
MM, 33, 7, 12
MM, 25, 7, 13
MM, 16, 7, 13
MM, 9, 6, 11
MM, 1, 5, 14
MM, 42, 3, 13
MM, 33, 2, 13
MM, 26, 2, 14
MM, 19, 1, 11
MM, 14, 0, 14
MC, 1, 278
MM, 38, 1, 115
MM, 2, 16, 27
MM, 9, 26, 12
MM, 24, 9, 25
MM, 29, 18, 12
MM, 35, 26, 17
MM, 38, 31, 10
MM, 85, 1, 38
MM, 87, 3, 12
MM, 89, 5, 12
MM, 91, 6, 13
MM, 94, 8, 16
MM, 96, 9, 13
MM, 98, 11, 11
MM, 100, 12, 12
MM, 102, 13, 13
MM, 104, 14, 12
MM, 105, 16, 12
MM, 106, 17, 14
MM, 106, 18, 13
MM, 107, 19, 14
MM, 108, 20, 13
MM, 108, 20, 12
MM, 108, 21, 11
MM, 109, 21, 12
MM, 109, 22, 17
MM, 109, 22, 10
MC, 1, 48
MM, 110, 22, 15
MM, 110, 22, 12
MM, 111, 22, 13
MM, 111, 22, 15
MM, 114, 22, 12
MM, 117, 21, 13
MM, 122, 18, 12
MM, 129, 14, 14
MM, 143, 8, 10
MM, 41, 31, 28
MM, 7, 25, 12
MM, 22, 20, 13
MM, 34, 15, 13
MM, 43, 10, 12
MM, 1, 4, 12
MM, 5, 1, 12
MM, 15, 31, 89
MM, 17, 30, 17
MM, 17, 29, 12
MM, 19, 29, 12
MM, 19, 28, 12
MM, 20, 28, 12
MM, 20, 27, 13
MM, 21, 26, 18
MM, 21, 22, 21
MM, 22, 20, 12
MM, 22, 18, 13
MM, 22, 14, 11
MM, 22, 11, 13
MM, 22, 8, 15
MM, 22, 6, 12
MM, 22, 4, 14
MM, 22, 3, 11
MM, 22, 1, 13
MM, 22, 0, 12
MM, 35, 30, 64
MM, 35, 29, 13
MM, 0, 22, 77
MM, 1, 21, 12
MM, 2, 20, 13
MM, 3, 20, 12
MM, 4, 19, 12
MM, 4, 19, 14
MM, 5, 18, 14
MM, 6, 18, 13
MM, 7, 17, 12
MM, 9, 17, 12
MM, 9, 17, 12
MM, 10, 17, 12
MM, 11, 17, 15
MM, 11, 17, 13
MM, 12, 17, 12
MM, 12, 17, 15
MM, 13, 17, 11
MM, 13, 17, 23
MM, 13, 17, 27
MC, 1, 25
MM, 13, 18, 116
MM, 10, 22, 12
MM, 3, 29, 13
MM, 16, 8, 25
MM, 8, 16, 13
MM, 2, 22, 13
MM, 35, 1, 63
MM, 33, 3, 12
MM, 31, 4, 15
MM, 29, 5, 12
MM, 26, 6, 12
MM, 24, 6, 13
MM, 21, 6, 12
MM, 18, 6, 13
MM, 15, 6, 16
MM, 13, 6, 12
MM, 11, 6, 12
MM, 9, 6, 12
MM, 8, 6, 12
MM, 6, 6, 13
MM, 4, 6, 13
MM, 3, 6, 12
MM, 2, 6, 15
MM, 1, 6, 12
MM, 0, 6, 13
MM, 42, 6, 64
MM, 40, 6, 11
MM, 38, 8, 12
MM, 35, 10, 13
MM, 33, 12, 15
MC, 1, 10
MM, 31, 14, 3
MM, 28, 15, 12
MM, 27, 16, 12
MM, 25, 16, 13
MM, 24, 17, 13
MM, 24, 17, 11
MM, 24, 17, 29
MM, 26, 17, 61
MM, 32, 15, 11
MM, 9, 8, 29
MM, 22, 5, 12
MM, 32, 2, 13
MM, 41, 0, 12
MM, 15, 31, 103
MM, 16, 31, 11
MM, 18, 31, 12
MM, 19, 31, 13
MM, 20, 31, 13
MM, 21, 30, 13
MM, 22, 30, 13
MM, 23, 30, 13
MM, 24, 30, 13
MM, 24, 30, 11
MM, 25, 30, 12
MM, 26, 30, 15
MM, 27, 30, 13
MM, 28, 30, 12
MM, 29, 30, 13
MM, 31, 30, 12
MM, 34, 30, 12
MM, 37, 30, 13
MM, 41, 29, 13
MM, 1, 28, 27
MM, 5, 27, 12
MM, 8, 26, 16
MM, 11, 25, 9
MM, 14, 25, 12
MM, 16, 24, 13
MM, 18, 24, 15
MM, 19, 23, 12
MM, 21, 23, 13
MM, 22, 22, 12
MM, 22, 22, 12
MM, 23, 22, 12
MM, 23, 22, 13
MM, 24, 21, 14
MM, 24, 21, 14
MM, 24, 21, 13
MM, 24, 21, 12
MM, 24, 21, 12
MM, 25, 20, 12
MM, 25, 20, 12
MM, 25, 20, 12
MC, 1, 15
MM, 25, 19, 13
MM, 25, 19, 14
MM, 25, 18, 13
MM, 25, 18, 11
MM, 25, 18, 11
MM, 25, 17, 13
MM, 24, 16, 16
MM, 20, 15, 10
MM, 15, 14, 14
MM, 11, 12, 12
MM, 7, 11, 14
MM, 4, 9, 12
MM, 0, 7, 11
MM, 39, 3, 27
MM, 33, 1, 19
MM, 36, 31, 147
MM, 33, 31, 14
MM, 30, 31, 12
MM, 27, 30, 12
MM, 24, 30, 11
MM, 21, 29, 12
MM, 17, 29, 15
MM, 13, 28, 13
MM, 8, 28, 13
MM, 4, 27, 12
MM, 0, 27, 13
MM, 42, 25, 36
MM, 40, 24, 15
MM, 37, 22, 13
MM, 36, 21, 13
MM, 34, 20, 12
MM, 32, 18, 11
MC, 1, 11
MM, 31, 16, 4
MM, 29, 15, 12
MM, 28, 13, 13
MM, 27, 12, 12
MM, 26, 12, 14
MM, 26, 11, 12
MM, 26, 15, 89
MM, 26, 20, 13
MM, 13, 0, 11
MM, 13, 22, 13
MM, 16, 6, 14
MM, 16, 23, 14
MM, 156, 8, 25
MM, 156, 15, 12
MM, 156, 19, 12
MM, 156, 22, 13
MM, 156, 25, 12
MM, 156, 27, 15
MM, 156, 31, 12
MM, 156, 34, 15
MM, 156, 36, 12
MM, 156, 38, 12
MM, 156, 40, 11
MM, 156, 39, 154
MM, 156, 31, 24
MM, 156, 27, 13
MM, 158, 22, 14
MM, 162, 17, 13
MM, 167, 12, 12
MM, 171, 7, 13
MM, 174, 3, 16
MM, 176, 1, 10
MM, 178, 0, 11
MM, 179, 0, 243
MM, 179, 0, 12
MC, 1, 12
MM, 179, 1, 1
MM, 179, 2, 13
MM, 179, 2, 13
MM, 179, 3, 12
MM, 179, 4, 14
MM, 179, 4, 13
MM, 179, 5, 11
MM, 179, 6, 13
MM, 179, 7, 13
MM, 179, 9, 14
MM, 179, 10, 11
MM, 179, 11, 14
MM, 179, 11, 13
MM, 179, 12, 12
MM, 179, 12, 11
MM, 179, 12, 14
MM, 179, 13, 16
MM, 179, 13, 11
MM, 179, 13, 13
MM, 179, 13, 12
MM, 179, 13, 228
MC, 1, 14
MM, 180, 13, 0
MM, 181, 13, 14
MM, 182, 13, 11
MM, 184, 10, 12
MM, 188, 5, 14
MM, 16, 25, 25
MM, 28, 14, 11
MM, 43, 2, 14
MM, 4, 31, 14
MM, 16, 24, 12
MM, 24, 18, 13
MM, 30, 14, 13
MM, 34, 12, 11
MM, 36, 10, 13
MM, 37, 9, 14
MM, 38, 7, 13
MM, 39, 6, 12
MM, 40, 5, 13
MM, 41, 4, 14
MM, 41, 3, 11
MM, 42, 2, 12
MM, 42, 1, 12
MM, 42, 0, 16
MM, 14, 31, 50
MM, 15, 30, 13
MM, 16, 29, 11
MM, 17, 28, 13
MM, 20, 26, 15
MM, 23, 24, 12
MM, 29, 21, 12
MM, 35, 20, 13
MM, 5, 16, 24
MM, 13, 15, 17
MM, 20, 15, 10
MM, 26, 15, 12
MM, 32, 15, 12
MM, 35, 15, 346
MM, 32, 15, 14
MM, 31, 15, 11
MM, 29, 15, 12
MM, 27, 15, 12
MM, 26, 15, 12
MM, 24, 15, 15
MM, 22, 15, 12
MM, 21, 15, 13
MM, 19, 15, 14
MM, 17, 15, 12
MM, 16, 15, 11
MM, 16, 15, 12
MM, 15, 15, 15
MM, 15, 15, 12
MM, 14, 15, 13
MM, 14, 15, 13
MC, 1, 14
MM, 14, 15, 176
MM, 17, 15, 14
MM, 19, 15, 12
MM, 22, 15, 12
MM, 24, 16, 12
MM, 28, 17, 16
MM, 31, 19, 12
MM, 34, 20, 12
MM, 35, 22, 1769
MM, 34, 22, 13
MM, 32, 21, 14
MM, 32, 21, 13
MM, 30, 21, 12
MM, 30, 21, 13
MM, 29, 21, 13
MM, 28, 20, 12
MM, 28, 20, 12
MM, 27, 20, 12
MM, 27, 20, 16
MM, 26, 20, 12
MM, 26, 19, 12
MM, 25, 19, 13
MM, 25, 19, 13
MM, 24, 19, 11
MM, 24, 18, 13
MM, 23, 18, 14
MM, 23, 18, 14
MM, 23, 18, 12
MM, 22, 18, 13
MC, 1, 24
MM, 21, 18, 12
MM, 21, 18, 27
MM, 21, 18, 12
MM, 21, 18, 15
MM, 21, 18, 13
MM, 21, 18, 12
MM, 21, 20, 11
MM, 20, 22, 12
MM, 20, 24, 15
MM, 19, 25, 11
MM, 19, 27, 14
MM, 18, 29, 12
MM, 18, 31, 14
MM, 36, 0, 50
MM, 35, 1, 12
MM, 34, 3, 13
MM, 33, 3, 13
MM, 33, 4, 12
MM, 33, 4, 14
MM, 32, 4, 11
MM, 32, 4, 13
MM, 32, 4, 27
MC, 1, 404
MM, 31, 4, 54
MM, 31, 4, 25
MM, 30, 4, 12
MM, 29, 5, 12
MM, 27, 6, 16
MM, 23, 7, 12
MM, 19, 8, 13
MM, 14, 10, 12
MM, 7, 11, 13
MM, 34, 15, 24
MM, 21, 16, 14
MM, 8, 17, 14
MM, 43, 19, 12
MM, 28, 19, 13
MM, 14, 20, 12
MM, 1, 21, 12
MM, 39, 23, 12
MM, 25, 24, 15
MM, 11, 25, 12
MM, 41, 25, 27
MM, 32, 25, 12
MM, 23, 25, 12
MM, 14, 25, 11
MM, 3, 25, 13
MM, 43, 25, 16
MM, 33, 25, 11
MM, 25, 25, 12
MM, 17, 24, 13
MM, 9, 23, 14
MM, 3, 23, 12
MM, 39, 21, 23
MM, 32, 21, 15
MM, 26, 20, 12
MM, 19, 20, 14
MM, 14, 20, 12
MM, 8, 20, 12
MM, 3, 20, 14
MM, 40, 20, 24
MM, 32, 20, 14
MM, 24, 20, 13
MM, 17, 20, 12
MM, 11, 20, 13
MM, 5, 20, 11
MM, 1, 20, 14
MM, 43, 20, 26
MM, 38, 20, 12
MM, 33, 19, 14
MM, 30, 19, 12
MM, 27, 19, 15
MM, 25, 18, 10
MM, 23, 18, 12
MM, 22, 17, 16
MM, 21, 17, 12
MM, 21, 16, 12
MM, 21, 16, 13
MM, 20, 16, 12
MM, 20, 15, 12
MM, 20, 15, 17
MM, 20, 14, 10
MM, 20, 14, 12
MM, 20, 14, 12
MM, 20, 13, 12
MC, 1, 12
MM, 21, 13, 15
MM, 24, 13, 12
MM, 27, 13, 14
MM, 31, 13, 14
MM, 36, 13, 11
MM, 4, 17, 24
MM, 18, 21, 13
MM, 35, 27, 13
MM, 18, 0, 27
MM, 32, 4, 12
MM, 7, 14, 24
MM, 18, 19, 13
MM, 27, 23, 16
MM, 35, 28, 12
MM, 42, 31, 13
MM, 96, 0, 24
MM, 103, 3, 12
MM, 108, 5, 12
MM, 113, 7, 15
MM, 116, 8, 12
MM, 120, 9, 14
MM, 123, 9, 13
MM, 127, 9, 12
MM, 130, 9, 12
MM, 133, 9, 11
MM, 137, 9, 14
MM, 142, 9, 14
MM, 146, 9, 12
MM, 150, 9, 13
MM, 154, 8, 14
MM, 157, 7, 12
MM, 159, 5, 11
MM, 161, 4, 13
MM, 163, 1, 14
MM, 26, 29, 50
MM, 26, 27, 12
MM, 26, 24, 13
MM, 26, 23, 13
MM, 26, 21, 14
MM, 26, 20, 11
MM, 26, 19, 16
MM, 24, 18, 11
MM, 23, 17, 13
MM, 22, 17, 11
MM, 21, 17, 14
MM, 21, 17, 13
MM, 21, 17, 13
MM, 20, 17, 25
MM, 20, 17, 12
MC, 1, 39
MM, 20, 17, 26
MM, 20, 17, 11
MM, 20, 17, 14
MM, 19, 18, 13
MM, 17, 18, 11
MM, 14, 18, 13
MM, 10, 18, 14
MM, 3, 18, 14
MM, 37, 15, 24
MM, 30, 13, 13
MM, 23, 9, 12
MM, 15, 6, 12
MM, 7, 2, 12
MM, 38, 28, 41
MM, 33, 24, 13
MM, 27, 20, 12
MM, 23, 16, 12
MM, 19, 13, 12
MM, 16, 10, 12
MM, 13, 7, 15
MM, 9, 5, 11
MM, 7, 3, 13
MM, 4, 1, 15
MC, 1, 291
MC, 1, 446
MM, 7, 7, 66
MM, 7, 26, 12
MM, 7, 6, 11
MM, 7, 24, 12
MM, 97, 10, 27
MM, 97, 21, 12
MM, 97, 31, 13
MM, 97, 39, 14
MP, 1, 306
MR, 1, 11
MM, 97, 40, 52
MM, 97, 39, 11
MM, 97, 37, 13
MM, 97, 36, 14
MM, 97, 35, 12
MM, 97, 33, 14
MM, 97, 32, 12
MM, 97, 31, 13
MM, 97, 30, 12
MM, 97, 28, 12
MM, 97, 27, 12
MM, 97, 26, 15
MM, 97, 26, 13
MM, 97, 25, 13
MM, 97, 25, 12
MM, 97, 25, 11
MC, 1, 78
MM, 97, 25, 12
MM, 97, 24, 12
MM, 97, 24, 16
MM, 97, 24, 12
MM, 97, 22, 11
MM, 97, 20, 15
MM, 97, 17, 11
MM, 97, 15, 13
MM, 97, 12, 12
MM, 97, 8, 13
MM, 97, 5, 13
MM, 97, 1, 14
MM, 7, 31, 25
MM, 7, 24, 13
MM, 7, 16, 12
MM, 7, 9, 11
MM, 7, 3, 14
MM, 7, 29, 26
MM, 7, 25, 14
MM, 7, 20, 13
MM, 7, 16, 12
MM, 7, 12, 12
MM, 7, 7, 11
MM, 7, 1, 13
MC, 1, 233
MM, 43, 2, 100
MM, 10, 9, 38
MM, 16, 10, 13
MM, 21, 11, 13
MM, 24, 12, 13
MM, 26, 12, 11
MM, 28, 12, 12
MM, 30, 12, 12
MM, 32, 13, 17
MM, 32, 13, 11
MM, 33, 13, 12
MM, 33, 13, 13
MM, 34, 13, 14
MM, 34, 13, 12
MM, 34, 13, 23
MC, 1, 54
MM, 33, 13, 63
MM, 28, 13, 13
MM, 22, 13, 13
MM, 16, 13, 12
MM, 7, 13, 11
MM, 34, 16, 26
MM, 18, 18, 14
MM, 3, 20, 12
MM, 36, 22, 13
MM, 21, 23, 13
MM, 8, 25, 12
MM, 33, 27, 27
MM, 23, 28, 13
MM, 14, 28, 13
MM, 6, 28, 12
MM, 0, 28, 12
MM, 42, 28, 24
MM, 40, 28, 14
MM, 38, 28, 13
MM, 38, 28, 12
MM, 37, 28, 15
MM, 37, 28, 13
MM, 36, 28, 62
MM, 36, 28, 26
MM, 35, 28, 14
MM, 33, 28, 12
MM, 30, 28, 11
MM, 25, 27, 12
MM, 21, 26, 15
MM, 17, 26, 12
MM, 13, 25, 13
MM, 9, 25, 13
MM, 6, 25, 12
MM, 3, 24, 12
MM, 0, 24, 13
MM, 43, 23, 26
MM, 40, 23, 12
MM, 36, 23, 14
MM, 34, 23, 13
MM, 31, 23, 11
MM, 29, 22, 12
MM, 28, 22, 14
MM, 26, 21, 12
MM, 25, 21, 14
MM, 24, 20, 13
MM, 24, 20, 12
MM, 24, 20, 15
MM, 24, 20, 22
MM, 24, 19, 17
MM, 24, 19, 11
MM, 24, 19, 12
MC, 1, 13
MM, 24, 18, 12
MM, 24, 18, 13
MM, 28, 18, 50
MM, 34, 18, 12
MM, 43, 18, 15
MM, 6, 18, 13
MM, 20, 16, 12
MM, 34, 13, 13
MM, 8, 8, 25
MM, 16, 6, 13
MM, 23, 4, 11
MM, 27, 2, 15
MM, 31, 1, 11
MM, 34, 0, 14
MM, 37, 0, 12
MC, 1, 498
MM, 4, 0, 126
MM, 4, 9, 12
MM, 4, 18, 14
MM, 4, 28, 14
MM, 5, 2, 11
MM, 5, 12, 15
MM, 5, 21, 12
MM, 5, 29, 11
MM, 95, 0, 40
MM, 95, 2, 12
MM, 95, 2, 12
MM, 95, 3, 13
MM, 95, 3, 177
MM, 95, 4, 13
MM, 95, 5, 13
MM, 95, 7, 13
MM, 96, 9, 13
MM, 96, 11, 13
MM, 96, 12, 15
MM, 96, 14, 11
MM, 96, 14, 11
MM, 96, 15, 13
MM, 97, 15, 13
MM, 97, 16, 15
MM, 97, 16, 24
MC, 1, 23
MM, 97, 16, 2
MM, 98, 16, 12
MM, 98, 16, 15
MM, 99, 16, 14
MM, 99, 16, 12
MM, 101, 16, 12
MM, 104, 16, 12
MM, 108, 14, 13
MM, 113, 11, 12
MM, 124, 5, 12
MM, 15, 22, 27
MM, 29, 13, 14
MM, 41, 4, 13
MM, 6, 28, 23
MM, 14, 22, 12
MM, 20, 17, 15
MM, 24, 13, 12
MM, 28, 9, 13
MM, 31, 6, 13
MM, 33, 4, 13
MM, 35, 3, 12
MM, 37, 1, 11
MM, 6, 31, 40
MM, 8, 30, 13
MM, 9, 28, 13
MM, 10, 27, 11
MM, 11, 26, 13
MM, 12, 25, 13
MM, 13, 25, 14
MM, 13, 24, 12
MM, 14, 24, 12
MM, 14, 23, 17
MM, 14, 23, 10
MM, 15, 23, 11
MM, 15, 23, 12
MM, 15, 22, 13
MM, 15, 22, 15
MM, 16, 22, 12
MM, 16, 21, 12
MM, 16, 21, 14
MM, 16, 21, 12
MM, 16, 21, 12
MM, 16, 20, 12
MM, 16, 20, 16
MC, 1, 9
MM, 16, 20, 3
MM, 9, 20, 37
MM, 1, 20, 12
MM, 38, 20, 12
MM, 23, 21, 15
MM, 8, 23, 12
MM, 41, 25, 14
MM, 27, 27, 13
MM, 12, 30, 12
MM, 0, 31, 12
MM, 11, 0, 147
MM, 1, 2, 18
MM, 41, 5, 28
MM, 35, 7, 12
MM, 30, 8, 12
MM, 25, 10, 13
MM, 21, 11, 12
MM, 18, 13, 12
MM, 14, 14, 12
MM, 11, 15, 15
MM, 8, 16, 12
MM, 5, 17, 14
MM, 3, 18, 13
MM, 1, 19, 13
MM, 43, 20, 62
MM, 42, 20, 13
MM, 41, 20, 15
MM, 40, 20, 12
MM, 40, 20, 11
MM, 39, 20, 12
MM, 39, 20, 12
MM, 38, 20, 15
MC, 1, 26
MM, 38, 21, 101
MM, 38, 22, 12
MM, 40, 24, 12
MM, 42, 26, 13
MM, 9, 2, 88
MM, 12, 4, 16
MM, 17, 7, 13
MM, 22, 9, 12
MM, 28, 12, 11
MM, 33, 14, 14
MM, 37, 16, 12
MM, 41, 18, 13
MM, 1, 22, 52
MM, 3, 23, 12
MM, 5, 24, 13
MM, 6, 25, 12
MM, 8, 26, 12
MM, 9, 27, 12
MM, 11, 28, 15
MM, 12, 29, 12
MM, 14, 31, 15
MM, 65, 0, 86
MM, 67, 1, 14
MM, 68, 2, 13
MM, 70, 4, 12
MM, 71, 5, 12
MM, 73, 7, 12
MM, 74, 8, 15
MM, 76, 9, 14
MM, 77, 11, 12
MM, 79, 11, 12
MM, 80, 12, 13
MM, 82, 13, 12
MM, 82, 14, 12
MM, 84, 14, 12
MM, 85, 15, 15
MM, 86, 15, 12
MM, 87, 16, 19
MM, 89, 17, 20
MM, 90, 17, 12
MM, 90, 17, 15
MM, 91, 17, 12
MM, 92, 18, 12
MM, 93, 18, 11
MM, 94, 18, 13
MC, 1, 12
MM, 95, 18, 4
MM, 97, 18, 9
MM, 100, 18, 14
MM, 102, 18, 12
MM, 106, 18, 16
MM, 110, 18, 12
MM, 115, 18, 11
MM, 119, 18, 12
MM, 123, 17, 12
MM, 128, 16, 15
MM, 132, 15, 12
MM, 135, 13, 13
MM, 139, 12, 13
MM, 142, 10, 12
MM, 144, 9, 12
MM, 147, 7, 12
MM, 149, 5, 15
MM, 150, 4, 12
MM, 152, 2, 12
MM, 153, 1, 15
MM, 19, 31, 75
MM, 19, 30, 13
MM, 19, 29, 13
MM, 19, 28, 11
MM, 20, 27, 12
MM, 20, 26, 16
MM, 20, 25, 13
MM, 20, 24, 12
MM, 20, 24, 11
MM, 20, 23, 14
MM, 20, 23, 12
MM, 20, 22, 12
MM, 20, 22, 15
MM, 20, 22, 12
MM, 20, 22, 14
MC, 1, 13
MM, 20, 21, 24
MM, 20, 21, 11
MM, 21, 21, 12
MM, 22, 20, 16
MM, 24, 19, 11
MM, 27, 18, 13
MM, 31, 16, 15
MM, 37, 14, 13
MM, 43, 11, 11
MM, 2, 5, 11
MM, 18, 29, 27
MM, 28, 22, 12
MM, 37, 16, 13
MM, 0, 7, 26
MM, 6, 4, 12
MM, 10, 0, 12
MM, 34, 28, 39
MM, 0, 10, 62
MM, 1, 8, 15
MM, 2, 6, 12
MM, 3, 6, 13
MM, 4, 5, 16
MM, 4, 4, 10
MM, 5, 4, 11
MM, 6, 3, 13
MM, 6, 3, 12
MM, 7, 3, 16
MM, 8, 3, 11
MM, 10, 3, 13
MM, 11, 3, 12
MM, 12, 3, 19
MM, 14, 3, 20
MM, 14, 3, 13
MM, 15, 4, 12
MM, 16, 6, 13
MM, 17, 9, 12
MM, 17, 11, 14
MM, 17, 14, 12
MM, 17, 16, 15
MM, 17, 18, 11
MM, 17, 20, 13
MM, 17, 22, 12
MM, 17, 23, 12
MM, 17, 24, 13
MM, 17, 25, 12
MM, 17, 25, 15
MM, 17, 26, 12
MM, 17, 26, 13
MC, 1, 89
MM, 16, 26, 13
MM, 16, 26, 12
MM, 15, 26, 12
MM, 14, 26, 15
MM, 13, 26, 13
MM, 10, 26, 13
MM, 6, 24, 12
MM, 2, 22, 11
MM, 32, 18, 25
MM, 25, 16, 13
MM, 18, 14, 15
MM, 11, 12, 11
MM, 3, 10, 16
MM, 36, 7, 24
MM, 27, 6, 11
MM, 20, 5, 12
MM, 12, 5, 15
MM, 5, 4, 12
MM, 41, 3, 25
MM, 34, 2, 14
MM, 27, 2, 12
MM, 21, 2, 11
MM, 15, 2, 13
MM, 10, 2, 15
MM, 5, 2, 13
MM, 1, 2, 12
MC, 1, 293
MM, 15, 5, 189
MM, 16, 13, 13
MM, 18, 19, 15
MM, 19, 23, 11
MM, 20, 26, 13
MM, 20, 30, 13
MM, 23, 1, 50
MM, 23, 2, 12
MM, 23, 4, 15
MM, 24, 6, 12
MM, 24, 9, 13
MM, 24, 12, 13
MM, 25, 15, 12
MM, 25, 17, 12
MM, 26, 19, 15
MM, 26, 22, 13
MM, 26, 24, 13
MM, 27, 25, 12
MM, 27, 27, 11
MM, 28, 29, 14
MM, 28, 31, 11
MM, 120, 0, 78
MM, 120, 0, 12
MM, 120, 1, 12
MM, 120, 2, 15
MM, 120, 2, 12
MM, 120, 3, 13
MM, 121, 3, 12
MM, 121, 4, 14
MM, 121, 5, 12
MM, 121, 5, 12
MM, 122, 6, 12
MM, 122, 6, 15
MM, 122, 7, 11
MM, 123, 9, 14
MM, 123, 10, 11
MM, 124, 12, 13
MM, 124, 13, 13
MM, 125, 15, 13
MM, 125, 16, 14
MM, 125, 17, 12
MM, 126, 17, 12
MM, 126, 18, 15
MM, 126, 18, 10
MM, 126, 18, 25
MC, 1, 26
MM, 128, 18, 15
MM, 129, 18, 11
MM, 129, 16, 14
MM, 131, 14, 12
MM, 132, 12, 12
MM, 133, 10, 12
MM, 136, 8, 16
MM, 138, 6, 12
MM, 140, 4, 12
MM, 143, 1, 12
MM, 15, 31, 65
MM, 16, 29, 13
MM, 18, 28, 13
MM, 19, 28, 12
MM, 19, 27, 12
MM, 20, 27, 12
MM, 20, 26, 12
MM, 21, 26, 16
MM, 21, 25, 11
MM, 22, 24, 13
MM, 22, 24, 14
MM, 22, 24, 12
MM, 22, 23, 12
MM, 22, 23, 12
MM, 22, 22, 12
MM, 22, 22, 21
MM, 22, 20, 17
MM, 22, 19, 13
MM, 22, 19, 15
MM, 22, 18, 13
MM, 22, 18, 12
MM, 22, 18, 12
MM, 22, 17, 13
MM, 22, 17, 12
MM, 22, 17, 12
MC, 1, 51
MM, 20, 17, 15
MM, 17, 17, 12
MM, 13, 18, 12
MM, 8, 19, 12
MM, 1, 20, 13
MM, 35, 20, 26
MM, 25, 20, 16
MM, 15, 20, 11
MM, 4, 20, 12
MM, 42, 20, 12
MM, 31, 20, 12
MM, 20, 19, 15
MM, 12, 16, 12
MM, 4, 14, 13
MM, 39, 9, 26
MM, 33, 7, 11
MM, 25, 5, 13
MM, 18, 4, 12
MM, 12, 3, 15
MM, 6, 2, 11
MM, 1, 1, 14
MM, 41, 0, 24
MM, 11, 30, 101
MM, 7, 29, 17
MM, 5, 29, 12
MM, 3, 28, 12
MM, 1, 28, 12
MM, 43, 27, 63
MM, 42, 26, 15
MM, 41, 26, 13
MM, 41, 26, 11
MM, 40, 26, 12
MM, 40, 26, 13
MM, 40, 25, 12
MM, 40, 25, 12
MC, 1, 13
MM, 40, 25, 15
MM, 40, 25, 13
MM, 40, 24, 13
MM, 1, 25, 63
MM, 4, 26, 12
MM, 7, 26, 12
MM, 10, 27, 16
MM, 12, 27, 11
MM, 14, 27, 11
MM, 16, 27, 12
MM, 19, 27, 13
MM, 21, 27, 16
MM, 24, 27, 11
MM, 29, 27, 12
MM, 35, 28, 13
MM, 41, 28, 14
MM, 9, 30, 23
MM, 19, 31, 13
MM, 37, 0, 242
MM, 42, 0, 15
MM, 3, 0, 25
MM, 8, 0, 12
MM, 13, 0, 13
MM, 18, 1, 11
MM, 24, 2, 14
MM, 29, 2, 14
MM, 34, 3, 12
MM, 39, 3, 12
MM, 43, 4, 14
MM, 0, 5, 23
MM, 3, 6, 14
MM, 5, 7, 12
MM, 8, 8, 15
MM, 10, 9, 12
MM, 12, 10, 12
MM, 13, 10, 13
MM, 14, 11, 12
MM, 15, 11, 13
MM, 16, 11, 16
MM, 16, 11, 12
MM, 17, 12, 12
MM, 17, 12, 24
MM, 17, 12, 24
MM, 17, 12, 16
MM, 17, 12, 12
MM, 17, 12, 14
MM, 17, 13, 12
MM, 17, 13, 12
MM, 17, 13, 12
MM, 17, 13, 12
MM, 17, 14, 12
MC, 1, 14
MM, 14, 14, 14
MM, 6, 14, 12
MM, 35, 7, 27
MM, 25, 3, 12
MM, 13, 0, 11
MM, 20, 29, 40
MM, 7, 27, 12
MM, 42, 25, 12
MM, 28, 22, 15
MM, 16, 20, 11
MM, 5, 17, 12
MM, 39, 12, 27
MM, 32, 8, 12
MM, 26, 4, 13
MM, 21, 0, 12
MP, 1, 321
MR, 1, 11
MC, 1, 0
MC, 1, 395
MM, 23, 1, 178
MM, 23, 3, 12
MM, 23, 5, 15
MM, 23, 7, 12
MM, 23, 9, 11
MM, 23, 11, 12
MM, 23, 13, 15
MM, 23, 14, 12
MM, 23, 15, 13
MM, 23, 17, 12
MM, 23, 18, 13
MM, 23, 19, 13
MM, 23, 19, 11
MM, 23, 20, 14
MM, 23, 19, 206
MM, 23, 19, 12
MM, 23, 18, 12
MM, 23, 18, 12
MC, 1, 39
MM, 23, 16, 13
MM, 23, 16, 11
MM, 23, 16, 14
MM, 23, 15, 12
MM, 23, 15, 15
MM, 23, 15, 11
MM, 23, 15, 13
MM, 23, 15, 38
MM, 23, 15, 37
MM, 25, 15, 14
MM, 26, 15, 13
MM, 28, 15, 12
MM, 30, 15, 14
MM, 33, 16, 11
MM, 37, 19, 12
MM, 41, 22, 16
MM, 2, 30, 25
MM, 13, 2, 25
MM, 18, 6, 12
MM, 23, 10, 12
MM, 26, 13, 15
MM, 28, 14, 12
MM, 31, 16, 14
MM, 32, 17, 12
MM, 34, 18, 12
MM, 35, 19, 13
MM, 37, 20, 12
MM, 38, 21, 12
MM, 39, 21, 12
MM, 40, 22, 15
MM, 40, 23, 12
MM, 41, 24, 15
MM, 42, 26, 13
MM, 43, 28, 11
MM, 43, 30, 11
MM, 86, 1, 52
MM, 87, 3, 13
MM, 88, 5, 13
MM, 88, 8, 12
MM, 88, 10, 12
MM, 89, 11, 12
MM, 89, 13, 15
MM, 89, 14, 14
MM, 89, 15, 11
MM, 89, 16, 13
MM, 89, 17, 13
MM, 90, 17, 12
MM, 90, 18, 12
MM, 90, 18, 12
MM, 90, 19, 15
MM, 90, 19, 12
MM, 90, 19, 12
MM, 90, 19, 38
MM, 91, 19, 25
MM, 91, 19, 14
MM, 91, 19, 25
MM, 92, 19, 25
MM, 92, 19, 12
MC, 1, 13
MM, 92, 19, 3
MM, 92, 18, 25
MM, 92, 18, 11
MM, 92, 17, 14
MM, 92, 16, 12
MM, 92, 15, 13
MM, 92, 15, 12
MM, 92, 14, 14
MM, 92, 14, 14
MM, 92, 13, 12
MM, 92, 12, 12
MM, 92, 11, 13
MM, 92, 10, 12
MM, 92, 8, 12
MM, 92, 6, 16
MM, 88, 4, 11
MM, 85, 3, 11
MM, 80, 0, 13
MM, 21, 30, 65
MM, 16, 28, 14
MM, 10, 26, 11
MM, 2, 23, 12
MM, 40, 20, 28
MM, 34, 18, 12
MM, 29, 16, 12
MM, 24, 13, 13
MM, 19, 10, 13
MM, 14, 7, 11
MM, 10, 4, 12
MM, 5, 1, 15
MM, 42, 30, 38
MM, 38, 28, 13
MM, 35, 25, 12
MM, 32, 23, 12
MM, 28, 22, 12
MM, 24, 20, 15
MM, 21, 18, 12
MM, 17, 17, 15
MM, 12, 14, 12
MM, 8, 13, 12
MM, 4, 11, 11
MM, 1, 10, 13
MM, 42, 7, 39
MM, 39, 7, 13
MM, 37, 7, 13
MM, 35, 7, 12
MM, 33, 7, 12
MM, 32, 7, 12
MM, 31, 7, 15
MM, 30, 7, 13
MM, 29, 7, 13
MM, 29, 7, 12
MM, 28, 7, 11
MM, 28, 7, 14
MM, 28, 7, 89
MM, 28, 8, 12
MM, 29, 9, 12
MC, 1, 14
MM, 35, 9, 14
MM, 38, 9, 12
MM, 42, 9, 13
MM, 2, 9, 24
MM, 8, 9, 13
MM, 15, 9, 15
MM, 22, 9, 13
MM, 28, 9, 12
MM, 35, 9, 11
MM, 41, 9, 14
MM, 1, 9, 24
MM, 6, 9, 15
MM, 10, 9, 12
MM, 15, 9, 14
MM, 20, 9, 13
MM, 24, 9, 12
MM, 27, 9, 12
MM, 31, 9, 11
MM, 35, 9, 12
MM, 37, 9, 16
MM, 40, 9, 11
MM, 42, 9, 13
MM, 1, 9, 63
MM, 4, 9, 20
MM, 9, 9, 18
MM, 12, 9, 13
MM, 14, 9, 15
MM, 17, 9, 13
MM, 20, 9, 11
MM, 22, 9, 13
MM, 25, 9, 13
MM, 27, 9, 11
MM, 28, 9, 12
MM, 29, 9, 14
MM, 29, 9, 14
MM, 30, 9, 14
MM, 31, 9, 100
MM, 31, 9, 28
MM, 32, 8, 10
MM, 33, 4, 13
MM, 35, 0, 242
MM, 34, 1, 13
MM, 32, 3, 13
MM, 31, 4, 11
MM, 30, 6, 13
MM, 28, 7, 12
MM, 28, 7, 16
MM, 27, 8, 11
MM, 26, 9, 13
MM, 26, 9, 13
MM, 26, 9, 14
MM, 25, 10, 11
MM, 25, 10, 12
MM, 25, 10, 15
MM, 25, 10, 36
MC, 1, 53
MM, 25, 9, 12
MM, 26, 5, 14
MM, 30, 1, 12
MC, 1, 1273
MC, 1, 533
MC, 1, 307
MM, 16, 5, 140
MM, 16, 10, 13
MM, 16, 15, 14
MM, 16, 19, 12
MM, 16, 24, 12
MM, 16, 28, 13
MM, 16, 31, 13
MM, 16, 2, 40
MM, 16, 3, 12
MM, 16, 5, 12
MM, 16, 6, 13
MM, 16, 7, 13
MM, 16, 9, 13
MM, 16, 10, 11
MM, 16, 11, 12
MM, 16, 13, 16
MM, 16, 14, 12
MM, 16, 16, 12
MM, 16, 17, 12
MM, 16, 19, 13
MM, 16, 21, 12
MM, 16, 23, 17
MM, 16, 25, 10
MM, 15, 27, 12
MM, 14, 28, 12
MM, 14, 30, 12
MM, 14, 31, 14
MM, 51, 0, 64
MM, 51, 1, 12
MM, 50, 2, 12
MM, 50, 4, 13
MM, 50, 5, 13
MM, 50, 6, 14
MM, 49, 6, 12
MM, 49, 7, 13
MM, 49, 8, 13
MM, 49, 8, 11
MM, 48, 9, 13
MM, 48, 9, 16
MM, 48, 10, 12
MM, 48, 10, 12
MM, 48, 10, 12
MM, 48, 11, 13
MM, 47, 11, 12
MM, 47, 11, 12
MM, 47, 11, 128
MC, 1, 25
MM, 47, 11, 15
MM, 47, 11, 23
MM, 46, 11, 15
MM, 46, 11, 25
MM, 45, 11, 13
MM, 45, 11, 12
MM, 44, 11, 12
MM, 43, 11, 13
MM, 41, 11, 12
MM, 39, 11, 15
MM, 37, 11, 11
MM, 34, 11, 15
MM, 32, 11, 11
MM, 28, 11, 14
MM, 25, 10, 11
MM, 20, 9, 13
MM, 16, 7, 13
MM, 11, 6, 14
MM, 7, 5, 12
MM, 2, 3, 12
MM, 39, 31, 89
MM, 37, 29, 14
MM, 36, 28, 13
MM, 35, 27, 11
MM, 33, 25, 12
MM, 32, 24, 15
MM, 30, 22, 13
MM, 28, 20, 13
MM, 27, 19, 12
MM, 24, 17, 12
MM, 22, 15, 13
MM, 20, 14, 12
MM, 18, 12, 12
MM, 15, 10, 15
MM, 13, 8, 12
MM, 10, 6, 14
MM, 8, 4, 13
MM, 5, 2, 11
MM, 42, 27, 63
MM, 40, 24, 12
MM, 39, 22, 16
MM, 37, 20, 13
MM, 36, 18, 12
MM, 35, 17, 11
MM, 34, 15, 14
MM, 33, 14, 12
MM, 33, 13, 13
MM, 32, 13, 12
MM, 32, 12, 14
MM, 32, 12, 13
MM, 32, 11, 13
MM, 31, 11, 12
MC, 1, 76
MM, 31, 12, 38
MM, 31, 14, 12
MM, 34, 16, 13
MM, 37, 18, 14
MM, 41, 21, 12
MM, 1, 26, 25
MM, 7, 30, 14
MM, 21, 0, 24
MM, 28, 4, 12
MM, 34, 8, 15
MM, 40, 12, 12
MM, 1, 19, 25
MM, 6, 22, 12
MM, 10, 25, 14
MM, 14, 28, 11
MM, 17, 31, 16
MM, 20, 0, 48
MM, 23, 2, 13
MM, 25, 3, 16
MM, 26, 4, 12
MM, 28, 5, 12
MM, 30, 6, 12
MM, 31, 7, 12
MM, 33, 7, 13
MM, 34, 8, 14
MM, 35, 9, 12
MM, 37, 9, 14
MM, 38, 9, 12
MM, 40, 10, 14
MM, 42, 10, 12
MM, 43, 10, 11
MM, 44, 11, 13
MC, 1, 12
MM, 46, 11, 13
MM, 47, 12, 15
MM, 47, 12, 11
MM, 48, 12, 16
MM, 49, 12, 11
MM, 50, 12, 12
MM, 51, 12, 12
MM, 53, 12, 12
MM, 56, 12, 15
MM, 59, 12, 12
MM, 63, 10, 12
MM, 66, 7, 13
MM, 71, 4, 14
MM, 78, 1, 11
MM, 11, 29, 40
MM, 17, 26, 13
MM, 22, 24, 11
MM, 27, 22, 12
MM, 31, 20, 13
MM, 34, 18, 13
MM, 37, 17, 13
MM, 39, 15, 12
MM, 42, 13, 14
MM, 3, 5, 51
MM, 5, 4, 12
MM, 8, 1, 15
MM, 10, 0, 12
MM, 13, 31, 36
MM, 14, 30, 16
MM, 16, 28, 12
MM, 16, 27, 11
MM, 17, 25, 13
MM, 17, 24, 14
MM, 18, 24, 12
MM, 18, 24, 11
MM, 18, 23, 12
MM, 18, 23, 16
MM, 18, 23, 12
MM, 18, 23, 12
MM, 15, 23, 257
MM, 13, 23, 12
MM, 10, 23, 12
MM, 8, 23, 12
MM, 6, 23, 12
MM, 4, 22, 13
MM, 3, 21, 12
MM, 2, 21, 15
MM, 0, 20, 12
MM, 44, 17, 63
MM, 42, 17, 12
MM, 40, 17, 13
MM, 37, 17, 14
MM, 35, 17, 12
MM, 33, 17, 15
MM, 32, 17, 12
MM, 31, 17, 12
MM, 30, 17, 11
MC, 1, 102
MM, 33, 17, 27
MM, 37, 16, 12
MM, 41, 16, 13
MM, 2, 13, 25
MM, 10, 11, 12
MM, 18, 9, 13
MM, 27, 7, 12
MM, 36, 3, 15
MM, 35, 31, 62
MM, 39, 29, 13
MM, 42, 28, 13
MM, 1, 24, 77
MM, 2, 23, 12
MM, 4, 23, 15
MM, 5, 23, 12
MM, 7, 23, 11
MM, 9, 23, 12
MM, 11, 22, 15
MM, 14, 22, 14
MM, 17, 21, 11
MM, 20, 20, 12
MM, 23, 19, 14
MM, 26, 18, 13
MM, 28, 17, 12
MM, 31, 16, 11
MM, 32, 15, 13
MM, 34, 15, 15
MM, 0, 13, 62
MM, 0, 13, 13
MM, 1, 12, 14
MM, 2, 12, 12
MM, 2, 12, 12
MM, 2, 12, 14
MM, 3, 12, 12
MM, 3, 12, 24
MM, 4, 12, 28
MC, 1, 62
MM, 2, 12, 128
MM, 32, 13, 38
MM, 28, 14, 12
MM, 23, 16, 12
MM, 18, 17, 17
MM, 13, 19, 10
MM, 8, 20, 13
MM, 3, 21, 12
MM, 40, 25, 27
MM, 34, 26, 11
MM, 28, 28, 12
MM, 21, 30, 15
MM, 15, 31, 12
MM, 45, 0, 115
MM, 38, 0, 13
MM, 32, 0, 11
MM, 26, 1, 13
MM, 20, 1, 12
MM, 14, 1, 16
MM, 10, 2, 11
MM, 5, 2, 13
MM, 0, 3, 12
MM, 38, 5, 25
MM, 33, 5, 13
MM, 29, 6, 15
MM, 25, 6, 13
MM, 21, 6, 12
MM, 19, 7, 11
MM, 16, 7, 13
MM, 14, 8, 12
MM, 11, 9, 18
MM, 8, 9, 9
MM, 5, 10, 13
MM, 2, 10, 11
MM, 43, 12, 52
MM, 42, 12, 13
MM, 40, 12, 14
MM, 39, 12, 12
MM, 38, 12, 12
MM, 38, 12, 12
MM, 37, 12, 12
MM, 37, 12, 13
MM, 36, 12, 15
MM, 36, 12, 24
MM, 36, 12, 25
MM, 35, 12, 12
MM, 34, 12, 16
MM, 34, 12, 13
MM, 33, 12, 12
MM, 32, 12, 11
MM, 31, 12, 14
MM, 30, 12, 12
MM, 29, 13, 12
MM, 28, 13, 15
MM, 27, 13, 12
MM, 27, 14, 14
MM, 27, 14, 12
MM, 26, 14, 12
MM, 26, 15, 12
MM, 26, 15, 25
MM, 27, 15, 67
MM, 31, 15, 10
MM, 36, 15, 12
MM, 41, 15, 13
MM, 2, 15, 26
MM, 8, 15, 13
MM, 12, 15, 12
MM, 16, 15, 14
MM, 19, 15, 12
MM, 22, 16, 12
MM, 23, 16, 15
MM, 24, 17, 12
MM, 25, 17, 14
MM, 25, 17, 11
MM, 25, 18, 12
MM, 25, 18, 13
MC, 1, 13
MM, 25, 19, 12
MM, 25, 20, 13
MM, 25, 21, 14
MM, 25, 21, 12
MM, 22, 22, 12
MM, 18, 22, 14
MM, 15, 22, 11
MM, 11, 22, 13
MM, 7, 23, 13
MM, 3, 23, 12
MM, 40, 24, 39
MM, 37, 24, 13
MM, 34, 24, 12
MM, 31, 24, 12
MM, 29, 24, 16
MM, 28, 24, 13
MM, 27, 24, 12
MM, 26, 24, 11
MM, 26, 24, 14
MM, 26, 24, 101
MM, 32, 22, 13
MM, 43, 19, 12
MM, 7, 15, 16
MM, 28, 12, 10
MM, 3, 8, 12
MM, 28, 5, 13
MM, 3, 2, 12
MM, 32, 0, 15
MM, 35, 31, 87
MM, 4, 31, 28
MM, 7, 31, 12
MM, 11, 30, 12
MM, 14, 30, 14
MM, 17, 30, 11
MM, 21, 29, 13
MM, 26, 29, 14
MM, 31, 28, 13
MM, 0, 28, 25
MM, 5, 27, 12
MM, 11, 26, 12
MM, 17, 25, 13
MM, 25, 24, 15
MM, 31, 23, 11
MM, 34, 24, 817
MM, 23, 25, 13
MM, 10, 27, 11
MM, 28, 29, 25
MM, 20, 30, 12
MM, 10, 31, 12
MM, 38, 0, 103
MM, 25, 2, 12
MM, 12, 4, 15
MM, 40, 6, 25
MM, 30, 6, 13
MM, 21, 7, 12
MM, 13, 8, 12
MM, 5, 10, 12
MM, 41, 13, 28
MM, 34, 14, 11
MM, 27, 14, 13
MM, 22, 15, 15
MM, 18, 16, 11
MM, 14, 16, 12
MM, 11, 16, 12
MM, 8, 16, 15
MM, 5, 16, 12
MM, 3, 16, 12
MM, 1, 16, 13
MM, 43, 16, 77
MM, 41, 16, 12
MM, 40, 16, 13
MM, 38, 16, 12
MM, 36, 16, 12
MM, 33, 16, 17
MM, 31, 16, 11
MM, 28, 16, 12
MM, 25, 16, 12
MM, 23, 16, 13
MM, 20, 16, 15
MM, 18, 16, 10
MM, 17, 16, 13
MM, 15, 16, 15
MM, 15, 17, 13
MM, 15, 17, 12
MM, 15, 17, 49
MM, 15, 17, 15
MC, 1, 11
MM, 15, 17, 1
MM, 15, 17, 14
MM, 15, 18, 12
MM, 15, 18, 24
MM, 15, 18, 12
MM, 15, 19, 12
MM, 18, 19, 15
MM, 22, 20, 12
MM, 27, 21, 13
MM, 33, 22, 14
MM, 40, 23, 12
MM, 1, 25, 12
MM, 16, 28, 12
MM, 32, 30, 12
MM, 33, 0, 40
MM, 2, 3, 12
MM, 18, 5, 15
MM, 34, 8, 12
MM, 1, 10, 11
MM, 16, 12, 12
MM, 27, 14, 15
MM, 36, 15, 18
MM, 2, 17, 33
MM, 7, 18, 14
MM, 12, 19, 12
MM, 17, 20, 12
MM, 23, 22, 11
MM, 28, 23, 13
MM, 32, 23, 12
MM, 36, 23, 16
MM, 39, 24, 11
MM, 43, 24, 13
MM, 1, 26, 26
MM, 4, 27, 12
MM, 7, 28, 12
MM, 9, 29, 12
MM, 11, 30, 15
MM, 13, 31, 12
MM, 30, 31, 357
MM, 30, 31, 13
MM, 30, 30, 13
MM, 30, 29, 12
MM, 30, 28, 12
MM, 30, 28, 13
MM, 30, 27, 12
MM, 30, 26, 12
MM, 30, 26, 15
MM, 30, 25, 12
MM, 30, 25, 14
MM, 30, 24, 13
MM, 30, 24, 11
MM, 30, 23, 13
MM, 30, 23, 12
MM, 30, 23, 12
MM, 30, 23, 15
MM, 30, 22, 12
MM, 30, 22, 12
MM, 30, 22, 27
MM, 30, 22, 11
MM, 30, 22, 12
MM, 30, 21, 39
MC, 1, 13
MM, 30, 21, 332
MM, 28, 21, 12
MM, 26, 21, 13
MM, 22, 21, 14
MM, 18, 21, 12
MM, 12, 21, 11
MM, 5, 21, 12
MM, 43, 23, 27
MM, 38, 24, 14
MM, 35, 25, 13
MM, 31, 25, 11
MM, 29, 26, 13
MM, 26, 27, 11
MM, 24, 27, 14
MM, 21, 28, 14
MM, 17, 30, 12
MM, 217, 5, 78
MM, 207, 8, 11
MM, 196, 12, 14
MM, 186, 14, 13
MM, 177, 16, 11
MM, 167, 18, 12
MM, 158, 20, 15
MM, 150, 21, 13
MM, 142, 22, 13
MM, 134, 24, 12
MM, 128, 25, 11
MM, 124, 26, 14
MM, 120, 26, 12
MM, 118, 26, 12
MM, 116, 26, 15
MM, 114, 26, 12
MM, 112, 26, 15
MM, 110, 26, 11
MM, 109, 26, 12
MM, 107, 26, 12
MM, 106, 26, 12
MM, 105, 26, 16
MM, 104, 26, 11
MM, 103, 26, 13
MM, 101, 26, 12
MM, 99, 26, 15
MM, 97, 26, 12
MM, 95, 26, 11
MM, 93, 26, 12
MM, 91, 26, 15
MM, 89, 26, 12
MM, 87, 26, 12
MM, 85, 26, 15
MM, 83, 26, 11
MM, 81, 26, 12
MM, 78, 26, 13
MM, 75, 26, 12
MM, 72, 26, 15
MM, 67, 26, 11
MM, 61, 26, 14
MM, 55, 26, 13
MM, 48, 26, 11
MM, 40, 26, 13
MM, 33, 26, 12
MM, 27, 26, 13
MM, 22, 26, 14
MM, 17, 26, 12
MM, 13, 25, 14
MM, 9, 24, 14
MM, 7, 24, 10
MM, 5, 23, 13
MM, 4, 23, 15
MM, 3, 22, 13
MM, 2, 22, 11
MM, 2, 22, 12
MM, 2, 22, 14
MM, 2, 21, 12
MM, 2, 21, 17
MM, 2, 20, 10
MM, 4, 19, 11
MM, 16, 17, 12
MM, 44, 11, 13
MM, 81, 5, 13
MM, 14, 30, 26
MM, 26, 16, 27
MM, 13, 4, 24
MM, 42, 27, 37
MM, 8, 10, 26
MM, 16, 1, 14
MM, 3, 31, 12
MM, 11, 24, 12
MM, 18, 19, 12
MM, 22, 16, 16
MM, 26, 14, 12
MM, 29, 13, 12
MM, 32, 12, 12
MM, 34, 12, 14
MM, 35, 11, 12
MM, 25, 12, 103367
MM, 364, 23, 345
MM, 408, 47, 14
MM, 441, 65, 11
MM, 51, 1, 1248
MM, 51, 3, 15
MM, 51, 4, 13
MM, 51, 6, 12
MM, 51, 7, 14
MM, 51, 8, 13
MM, 51, 9, 12
MM, 51, 10, 12
MM, 51, 11, 12
MM, 51, 11, 13
MM, 51, 12, 14
MM, 51, 12, 12
MM, 51, 13, 13
MM, 51, 13, 14
MM, 51, 14, 12
MM, 51, 14, 11
MM, 51, 14, 13
MM, 51, 14, 14
MM, 51, 15, 12
MM, 51, 15, 26
