**********************************
LOGGING TIME: 20180908_204004
CLIENT IP: 127.0.1.1
USERNAME: abhilash
OS: Linux
*********************Neutral database**********************************
MM, 116, 30, 1537598292359
MM, 117, 26, 12
MM, 117, 25, 15
MM, 117, 24, 12
MM, 117, 23, 12
MM, 117, 23, 13
MM, 117, 22, 13
MC, 1, 3564
MM, 119, 20, 3436
MM, 131, 16, 12
MM, 152, 9, 13
MM, 175, 6, 12
MM, 8, 1, 15
MM, 22, 0, 12
MM, 30, 0, 12
MM, 34, 0, 13
MM, 36, 0, 12
MM, 37, 0, 12
MM, 38, 0, 17
MM, 38, 0, 11
MM, 39, 0, 12
MM, 39, 0, 13
MM, 39, 0, 27
MC, 1, 2098
MM, 190, 3, 19943
MM, 190, 5, 13
MM, 190, 6, 12
MM, 190, 7, 12
MM, 190, 7, 12
MM, 190, 8, 13
MM, 190, 8, 12
MM, 190, 9, 12
MM, 190, 10, 15
MM, 190, 11, 12
MM, 190, 11, 15
MM, 188, 13, 11
MM, 186, 14, 12
MM, 183, 16, 13
MM, 181, 17, 12
MM, 179, 19, 12
MM, 177, 20, 15
MM, 176, 21, 12
MM, 175, 22, 13
MM, 174, 22, 14
MM, 173, 23, 12
MM, 173, 23, 11
MM, 172, 23, 12
MC, 1, 40
MM, 183, 16, 446
MC, 1, 723
MM, 339, 7, 1518
MM, 22, 19, 12
MM, 33, 27, 279
MM, 30, 18, 12
MM, 29, 15, 13
MM, 28, 13, 13
MM, 28, 12, 12
MM, 27, 11, 15
MM, 26, 11, 12
MM, 25, 10, 18
MM, 18, 8, 21
MM, 12, 6, 11
MM, 6, 3, 16
MM, 0, 1, 11
MM, 12, 31, 64
MM, 7, 31, 12
MM, 2, 31, 12
MM, 43, 24, 240
MM, 30, 4, 13
MM, 153, 62, 41
MM, 142, 43, 11
MM, 136, 31, 12
MM, 133, 25, 13
MM, 131, 22, 16
MM, 130, 20, 12
MM, 129, 19, 12
MM, 128, 18, 12
MM, 128, 17, 13
MM, 127, 16, 12
MM, 126, 15, 12
MM, 124, 13, 14
MM, 120, 9, 13
MM, 115, 3, 14
MP, 1, 526
MR, 1, 4
MC, 1, 0
MM, 91, 0, 768
MM, 92, 1, 11
MM, 94, 6, 14
MM, 96, 12, 12
MM, 99, 22, 12
MM, 101, 30, 13
MM, 102, 35, 13
MM, 104, 39, 12
MM, 104, 41, 13
MM, 104, 42, 13
MM, 104, 43, 13
MM, 104, 43, 13
MM, 104, 44, 12
MC, 1, 611
MM, 105, 44, 165
MM, 106, 44, 26
MM, 107, 44, 13
MM, 108, 44, 12
MM, 111, 44, 12
MM, 115, 44, 12
MM, 120, 45, 15
MM, 125, 48, 14
MM, 132, 52, 12
MM, 143, 58, 12
MM, 152, 65, 13
MC, 1, 1210
MM, 43, 2, 190
MM, 23, 21, 13
MM, 40, 2, 11
MM, 13, 18, 12
MM, 28, 29, 14
MM, 38, 0, 408
MM, 38, 0, 24
MM, 38, 0, 55
MM, 38, 1, 12
MM, 38, 3, 12
MM, 39, 6, 11
MM, 6, 16, 27
MM, 13, 21, 12
MM, 19, 24, 12
MM, 23, 25, 14
MM, 25, 26, 13
MM, 26, 27, 12
MM, 26, 27, 11
MM, 27, 27, 13
MM, 27, 27, 53
MC, 1, 76
MM, 24, 27, 38
MM, 21, 26, 11
MM, 19, 25, 13
MM, 16, 25, 13
MM, 13, 25, 14
MM, 9, 24, 12
MM, 5, 24, 13
MM, 41, 24, 25
MM, 30, 24, 12
MM, 13, 24, 16
MM, 40, 29, 12
MM, 177, 1, 24
MM, 155, 6, 14
MM, 141, 8, 12
MM, 130, 10, 11
MM, 123, 12, 12
MM, 119, 13, 15
MM, 118, 14, 14
MM, 117, 14, 12
MM, 117, 14, 13
MM, 116, 14, 12
MM, 116, 14, 177
MM, 116, 10, 52
MM, 116, 4, 13
MM, 26, 25, 25
MM, 26, 19, 12
MM, 26, 14, 12
MM, 26, 12, 17
MM, 26, 10, 11
MM, 26, 9, 12
MM, 26, 9, 13
MM, 26, 8, 13
MM, 26, 8, 11
MM, 26, 8, 12
MM, 26, 8, 15
MM, 26, 7, 12
MM, 26, 7, 15
MM, 26, 7, 12
MM, 26, 7, 12
MM, 26, 7, 12
MM, 26, 6, 12
MM, 26, 6, 12
MM, 26, 6, 14
MM, 26, 5, 12
MM, 26, 5, 14
MM, 26, 4, 14
MM, 26, 3, 12
MM, 26, 2, 11
MM, 26, 1, 12
MM, 26, 31, 41
MM, 26, 30, 12
MM, 26, 30, 179
MM, 26, 30, 37
MM, 26, 29, 11
MM, 26, 22, 14
MM, 26, 14, 15
MM, 26, 9, 11
MM, 26, 5, 12
MM, 26, 3, 14
MM, 26, 2, 12
MM, 26, 1, 12
MM, 26, 1, 12
MM, 26, 0, 15
MM, 26, 0, 14
MM, 26, 0, 87
MM, 25, 0, 12
MM, 25, 0, 16
MM, 24, 0, 12
MM, 24, 0, 12
MM, 23, 0, 11
MM, 23, 0, 12
MM, 22, 0, 17
MM, 21, 0, 10
MM, 21, 0, 12
MM, 20, 0, 14
MM, 20, 0, 26
MC, 1, 354
MM, 1, 3, 230
MM, 3, 5, 14
MM, 5, 7, 12
MM, 6, 8, 12
MM, 8, 10, 12
MM, 9, 11, 12
MM, 10, 11, 17
MM, 10, 12, 11
MM, 11, 13, 13
MM, 11, 13, 12
MM, 12, 13, 13
MM, 12, 13, 11
MM, 12, 14, 13
MM, 12, 14, 13
MM, 13, 14, 14
MM, 13, 14, 27
MC, 1, 12
MM, 13, 14, 75
MM, 5, 14, 15
MM, 38, 7, 24
MM, 26, 4, 11
MM, 12, 2, 13
MC, 1, 343
MC, 1, 410
MC, 1, 305
MM, 38, 8, 177
MM, 43, 15, 13
MM, 2, 0, 51
MM, 3, 3, 13
MM, 4, 5, 12
MM, 4, 8, 12
MM, 5, 11, 15
MM, 6, 15, 12
MM, 7, 20, 19
MM, 8, 29, 19
MM, 49, 0, 40
MM, 49, 2, 12
MM, 49, 4, 11
MM, 49, 5, 12
MM, 49, 6, 17
MM, 49, 6, 9
MM, 49, 6, 14
MM, 49, 7, 13
MM, 49, 7, 14
MM, 49, 7, 12
MM, 49, 7, 12
MM, 49, 8, 11
MM, 49, 8, 13
MM, 49, 8, 14
MM, 49, 8, 14
MC, 1, 74
MM, 49, 8, 52
MM, 48, 8, 77
MM, 45, 5, 12
MM, 39, 2, 12
MM, 30, 29, 40
MM, 21, 25, 12
MM, 11, 21, 13
MM, 2, 17, 12
MM, 42, 13, 13
MM, 32, 10, 11
MM, 24, 7, 13
MM, 15, 3, 14
MM, 6, 0, 14
MM, 38, 31, 37
MM, 35, 29, 12
MM, 33, 28, 12
MM, 31, 27, 13
MM, 30, 26, 14
MM, 29, 25, 12
MM, 28, 25, 15
MM, 27, 24, 13
MM, 26, 23, 12
MM, 26, 23, 11
MM, 25, 23, 12
MM, 24, 22, 15
MM, 24, 22, 12
MM, 23, 22, 13
MM, 22, 22, 13
MC, 1, 36
MM, 22, 22, 13
MM, 27, 22, 52
MM, 33, 22, 12
MM, 41, 22, 12
MM, 4, 21, 26
MM, 10, 20, 14
MM, 15, 19, 13
MM, 19, 18, 15
MM, 22, 16, 10
MM, 26, 15, 12
MM, 29, 14, 12
MM, 33, 12, 13
MM, 37, 10, 13
MM, 41, 8, 13
MM, 4, 3, 45
MM, 13, 1, 19
MM, 18, 0, 13
MC, 1, 316
MC, 1, 282
MM, 36, 2, 215
MM, 38, 6, 15
MM, 40, 10, 12
MM, 42, 14, 14
MM, 43, 17, 11
MM, 2, 0, 78
MM, 5, 6, 12
MM, 7, 10, 13
MM, 9, 15, 14
MM, 11, 20, 11
MM, 12, 24, 12
MM, 14, 28, 15
MM, 15, 30, 13
MM, 58, 0, 87
MM, 58, 0, 12
MM, 59, 1, 13
MM, 59, 2, 13
MM, 59, 2, 14
MM, 59, 3, 12
MM, 59, 4, 13
MM, 59, 5, 14
MM, 60, 5, 11
MM, 60, 6, 12
MM, 60, 7, 12
MM, 60, 8, 13
MM, 60, 9, 13
MM, 60, 10, 15
MM, 60, 11, 12
MM, 61, 12, 12
MM, 61, 13, 13
MM, 61, 14, 12
MM, 61, 14, 13
MM, 61, 15, 15
MM, 61, 15, 13
MM, 61, 15, 11
MM, 61, 15, 12
MM, 61, 16, 13
MM, 61, 16, 12
MM, 61, 16, 12
MC, 1, 13
MM, 61, 16, 15
MM, 61, 15, 215
MM, 61, 13, 13
MM, 61, 11, 14
MM, 58, 9, 10
MM, 55, 7, 13
MM, 52, 6, 15
MM, 47, 5, 12
MM, 42, 3, 15
MM, 37, 1, 10
MM, 27, 30, 63
MM, 24, 28, 14
MM, 21, 26, 12
MM, 19, 24, 13
MM, 17, 22, 13
MM, 15, 20, 12
MM, 12, 18, 12
MM, 10, 16, 12
MM, 8, 14, 14
MM, 5, 11, 14
MM, 2, 9, 12
MM, 41, 0, 50
MM, 35, 31, 52
MM, 34, 30, 13
MM, 33, 29, 12
MM, 32, 28, 12
MM, 32, 28, 13
MM, 31, 27, 15
MM, 31, 27, 12
MM, 31, 27, 13
MM, 31, 26, 12
MM, 31, 26, 12
MM, 31, 26, 14
MM, 31, 26, 11
MC, 1, 17
MM, 31, 25, 11
MM, 31, 25, 23
MM, 31, 24, 13
MM, 31, 22, 12
MM, 32, 20, 14
MM, 36, 19, 13
MM, 39, 17, 12
MM, 41, 14, 15
MM, 0, 7, 48
MM, 1, 5, 13
MM, 3, 3, 13
MM, 4, 1, 13
MM, 5, 0, 14
MC, 1, 214
MM, 17, 2, 117
MM, 20, 6, 11
MM, 21, 10, 15
MM, 23, 13, 12
MM, 25, 16, 12
MM, 27, 18, 12
MM, 28, 20, 13
MM, 30, 22, 13
MM, 32, 23, 13
MM, 33, 25, 12
MM, 35, 27, 16
MM, 37, 28, 11
MM, 38, 30, 12
MM, 0, 2, 89
MM, 2, 4, 13
MM, 4, 5, 11
MM, 6, 6, 13
MM, 8, 7, 16
MM, 9, 8, 11
MM, 10, 9, 12
MM, 12, 9, 14
MM, 14, 10, 12
MM, 16, 10, 12
MM, 17, 11, 12
MM, 19, 11, 15
MM, 20, 12, 13
MM, 21, 12, 13
MM, 22, 12, 12
MM, 22, 12, 12
MM, 23, 13, 13
MC, 1, 12
MM, 23, 13, 12
MM, 23, 11, 54
MM, 23, 8, 12
MM, 23, 5, 12
MM, 22, 3, 12
MM, 20, 1, 12
MM, 13, 31, 38
MM, 10, 28, 13
MM, 7, 24, 16
MM, 5, 21, 11
MM, 2, 17, 11
MM, 40, 6, 41
MM, 36, 2, 11
MC, 1, 191
MM, 18, 1, 101
MM, 41, 7, 12
MM, 12, 13, 15
MM, 33, 20, 13
MM, 14, 30, 25
MM, 41, 0, 25
MM, 3, 4, 25
MM, 5, 5, 14
MM, 7, 5, 13
MM, 8, 6, 12
MM, 9, 6, 13
MM, 10, 7, 11
MM, 11, 7, 13
MM, 12, 7, 12
MM, 12, 7, 15
MM, 13, 7, 13
MM, 13, 7, 12
MM, 14, 7, 15
MM, 14, 7, 10
MM, 14, 7, 13
MM, 15, 7, 26
MM, 15, 7, 25
MM, 15, 7, 26
MM, 15, 7, 12
MM, 15, 7, 12
MM, 15, 8, 12
MM, 15, 8, 17
MM, 15, 10, 11
MM, 15, 11, 13
MM, 11, 12, 12
MM, 4, 12, 13
MM, 40, 12, 24
MM, 36, 12, 12
MM, 34, 12, 14
MM, 32, 12, 14
MM, 31, 12, 13
MM, 30, 12, 12
MM, 28, 12, 12
MM, 28, 12, 12
MM, 27, 11, 12
MM, 27, 11, 14
MM, 27, 11, 26
MC, 1, 125
MM, 27, 12, 90
MM, 27, 15, 13
MM, 27, 17, 16
MM, 27, 19, 12
MM, 25, 22, 12
MM, 24, 24, 12
MM, 22, 26, 13
MM, 21, 28, 12
MM, 20, 30, 12
MM, 150, 1, 65
MM, 147, 3, 12
MM, 145, 4, 12
MM, 144, 5, 13
MM, 142, 6, 15
MM, 140, 7, 11
MM, 138, 8, 14
MM, 137, 9, 14
MM, 135, 10, 11
MM, 134, 10, 12
MM, 133, 10, 13
MM, 133, 10, 13
MM, 132, 10, 13
MM, 132, 11, 13
MM, 132, 11, 12
MM, 131, 11, 25
MC, 1, 25
MM, 131, 11, 27
MM, 131, 11, 25
MM, 130, 11, 24
MM, 130, 11, 27
MM, 130, 11, 26
MM, 129, 10, 12
MM, 129, 9, 14
MM, 128, 9, 11
MM, 128, 8, 12
MM, 128, 7, 13
MM, 127, 7, 12
MM, 126, 6, 15
MM, 125, 6, 12
MM, 124, 5, 13
MM, 123, 5, 12
MM, 122, 4, 12
MM, 121, 4, 12
MM, 120, 4, 16
MM, 119, 4, 13
MM, 119, 4, 13
MM, 119, 4, 12
MM, 118, 4, 11
MM, 118, 4, 13
MM, 117, 4, 12
MM, 117, 4, 13
MM, 117, 4, 15
MM, 116, 4, 11
MM, 116, 4, 16
MM, 115, 4, 11
MM, 115, 4, 12
MM, 114, 4, 12
MM, 112, 3, 12
MM, 111, 3, 16
MM, 108, 3, 11
MM, 105, 2, 12
MM, 102, 1, 13
MM, 99, 0, 15
MM, 34, 31, 138
MM, 32, 30, 12
MM, 30, 29, 12
MM, 29, 28, 13
MM, 27, 27, 12
MM, 26, 27, 15
MM, 24, 26, 12
MM, 23, 26, 15
MM, 21, 25, 11
MM, 19, 24, 13
MM, 17, 24, 12
MM, 14, 24, 12
MM, 11, 23, 13
MM, 7, 22, 14
MM, 2, 21, 12
MM, 43, 19, 28
MM, 39, 18, 11
MM, 36, 17, 11
MM, 34, 17, 13
MM, 33, 16, 12
MM, 32, 16, 15
MC, 1, 12
MM, 31, 16, 127
MM, 31, 16, 12
MM, 31, 15, 12
MM, 31, 15, 13
MM, 31, 14, 15
MM, 33, 14, 12
MM, 36, 13, 12
MM, 39, 12, 14
MM, 6, 11, 39
MM, 14, 10, 12
MM, 22, 9, 12
MM, 31, 8, 12
MM, 39, 7, 14
MM, 6, 4, 25
MM, 12, 4, 12
MM, 19, 3, 14
MM, 24, 2, 13
MM, 29, 0, 13
MM, 1, 31, 48
MM, 10, 28, 13
MM, 16, 26, 15
MM, 23, 23, 11
MM, 30, 21, 16
MM, 38, 18, 11
MM, 9, 6, 25
MM, 0, 23, 38
MM, 7, 19, 12
MM, 11, 16, 14
MM, 14, 15, 14
MM, 15, 14, 12
MM, 16, 14, 11
MM, 17, 13, 12
MM, 17, 13, 15
MM, 18, 13, 13
MM, 18, 13, 24
MM, 18, 13, 27
MM, 19, 13, 23
MM, 19, 13, 12
MM, 19, 13, 33
MM, 19, 13, 107
MM, 20, 13, 16
MM, 23, 13, 12
MM, 26, 14, 12
MM, 31, 15, 15
MM, 2, 18, 35
MM, 5, 19, 12
MM, 7, 19, 15
MM, 8, 19, 12
MM, 9, 20, 12
MM, 10, 20, 14
MM, 10, 20, 13
MM, 11, 20, 23
MM, 11, 20, 90
MC, 1, 12
MM, 11, 20, 15
MM, 11, 21, 12
MM, 6, 21, 13
MM, 3, 22, 13
MM, 35, 24, 36
MM, 31, 25, 16
MM, 28, 27, 12
MM, 24, 29, 12
MM, 21, 30, 13
MM, 41, 2, 51
MM, 35, 5, 14
MM, 30, 9, 13
MM, 25, 13, 12
MM, 19, 17, 12
MM, 15, 21, 12
MM, 10, 24, 12
MM, 6, 27, 12
MM, 3, 30, 15
MM, 43, 7, 141
MM, 42, 8, 12
MM, 42, 8, 11
MM, 41, 9, 12
MM, 40, 10, 15
MM, 40, 10, 12
MM, 39, 11, 13
MM, 38, 11, 13
MM, 38, 12, 12
MM, 38, 12, 12
MM, 37, 12, 13
MM, 37, 12, 13
MM, 36, 12, 13
MM, 36, 13, 12
MM, 36, 13, 16
MM, 35, 13, 11
MM, 34, 13, 12
MM, 34, 13, 12
MM, 33, 13, 14
MC, 1, 10
MM, 33, 13, 2
MM, 32, 13, 12
MM, 31, 13, 14
MM, 31, 13, 13
MM, 30, 13, 19
MM, 28, 13, 19
MM, 28, 13, 13
MM, 26, 10, 14
MM, 24, 6, 12
MM, 15, 30, 23
MM, 12, 23, 12
MM, 9, 18, 17
MM, 7, 14, 11
MM, 5, 10, 13
MM, 2, 7, 12
MM, 0, 4, 15
MM, 1, 30, 49
MC, 1, 229
MM, 0, 12, 89
MM, 6, 13, 13
MM, 14, 13, 11
MM, 23, 13, 12
MM, 31, 13, 15
MM, 39, 13, 13
MM, 1, 13, 26
MM, 5, 13, 12
MM, 8, 12, 12
MM, 11, 11, 12
MM, 14, 11, 13
MM, 17, 11, 15
MM, 21, 10, 11
MM, 24, 10, 13
MM, 28, 9, 14
MM, 32, 9, 13
MM, 36, 8, 11
MM, 40, 6, 12
MM, 43, 5, 13
MM, 0, 3, 39
MM, 2, 3, 13
MM, 4, 3, 13
MM, 5, 3, 11
MM, 7, 3, 13
MM, 8, 3, 14
MM, 10, 3, 12
MM, 11, 3, 14
MM, 12, 3, 12
MM, 12, 3, 12
MM, 12, 3, 12
MM, 13, 3, 13
MM, 13, 3, 28
MC, 1, 12
MM, 13, 3, 49
MM, 13, 5, 12
MM, 13, 8, 14
MM, 9, 12, 12
MM, 5, 15, 15
MM, 42, 24, 25
MM, 36, 28, 19
MM, 7, 0, 31
MM, 4, 2, 14
MM, 1, 5, 11
MM, 43, 12, 65
MM, 42, 13, 12
MM, 40, 14, 13
MM, 39, 15, 13
MM, 38, 16, 11
MM, 37, 17, 13
MM, 36, 18, 14
MM, 34, 19, 13
MM, 34, 21, 13
MM, 32, 22, 13
MM, 31, 24, 11
MM, 29, 26, 12
MM, 28, 29, 13
MM, 25, 1, 53
MM, 23, 4, 12
MM, 22, 5, 13
MM, 21, 7, 12
MM, 21, 8, 15
MM, 20, 9, 13
MM, 19, 10, 11
MM, 19, 11, 12
MM, 19, 11, 13
MM, 18, 12, 12
MM, 18, 12, 12
MC, 1, 41
MM, 17, 12, 13
MM, 17, 12, 12
MM, 16, 12, 11
MM, 15, 12, 13
MM, 14, 10, 12
MM, 13, 8, 15
MM, 11, 5, 12
MM, 8, 1, 13
MM, 46, 24, 37
MM, 39, 18, 12
MM, 32, 11, 13
MM, 25, 5, 16
MC, 1, 466
MM, 16, 2, 256
MM, 21, 5, 17
MM, 25, 8, 11
MM, 29, 11, 12
MM, 34, 14, 12
MM, 39, 17, 14
MM, 0, 23, 24
MM, 4, 27, 12
MM, 10, 30, 16
MM, 23, 1, 36
MM, 26, 4, 14
MM, 29, 7, 11
MM, 31, 10, 12
MM, 34, 12, 15
MM, 35, 13, 12
MM, 36, 15, 15
MM, 38, 15, 11
MM, 40, 16, 12
MM, 41, 17, 13
MM, 43, 18, 12
MM, 0, 22, 78
MM, 0, 22, 11
MM, 0, 22, 12
MM, 1, 22, 15
MM, 1, 22, 14
MM, 1, 22, 23
MM, 2, 22, 27
MM, 2, 22, 23
MM, 2, 22, 28
MM, 3, 22, 24
MM, 3, 22, 13
MM, 3, 22, 12
MM, 4, 22, 12
MM, 4, 22, 13
MM, 5, 22, 13
MM, 6, 22, 14
MM, 7, 22, 12
MM, 9, 22, 13
MM, 10, 22, 13
MM, 11, 22, 12
MM, 11, 21, 12
MM, 12, 21, 12
MM, 13, 21, 14
MC, 1, 14
MM, 14, 20, 12
MM, 14, 20, 27
MM, 14, 20, 12
MM, 14, 19, 11
MM, 14, 17, 12
MM, 14, 15, 17
MM, 14, 13, 11
MM, 14, 10, 12
MM, 14, 7, 13
MM, 14, 3, 13
MM, 14, 0, 18
MM, 2, 30, 33
MM, 46, 24, 51
MM, 45, 23, 12
MM, 43, 21, 14
MM, 42, 19, 12
MM, 39, 17, 13
MM, 37, 15, 12
MM, 35, 13, 12
MM, 33, 11, 13
MM, 31, 10, 12
MM, 29, 8, 15
MM, 27, 6, 12
MM, 25, 4, 12
MM, 22, 2, 14
MM, 19, 0, 11
MC, 1, 218
MM, 24, 0, 267
MM, 21, 2, 11
MM, 17, 4, 13
MM, 13, 6, 14
MM, 9, 7, 12
MM, 4, 8, 14
MM, 0, 9, 12
MM, 42, 11, 24
MM, 38, 12, 13
MM, 35, 12, 13
MM, 31, 12, 14
MM, 28, 13, 13
MM, 25, 13, 13
MM, 22, 13, 12
MM, 20, 13, 11
MM, 20, 13, 14
MM, 19, 13, 12
MM, 19, 13, 14
MM, 18, 13, 12
MC, 1, 26
MM, 23, 13, 52
MM, 29, 13, 13
MM, 37, 16, 12
MM, 5, 24, 25
MM, 15, 29, 12
MM, 40, 5, 39
MM, 3, 14, 24
MM, 8, 18, 14
MM, 12, 21, 13
MM, 16, 24, 13
MM, 20, 27, 13
MM, 23, 30, 14
MM, 75, 3, 35
MM, 80, 6, 12
MM, 83, 9, 14
MM, 86, 12, 14
MM, 88, 13, 12
MM, 90, 15, 14
MM, 92, 16, 11
MM, 93, 17, 12
MM, 95, 18, 12
MM, 95, 19, 17
MM, 97, 19, 11
MM, 97, 20, 12
MM, 98, 20, 13
MM, 98, 21, 13
MM, 99, 21, 12
MM, 99, 21, 12
MM, 100, 21, 12
MM, 100, 21, 14
MM, 100, 22, 14
MM, 100, 22, 14
MM, 100, 22, 11
MM, 101, 22, 12
MM, 101, 22, 25
MM, 102, 22, 14
MM, 102, 22, 26
MM, 102, 22, 26
MM, 103, 22, 22
MC, 1, 90
MM, 103, 21, 167
MM, 101, 19, 12
MM, 97, 17, 12
MM, 92, 15, 12
MM, 84, 11, 13
MM, 75, 8, 13
MM, 66, 4, 13
MM, 55, 0, 14
MM, 42, 30, 25
MM, 29, 24, 12
MM, 15, 18, 13
MM, 3, 12, 15
MM, 42, 7, 13
MM, 33, 4, 12
MM, 25, 1, 12
MM, 33, 31, 154
MM, 31, 31, 11
MM, 30, 30, 12
MM, 29, 29, 12
MM, 28, 29, 17
MM, 28, 29, 11
MM, 27, 28, 12
MM, 27, 28, 12
MM, 27, 27, 13
MM, 27, 26, 14
MM, 27, 26, 11
MC, 1, 3
MM, 27, 25, 9
MM, 27, 25, 13
MM, 27, 24, 16
MM, 27, 23, 11
MM, 27, 23, 12
MM, 33, 23, 26
MM, 43, 23, 11
MM, 12, 23, 13
MM, 33, 23, 15
MM, 4, 23, 12
MM, 23, 23, 14
MM, 15, 27, 23
MM, 34, 28, 13
MM, 1, 29, 12
MM, 13, 29, 13
MM, 21, 30, 15
MM, 25, 30, 11
MM, 28, 30, 17
MM, 32, 30, 10
MM, 34, 30, 12
MM, 37, 31, 11
MM, 39, 31, 12
MM, 13, 0, 103
MM, 15, 2, 14
MM, 17, 3, 12
MM, 19, 4, 13
MM, 20, 6, 12
MM, 21, 7, 13
MM, 23, 8, 12
MM, 24, 9, 12
MM, 24, 10, 16
MM, 25, 11, 11
MM, 26, 12, 14
MM, 26, 14, 13
MM, 27, 14, 11
MM, 27, 15, 13
MM, 28, 15, 12
MM, 28, 16, 12
MC, 1, 14
MM, 28, 16, 14
MM, 28, 17, 12
MM, 26, 17, 66
MM, 21, 17, 12
MM, 16, 15, 12
MM, 12, 13, 12
MM, 6, 11, 12
MM, 0, 8, 13
MM, 43, 6, 12
MM, 36, 3, 12
MM, 27, 1, 15
MM, 38, 30, 50
MM, 29, 28, 12
MM, 20, 27, 13
MM, 11, 25, 12
MM, 3, 23, 15
MM, 41, 21, 26
MM, 37, 21, 12
MM, 34, 20, 12
MM, 32, 20, 12
MM, 30, 19, 13
MM, 28, 19, 12
MM, 27, 19, 15
MM, 26, 19, 11
MM, 24, 19, 13
MM, 23, 18, 15
MM, 22, 18, 12
MM, 21, 17, 12
MM, 20, 17, 12
MM, 20, 17, 13
MM, 19, 17, 12
MC, 1, 38
MM, 20, 17, 40
MM, 25, 17, 12
MM, 30, 18, 13
MM, 36, 21, 12
MM, 43, 25, 12
MM, 0, 30, 15
MM, 12, 1, 26
MM, 17, 5, 12
MM, 20, 9, 13
MM, 23, 12, 12
MM, 25, 14, 11
MM, 27, 17, 13
MM, 29, 20, 14
MM, 31, 22, 12
MM, 33, 25, 13
MM, 34, 27, 15
MM, 36, 30, 12
MM, 82, 1, 62
MM, 83, 3, 13
MM, 84, 5, 13
MM, 85, 8, 12
MM, 86, 10, 13
MM, 87, 12, 12
MM, 88, 13, 14
MM, 88, 14, 12
MM, 88, 14, 14
MM, 89, 15, 13
MM, 89, 15, 11
MM, 89, 15, 12
MM, 89, 15, 13
MC, 1, 39
MM, 89, 15, 39
MM, 89, 11, 11
MM, 89, 5, 12
MM, 42, 15, 78
MM, 40, 10, 12
MM, 38, 5, 12
MM, 35, 1, 16
MM, 29, 30, 50
MM, 28, 29, 11
MM, 27, 28, 12
MM, 26, 27, 15
MM, 25, 26, 12
MM, 24, 24, 15
MM, 23, 23, 13
MM, 22, 22, 11
MM, 20, 21, 12
MM, 20, 20, 12
MM, 19, 20, 12
MM, 19, 19, 15
MM, 19, 19, 12
MM, 18, 19, 13
MM, 18, 19, 15
MC, 1, 48
MM, 21, 19, 20
MM, 35, 19, 18
MM, 0, 19, 14
MM, 16, 14, 14
MM, 33, 11, 12
MM, 46, 8, 12
MM, 4, 6, 13
MM, 13, 4, 12
MM, 20, 2, 11
MM, 27, 0, 14
MM, 3, 30, 42
MM, 7, 29, 10
MM, 10, 27, 13
MM, 13, 25, 12
MM, 17, 24, 11
MM, 22, 22, 13
MM, 26, 21, 14
MM, 29, 20, 12
MM, 32, 18, 14
MM, 36, 18, 14
MM, 39, 17, 12
MM, 43, 17, 11
MM, 2, 16, 38
MM, 5, 16, 15
MM, 8, 16, 12
MM, 11, 15, 12
MM, 13, 14, 12
MM, 14, 14, 13
MM, 16, 14, 12
MM, 17, 13, 14
MM, 17, 13, 12
MM, 18, 13, 14
MM, 18, 13, 13
MM, 18, 13, 24
MM, 19, 13, 25
MM, 19, 13, 27
MC, 1, 77
MM, 15, 13, 103
MM, 11, 13, 11
MM, 6, 15, 13
MM, 2, 17, 12
MM, 40, 21, 24
MM, 33, 24, 13
MM, 25, 26, 14
MM, 18, 29, 13
MM, 12, 31, 14
MM, 31, 1, 76
MM, 30, 2, 12
MM, 30, 3, 13
MM, 28, 4, 14
MM, 28, 6, 11
MM, 27, 8, 11
MM, 26, 9, 13
MM, 26, 11, 14
MM, 25, 13, 14
MM, 25, 14, 12
MM, 24, 16, 12
MM, 23, 18, 13
MM, 22, 20, 14
MM, 21, 21, 11
MM, 20, 23, 12
MM, 19, 25, 13
MM, 18, 26, 14
MM, 17, 27, 18
MM, 14, 30, 20
MM, 13, 31, 13
MM, 6, 1, 62
MM, 3, 3, 13
MM, 0, 4, 14
MM, 43, 7, 25
MM, 40, 8, 14
MM, 38, 8, 12
MM, 35, 9, 12
MM, 33, 9, 12
MM, 31, 10, 12
MM, 28, 10, 14
MM, 26, 11, 14
MM, 23, 12, 12
MM, 21, 13, 13
MM, 18, 13, 13
MM, 14, 14, 11
MM, 10, 14, 13
MM, 5, 15, 12
MM, 39, 16, 40
MM, 35, 16, 12
MM, 32, 16, 12
MM, 29, 16, 14
MM, 27, 16, 11
MM, 26, 16, 16
MM, 25, 16, 11
MM, 24, 16, 13
MM, 24, 16, 12
MM, 24, 16, 12
MM, 23, 16, 12
MM, 23, 16, 28
MC, 1, 75
MM, 23, 16, 13
MM, 23, 15, 14
MM, 23, 13, 13
MM, 23, 10, 12
MM, 23, 6, 12
MM, 23, 1, 12
MM, 21, 29, 39
MM, 20, 28, 13
MM, 18, 25, 14
MM, 17, 23, 13
MM, 14, 20, 12
MM, 12, 16, 11
MM, 8, 10, 12
MM, 5, 2, 13
MC, 1, 333
MM, 40, 0, 229
MM, 1, 11, 25
MM, 7, 19, 12
MM, 13, 28, 12
MM, 20, 2, 26
MM, 23, 6, 12
MM, 25, 11, 15
MM, 27, 14, 12
MM, 28, 17, 13
MM, 28, 19, 12
MM, 29, 21, 12
MM, 29, 22, 12
MM, 29, 24, 17
MM, 30, 25, 11
MM, 30, 26, 12
MM, 30, 28, 13
MM, 30, 29, 13
MM, 70, 1, 64
MM, 70, 2, 12
MM, 70, 4, 12
MM, 70, 5, 14
MM, 70, 7, 11
MM, 71, 8, 12
MM, 71, 10, 15
MM, 72, 12, 12
MM, 72, 12, 15
MM, 72, 14, 12
MM, 73, 14, 13
MM, 73, 15, 11
MM, 73, 15, 12
MM, 73, 15, 12
MM, 74, 16, 15
MM, 74, 16, 12
MM, 74, 16, 13
MM, 74, 16, 15
MC, 1, 175
MM, 75, 16, 26
MM, 75, 16, 12
MM, 75, 16, 12
MM, 76, 15, 13
MM, 76, 12, 15
MM, 77, 9, 11
MM, 77, 6, 15
MM, 78, 3, 12
MM, 79, 0, 12
MM, 6, 20, 50
MM, 17, 12, 14
MM, 35, 0, 12
MM, 1, 27, 14
MM, 19, 17, 18
MM, 3, 3, 19
MM, 3, 22, 38
MM, 12, 17, 12
MM, 17, 11, 12
MM, 23, 5, 15
MM, 0, 5, 355
MM, 1, 6, 12
MM, 1, 6, 15
MM, 1, 7, 14
MM, 1, 8, 13
MM, 1, 8, 12
MM, 1, 9, 11
MM, 2, 10, 12
MM, 2, 10, 13
MM, 2, 11, 14
MM, 2, 11, 12
MM, 2, 12, 14
MM, 2, 12, 14
MM, 2, 12, 12
MM, 3, 13, 11
MM, 3, 13, 12
MM, 3, 13, 12
MM, 3, 13, 17
MM, 4, 13, 11
MM, 4, 14, 12
MC, 1, 50
MM, 4, 14, 38
MM, 35, 14, 27
MM, 31, 14, 12
MM, 26, 14, 14
MM, 20, 14, 11
MM, 16, 14, 12
MM, 10, 14, 14
MM, 5, 14, 14
MM, 0, 15, 12
MM, 43, 17, 13
MM, 36, 19, 11
MM, 29, 21, 13
MM, 21, 24, 12
MM, 15, 26, 13
MM, 8, 28, 13
MM, 2, 31, 14
MM, 18, 0, 37
MM, 13, 2, 12
MM, 7, 4, 17
MM, 2, 6, 11
MM, 46, 10, 25
MM, 41, 12, 13
MM, 37, 14, 12
MM, 33, 17, 18
MM, 25, 21, 21
MM, 20, 24, 11
MM, 14, 26, 13
MM, 8, 27, 12
MM, 3, 28, 13
MM, 43, 29, 27
MM, 40, 29, 15
MM, 36, 30, 10
MM, 33, 31, 13
MM, 7, 0, 166
MM, 6, 0, 12
MM, 6, 0, 13
MM, 5, 1, 11
MM, 4, 2, 12
MM, 3, 4, 15
MM, 2, 4, 14
MM, 1, 5, 13
MM, 0, 6, 12
MM, 43, 12, 76
MM, 42, 12, 14
MM, 41, 13, 12
MM, 40, 13, 12
MM, 39, 14, 12
MM, 38, 14, 12
MM, 37, 14, 14
MM, 35, 15, 13
MM, 34, 15, 13
MM, 34, 15, 12
MM, 33, 15, 14
MM, 33, 15, 11
MM, 32, 15, 25
MC, 1, 252
MM, 33, 15, 182
MM, 33, 15, 12
MM, 34, 15, 13
MM, 34, 14, 12
MM, 34, 13, 16
MM, 34, 11, 11
MM, 34, 10, 11
MM, 34, 7, 12
MM, 35, 2, 14
MM, 35, 24, 25
MM, 35, 14, 14
MM, 35, 5, 12
MC, 1, 292
MM, 11, 0, 396
MM, 11, 1, 12
MM, 11, 1, 12
MM, 11, 3, 12
MM, 11, 4, 17
MM, 11, 6, 11
MM, 11, 7, 12
MM, 11, 9, 13
MM, 11, 10, 12
MM, 11, 11, 12
MM, 12, 12, 13
MM, 13, 14, 15
MM, 15, 15, 12
MM, 16, 15, 13
MM, 16, 16, 12
MC, 1, 10
MM, 17, 16, 2
MM, 17, 16, 13
MM, 18, 16, 12
MM, 18, 16, 13
MM, 19, 16, 12
MM, 19, 16, 15
MM, 20, 16, 14
MM, 21, 16, 12
MM, 22, 16, 12
MM, 23, 15, 12
MM, 25, 14, 12
MM, 28, 12, 12
MM, 31, 11, 16
MM, 35, 8, 11
MM, 39, 6, 12
MM, 0, 2, 28
MM, 5, 0, 12
MM, 36, 1, 190
MM, 42, 4, 14
MM, 3, 8, 24
MM, 7, 9, 13
MM, 9, 10, 12
MM, 12, 11, 12
MM, 14, 12, 15
MM, 15, 13, 12
MM, 17, 14, 12
MM, 19, 15, 15
MM, 20, 16, 13
MM, 21, 16, 11
MM, 22, 17, 11
MM, 22, 18, 13
MM, 23, 19, 14
MM, 23, 20, 13
MM, 24, 21, 13
MM, 25, 22, 13
MM, 25, 23, 12
MM, 26, 23, 12
MM, 26, 24, 12
MM, 27, 25, 15
MM, 28, 26, 12
MM, 29, 27, 12
MM, 31, 28, 13
MM, 33, 28, 13
MM, 36, 29, 11
MM, 38, 30, 14
MM, 40, 30, 12
MM, 43, 31, 15
MM, 19, 0, 163
MM, 20, 1, 12
MM, 21, 1, 16
MM, 21, 2, 13
MM, 22, 2, 12
MM, 22, 3, 12
MM, 23, 3, 13
MM, 23, 4, 12
MM, 24, 4, 12
MM, 24, 5, 12
MM, 24, 6, 15
MM, 25, 7, 14
MM, 26, 8, 13
MM, 26, 9, 12
MM, 27, 9, 12
MM, 27, 10, 11
MM, 27, 10, 12
MM, 27, 10, 16
MM, 27, 11, 11
MM, 28, 11, 13
MC, 1, 14
MM, 28, 11, 1
MM, 28, 11, 24
MM, 18, 10, 62
MM, 14, 8, 12
MM, 10, 7, 16
MM, 5, 5, 12
MM, 0, 5, 12
MM, 42, 4, 13
MM, 32, 3, 13
MM, 21, 2, 11
MM, 9, 0, 13
MM, 42, 30, 128
MM, 40, 29, 12
MM, 37, 29, 16
MM, 35, 28, 12
MM, 32, 28, 12
MM, 28, 27, 11
MM, 25, 26, 12
MM, 21, 26, 15
MM, 17, 25, 12
MM, 12, 24, 13
MM, 6, 22, 13
MM, 1, 20, 15
MM, 43, 17, 21
MM, 40, 16, 13
MM, 37, 14, 14
MM, 35, 13, 13
MM, 33, 13, 13
MM, 31, 12, 12
MM, 30, 12, 12
MM, 28, 12, 13
MM, 27, 12, 12
MM, 26, 11, 15
MM, 25, 11, 11
MM, 25, 11, 15
MM, 24, 11, 12
MM, 24, 11, 12
MC, 1, 77
MM, 30, 13, 12
MM, 4, 8, 37
MM, 27, 19, 12
MM, 42, 26, 16
MM, 1, 31, 12
MM, 106, 0, 163
MM, 109, 1, 15
MM, 113, 3, 13
MM, 116, 5, 14
MM, 120, 7, 12
MM, 124, 10, 12
MM, 127, 11, 11
MM, 129, 13, 13
MM, 131, 14, 16
MM, 132, 15, 10
MM, 134, 15, 12
MM, 134, 16, 14
MM, 135, 16, 14
MM, 135, 16, 12
MM, 135, 16, 11
MM, 136, 16, 13
MM, 136, 16, 14
MM, 136, 16, 36
MC, 1, 231
MM, 136, 16, 13
MM, 136, 16, 14
MM, 136, 14, 11
MM, 137, 12, 12
MM, 140, 9, 12
MM, 146, 5, 14
MM, 30, 29, 26
MM, 6, 15, 24
MM, 17, 8, 13
MM, 27, 0, 12
MM, 34, 31, 15
MM, 43, 21, 13
MM, 2, 12, 12
MM, 10, 3, 13
MM, 34, 29, 23
MP, 1, 357
MR, 1, 4
MC, 1, 0
MM, 35, 12, 11
MM, 33, 12, 11
MM, 32, 12, 12
MM, 31, 12, 13
MM, 30, 12, 15
MM, 30, 12, 12
MM, 29, 12, 13
MM, 29, 12, 12
MM, 28, 12, 13
MM, 28, 12, 11
MM, 28, 12, 27
MM, 27, 12, 13
MM, 27, 12, 15
MM, 26, 12, 11
MM, 26, 12, 24
MM, 26, 12, 12
MM, 26, 12, 13
MM, 25, 12, 14
MM, 25, 12, 26
MC, 1, 38
MM, 24, 12, 27
MM, 24, 12, 22
MM, 24, 12, 13
MM, 23, 12, 14
MM, 23, 13, 15
MM, 23, 13, 12
MM, 22, 14, 12
MM, 21, 15, 12
MM, 19, 16, 15
MM, 18, 17, 10
MM, 15, 19, 12
MM, 12, 22, 12
MM, 8, 25, 15
MM, 3, 29, 13
MM, 25, 2, 36
MM, 20, 5, 13
MM, 17, 8, 13
MM, 14, 10, 14
MM, 11, 12, 13
MM, 8, 14, 13
MM, 4, 15, 12
MM, 1, 16, 12
MM, 42, 20, 40
MM, 38, 21, 12
MM, 35, 21, 13
MM, 33, 22, 12
MM, 31, 23, 13
MM, 28, 23, 11
MM, 27, 23, 12
MM, 25, 24, 15
MM, 24, 24, 14
MM, 23, 25, 13
MM, 22, 25, 12
MM, 21, 26, 12
MM, 19, 27, 12
MM, 19, 28, 12
MM, 18, 29, 12
MM, 17, 29, 15
MM, 15, 31, 12
MM, 4, 1, 79
MM, 1, 3, 11
MM, 42, 8, 51
MM, 41, 9, 12
MM, 40, 9, 12
MM, 40, 9, 12
MM, 40, 10, 27
MM, 41, 10, 63
MM, 43, 10, 12
MM, 0, 10, 40
MM, 1, 10, 12
MM, 2, 10, 12
MM, 3, 10, 14
MM, 4, 10, 12
MM, 5, 10, 13
MM, 6, 10, 13
MM, 7, 10, 13
MM, 8, 10, 14
MM, 9, 10, 11
MM, 11, 10, 12
MC, 1, 12
MM, 12, 10, 0
MM, 14, 10, 13
MM, 16, 10, 13
MM, 18, 11, 15
MM, 19, 11, 11
MM, 20, 11, 14
MM, 21, 11, 19
MM, 22, 12, 19
MM, 22, 12, 12
MM, 22, 12, 15
MM, 22, 12, 22
MM, 22, 12, 13
MM, 22, 12, 15
MM, 22, 13, 14
MM, 21, 13, 10
MM, 18, 13, 13
MM, 14, 13, 13
MM, 11, 13, 13
MM, 8, 14, 11
MM, 5, 14, 13
MM, 2, 15, 12
MM, 42, 15, 40
MM, 40, 16, 12
MM, 37, 16, 12
MM, 35, 17, 13
MM, 33, 18, 13
MM, 30, 18, 14
MM, 28, 19, 12
MM, 25, 19, 13
MM, 22, 20, 13
MM, 19, 20, 12
MM, 16, 21, 12
MM, 14, 21, 16
MM, 12, 21, 12
MM, 11, 21, 12
MM, 10, 21, 12
MM, 10, 22, 13
MM, 9, 22, 12
MM, 9, 22, 11
MM, 9, 22, 14
MM, 9, 22, 14
MM, 8, 23, 13
MM, 8, 23, 13
MM, 7, 24, 12
MM, 5, 25, 12
MM, 4, 26, 12
MM, 2, 28, 13
MM, 0, 29, 15
MM, 79, 0, 646
MM, 79, 2, 15
MM, 79, 3, 14
MM, 79, 4, 12
MM, 79, 5, 12
MM, 78, 6, 13
MM, 77, 7, 12
MM, 76, 8, 12
MM, 76, 8, 13
MM, 75, 9, 14
MM, 75, 10, 12
MM, 74, 10, 13
MM, 74, 10, 14
MM, 74, 10, 10
MM, 74, 11, 13
MM, 74, 11, 13
MM, 73, 11, 12
MM, 73, 11, 14
MM, 73, 11, 25
MM, 73, 11, 25
MC, 1, 12
MM, 73, 10, 53
MM, 73, 7, 13
MM, 73, 2, 12
MM, 33, 31, 24
MM, 33, 26, 15
MM, 33, 22, 14
MM, 33, 18, 13
MM, 33, 12, 12
MM, 33, 3, 11
MM, 33, 23, 24
MM, 33, 18, 15
MM, 33, 13, 12
MM, 33, 10, 13
MM, 33, 9, 15
MM, 33, 8, 12
MM, 33, 7, 11
MM, 33, 6, 12
MM, 33, 6, 12
MM, 33, 5, 17
MM, 33, 5, 11
MM, 33, 4, 12
MM, 33, 4, 13
MM, 34, 3, 14
MM, 35, 3, 12
MM, 36, 3, 11
MM, 38, 2, 12
MM, 39, 1, 15
MM, 40, 1, 11
MM, 41, 0, 15
MM, 42, 0, 12
MC, 1, 355
MM, 15, 0, 204
MM, 16, 0, 12
MM, 18, 0, 12
MM, 19, 0, 16
MM, 20, 0, 12
MM, 21, 0, 13
MM, 21, 0, 12
MM, 21, 0, 13
MM, 22, 0, 11
MM, 22, 0, 13
MM, 22, 1, 14
MM, 22, 1, 27
MM, 22, 1, 12
MM, 22, 1, 12
MM, 22, 2, 12
MM, 22, 2, 12
MM, 22, 3, 12
MM, 22, 4, 15
MM, 22, 5, 13
MM, 22, 6, 14
MM, 22, 7, 12
MM, 22, 8, 12
MM, 22, 9, 11
MM, 22, 10, 13
MM, 22, 10, 14
MM, 22, 11, 13
MM, 22, 11, 13
MM, 22, 11, 12
MM, 22, 12, 13
MM, 22, 12, 12
MM, 22, 12, 12
MM, 22, 12, 13
MM, 22, 13, 14
MC, 1, 15
MM, 22, 14, 11
MM, 22, 14, 12
MM, 22, 15, 13
MM, 22, 15, 12
MM, 22, 16, 12
MM, 22, 16, 12
MM, 22, 16, 28
MM, 22, 16, 25
MM, 21, 16, 36
MM, 17, 16, 14
MM, 14, 16, 14
MM, 10, 16, 13
MM, 5, 15, 12
MM, 42, 9, 24
MM, 30, 6, 13
MM, 18, 3, 16
MM, 4, 0, 11
MC, 1, 405
MM, 37, 1, 103
MM, 42, 12, 12
MM, 5, 10, 42
MM, 9, 20, 12
MM, 11, 29, 12
MM, 54, 6, 23
MM, 55, 13, 15
MM, 56, 20, 12
MM, 57, 26, 13
MM, 58, 33, 13
MM, 59, 38, 14
MP, 1, 239
MR, 1, 14
MC, 1, 0
MM, 61, 41, 62
MM, 61, 39, 13
MM, 61, 37, 16
MM, 61, 35, 12
MM, 61, 33, 12
MM, 61, 31, 12
MM, 61, 29, 13
MM, 61, 27, 12
MM, 61, 26, 12
MM, 61, 25, 14
MM, 61, 24, 14
MM, 61, 23, 13
MM, 61, 22, 12
MM, 61, 22, 12
MM, 61, 22, 12
MM, 61, 21, 12
MM, 61, 21, 13
MM, 61, 21, 14
MM, 61, 20, 13
MC, 1, 76
MM, 61, 20, 127
MM, 60, 20, 11
MM, 59, 19, 13
MM, 58, 19, 16
MM, 55, 17, 13
MM, 51, 15, 12
MM, 46, 12, 12
MM, 41, 9, 12
MM, 35, 3, 12
MM, 32, 28, 27
MM, 26, 23, 12
MM, 22, 18, 15
MM, 17, 15, 12
MM, 13, 11, 12
MM, 10, 8, 12
MM, 6, 6, 11
MM, 3, 4, 14
MM, 1, 2, 13
MM, 39, 30, 128
MM, 37, 27, 12
MM, 36, 24, 13
MM, 35, 19, 11
MM, 32, 15, 14
MM, 31, 11, 14
MM, 29, 8, 12
MM, 28, 5, 13
MM, 27, 2, 12
MM, 26, 0, 12
MC, 1, 281
MM, 21, 8, 151
MM, 15, 18, 27
MM, 33, 20, 15
MM, 10, 23, 23
MM, 21, 23, 12
MM, 29, 23, 13
MM, 35, 23, 21
MM, 43, 23, 17
MM, 0, 22, 27
MM, 4, 20, 14
MM, 9, 19, 12
MM, 15, 17, 11
MM, 23, 16, 13
MM, 30, 15, 12
MM, 36, 14, 14
MM, 42, 13, 14
MM, 2, 12, 38
MM, 5, 12, 12
MM, 8, 12, 12
MM, 11, 11, 12
MM, 13, 11, 12
MM, 16, 11, 15
MM, 19, 11, 12
MM, 21, 10, 13
MM, 24, 10, 15
MM, 27, 9, 12
MM, 29, 8, 10
MM, 32, 7, 13
MM, 33, 6, 12
MM, 34, 6, 15
MM, 35, 5, 12
MM, 36, 5, 13
MM, 37, 5, 13
MM, 37, 4, 12
MM, 38, 4, 12
MM, 39, 4, 13
MM, 41, 3, 14
MM, 42, 2, 12
MM, 3, 28, 102
MM, 6, 27, 12
MM, 9, 26, 14
MM, 11, 25, 11
MM, 13, 24, 12
MM, 14, 23, 16
MM, 15, 23, 13
MM, 15, 23, 12
MM, 15, 22, 12
MM, 16, 22, 13
MM, 17, 21, 12
MM, 17, 21, 13
MM, 18, 21, 12
MM, 18, 21, 14
MM, 18, 21, 14
MM, 18, 20, 12
MM, 18, 20, 12
MM, 18, 20, 13
MC, 1, 24
MM, 18, 20, 0
MM, 15, 20, 54
MM, 7, 20, 12
MM, 27, 19, 23
MM, 12, 17, 12
MM, 43, 15, 15
MM, 23, 13, 12
MM, 5, 12, 13
MM, 37, 10, 13
MM, 18, 9, 13
MM, 1, 8, 12
MC, 1, 673
MM, 1, 12, 53
MM, 27, 16, 11
MM, 4, 22, 13
MM, 25, 26, 14
MM, 42, 30, 14
MM, 11, 0, 49
MM, 15, 1, 12
MM, 19, 2, 13
MM, 25, 2, 14
MM, 33, 4, 12
MM, 41, 5, 15
MM, 0, 5, 13
MM, 8, 6, 12
MM, 16, 6, 11
MM, 22, 6, 12
MM, 27, 7, 12
MM, 31, 7, 15
MM, 34, 7, 13
MM, 36, 7, 13
MM, 39, 7, 13
MM, 40, 7, 12
MM, 41, 7, 11
MM, 41, 7, 12
MM, 42, 7, 15
MM, 42, 7, 12
MM, 42, 7, 14
MM, 43, 7, 12
MM, 43, 7, 12
MM, 43, 7, 12
MM, 44, 7, 26
MM, 44, 7, 270
MC, 1, 11
MM, 44, 7, 13
MM, 44, 7, 13
MM, 44, 7, 13
MM, 44, 7, 23
MM, 44, 7, 12
MM, 44, 7, 130
MM, 44, 8, 25
MM, 44, 8, 25
MM, 43, 8, 26
MM, 42, 8, 12
MM, 42, 8, 14
MM, 42, 8, 12
MM, 41, 8, 12
MM, 39, 8, 12
MM, 38, 8, 13
MM, 36, 8, 16
MM, 34, 8, 13
MM, 31, 8, 10
MM, 26, 8, 13
MM, 18, 8, 13
MM, 8, 8, 11
MM, 28, 9, 27
MM, 7, 10, 12
MM, 36, 10, 15
MM, 18, 12, 13
MM, 2, 12, 12
MM, 37, 13, 11
MM, 23, 14, 12
MM, 11, 14, 17
MM, 1, 15, 10
MM, 46, 15, 12
MM, 38, 16, 13
MM, 33, 16, 15
MM, 29, 16, 12
MM, 23, 17, 11
MM, 17, 17, 12
MM, 11, 17, 12
MM, 7, 17, 15
MM, 3, 17, 13
MM, 43, 18, 37
MM, 40, 18, 12
MM, 37, 18, 13
MM, 35, 18, 14
MM, 31, 18, 12
MM, 29, 18, 14
MM, 25, 18, 12
MM, 21, 18, 12
MM, 17, 18, 12
MM, 12, 18, 13
MM, 8, 18, 13
MM, 3, 18, 13
MM, 41, 18, 51
MM, 39, 18, 12
MM, 37, 18, 12
MM, 35, 18, 16
MM, 33, 18, 12
MM, 32, 18, 12
MM, 31, 18, 14
MM, 30, 18, 12
MM, 29, 18, 17
MM, 29, 18, 22
MM, 29, 18, 37
MC, 1, 38
MM, 36, 18, 26
MM, 2, 18, 13
MM, 33, 20, 11
MM, 18, 27, 13
MM, 28, 5, 27
MM, 2, 13, 11
MM, 22, 18, 14
MM, 35, 22, 13
MM, 3, 25, 23
MM, 10, 25, 13
MM, 14, 26, 13
MM, 17, 26, 15
MM, 20, 26, 13
MM, 23, 26, 12
MM, 25, 26, 13
MM, 27, 26, 11
MM, 29, 26, 12
MM, 31, 26, 15
MM, 32, 26, 14
MM, 33, 26, 13
MM, 34, 26, 12
MM, 35, 26, 12
MM, 25, 18, 203
MM, 25, 17, 38
MC, 1, 39
MM, 25, 17, 89
MM, 26, 17, 13
MM, 26, 17, 12
MM, 27, 16, 11
MM, 30, 15, 13
MM, 33, 14, 13
MM, 37, 12, 14
MM, 42, 10, 13
MM, 436, 62, 509
MM, 436, 35, 15
MM, 436, 16, 12
MM, 436, 4, 12
MM, 436, 0, 12
MM, 15, 10, 21882
MM, 118, 62, 24
MM, 177, 21, 14
MM, 88, 13, 306
MM, 3, 1, 12
MM, 24, 21, 13
MM, 377, 66, 38
MM, 386, 61, 12
MM, 390, 61, 12
MM, 393, 61, 15
MM, 397, 61, 12
MM, 43, 20, 62
MM, 37, 36, 725
MM, 37, 35, 16
MM, 36, 33, 11
MM, 35, 32, 16
MM, 35, 31, 11
MM, 35, 30, 12
MM, 34, 29, 12
MM, 34, 28, 12
MM, 34, 28, 15
MM, 34, 27, 12
MM, 33, 26, 13
MM, 33, 26, 12
MM, 33, 26, 15
