********************************************************************************
LOGGING TIME: 20180908_192939
CLIENT IP: 127.0.1.1
USERNAME: abhilash
OS: Linux
**********************************Emotional database********************************************************************************
MM, 19, 9, 1537598292191
MM, 641, 607, 13
MM, 28, 22, 11
MM, 7, 7, 12
MM, 0, 30, 13
MM, 29, 19, 16
MM, 20, 10, 12
MM, 12, 2, 12
MM, 542, 529, 12
MM, 538, 524, 13
MM, 537, 522, 11
MM, 536, 521, 13
MM, 536, 520, 15
MM, 536, 518, 203
MM, 536, 512, 12
MM, 531, 495, 13
MM, 260, 65, 14
MM, 252, 52, 11
MM, 251, 52, 292
MM, 246, 48, 13
MM, 234, 31, 12
MM, 215, 6, 17
MM, 444, 366, 11
MM, 177, 80, 13
MM, 162, 58, 12
MM, 149, 42, 12
MM, 141, 31, 11
MM, 135, 25, 14
MM, 131, 21, 14
MM, 128, 19, 14
MM, 127, 18, 12
MM, 125, 17, 12
MM, 124, 16, 13
MM, 123, 16, 11
MM, 123, 16, 13
MM, 122, 16, 12
MM, 122, 16, 14
MM, 122, 16, 27
MM, 121, 16, 25
MM, 121, 16, 11
MM, 121, 16, 12
MM, 116, 17, 320
MM, 59, 17, 12
MM, 150, 277, 12
MM, 99, 269, 9370
MM, 234, 170, 12
MM, 316, 109, 12
MM, 355, 81, 13
MM, 369, 71, 13
MM, 373, 68, 11
MM, 374, 67, 12
MM, 374, 68, 231
MM, 374, 70, 15
MM, 374, 74, 12
MM, 374, 79, 12
MM, 374, 88, 11
MM, 378, 102, 12
MM, 381, 115, 17
MM, 382, 125, 11
MM, 382, 134, 12
MM, 382, 142, 13
MM, 382, 149, 14
MM, 357, 146, 278
MM, 352, 139, 12
MM, 346, 132, 12
MM, 341, 126, 15
MM, 336, 120, 13
MM, 332, 115, 14
MM, 328, 110, 12
MM, 324, 106, 12
MM, 321, 102, 12
MM, 318, 98, 11
MM, 314, 94, 14
MM, 311, 91, 13
MM, 313, 96, 3728
MM, 319, 109, 14
MM, 323, 119, 13
MM, 328, 129, 14
MM, 333, 139, 12
MM, 337, 149, 12
MM, 353, 233, 101
MM, 353, 249, 11
MM, 105, 3, 14
MM, 105, 14, 14
MM, 105, 22, 13
MM, 105, 28, 12
MM, 105, 31, 13
MM, 105, 32, 11
MM, 105, 33, 13
MM, 105, 34, 13
MM, 105, 34, 14
MC, 1, 114
MM, 108, 38, 22824
MM, 111, 45, 15
MM, 115, 53, 15
MM, 117, 59, 11
MM, 118, 63, 12
MM, 119, 67, 12
MM, 120, 69, 12
MM, 120, 72, 13
MM, 120, 75, 14
MM, 120, 80, 13
MM, 368, 351, 13
MM, 368, 369, 14
MM, 120, 1, 12
MM, 120, 17, 11
MM, 120, 29, 12
MM, 118, 37, 12
MM, 116, 43, 16
MM, 113, 47, 12
MM, 112, 49, 13
MM, 111, 50, 12
MM, 111, 51, 14
MM, 110, 51, 12
MM, 110, 51, 11
MM, 110, 51, 13
MM, 110, 52, 14
MM, 110, 52, 18
MM, 108, 54, 18
MM, 108, 56, 15
MM, 108, 57, 14
MM, 107, 58, 12
MM, 107, 59, 12
MM, 107, 60, 13
MM, 107, 60, 11
MM, 106, 60, 66
MC, 1, 163
MM, 104, 60, 1453
MM, 98, 51, 12
MM, 84, 30, 12
MM, 71, 12, 13
MM, 308, 387, 12
MM, 298, 377, 12
MM, 289, 369, 17
MM, 282, 365, 11
MM, 278, 363, 13
MM, 274, 362, 13
MM, 271, 362, 12
MM, 269, 362, 11
MM, 267, 362, 13
MM, 265, 363, 14
MM, 263, 373, 13
MM, 12, 10, 14
MM, 12, 41, 13
MM, 12, 66, 11
MM, 12, 82, 12
MM, 260, 481, 12
MM, 260, 485, 12
MM, 260, 487, 15
MM, 261, 488, 14
MM, 266, 489, 12
MM, 273, 490, 13
MM, 278, 490, 12
MM, 284, 490, 11
MM, 289, 490, 13
MM, 293, 490, 14
MM, 295, 490, 14
MM, 298, 489, 11
MM, 300, 487, 13
MM, 301, 486, 13
MM, 302, 485, 13
MM, 303, 484, 12
MM, 303, 481, 11
MM, 55, 87, 13
MM, 56, 83, 15
MM, 56, 78, 18
MM, 56, 74, 20
MM, 57, 73, 12
MM, 57, 73, 15
MM, 57, 73, 12
MM, 57, 73, 12
MM, 59, 73, 12
MM, 60, 73, 12
MM, 63, 76, 12
MM, 64, 79, 15
MM, 67, 81, 12
MM, 70, 83, 12
MM, 74, 85, 15
MM, 77, 87, 13
MM, 80, 89, 11
MM, 331, 479, 11
MM, 333, 480, 13
MM, 336, 481, 15
MM, 338, 482, 12
MM, 340, 483, 13
MM, 343, 484, 13
MM, 346, 485, 12
MM, 350, 488, 12
MM, 355, 491, 12
MM, 360, 495, 15
MM, 0, 8, 37
MM, 2, 11, 13
MM, 4, 12, 12
MM, 5, 13, 12
MM, 5, 13, 13
MM, 5, 13, 14
MM, 4, 13, 510
MM, 3, 13, 12
MM, 0, 13, 14
MM, 9, 2, 508
MM, 429, 565, 12
MM, 15, 23, 13
MM, 29, 9, 13
MM, 15, 26, 11
MM, 561, 642, 13
MM, 565, 644, 13
MM, 566, 644, 12
MM, 163, 0, 15
MM, 570, 645, 216
MM, 577, 644, 13
MM, 586, 644, 11
MM, 595, 644, 12
MM, 603, 644, 14
MM, 610, 643, 14
MM, 615, 643, 14
MM, 620, 642, 12
MM, 624, 641, 12
MM, 627, 640, 13
MM, 629, 639, 11
MM, 12, 30, 13
MM, 14, 29, 12
MM, 16, 28, 15
MM, 17, 28, 12
MM, 18, 28, 15
MM, 18, 27, 11
MM, 18, 27, 12
MM, 19, 27, 12
MM, 19, 27, 13
MM, 19, 27, 130
MM, 19, 27, 11
MM, 19, 27, 12
MM, 19, 26, 14
MM, 19, 26, 12
MM, 19, 26, 12
MM, 19, 26, 12
MM, 19, 26, 12
MM, 23, 26, 207
MM, 29, 26, 12
MM, 1, 26, 11
MM, 10, 26, 13
MM, 17, 26, 14
MM, 23, 26, 13
MM, 28, 25, 12
MM, 31, 25, 13
MM, 689, 633, 13
MM, 691, 633, 12
MM, 691, 633, 12
MM, 691, 632, 26
MM, 691, 632, 12
MM, 691, 632, 15
MM, 691, 632, 12
MM, 691, 631, 11
MM, 691, 631, 13
MM, 691, 631, 12
MM, 691, 630, 15
MM, 691, 630, 12
MM, 691, 629, 13
MM, 691, 629, 13
MM, 689, 629, 12
MM, 30, 20, 12
MM, 27, 19, 12
MM, 24, 19, 16
MM, 22, 18, 12
MM, 20, 18, 12
MM, 19, 18, 13
MM, 17, 17, 13
MM, 15, 17, 11
MM, 13, 17, 13
MM, 12, 17, 14
MM, 11, 16, 15
MM, 10, 16, 11
MM, 10, 16, 12
MM, 9, 16, 13
MM, 9, 16, 24
MM, 8, 16, 12
MC, 1, 65
MM, 2, 16, 205
MM, 28, 16, 12
MM, 9, 16, 11
MM, 28, 16, 13
MM, 8, 16, 14
MM, 568, 624, 14
MM, 24, 16, 11
MM, 13, 16, 13
MM, 2, 16, 14
MM, 32, 13, 12
MM, 22, 9, 12
MM, 13, 5, 12
MM, 4, 1, 12
MM, 488, 603, 15
MM, 19, 28, 19
MM, 12, 20, 19
MM, 10, 17, 12
MM, 7, 15, 15
MM, 5, 13, 13
MM, 3, 12, 11
MM, 2, 10, 12
MM, 1, 10, 12
MM, 1, 9, 12
MM, 462, 580, 219
MM, 35, 9, 12
MM, 30, 8, 12
MM, 27, 7, 13
MM, 25, 6, 12
MM, 23, 6, 12
MM, 22, 5, 13
MM, 21, 5, 14
MM, 20, 4, 12
MM, 19, 4, 14
MM, 18, 4, 13
MM, 17, 3, 11
MM, 16, 3, 13
MM, 14, 2, 15
MM, 13, 1, 12
MM, 431, 570, 12
MM, 428, 568, 13
MM, 424, 565, 13
MM, 4, 28, 12
MM, 0, 24, 12
MM, 410, 555, 12
MM, 35, 19, 15
MM, 32, 17, 14
MM, 30, 16, 12
MM, 28, 15, 11
MM, 26, 14, 14
MM, 25, 14, 11
MM, 25, 14, 12
MM, 24, 13, 13
MM, 24, 13, 14
MM, 23, 13, 12
MM, 23, 13, 15
MM, 23, 13, 13
MM, 23, 12, 12
MM, 23, 12, 38
MM, 28, 12, 52
MM, 36, 12, 11
MM, 4, 12, 11
MM, 11, 12, 13
MM, 17, 12, 14
MM, 19, 12, 13
MM, 21, 13, 13
MM, 23, 13, 12
MM, 23, 13, 12
MM, 23, 13, 12
MC, 1, 269
MM, 23, 13, 13
MM, 23, 14, 14
MM, 23, 16, 11
MM, 22, 18, 13
MM, 21, 20, 13
MM, 19, 22, 13
MM, 17, 24, 12
MM, 14, 28, 11
MM, 424, 565, 14
MM, 420, 567, 13
MM, 416, 570, 13
MM, 32, 1, 13
MM, 30, 3, 13
MM, 27, 4, 11
MM, 25, 6, 12
MM, 23, 7, 13
MM, 22, 8, 13
MM, 20, 9, 14
MM, 19, 10, 14
MM, 18, 10, 12
MM, 17, 11, 12
MM, 16, 11, 11
MM, 16, 11, 14
MM, 16, 11, 15
MM, 15, 11, 25
MC, 1, 50
MM, 15, 11, 13
MM, 18, 11, 74
MM, 24, 11, 14
MM, 415, 582, 13
MM, 7, 11, 13
MM, 22, 12, 15
MM, 457, 584, 12
MM, 7, 14, 12
MM, 18, 15, 11
MM, 26, 16, 12
MM, 495, 587, 17
MM, 500, 588, 9
MM, 3, 17, 14
MM, 8, 17, 13
MM, 12, 18, 14
MM, 17, 18, 12
MM, 23, 19, 12
MM, 31, 19, 11
MM, 541, 590, 14
MM, 7, 19, 13
MM, 15, 19, 14
MM, 21, 20, 12
MM, 24, 21, 12
MM, 26, 21, 13
MM, 27, 21, 12
MM, 27, 21, 191
MM, 27, 20, 11
MM, 31, 20, 13
MM, 581, 591, 14
MM, 1, 19, 13
MM, 6, 19, 13
MM, 10, 19, 13
MM, 13, 19, 19
MM, 16, 19, 20
MM, 17, 18, 12
MM, 18, 18, 14
MM, 19, 17, 11
MM, 20, 17, 11
MM, 22, 17, 14
MM, 24, 17, 13
MM, 27, 16, 14
MM, 28, 16, 12
MM, 30, 16, 13
MM, 616, 587, 12
MM, 617, 587, 13
MM, 619, 587, 12
MM, 620, 587, 12
MM, 621, 587, 13
MM, 1, 16, 13
MM, 1, 16, 14
MM, 3, 16, 13
MM, 4, 16, 12
MM, 5, 16, 11
MM, 6, 16, 13
MM, 7, 16, 13
MM, 8, 16, 14
MM, 8, 16, 13
MM, 8, 16, 13
MM, 9, 16, 12
MM, 9, 16, 12
MM, 10, 16, 25
MM, 10, 16, 28
MC, 1, 12
MM, 10, 16, 12
MM, 11, 16, 24
MM, 11, 15, 12
MM, 11, 14, 15
MM, 11, 13, 15
MM, 12, 11, 12
MM, 12, 9, 12
MM, 12, 7, 12
MM, 12, 5, 12
MM, 13, 3, 12
MM, 13, 1, 13
MM, 13, 0, 13
MM, 635, 569, 14
MM, 635, 568, 14
MM, 635, 567, 12
MM, 635, 566, 12
MM, 635, 566, 11
MM, 635, 565, 14
MM, 18, 30, 15
MM, 18, 30, 11
MM, 18, 29, 12
MM, 18, 28, 13
MM, 18, 28, 14
MM, 18, 28, 13
MM, 18, 27, 11
MM, 18, 27, 12
MM, 18, 27, 13
MM, 18, 27, 13
MM, 18, 26, 14
MM, 18, 26, 13
MM, 18, 26, 12
MM, 18, 26, 13
MM, 18, 26, 11
MM, 18, 25, 12
MM, 18, 25, 13
MC, 1, 1
MM, 18, 25, 154
MM, 18, 28, 11
MM, 635, 565, 12
MM, 635, 568, 13
MM, 13, 0, 13
MM, 12, 3, 13
MM, 9, 5, 14
MM, 7, 8, 13
MM, 6, 10, 19
MM, 2, 14, 19
MM, 621, 587, 12
MM, 619, 589, 14
MM, 617, 591, 11
MM, 30, 21, 12
MM, 28, 23, 13
MM, 26, 24, 13
MM, 25, 26, 16
MM, 22, 28, 11
MM, 20, 30, 12
MM, 603, 603, 13
MM, 602, 605, 13
MM, 600, 607, 12
MM, 25, 1, 12
MM, 24, 3, 13
MM, 22, 5, 13
MM, 21, 6, 13
MM, 20, 8, 13
MM, 20, 9, 12
MM, 19, 9, 12
MM, 19, 10, 13
MM, 18, 11, 14
MM, 18, 11, 13
MM, 18, 11, 13
MM, 17, 12, 13
MM, 17, 12, 12
MM, 17, 13, 12
MM, 17, 13, 12
MM, 17, 14, 13
MC, 1, 27
MM, 17, 14, 90
MM, 17, 11, 13
MM, 21, 6, 11
MM, 609, 606, 13
MM, 4, 25, 12
MM, 21, 14, 12
MM, 658, 576, 13
MM, 666, 570, 13
MM, 670, 567, 13
MM, 671, 566, 15
MM, 18, 30, 12
MM, 19, 29, 12
MM, 19, 28, 11
MM, 19, 27, 12
MM, 19, 25, 17
MM, 19, 24, 9
MM, 19, 23, 15
MM, 19, 22, 12
MM, 19, 21, 15
MM, 19, 20, 11
MM, 19, 20, 12
MM, 19, 19, 12
MM, 19, 19, 13
MM, 19, 18, 14
MM, 19, 18, 13
MM, 19, 17, 12
MM, 19, 17, 13
MM, 19, 17, 13
MM, 19, 17, 12
MM, 19, 16, 12
MM, 19, 16, 13
MC, 1, 63
MM, 17, 16, 65
MM, 12, 16, 14
MM, 652, 556, 11
MM, 621, 566, 13
MM, 0, 3, 11
MM, 2, 8, 13
MM, 5, 8, 13
MM, 12, 8, 12
MM, 31, 8, 15
MM, 16, 8, 13
MM, 10, 8, 19
MM, 4, 6, 19
MM, 3, 5, 12
MM, 2, 3, 15
MM, 0, 2, 11
MM, 420, 572, 11
MM, 418, 570, 13
MM, 417, 569, 12
MM, 413, 566, 17
MM, 409, 564, 11
MM, 32, 27, 12
MM, 27, 25, 12
MM, 22, 22, 15
MM, 18, 20, 11
MM, 15, 19, 12
MM, 13, 18, 13
MM, 12, 17, 14
MM, 12, 17, 12
MM, 12, 17, 13
MM, 12, 16, 13
MM, 12, 16, 11
MM, 14, 16, 38
MM, 19, 16, 15
MM, 24, 16, 12
MM, 28, 16, 12
MM, 31, 16, 13
MM, 34, 16, 12
MM, 409, 550, 13
MM, 410, 550, 16
MM, 412, 550, 11
MM, 413, 550, 12
MM, 414, 550, 12
MM, 0, 16, 13
MM, 1, 16, 12
MM, 2, 16, 12
MM, 4, 16, 13
MM, 5, 16, 16
MM, 6, 16, 12
MM, 8, 16, 12
MM, 10, 17, 13
MM, 12, 18, 12
MM, 13, 18, 12
MM, 15, 19, 13
MM, 16, 19, 14
MM, 17, 19, 12
MM, 18, 19, 15
MM, 18, 19, 11
MM, 19, 19, 12
MM, 19, 19, 23
MM, 19, 19, 92
MM, 19, 20, 11
MM, 19, 21, 13
MM, 19, 21, 14
MM, 17, 21, 13
MM, 13, 22, 12
MM, 10, 22, 14
MM, 8, 22, 12
MM, 7, 22, 12
MM, 6, 22, 12
MM, 5, 22, 12
MM, 5, 22, 15
MM, 5, 22, 12
MM, 5, 22, 13
MC, 1, 89
MM, 5, 22, 344
MM, 5, 23, 12
MM, 5, 25, 13
MM, 5, 26, 12
MM, 5, 28, 13
MM, 4, 30, 12
MM, 418, 566, 13
MM, 417, 568, 14
MM, 416, 569, 12
MM, 415, 571, 13
MM, 415, 572, 14
MM, 34, 2, 11
MM, 34, 2, 13
MM, 33, 3, 15
MM, 33, 3, 12
MM, 32, 3, 12
MM, 32, 3, 13
MM, 32, 3, 12
MM, 31, 3, 24
MM, 31, 4, 13
MM, 31, 4, 14
MM, 31, 4, 14
MM, 30, 4, 13
MC, 1, 36
MM, 29, 6, 12
MM, 28, 6, 15
MM, 28, 7, 12
MM, 28, 7, 12
MM, 28, 7, 15
MM, 28, 7, 13
MM, 27, 7, 22
MM, 27, 7, 13
MM, 27, 7, 154
MM, 27, 8, 13
MM, 27, 9, 12
MM, 27, 12, 12
MM, 31, 20, 12
MM, 421, 605, 15
MM, 23, 12, 13
MM, 30, 23, 12
MM, 445, 639, 13
MM, 46, 0, 12
MM, 48, 3, 12
MM, 50, 4, 13
MM, 51, 5, 12
MM, 51, 5, 14
MM, 52, 5, 13
MM, 52, 5, 13
MM, 52, 5, 14
MM, 52, 5, 23
MM, 53, 5, 25
MM, 53, 5, 27
MM, 53, 5, 26
MM, 54, 5, 18
MM, 54, 5, 20
MM, 55, 5, 13
MM, 55, 5, 12
MM, 55, 5, 12
MM, 56, 5, 12
MM, 57, 5, 12
MM, 58, 5, 15
MM, 59, 5, 14
MM, 61, 5, 11
MM, 62, 5, 13
MM, 63, 5, 13
MM, 65, 5, 12
MM, 66, 5, 12
MM, 67, 5, 12
MM, 68, 5, 15
MM, 68, 5, 13
MM, 69, 5, 12
MM, 70, 5, 14
MM, 70, 5, 11
MM, 70, 5, 12
MM, 71, 5, 13
MM, 71, 5, 12
MM, 72, 5, 26
MM, 72, 5, 15
MM, 72, 5, 12
MM, 72, 5, 11
MM, 72, 5, 13
MM, 73, 5, 15
MC, 1, 13
MM, 73, 5, 11
MM, 73, 5, 13
MM, 73, 5, 14
MM, 74, 5, 112
MM, 74, 5, 13
MM, 75, 5, 14
MM, 76, 5, 13
MM, 78, 4, 12
MM, 80, 1, 15
MM, 487, 642, 12
MM, 489, 639, 11
MM, 2, 27, 12
MM, 5, 23, 12
MM, 8, 20, 16
MM, 11, 17, 12
MM, 14, 14, 12
MM, 17, 11, 13
MM, 19, 8, 15
MM, 22, 6, 11
MM, 24, 4, 12
MM, 26, 2, 11
MM, 28, 0, 13
MM, 520, 606, 14
MM, 522, 604, 13
MM, 523, 603, 13
MM, 25, 30, 12
MM, 26, 28, 14
MM, 28, 25, 12
MM, 30, 24, 11
MM, 31, 23, 13
MM, 32, 22, 14
MM, 33, 21, 13
MM, 34, 20, 13
MM, 34, 20, 13
MM, 34, 20, 11
MM, 35, 19, 12
MM, 537, 590, 13
MM, 537, 590, 13
MM, 538, 589, 14
MM, 539, 589, 12
MM, 540, 588, 15
MM, 542, 587, 11
MM, 2, 15, 13
MM, 5, 13, 11
MM, 7, 12, 12
MM, 10, 11, 15
MM, 12, 10, 13
MM, 13, 10, 12
MM, 14, 9, 14
MM, 15, 9, 18
MM, 16, 9, 19
MM, 16, 9, 13
MM, 17, 8, 14
MM, 17, 8, 12
MM, 17, 8, 23
MC, 1, 14
MM, 13, 8, 88
MM, 27, 18, 14
MM, 480, 604, 13
MM, 31, 7, 13
MM, 1, 14, 13
MM, 20, 17, 13
MM, 7, 18, 11
MM, 368, 626, 12
MM, 364, 626, 13
MM, 31, 18, 13
MM, 29, 18, 14
MM, 28, 18, 12
MM, 27, 18, 13
MM, 26, 18, 13
MM, 25, 17, 11
MM, 24, 16, 14
MM, 23, 16, 15
MM, 23, 15, 11
MM, 23, 14, 13
MM, 22, 13, 13
MM, 21, 12, 13
MM, 21, 11, 11
MM, 20, 10, 12
MM, 20, 9, 13
MM, 20, 8, 16
MM, 20, 7, 12
MM, 20, 6, 12
MM, 20, 5, 13
MM, 20, 5, 12
MM, 20, 4, 11
MM, 20, 3, 14
MM, 20, 2, 13
MM, 20, 1, 13
MM, 20, 0, 15
MM, 350, 607, 12
MM, 351, 607, 11
MM, 352, 606, 12
MM, 353, 605, 12
MM, 354, 604, 12
MM, 354, 604, 15
MM, 354, 603, 14
MM, 355, 603, 12
MM, 355, 603, 15
MM, 356, 603, 11
MM, 356, 603, 11
MM, 356, 602, 12
MM, 356, 602, 13
MM, 356, 602, 15
MM, 356, 602, 12
MM, 18, 30, 13
MM, 18, 30, 12
MM, 18, 30, 13
MM, 18, 30, 11
MM, 18, 30, 12
MM, 18, 29, 15
MM, 18, 29, 13
MM, 18, 29, 25
MM, 18, 29, 12
MM, 18, 29, 12
MM, 18, 28, 12
MM, 18, 28, 14
MM, 18, 28, 26
MM, 18, 28, 14
MM, 18, 28, 36
MC, 1, 207
MM, 18, 28, 36
MM, 19, 28, 24
MM, 19, 28, 12
MM, 20, 28, 15
MM, 21, 28, 13
MM, 22, 28, 12
MM, 23, 28, 13
MM, 25, 28, 12
MM, 26, 28, 12
MM, 29, 28, 12
MM, 32, 28, 14
MM, 34, 29, 13
MM, 375, 601, 13
MM, 378, 602, 14
MM, 381, 603, 12
MM, 385, 604, 12
MM, 388, 604, 13
MM, 391, 605, 15
MM, 394, 606, 12
MM, 397, 607, 12
MM, 31, 0, 12
MM, 33, 1, 13
MM, 405, 609, 12
MM, 407, 610, 12
MM, 0, 2, 13
MM, 2, 3, 14
MM, 4, 3, 14
MM, 5, 4, 13
MM, 6, 4, 11
MM, 7, 4, 13
MM, 8, 5, 11
MM, 9, 5, 12
MM, 9, 5, 15
MM, 10, 5, 14
MM, 11, 5, 12
MM, 12, 6, 15
MM, 12, 6, 11
MM, 13, 6, 12
MM, 13, 6, 12
MM, 14, 6, 13
MM, 15, 7, 15
MM, 15, 7, 11
MM, 16, 7, 12
MM, 16, 8, 13
MM, 17, 8, 14
MM, 18, 8, 12
MM, 19, 9, 12
MM, 21, 9, 12
MM, 23, 10, 13
MM, 24, 10, 13
MM, 27, 11, 14
MM, 29, 11, 12
MM, 31, 12, 12
MM, 34, 13, 14
MM, 446, 622, 11
MM, 449, 622, 13
MM, 2, 15, 12
MM, 4, 15, 14
MM, 7, 15, 13
MM, 8, 15, 13
MM, 10, 16, 12
MM, 11, 16, 12
MM, 13, 16, 12
MM, 13, 16, 13
MM, 14, 16, 14
MM, 14, 16, 13
MM, 15, 16, 13
MM, 15, 16, 15
MM, 15, 16, 22
MC, 1, 96
MM, 14, 16, 300
MM, 10, 13, 12
MM, 3, 1, 13
MM, 21, 23, 13
MM, 10, 7, 11
MM, 422, 567, 13
MM, 1, 23, 12
MM, 411, 549, 16
MM, 409, 545, 12
MM, 36, 9, 12
MM, 35, 8, 12
MM, 35, 7, 13
MM, 35, 7, 11
MM, 35, 6, 14
MM, 35, 6, 14
MM, 35, 6, 87
MM, 409, 540, 42
MM, 413, 540, 11
MM, 2, 6, 12
MM, 5, 6, 12
MM, 8, 6, 13
MM, 10, 6, 15
MM, 12, 6, 12
MM, 14, 6, 13
MM, 15, 6, 12
MM, 16, 6, 15
MM, 17, 6, 11
MM, 17, 6, 11
MM, 18, 6, 12
MM, 18, 6, 16
MM, 19, 6, 24
MC, 1, 38
MM, 19, 8, 299
MM, 19, 14, 19
MM, 19, 18, 13
MM, 22, 24, 13
MM, 26, 30, 11
MM, 26, 4, 13
MM, 32, 18, 12
MM, 459, 604, 14
MM, 15, 12, 14
MM, 21, 27, 11
MM, 71, 5, 14
MM, 75, 15, 13
MM, 77, 22, 12
MM, 79, 26, 12
MM, 80, 28, 12
MM, 80, 28, 12
MM, 80, 28, 15
MM, 80, 26, 75
MM, 80, 24, 14
MM, 80, 22, 12
MM, 80, 20, 13
MM, 80, 19, 13
MM, 80, 18, 12
MM, 80, 17, 12
MM, 80, 17, 16
MM, 80, 16, 13
MM, 80, 16, 11
MM, 80, 15, 13
MM, 80, 15, 12
MC, 1, 139
MM, 80, 13, 268
MM, 80, 11, 12
MM, 80, 8, 12
MM, 83, 5, 15
MM, 85, 2, 13
MM, 87, 0, 12
MM, 492, 644, 14
MM, 493, 642, 11
MM, 493, 641, 12
MM, 495, 639, 12
MM, 6, 29, 13
MM, 7, 26, 14
MM, 9, 22, 12
MM, 11, 19, 14
MM, 13, 15, 14
MM, 15, 12, 11
MM, 16, 10, 12
MM, 18, 8, 13
MM, 19, 6, 11
MM, 19, 5, 14
MM, 19, 5, 14
MM, 20, 4, 13
MM, 20, 4, 190
MM, 510, 607, 12
MM, 510, 603, 12
MM, 9, 27, 15
MM, 12, 24, 13
MM, 14, 21, 12
MM, 16, 19, 14
MM, 17, 17, 11
MM, 18, 15, 12
MM, 19, 14, 12
MM, 20, 13, 13
MM, 21, 11, 14
MM, 21, 10, 13
MM, 22, 9, 13
MM, 22, 8, 13
MM, 23, 7, 11
MM, 23, 7, 13
MM, 24, 7, 15
MM, 24, 6, 13
MM, 24, 6, 11
MM, 24, 6, 13
MM, 25, 6, 13
MM, 25, 6, 12
MM, 25, 5, 12
MM, 26, 5, 12
MM, 26, 5, 30
MM, 27, 5, 23
MM, 27, 5, 24
MM, 27, 5, 13
MM, 28, 5, 14
MM, 28, 5, 13
MM, 30, 5, 12
MM, 31, 5, 15
MM, 32, 5, 12
MM, 35, 5, 11
MM, 538, 576, 12
MM, 540, 576, 12
MM, 0, 5, 16
MM, 1, 6, 12
MM, 3, 6, 12
MM, 5, 7, 13
MM, 7, 8, 14
MM, 8, 9, 12
MM, 11, 10, 11
MM, 13, 11, 12
MM, 15, 12, 15
MM, 17, 13, 12
MM, 18, 14, 13
MM, 19, 15, 12
MM, 21, 15, 13
MM, 22, 16, 12
MM, 24, 17, 13
MM, 25, 17, 12
MM, 25, 18, 14
MM, 26, 19, 13
MM, 27, 19, 13
MM, 27, 19, 13
MM, 27, 19, 11
MM, 28, 20, 13
MM, 28, 20, 25
MC, 1, 14
MM, 28, 18, 75
MM, 28, 16, 16
MM, 28, 13, 11
MM, 28, 11, 13
MM, 28, 9, 12
MM, 28, 7, 14
MM, 28, 6, 17
MM, 28, 2, 20
MM, 28, 0, 13
MM, 573, 568, 12
MM, 573, 565, 12
MM, 574, 563, 12
MM, 0, 26, 15
MM, 1, 24, 13
MM, 2, 22, 14
MM, 3, 19, 11
MM, 4, 18, 13
MM, 5, 16, 12
MM, 5, 16, 12
MM, 6, 15, 13
MM, 6, 14, 12
MM, 7, 14, 12
MM, 7, 13, 15
MM, 7, 13, 13
MM, 7, 13, 13
MM, 7, 13, 12
MM, 8, 12, 11
MM, 8, 12, 25
MM, 8, 12, 15
MM, 9, 12, 12
MC, 1, 27
MM, 9, 12, 11
MM, 9, 13, 40
MM, 9, 14, 12
MM, 9, 15, 13
MM, 9, 17, 13
MM, 9, 19, 12
MM, 9, 22, 11
MM, 5, 27, 13
MM, 29, 0, 14
MM, 21, 11, 15
MM, 14, 20, 11
MM, 9, 26, 12
MM, 6, 30, 13
MM, 547, 604, 12
MM, 546, 605, 12
MM, 545, 606, 12
MM, 545, 607, 15
MM, 12, 0, 12
MM, 12, 0, 15
MM, 11, 1, 12
MM, 11, 2, 12
MM, 10, 2, 11
MM, 10, 3, 13
MM, 9, 4, 16
MM, 9, 5, 11
MM, 8, 6, 13
MM, 8, 7, 12
MM, 7, 7, 14
MM, 7, 8, 13
MM, 7, 9, 12
MM, 6, 9, 11
MM, 6, 10, 13
MM, 6, 10, 14
MM, 6, 10, 12
MM, 6, 11, 13
MM, 6, 11, 13
MC, 1, 89
MM, 6, 11, 13
MM, 6, 11, 114
MM, 4, 11, 11
MM, 1, 11, 13
MM, 530, 619, 12
MM, 526, 619, 15
MM, 32, 11, 12
MM, 28, 10, 13
MM, 25, 8, 20
MM, 16, 6, 18
MM, 12, 3, 13
MM, 8, 1, 14
MM, 493, 607, 12
MM, 487, 604, 11
MM, 18, 30, 13
MM, 13, 27, 14
MM, 8, 24, 14
MM, 3, 22, 12
MM, 0, 21, 12
MM, 461, 590, 13
MM, 459, 589, 13
MM, 458, 588, 12
MM, 457, 587, 11
MM, 35, 16, 13
MM, 34, 15, 15
MM, 34, 15, 12
MM, 33, 14, 14
MM, 33, 13, 12
MM, 32, 13, 11
MM, 32, 12, 12
MM, 31, 12, 14
MM, 31, 11, 14
MM, 31, 11, 12
MM, 31, 11, 13
MM, 31, 11, 13
MM, 30, 11, 12
MM, 30, 11, 12
MM, 30, 11, 28
MM, 30, 11, 11
MM, 29, 11, 13
MM, 29, 11, 13
MC, 1, 26
MM, 28, 11, 10
MM, 28, 11, 30
MM, 28, 10, 87
MM, 28, 9, 12
MM, 28, 8, 14
MM, 28, 6, 13
MM, 28, 3, 12
MM, 29, 0, 12
MM, 452, 568, 11
MM, 453, 565, 13
MM, 455, 562, 15
MM, 0, 27, 12
MM, 1, 25, 13
MM, 2, 23, 15
MM, 3, 22, 11
MM, 4, 21, 12
MM, 5, 20, 11
MM, 5, 19, 13
MM, 6, 18, 14
MM, 7, 17, 13
MM, 8, 17, 12
MM, 8, 16, 13
MM, 8, 16, 13
MM, 9, 16, 12
MM, 9, 16, 12
MM, 9, 15, 12
MM, 9, 15, 15
MM, 9, 15, 13
MM, 10, 15, 13
MM, 10, 15, 23
MC, 1, 53
MM, 9, 15, 74
MM, 7, 15, 14
MM, 4, 15, 14
MM, 1, 15, 12
MM, 455, 549, 14
MM, 452, 549, 18
MM, 31, 15, 20
MM, 29, 15, 13
MM, 26, 15, 12
MM, 25, 15, 12
MM, 23, 15, 11
MM, 22, 15, 14
MM, 21, 15, 14
MM, 21, 15, 14
MC, 1, 86
MM, 21, 16, 76
MM, 21, 17, 13
MM, 21, 20, 14
MM, 21, 23, 13
MM, 21, 26, 13
MM, 21, 28, 13
MM, 436, 565, 11
MM, 436, 567, 12
MM, 436, 569, 13
MM, 15, 0, 15
MM, 15, 1, 12
MM, 15, 2, 14
MM, 15, 3, 12
MM, 15, 4, 12
MM, 15, 5, 11
MM, 15, 5, 13
MM, 15, 6, 14
MM, 15, 6, 15
MM, 15, 6, 12
MM, 15, 6, 12
MM, 15, 7, 13
MC, 1, 23
MM, 13, 7, 67
MM, 10, 7, 11
MM, 6, 7, 12
MM, 3, 7, 12
MM, 420, 578, 12
MM, 415, 578, 15
MM, 31, 7, 13
MM, 28, 7, 13
MM, 25, 7, 13
MM, 22, 7, 13
MM, 20, 7, 12
MM, 19, 7, 11
MM, 18, 7, 13
MM, 17, 7, 14
MM, 16, 7, 12
MM, 16, 7, 13
MC, 1, 90
MM, 16, 7, 36
MM, 16, 7, 13
MM, 16, 8, 14
MM, 16, 10, 13
MM, 18, 12, 12
MM, 22, 17, 14
MM, 28, 26, 14
MM, 6, 0, 10
MM, 12, 11, 13
MM, 16, 19, 11
MM, 18, 24, 13
MM, 20, 28, 13
MM, 431, 639, 14
MM, 431, 640, 13
MM, 432, 641, 13
MM, 432, 641, 19
MM, 432, 642, 18
MM, 433, 642, 13
MM, 433, 643, 14
MM, 433, 643, 12
MM, 433, 643, 11
MM, 433, 643, 14
MM, 433, 644, 13
MM, 30, 0, 14
MM, 30, 1, 12
MM, 31, 2, 13
MM, 32, 4, 12
MM, 32, 6, 14
MM, 33, 7, 11
MM, 34, 9, 12
MM, 34, 10, 13
MM, 34, 11, 14
MM, 35, 12, 13
MM, 35, 12, 13
MM, 35, 13, 12
MM, 35, 13, 11
MM, 35, 14, 13
MM, 35, 14, 14
MM, 35, 14, 13
MM, 35, 14, 13
MM, 35, 14, 13
MC, 1, 36
MM, 36, 14, 65
MM, 36, 14, 24
MM, 36, 14, 12
MM, 37, 14, 15
MM, 38, 14, 14
MM, 39, 12, 13
MM, 41, 10, 12
MM, 43, 8, 12
MM, 45, 6, 12
MM, 50, 3, 12
MM, 461, 643, 13
MM, 22, 30, 15
MM, 484, 631, 12
MM, 6, 17, 14
MM, 16, 12, 12
MM, 25, 8, 12
MM, 32, 4, 12
MM, 531, 608, 12
MM, 539, 603, 13
MM, 4, 28, 14
MM, 11, 25, 13
MM, 18, 21, 12
MM, 28, 17, 15
MM, 1, 12, 11
MM, 18, 6, 12
MM, 0, 1, 12
MM, 640, 567, 13
MM, 1, 28, 14
MM, 15, 25, 13
MM, 26, 22, 12
MM, 33, 20, 12
MM, 692, 553, 14
MM, 694, 552, 12
MM, 695, 552, 12
MM, 695, 552, 13
MM, 0, 18, 13
MM, 0, 18, 26
MM, 0, 18, 13
MM, 0, 17, 11
MM, 0, 17, 13
MM, 0, 17, 13
MM, 0, 16, 12
MM, 0, 16, 15
MM, 0, 15, 12
MM, 693, 549, 14
MM, 690, 549, 11
MM, 32, 15, 13
MM, 29, 14, 11
MM, 25, 14, 14
MM, 22, 14, 12
MM, 19, 14, 12
MM, 16, 13, 15
MM, 15, 13, 13
MM, 13, 13, 19
MM, 11, 12, 19
MM, 11, 12, 12
MM, 10, 12, 15
MM, 10, 12, 11
MM, 10, 12, 11
MM, 10, 12, 244
MM, 9, 12, 12
MM, 9, 12, 12
MM, 8, 12, 13
MM, 7, 12, 12
MM, 7, 12, 12
MM, 6, 12, 17
MM, 6, 12, 11
MM, 5, 12, 12
MM, 5, 12, 12
MC, 1, 166
MM, 5, 12, 102
MM, 4, 12, 12
MM, 3, 12, 15
MM, 2, 12, 12
MM, 653, 547, 11
MM, 649, 549, 12
MM, 28, 18, 13
MM, 21, 21, 14
MM, 10, 26, 13
MM, 611, 566, 13
MM, 596, 570, 12
MM, 582, 574, 13
MM, 27, 6, 11
MM, 15, 9, 13
MM, 5, 11, 12
MM, 538, 584, 15
MM, 28, 14, 12
MM, 20, 15, 13
MM, 13, 15, 12
MM, 8, 15, 12
MM, 4, 16, 14
MM, 1, 16, 11
MM, 500, 587, 16
MM, 498, 588, 12
MM, 495, 589, 12
MM, 31, 18, 15
MM, 29, 19, 11
MM, 27, 19, 12
MM, 25, 20, 11
MM, 24, 20, 14
MM, 23, 21, 12
MM, 22, 21, 14
MM, 22, 21, 13
MM, 21, 21, 13
MM, 21, 22, 19
MM, 20, 22, 19
MM, 20, 22, 26
MM, 19, 22, 24
MM, 19, 22, 27
MM, 19, 22, 14
MM, 19, 22, 11
MM, 18, 22, 12
MM, 18, 22, 13
MM, 18, 22, 13
MC, 1, 76
MM, 18, 22, 90
MM, 18, 23, 12
MM, 17, 26, 12
MM, 480, 602, 13
MM, 480, 606, 15
MM, 29, 3, 12
MM, 28, 8, 12
MM, 27, 12, 13
MM, 25, 16, 12
MM, 24, 20, 12
MM, 22, 25, 11
MM, 20, 29, 14
MM, 469, 642, 14
MM, 64, 0, 14
MM, 63, 3, 13
MM, 61, 6, 11
MM, 60, 9, 13
MM, 59, 11, 11
MM, 58, 13, 13
MM, 58, 14, 15
MM, 57, 15, 12
MM, 57, 15, 12
MM, 57, 15, 15
MM, 56, 16, 11
MM, 56, 16, 13
MM, 56, 16, 11
MM, 56, 16, 25
MM, 55, 16, 77
MC, 1, 13
MM, 55, 16, 12
MM, 54, 16, 15
MM, 53, 14, 13
MM, 52, 10, 12
MM, 51, 6, 12
MM, 50, 3, 13
MM, 49, 1, 13
MM, 452, 643, 12
MM, 451, 641, 14
MM, 0, 30, 13
MM, 449, 634, 12
MM, 447, 630, 13
MM, 445, 624, 11
MM, 444, 619, 12
MM, 33, 5, 14
MM, 32, 1, 12
MM, 440, 604, 14
MM, 18, 29, 13
MM, 17, 25, 13
MM, 16, 21, 14
MM, 15, 17, 10
MM, 14, 13, 13
MM, 13, 9, 13
MM, 12, 5, 16
MM, 11, 1, 11
MM, 432, 568, 12
MM, 16, 30, 12
MM, 16, 27, 13
MM, 16, 25, 19
MM, 16, 23, 19
MM, 16, 23, 12
MM, 15, 23, 15
MM, 15, 23, 11
MM, 14, 23, 12
MM, 12, 23, 13
MM, 10, 23, 14
MM, 7, 23, 14
MM, 4, 23, 11
MM, 0, 23, 13
MM, 412, 557, 13
MM, 409, 557, 13
MM, 34, 23, 12
MM, 32, 23, 12
MM, 30, 22, 12
MM, 28, 21, 14
MM, 26, 20, 12
MM, 23, 19, 14
MM, 21, 19, 12
MM, 20, 18, 11
MM, 18, 17, 14
MM, 16, 16, 12
MM, 15, 16, 15
MM, 13, 15, 12
MM, 13, 15, 13
MM, 13, 14, 13
MM, 12, 14, 12
MM, 12, 14, 12
MC, 1, 78
MM, 13, 14, 11
MM, 19, 14, 12
MM, 29, 14, 15
MM, 413, 548, 14
MM, 14, 14, 12
MM, 33, 14, 12
MM, 10, 14, 12
MM, 29, 14, 12
MM, 10, 14, 13
MM, 26, 14, 12
MM, 1, 14, 14
MM, 14, 14, 12
MM, 24, 14, 16
MM, 33, 14, 12
MM, 2, 14, 12
MM, 11, 14, 11
MM, 18, 14, 13
MM, 23, 14, 16
MM, 27, 14, 11
MM, 30, 14, 12
MM, 33, 14, 12
MM, 612, 548, 16
MM, 615, 548, 11
MM, 1, 14, 12
MM, 4, 14, 11
MM, 7, 14, 13
MM, 9, 14, 14
MM, 11, 14, 13
MM, 13, 14, 12
MM, 16, 14, 13
MM, 18, 14, 13
MM, 21, 14, 12
MM, 22, 14, 12
MM, 24, 14, 12
MM, 26, 13, 15
MM, 27, 13, 12
MM, 29, 13, 14
MM, 30, 13, 12
MM, 648, 547, 11
MM, 650, 547, 13
MM, 651, 547, 13
MM, 653, 547, 14
MM, 0, 13, 12
MM, 1, 13, 13
MM, 2, 13, 16
MM, 3, 13, 10
MM, 3, 13, 12
MM, 3, 13, 12
MM, 4, 13, 12
MM, 4, 13, 13
MM, 5, 13, 27
MM, 6, 13, 14
MM, 7, 13, 18
MM, 11, 13, 20
MM, 13, 13, 12
MM, 15, 13, 13
MM, 16, 13, 12
MM, 18, 13, 11
MM, 19, 13, 14
MM, 19, 13, 14
MM, 19, 13, 14
MM, 20, 13, 11
MC, 1, 75
MM, 18, 13, 63
MM, 14, 13, 13
MM, 10, 13, 14
MM, 5, 13, 13
MM, 652, 547, 13
MM, 27, 13, 13
MM, 17, 13, 13
MM, 5, 13, 11
MM, 32, 13, 12
MM, 17, 13, 13
MM, 5, 13, 15
MM, 569, 547, 12
MM, 26, 13, 13
MM, 19, 13, 12
MM, 14, 13, 13
MM, 10, 13, 11
MM, 8, 13, 12
MM, 5, 13, 15
MM, 3, 13, 14
MM, 2, 13, 13
MM, 0, 13, 12
MM, 533, 547, 12
MM, 531, 547, 13
MM, 529, 547, 11
MM, 31, 13, 14
MM, 29, 13, 13
MM, 26, 13, 13
MM, 23, 13, 14
MM, 21, 13, 12
MM, 18, 13, 12
MM, 15, 13, 12
MM, 12, 13, 12
MM, 9, 13, 12
MM, 5, 13, 15
MM, 2, 13, 12
MM, 494, 547, 13
MM, 491, 547, 14
MM, 30, 13, 13
MM, 27, 13, 11
MM, 25, 13, 12
MM, 23, 13, 13
MM, 22, 13, 13
MM, 21, 13, 14
MM, 20, 13, 13
MM, 20, 13, 12
MM, 20, 13, 12
MM, 19, 13, 12
MM, 18, 13, 25
MM, 18, 13, 27
MC, 1, 13
MM, 18, 13, 12
MM, 17, 13, 52
MM, 17, 13, 40
MM, 16, 15, 10
MM, 16, 17, 12
MM, 15, 20, 12
MM, 13, 22, 13
MM, 12, 24, 13
MM, 11, 26, 13
MM, 10, 27, 14
MM, 8, 29, 13
MM, 463, 565, 18
MM, 459, 568, 20
MM, 457, 569, 13
MM, 455, 570, 12
MM, 33, 0, 12
MM, 31, 1, 12
MM, 30, 2, 13
MM, 29, 2, 13
MM, 28, 3, 16
MM, 27, 3, 11
MM, 26, 4, 12
MM, 26, 4, 13
MM, 25, 4, 13
MM, 25, 4, 11
MM, 24, 4, 12
MM, 24, 4, 13
MM, 24, 4, 15
MM, 23, 4, 12
MM, 22, 4, 13
MC, 1, 11
MM, 22, 5, 1
MM, 21, 5, 12
MM, 21, 5, 12
MM, 20, 5, 14
MM, 19, 5, 13
MM, 18, 6, 13
MM, 16, 6, 13
MM, 14, 7, 12
MM, 12, 8, 12
MM, 9, 9, 12
MM, 6, 10, 17
MM, 3, 11, 12
MM, 420, 583, 12
MM, 418, 583, 13
MM, 34, 12, 12
MM, 32, 12, 12
MM, 29, 13, 11
MM, 27, 13, 14
MM, 25, 13, 13
MM, 23, 13, 15
MM, 21, 13, 12
MM, 20, 13, 12
MM, 19, 13, 13
MM, 18, 13, 11
MM, 17, 13, 12
MM, 16, 13, 15
MM, 16, 13, 12
MM, 16, 13, 13
MM, 16, 13, 14
MC, 1, 37
MM, 16, 13, 90
MM, 17, 16, 11
MM, 21, 20, 12
MM, 27, 26, 13
MM, 414, 605, 15
MM, 12, 4, 13
MM, 18, 11, 12
MM, 23, 16, 12
MM, 27, 20, 13
MM, 31, 23, 11
MM, 33, 26, 14
MM, 34, 28, 13
MM, 445, 638, 14
MM, 446, 640, 12
MM, 448, 643, 13
MM, 46, 0, 11
MM, 48, 3, 12
MM, 49, 5, 13
MM, 50, 7, 15
MM, 52, 10, 12
MM, 53, 12, 13
MM, 54, 14, 13
MM, 56, 16, 14
MM, 57, 18, 10
MM, 59, 20, 13
MM, 60, 22, 13
MM, 62, 24, 16
MM, 62, 25, 10
MM, 63, 26, 13
MM, 64, 26, 12
MM, 64, 27, 13
MM, 65, 27, 18
MM, 65, 28, 21
MM, 65, 28, 12
MM, 65, 28, 13
MM, 66, 28, 11
MM, 66, 28, 12
MM, 67, 28, 28
MC, 1, 265
MM, 67, 28, 103
MM, 67, 28, 28
MM, 67, 28, 12
MM, 67, 28, 12
MM, 67, 27, 24
MM, 67, 27, 12
MM, 67, 27, 13
MM, 67, 26, 14
MM, 67, 24, 13
MM, 68, 22, 14
MM, 70, 19, 12
MM, 71, 16, 12
MM, 74, 13, 11
MM, 75, 10, 14
MM, 77, 7, 15
MM, 79, 4, 11
MM, 81, 2, 12
MM, 487, 644, 13
MM, 489, 642, 14
MM, 491, 640, 13
MM, 2, 30, 11
MM, 4, 28, 12
MM, 5, 26, 13
MM, 7, 23, 15
MM, 8, 19, 12
MM, 9, 15, 13
MM, 10, 12, 12
MM, 11, 8, 12
MM, 12, 6, 12
MM, 13, 3, 12
MM, 13, 1, 13
MM, 14, 0, 14
MM, 504, 606, 13
MM, 504, 605, 13
MM, 504, 605, 12
MM, 504, 604, 12
MM, 504, 604, 12
MM, 504, 603, 14
MM, 504, 602, 14
MM, 3, 30, 13
MM, 3, 29, 12
MM, 3, 28, 15
MM, 0, 27, 10
MM, 498, 597, 12
MM, 495, 597, 12
MM, 29, 25, 13
MM, 26, 24, 15
MM, 25, 24, 12
MM, 24, 23, 13
MM, 22, 23, 13
MM, 21, 23, 18
MM, 20, 22, 20
MM, 20, 22, 13
MM, 20, 22, 13
MM, 20, 22, 11
MM, 20, 21, 12
MC, 1, 42
MM, 20, 21, 11
MM, 20, 21, 61
MM, 24, 20, 13
MM, 31, 20, 15
MM, 5, 17, 12
MM, 19, 13, 13
MM, 32, 9, 12
MM, 2, 6, 12
MM, 12, 2, 12
MM, 563, 570, 14
MM, 567, 568, 13
MM, 571, 567, 13
MM, 573, 566, 13
MM, 576, 565, 12
MM, 4, 30, 12
MM, 8, 29, 12
MM, 13, 28, 17
MM, 18, 27, 12
MM, 23, 27, 12
MM, 28, 26, 13
MM, 31, 25, 12
MM, 35, 24, 12
MM, 613, 558, 11
MM, 616, 557, 14
MM, 2, 22, 13
MM, 6, 21, 15
MM, 10, 21, 12
MM, 15, 21, 12
MM, 20, 20, 13
MM, 25, 20, 11
MM, 30, 20, 12
MM, 650, 553, 13
MM, 653, 553, 14
MM, 1, 19, 13
MM, 2, 19, 14
MM, 3, 19, 13
MM, 5, 18, 11
MM, 5, 18, 12
MM, 5, 18, 13
MM, 5, 18, 15
MM, 6, 18, 13
MM, 6, 18, 12
MM, 7, 18, 27
MM, 7, 18, 22
MM, 7, 18, 12
MM, 8, 18, 13
MM, 8, 18, 13
MM, 9, 18, 14
MM, 9, 18, 13
MM, 10, 18, 12
MM, 11, 18, 13
MM, 11, 18, 11
MM, 12, 18, 12
MM, 12, 18, 15
MC, 1, 50
MM, 8, 18, 65
MM, 1, 18, 13
MM, 648, 552, 14
MM, 24, 18, 10
MM, 15, 18, 12
MM, 2, 18, 14
MM, 29, 18, 11
MM, 14, 18, 13
MM, 574, 552, 14
MM, 21, 18, 13
MM, 5, 18, 13
MM, 31, 18, 19
MM, 18, 18, 19
MM, 15, 18, 12
MM, 13, 18, 14
MM, 12, 18, 11
MM, 12, 18, 12
MM, 12, 18, 28
MM, 11, 18, 127
MM, 10, 18, 13
MM, 8, 18, 11
MM, 6, 18, 12
MM, 3, 18, 13
MM, 495, 551, 13
MM, 490, 551, 14
MM, 29, 17, 13
MM, 25, 16, 13
MM, 22, 16, 12
MM, 19, 15, 11
MM, 18, 15, 14
MM, 16, 15, 15
MM, 15, 15, 13
MM, 15, 15, 12
MM, 14, 14, 12
MM, 14, 14, 12
MM, 13, 14, 12
MM, 13, 14, 12
MC, 1, 14
MM, 14, 14, 154
MM, 16, 14, 12
MM, 19, 18, 11
MM, 24, 24, 14
MM, 486, 568, 15
MM, 28, 6, 11
MM, 495, 583, 12
MM, 498, 589, 13
MM, 500, 592, 14
MM, 0, 23, 13
MM, 1, 25, 11
MM, 1, 26, 11
MM, 2, 27, 14
MM, 2, 28, 14
MM, 3, 29, 13
MM, 4, 30, 13
MM, 506, 605, 12
MM, 18, 1, 12
MM, 20, 6, 12
MM, 21, 11, 12
MM, 23, 16, 13
MM, 24, 20, 14
MM, 25, 22, 13
MM, 26, 24, 13
MM, 27, 26, 12
MM, 27, 27, 12
MM, 28, 27, 12
MM, 29, 28, 14
MM, 29, 28, 14
MM, 29, 29, 13
MM, 29, 29, 12
MM, 30, 30, 15
MM, 30, 30, 10
MM, 520, 639, 12
MM, 520, 640, 12
MM, 521, 641, 13
MM, 521, 642, 13
MM, 521, 644, 14
MM, 117, 0, 13
MM, 117, 1, 13
MM, 117, 2, 18
MM, 117, 3, 20
MM, 117, 3, 13
MM, 117, 3, 12
MC, 1, 281
MM, 117, 4, 52
MM, 117, 4, 11
MM, 117, 4, 12
MM, 117, 4, 26
MM, 114, 3, 140
MM, 111, 2, 12
MM, 510, 644, 13
MM, 505, 642, 14
MM, 500, 639, 13
MM, 4, 28, 11
MM, 488, 631, 11
MM, 31, 17, 14
MM, 25, 12, 16
MM, 19, 7, 11
MM, 14, 2, 13
MM, 459, 607, 12
MM, 455, 604, 15
MM, 30, 30, 11
MM, 27, 28, 11
MM, 24, 27, 12
MM, 20, 25, 13
MM, 16, 24, 14
MM, 13, 24, 13
MM, 10, 23, 12
MM, 7, 23, 13
MM, 5, 22, 13
MM, 2, 22, 12
MM, 0, 22, 12
MM, 418, 592, 13
MM, 417, 592, 13
MM, 415, 592, 13
MM, 33, 21, 14
MM, 32, 21, 12
MM, 31, 20, 11
MM, 30, 20, 13
MM, 29, 20, 12
MM, 28, 19, 15
MM, 27, 19, 13
MM, 26, 19, 13
MM, 25, 19, 15
MM, 25, 18, 10
MM, 24, 18, 12
MM, 24, 18, 12
MM, 24, 18, 12
MM, 24, 18, 14
MC, 1, 14
MM, 24, 17, 13
MM, 24, 17, 12
MM, 26, 17, 76
MM, 34, 17, 12
MM, 10, 17, 13
MM, 28, 19, 13
MM, 4, 22, 14
MM, 20, 24, 13
MM, 499, 597, 12
MM, 11, 28, 12
MM, 20, 28, 13
MM, 26, 29, 12
MM, 29, 29, 12
MM, 31, 30, 13
MM, 32, 30, 14
MM, 33, 30, 13
MM, 34, 30, 13
MM, 34, 30, 12
MM, 35, 30, 11
MM, 35, 30, 90
MM, 35, 30, 12
MM, 35, 30, 13
MM, 536, 602, 15
MM, 536, 604, 13
MM, 537, 605, 11
MM, 537, 607, 13
MM, 6, 2, 13
MM, 7, 3, 11
MM, 7, 5, 13
MM, 8, 7, 14
MM, 9, 8, 15
MM, 9, 9, 11
MM, 10, 10, 13
MM, 11, 11, 13
MM, 12, 11, 11
MM, 12, 12, 12
MM, 13, 13, 13
MM, 14, 13, 14
MM, 14, 14, 13
MM, 14, 14, 14
MM, 15, 14, 12
MM, 15, 14, 12
MM, 16, 14, 11
MM, 16, 14, 29
MM, 16, 14, 11
MC, 1, 24
MM, 16, 14, 2
MM, 17, 14, 14
MM, 17, 14, 12
MM, 19, 14, 11
MM, 21, 12, 11
MM, 23, 9, 14
MM, 28, 6, 14
MM, 34, 1, 12
MM, 573, 604, 14
MM, 581, 599, 12
MM, 5, 23, 13
MM, 15, 17, 11
MM, 26, 11, 12
MM, 620, 576, 15
MM, 6, 0, 12
MM, 634, 566, 13
MM, 22, 28, 13
MM, 26, 26, 12
MM, 28, 24, 12
MM, 30, 23, 12
MM, 648, 556, 14
MM, 649, 556, 14
MM, 649, 555, 12
MM, 650, 554, 13
MM, 651, 554, 15
MM, 652, 553, 10
MM, 653, 553, 12
MM, 1, 18, 12
MM, 2, 18, 13
MM, 4, 17, 12
MM, 5, 17, 15
MM, 6, 17, 13
MM, 7, 17, 13
MM, 7, 16, 18
MM, 8, 16, 20
MM, 8, 16, 13
MM, 9, 16, 12
MM, 9, 16, 12
MM, 10, 16, 12
MM, 10, 16, 27
MC, 1, 36
MM, 9, 16, 51
MM, 4, 16, 15
MM, 652, 550, 13
MM, 27, 16, 12
MM, 17, 16, 13
MM, 5, 16, 12
MM, 33, 16, 12
MM, 16, 16, 12
MM, 1, 16, 13
MM, 26, 16, 14
MM, 13, 16, 13
MM, 534, 550, 14
MM, 24, 16, 12
MM, 13, 16, 11
MM, 4, 16, 14
MM, 494, 550, 15
MM, 491, 550, 11
MM, 31, 16, 12
MM, 28, 16, 13
MM, 26, 16, 13
MM, 24, 16, 12
MM, 23, 16, 11
MM, 22, 15, 13
MM, 21, 15, 14
MM, 20, 15, 15
MM, 20, 15, 13
MM, 19, 15, 23
MM, 19, 15, 24
MM, 18, 15, 15
MM, 17, 15, 12
MM, 15, 15, 13
MM, 12, 15, 14
MM, 9, 15, 12
MM, 5, 15, 13
MM, 1, 15, 11
MM, 454, 549, 12
MM, 35, 15, 17
MM, 31, 15, 11
MM, 28, 15, 12
MM, 26, 15, 13
MM, 24, 15, 15
MM, 22, 15, 11
MM, 20, 15, 12
MM, 18, 15, 11
MM, 16, 15, 14
MM, 15, 15, 13
MM, 13, 15, 13
MM, 11, 15, 13
MM, 9, 15, 12
MM, 8, 15, 13
MM, 6, 15, 12
MM, 4, 15, 12
MM, 2, 15, 13
MM, 1, 15, 13
MM, 414, 549, 14
MM, 412, 549, 13
MM, 411, 549, 12
MM, 409, 549, 11
MM, 36, 15, 13
MM, 34, 15, 14
MM, 33, 15, 13
MM, 31, 15, 13
MM, 29, 15, 13
MM, 27, 15, 15
MM, 25, 15, 10
MM, 24, 15, 12
MM, 23, 15, 11
MM, 22, 15, 13
MM, 22, 15, 13
MM, 21, 15, 14
MM, 20, 15, 13
MM, 20, 15, 13
MM, 20, 15, 18
MM, 20, 15, 21
MC, 1, 14
MM, 22, 15, 149
MM, 27, 18, 13
MM, 35, 25, 15
MM, 420, 571, 12
MM, 16, 16, 13
MM, 9, 4, 12
MM, 29, 30, 11
MM, 94, 17, 13
MM, 512, 681, 14
MM, 522, 694, 14
MM, 528, 701, 12
MM, 530, 704, 20
MM, 532, 705, 5
MM, 532, 706, 12
MM, 532, 706, 12
MM, 533, 707, 13
MM, 533, 707, 16
MM, 532, 704, 138
MM, 528, 700, 12
MM, 523, 694, 12
MM, 519, 689, 13
MM, 515, 685, 15
MM, 513, 682, 12
MM, 511, 680, 14
MM, 510, 678, 11
MM, 509, 676, 13
MM, 104, 30, 12
MM, 103, 28, 11
MM, 102, 27, 14
MM, 101, 26, 12
MM, 101, 24, 14
MM, 100, 23, 13
MM, 99, 22, 15
MM, 98, 21, 11
MM, 98, 20, 12
MM, 97, 19, 12
MM, 96, 18, 13
MM, 95, 17, 14
MM, 94, 15, 13
MM, 94, 14, 12
MM, 93, 13, 13
MM, 92, 12, 13
MM, 92, 11, 12
MM, 92, 10, 11
MM, 92, 10, 13
MM, 92, 10, 15
MM, 92, 10, 12
MC, 1, 164
MM, 95, 10, 181
MM, 98, 10, 12
MM, 101, 10, 12
MM, 104, 10, 13
MM, 107, 10, 13
MM, 110, 9, 12
MM, 114, 7, 11
MM, 116, 6, 13
MM, 118, 5, 15
MM, 119, 3, 12
MM, 121, 2, 14
MM, 122, 1, 12
MM, 123, 0, 11
MM, 528, 644, 12
MM, 529, 643, 14
MM, 529, 643, 14
MM, 530, 642, 12
MM, 530, 642, 13
MM, 530, 642, 13
MM, 531, 641, 12
MM, 531, 641, 11
MM, 531, 640, 13
MM, 531, 640, 16
MM, 531, 640, 11
MM, 531, 639, 13
MM, 531, 639, 13
MM, 531, 638, 13
MM, 531, 637, 11
MM, 531, 637, 12
MM, 531, 636, 15
MM, 531, 635, 14
MM, 531, 635, 12
MM, 530, 634, 13
MM, 528, 633, 12
MM, 527, 633, 12
MM, 526, 632, 11
MM, 35, 24, 13
MM, 34, 23, 15
MM, 33, 23, 12
MM, 33, 23, 14
MM, 32, 22, 13
MM, 32, 22, 12
MM, 31, 22, 12
MM, 30, 22, 11
MM, 30, 22, 13
MM, 29, 21, 12
MM, 28, 21, 15
MM, 27, 21, 13
MM, 26, 21, 14
MM, 25, 21, 12
MM, 24, 21, 12
MM, 24, 21, 11
MM, 24, 21, 13
MC, 1, 27
MM, 27, 21, 62
MM, 33, 21, 12
MM, 530, 629, 14
MM, 6, 21, 14
MM, 14, 20, 13
MM, 23, 18, 12
MM, 33, 15, 11
MM, 0, 12, 13
MM, 8, 8, 13
MM, 15, 6, 14
MM, 19, 3, 13
MM, 23, 1, 12
MM, 25, 0, 15
MM, 26, 0, 11
MM, 601, 607, 12
MM, 602, 607, 12
MM, 602, 606, 12
MM, 602, 606, 13
MM, 602, 606, 14
MM, 602, 606, 12
MM, 602, 604, 242
MM, 17, 30, 13
MM, 17, 27, 14
MM, 17, 24, 12
MM, 16, 21, 11
MM, 16, 16, 13
MM, 15, 10, 13
MM, 14, 5, 14
MM, 13, 0, 13
MM, 598, 568, 13
MM, 23, 30, 12
MM, 22, 28, 12
MM, 21, 25, 12
MM, 20, 23, 13
MM, 20, 21, 15
MM, 19, 20, 12
MM, 19, 19, 13
MM, 18, 18, 12
MM, 18, 17, 13
MM, 18, 17, 11
MM, 18, 16, 12
MM, 17, 16, 15
MM, 17, 16, 14
MM, 17, 16, 12
MM, 17, 15, 13
MM, 16, 15, 13
MM, 16, 15, 12
MM, 16, 15, 11
MC, 1, 27
MM, 16, 15, 13
MM, 16, 15, 14
MM, 15, 15, 24
MM, 14, 15, 12
MM, 14, 15, 11
MM, 13, 15, 14
MM, 10, 15, 14
MM, 7, 15, 12
MM, 3, 15, 13
MM, 572, 549, 14
MM, 30, 15, 12
MM, 24, 15, 12
MM, 18, 15, 11
MM, 13, 15, 14
MM, 10, 15, 13
MM, 7, 15, 14
MM, 5, 15, 12
MM, 4, 15, 12
MM, 4, 15, 13
MM, 3, 15, 12
MM, 3, 15, 229
MM, 1, 15, 13
MM, 530, 549, 13
MM, 30, 16, 14
MM, 25, 16, 18
MM, 18, 16, 20
MM, 15, 16, 13
MM, 12, 17, 12
MM, 11, 17, 12
MM, 9, 17, 12
MM, 7, 17, 13
MM, 5, 17, 13
MM, 2, 17, 14
MM, 495, 551, 13
MM, 492, 551, 13
MM, 490, 551, 12
MM, 31, 17, 13
MM, 29, 17, 12
MM, 28, 17, 11
MM, 27, 17, 13
MM, 27, 17, 14
MM, 30, 17, 140
MM, 490, 551, 11
MM, 493, 551, 14
MM, 495, 551, 15
MM, 2, 17, 11
MM, 3, 17, 14
MM, 4, 17, 12
MM, 5, 17, 13
MM, 6, 17, 11
MM, 7, 17, 12
MM, 7, 17, 13
MM, 8, 17, 16
MM, 9, 17, 13
MM, 10, 17, 10
MM, 11, 17, 13
MM, 13, 17, 13
MM, 14, 17, 11
MM, 15, 17, 13
MM, 16, 17, 14
MM, 17, 17, 13
MM, 18, 17, 14
MM, 19, 17, 13
MM, 19, 17, 12
MM, 19, 17, 11
MC, 1, 37
MM, 19, 17, 231
MM, 9, 1, 13
MM, 11, 9, 11
MM, 88, 14, 12
MM, 483, 687, 15
MM, 478, 704, 13
MM, 475, 714, 13
MM, 473, 719, 13
MM, 473, 720, 14
MM, 472, 721, 10
MM, 472, 721, 13
MM, 472, 722, 11
MM, 472, 720, 154
MM, 472, 716, 13
MM, 475, 706, 13
MM, 486, 686, 14
MM, 94, 16, 12
MM, 507, 639, 13
MM, 23, 17, 12
MM, 28, 6, 14
MM, 29, 1, 13
MM, 30, 0, 11
MM, 520, 607, 12
MM, 520, 606, 13
MM, 520, 606, 13
MM, 520, 606, 13
MM, 520, 606, 90
MM, 30, 4, 12
MM, 30, 18, 13
MM, 518, 640, 11
MM, 110, 8, 12
MM, 107, 19, 14
MM, 104, 26, 12
MM, 102, 30, 15
MM, 505, 677, 12
MM, 505, 678, 13
MM, 505, 678, 12
MM, 505, 678, 90
MM, 505, 676, 11
MM, 101, 30, 13
MM, 101, 28, 12
MM, 101, 27, 15
MM, 101, 26, 14
MM, 101, 25, 12
MM, 101, 23, 12
MM, 101, 21, 12
MM, 101, 19, 12
MM, 101, 18, 13
MM, 101, 17, 14
MM, 101, 17, 13
MM, 101, 16, 12
MM, 101, 16, 14
MM, 101, 16, 12
MC, 1, 88
MM, 101, 15, 77
MM, 101, 14, 13
MM, 101, 13, 12
MM, 101, 12, 11
MM, 101, 10, 14
MM, 101, 8, 12
MM, 103, 6, 14
MM, 106, 3, 13
MM, 109, 1, 13
MM, 516, 644, 14
MM, 518, 642, 11
MM, 521, 640, 12
MM, 33, 30, 11
MM, 35, 29, 14
MM, 527, 636, 13
MM, 528, 635, 14
MM, 529, 634, 12
MM, 530, 634, 13
MM, 531, 633, 20
MM, 0, 24, 19
MM, 0, 23, 12
MM, 1, 23, 14
MM, 2, 22, 11
MM, 2, 22, 12
MM, 3, 22, 13
MM, 4, 22, 14
MM, 5, 22, 14
MM, 6, 22, 12
MM, 6, 22, 12
MM, 6, 22, 13
MM, 7, 22, 13
MM, 7, 22, 11
MM, 7, 22, 13
MM, 8, 22, 12
MM, 8, 22, 14
MM, 9, 22, 12
MC, 1, 14
MM, 9, 22, 12
MM, 10, 22, 12
MM, 10, 22, 12
MM, 11, 22, 13
MM, 11, 22, 15
MM, 11, 22, 12
MM, 12, 22, 25
MM, 12, 19, 228
MM, 13, 12, 14
MM, 558, 607, 13
MM, 28, 23, 15
MM, 582, 582, 11
MM, 10, 1, 12
MM, 30, 29, 12
MM, 613, 556, 13
MM, 2, 16, 15
MM, 6, 13, 12
MM, 10, 10, 12
MM, 13, 6, 12
MM, 18, 2, 15
MM, 639, 533, 11
MM, 642, 529, 12
MM, 21, 29, 12
MM, 23, 28, 13
MM, 24, 27, 14
MM, 26, 26, 13
MM, 27, 25, 12
MM, 28, 25, 12
MM, 28, 24, 14
MM, 29, 24, 11
MM, 30, 24, 13
MM, 30, 24, 12
MM, 31, 24, 15
MM, 31, 24, 12
MM, 32, 24, 13
MM, 33, 24, 12
MM, 33, 24, 11
MM, 33, 25, 14
MM, 34, 26, 12
MM, 34, 28, 15
MM, 35, 29, 12
MM, 35, 30, 13
MM, 661, 529, 14
MM, 661, 530, 11
MM, 661, 531, 12
MM, 661, 532, 12
MM, 662, 533, 13
MM, 8, 0, 13
MM, 8, 1, 15
MM, 8, 1, 12
MM, 8, 2, 12
MM, 9, 2, 20
MM, 9, 3, 18
MM, 9, 3, 13
MM, 9, 3, 15
MM, 10, 3, 12
MM, 10, 4, 10
MM, 10, 4, 13
MM, 10, 4, 15
MM, 10, 4, 14
MM, 11, 5, 11
MM, 11, 5, 12
MM, 11, 5, 13
MM, 11, 5, 26
MM, 11, 5, 11
MM, 11, 6, 13
MC, 1, 12
MM, 11, 6, 2
MM, 11, 6, 12
MM, 11, 7, 13
MM, 11, 8, 13
MM, 11, 9, 11
MM, 8, 10, 13
MM, 5, 10, 13
MM, 1, 12, 12
MM, 651, 548, 15
MM, 30, 16, 12
MM, 26, 19, 13
MM, 22, 22, 12
MM, 17, 25, 12
MM, 13, 29, 13
MM, 625, 566, 16
MM, 621, 570, 11
MM, 616, 574, 12
MM, 27, 7, 13
MM, 22, 10, 14
MM, 17, 13, 11
MM, 12, 17, 12
MM, 7, 20, 12
MM, 2, 23, 16
MM, 583, 598, 12
MM, 579, 601, 12
MM, 576, 603, 13
MM, 574, 605, 13
MM, 572, 607, 11
MM, 571, 608, 13
MM, 570, 609, 14
MM, 569, 610, 12
MM, 569, 612, 15
MM, 568, 613, 11
MM, 568, 614, 13
MM, 35, 7, 12
MM, 34, 8, 12
MM, 33, 9, 12
MM, 33, 10, 15
MM, 32, 11, 12
MM, 31, 12, 12
MM, 30, 13, 15
MM, 29, 13, 13
MM, 28, 14, 11
MM, 27, 15, 11
MM, 26, 15, 13
MM, 24, 16, 15
MM, 23, 16, 12
MM, 21, 16, 14
MM, 20, 17, 12
MM, 18, 17, 12
MM, 16, 17, 13
MM, 15, 17, 11
MC, 1, 2
MM, 12, 17, 11
MM, 9, 17, 14
MM, 6, 17, 12
MM, 3, 17, 13
MM, 531, 625, 14
MM, 528, 624, 11
MM, 34, 15, 12
MM, 30, 13, 13
MM, 27, 12, 12
MM, 23, 10, 15
MM, 20, 8, 13
MM, 16, 6, 14
MM, 13, 4, 11
MM, 9, 2, 13
MM, 5, 0, 11
MM, 491, 605, 13
MM, 488, 604, 12
MM, 486, 602, 15
MM, 21, 29, 12
MM, 18, 28, 13
MM, 16, 26, 20
MM, 12, 21, 18
MM, 9, 17, 13
MM, 7, 14, 15
MM, 5, 10, 11
MM, 4, 7, 11
MM, 4, 4, 13
MM, 3, 2, 14
MM, 3, 0, 14
MM, 465, 569, 11
MM, 465, 567, 12
MM, 465, 565, 14
MM, 7, 30, 13
MM, 6, 28, 12
MM, 6, 27, 11
MM, 5, 25, 13
MM, 4, 24, 14
MM, 4, 23, 13
MM, 3, 22, 12
MM, 2, 21, 14
MM, 1, 20, 11
MM, 456, 553, 12
MM, 455, 552, 13
MM, 454, 551, 12
MM, 453, 551, 15
MM, 452, 550, 13
MM, 451, 550, 13
MM, 35, 16, 12
MM, 34, 16, 11
MM, 32, 16, 13
MM, 31, 15, 16
MM, 30, 15, 11
MM, 28, 15, 13
MM, 27, 15, 13
MM, 25, 14, 13
MM, 25, 14, 11
MM, 24, 13, 12
MM, 23, 13, 15
MM, 22, 13, 14
MM, 22, 12, 11
MM, 21, 12, 12
MM, 20, 12, 14
MM, 20, 12, 12
MM, 20, 11, 11
MM, 20, 11, 13
MC, 1, 14
MM, 22, 11, 102
MM, 23, 12, 13
MM, 25, 14, 13
MM, 28, 18, 14
MM, 32, 26, 12
MM, 31, 0, 11
MM, 458, 583, 11
MM, 0, 24, 14
MM, 467, 604, 14
MM, 21, 4, 12
MM, 23, 11, 14
MM, 26, 15, 12
MM, 27, 18, 12
MM, 29, 20, 12
MM, 29, 22, 12
MM, 31, 23, 15
MM, 31, 24, 13
MM, 31, 25, 13
MM, 32, 27, 12
MM, 32, 28, 12
MM, 33, 30, 12
MM, 483, 639, 12
MM, 483, 641, 14
MM, 484, 642, 13
MM, 484, 644, 13
MM, 80, 0, 13
MM, 81, 1, 15
MM, 81, 3, 10
MM, 82, 5, 12
MM, 83, 7, 12
MM, 84, 8, 13
MM, 85, 10, 13
MM, 85, 11, 14
MM, 86, 13, 13
MM, 86, 14, 13
MM, 86, 15, 18
MM, 87, 17, 20
MM, 87, 17, 12
MM, 87, 18, 13
MM, 87, 18, 12
MC, 1, 77
MM, 87, 16, 89
MM, 87, 14, 13
MM, 87, 11, 12
MM, 87, 8, 12
MM, 87, 5, 12
MM, 87, 3, 14
MM, 87, 0, 13
MM, 491, 643, 13
MM, 491, 640, 13
MM, 1, 30, 12
MM, 1, 28, 12
MM, 1, 26, 12
MM, 0, 24, 17
MM, 0, 22, 11
MM, 489, 629, 13
MM, 489, 627, 13
MM, 488, 625, 12
MM, 488, 623, 12
MM, 488, 620, 11
MM, 487, 616, 14
MM, 487, 613, 14
MM, 486, 609, 14
MM, 485, 606, 12
MM, 485, 603, 12
MM, 21, 29, 13
MM, 21, 27, 11
MM, 20, 25, 12
MM, 20, 23, 15
MM, 19, 21, 12
MM, 19, 20, 13
MM, 18, 19, 15
MM, 18, 18, 11
MM, 18, 17, 13
MM, 17, 16, 11
MM, 17, 15, 12
MM, 16, 15, 17
MM, 16, 13, 11
MM, 15, 13, 12
MM, 15, 12, 13
MM, 15, 12, 14
MM, 15, 11, 12
MM, 15, 11, 12
MM, 15, 11, 11
MM, 15, 10, 14
MM, 15, 10, 13
MC, 1, 14
MM, 15, 10, 12
MM, 19, 10, 48
MM, 28, 10, 14
MM, 2, 9, 14
MM, 13, 8, 13
MM, 23, 7, 12
MM, 31, 6, 13
MM, 539, 576, 11
MM, 2, 4, 13
MM, 8, 4, 13
MM, 13, 3, 14
MM, 16, 2, 13
MM, 20, 1, 13
MM, 23, 0, 14
MM, 570, 570, 11
MM, 574, 569, 12
MM, 578, 568, 11
MM, 582, 567, 13
MM, 587, 566, 13
MM, 591, 565, 14
MM, 22, 30, 13
MM, 27, 28, 13
MM, 32, 27, 19
MM, 616, 559, 19
MM, 4, 24, 12
MM, 8, 24, 16
MM, 11, 24, 10
MM, 14, 24, 12
MM, 17, 24, 13
MM, 20, 24, 13
MM, 23, 24, 14
MM, 25, 24, 12
MM, 27, 24, 13
MM, 29, 24, 12
MM, 30, 24, 14
MM, 649, 558, 11
MM, 650, 557, 12
MM, 652, 557, 13
MM, 653, 557, 15
MM, 1, 22, 12
MM, 2, 22, 13
MM, 3, 21, 12
MM, 3, 21, 11
MM, 4, 21, 13
MM, 4, 21, 14
MM, 5, 21, 14
MM, 5, 20, 12
MM, 5, 20, 13
MM, 5, 20, 12
MM, 6, 20, 12
MM, 6, 20, 12
MM, 6, 20, 13
MM, 6, 19, 16
MM, 6, 19, 11
MM, 6, 19, 13
MM, 7, 19, 12
MM, 7, 18, 13
MM, 7, 18, 12
MM, 7, 18, 12
MM, 8, 18, 28
MM, 8, 18, 13
MM, 8, 18, 11
MC, 1, 76
MM, 7, 18, 27
MM, 2, 18, 12
MM, 650, 552, 11
MM, 28, 18, 12
MM, 24, 18, 17
MM, 20, 18, 12
MM, 15, 18, 12
MM, 10, 18, 12
MM, 4, 18, 15
MM, 613, 552, 11
MM, 31, 17, 12
MM, 22, 17, 12
MM, 12, 17, 13
MM, 1, 17, 14
MM, 32, 16, 13
MM, 23, 16, 12
MM, 16, 15, 13
MM, 10, 15, 13
MM, 4, 14, 11
MM, 534, 548, 13
MM, 530, 547, 12
MM, 31, 13, 14
MM, 29, 13, 12
MM, 26, 12, 14
MM, 24, 12, 12
MM, 22, 12, 12
MM, 19, 12, 13
MM, 17, 12, 13
MM, 14, 12, 14
MM, 12, 11, 12
MM, 9, 11, 13
MM, 6, 11, 14
MM, 4, 11, 11
MM, 1, 11, 12
MM, 495, 545, 11
MM, 493, 545, 14
MM, 491, 545, 12
MM, 490, 545, 15
MM, 32, 11, 12
MM, 31, 11, 13
MM, 31, 11, 19
MM, 29, 11, 19
MM, 29, 11, 12
MM, 29, 11, 15
MM, 28, 11, 12
MC, 1, 102
MM, 28, 13, 100
MM, 28, 17, 12
MM, 28, 23, 14
MM, 28, 27, 14
MM, 485, 565, 12
MM, 485, 568, 13
MM, 22, 0, 13
MM, 22, 2, 12
MM, 22, 5, 12
MM, 23, 7, 12
MM, 24, 9, 16
MM, 25, 11, 11
MM, 26, 14, 13
MM, 26, 18, 13
MM, 27, 22, 13
MM, 28, 27, 11
MM, 493, 605, 12
MM, 5, 2, 15
MM, 6, 6, 14
MM, 7, 9, 12
MM, 8, 12, 12
MM, 9, 15, 12
MM, 9, 16, 13
MM, 10, 18, 12
MM, 10, 19, 12
MM, 10, 21, 15
MM, 10, 23, 12
MM, 10, 26, 15
MM, 10, 30, 11
MM, 500, 642, 12
MM, 96, 1, 12
MM, 96, 5, 12
MM, 96, 9, 13
MM, 96, 12, 12
MM, 97, 15, 15
MM, 97, 17, 12
MM, 97, 18, 16
MM, 97, 19, 10
MM, 97, 20, 13
MM, 98, 21, 11
MM, 98, 21, 13
MM, 98, 22, 14
MM, 98, 22, 13
MM, 98, 22, 12
MM, 98, 22, 13
MM, 98, 23, 13
MM, 98, 23, 12
MM, 98, 23, 12
MM, 98, 23, 12
MM, 98, 23, 15
MM, 98, 23, 74
MC, 1, 13
MM, 98, 23, 14
MM, 99, 23, 13
MM, 100, 23, 14
MM, 100, 21, 12
MM, 101, 17, 11
MM, 103, 10, 13
MM, 107, 2, 12
MM, 27, 29, 13
MM, 35, 19, 14
MM, 0, 9, 12
MM, 6, 1, 14
MM, 0, 30, 19
MM, 7, 22, 19
MM, 9, 20, 13
MM, 10, 18, 13
MM, 11, 18, 12
MM, 11, 17, 11
MM, 11, 17, 13
MM, 12, 16, 15
MM, 13, 16, 14
MM, 13, 16, 11
MM, 13, 15, 12
MM, 14, 15, 13
MM, 14, 15, 13
MM, 14, 15, 24
MM, 14, 15, 12
MM, 15, 14, 15
MM, 15, 14, 13
MM, 15, 14, 13
MM, 15, 14, 12
MM, 16, 14, 11
MM, 16, 14, 12
MM, 16, 13, 14
MM, 16, 13, 14
MC, 1, 48
MM, 16, 13, 2
MM, 16, 13, 52
MM, 16, 12, 12
MM, 13, 12, 13
MM, 8, 11, 13
MM, 2, 9, 11
MM, 538, 577, 12
MM, 31, 4, 15
MM, 24, 1, 15
MM, 519, 569, 11
MM, 513, 567, 12
MM, 507, 565, 13
MM, 6, 28, 12
MM, 2, 27, 12
MM, 495, 560, 12
MM, 492, 558, 14
MM, 32, 23, 13
MM, 30, 23, 15
MM, 26, 22, 12
MM, 24, 21, 12
MM, 21, 20, 11
MM, 18, 19, 13
MM, 16, 18, 16
MM, 14, 18, 9
MM, 12, 17, 14
MM, 11, 17, 13
MM, 9, 17, 14
MM, 9, 17, 13
MM, 7, 16, 11
MM, 7, 16, 11
MM, 6, 16, 13
MM, 5, 16, 14
MM, 4, 16, 13
MM, 3, 16, 14
MM, 2, 16, 12
MM, 1, 16, 12
MM, 0, 16, 12
MM, 0, 16, 12
MM, 455, 550, 12
MM, 455, 550, 15
MM, 454, 550, 13
MM, 453, 550, 13
MM, 452, 550, 12
MM, 451, 550, 11
MM, 35, 16, 13
MM, 34, 16, 12
MM, 34, 16, 15
MM, 33, 16, 12
MM, 33, 16, 13
MM, 32, 16, 15
MM, 31, 16, 11
MM, 31, 16, 12
MM, 30, 15, 12
MM, 29, 15, 12
MM, 28, 15, 13
MM, 28, 14, 14
MM, 27, 14, 12
MM, 27, 14, 15
MM, 26, 14, 18
MM, 26, 13, 19
MM, 25, 13, 14
MM, 25, 13, 12
MM, 25, 13, 12
MM, 25, 12, 24
MC, 1, 15
MM, 25, 12, 14
MM, 28, 12, 74
MM, 451, 546, 12
MM, 6, 15, 14
MM, 19, 18, 13
MM, 490, 555, 13
MM, 10, 24, 13
MM, 27, 28, 11
MM, 538, 565, 12
MM, 553, 568, 13
MM, 22, 0, 13
MM, 33, 3, 14
MM, 0, 6, 12
MM, 9, 9, 13
MM, 16, 12, 13
MM, 23, 14, 11
MM, 30, 17, 13
MM, 0, 19, 16
MM, 7, 21, 11
MM, 13, 23, 14
MM, 18, 24, 12
MM, 22, 24, 13
MM, 25, 25, 11
MM, 28, 26, 12
MM, 30, 26, 13
MM, 33, 26, 16
MM, 657, 597, 11
MM, 659, 598, 13
MM, 661, 598, 13
MM, 0, 27, 12
MM, 1, 27, 11
MM, 3, 27, 14
MM, 4, 27, 13
MM, 4, 27, 13
MM, 5, 27, 14
MM, 6, 27, 12
MM, 6, 27, 12
MM, 7, 27, 12
MM, 7, 27, 12
MM, 7, 27, 12
MM, 8, 26, 15
MM, 8, 25, 14
MM, 9, 24, 12
MM, 9, 23, 14
MM, 9, 22, 12
MM, 9, 21, 11
MM, 10, 21, 12
MM, 10, 20, 13
MM, 10, 20, 15
MM, 10, 19, 12
MM, 10, 19, 13
MM, 10, 18, 12
MM, 10, 18, 13
MM, 10, 18, 11
MM, 10, 18, 12
MM, 10, 17, 13
MM, 10, 17, 27
MC, 1, 12
MM, 10, 17, 1
MM, 10, 17, 12
MM, 10, 17, 11
MM, 10, 16, 103
MM, 10, 16, 12
MM, 10, 16, 13
MM, 10, 16, 13
MC, 2, 13
MM, 10, 15, 14
MM, 10, 15, 13
MM, 10, 15, 18
MM, 10, 14, 20
MM, 10, 14, 13
MM, 10, 13, 13
MM, 10, 12, 12
MM, 10, 11, 12
MM, 10, 10, 13
MM, 10, 9, 13
MM, 10, 8, 14
MM, 10, 7, 12
MM, 10, 6, 12
MM, 10, 5, 13
MM, 10, 3, 14
MM, 10, 2, 11
MM, 10, 0, 12
MM, 673, 569, 13
MM, 673, 566, 13
MM, 19, 30, 13
MM, 19, 28, 13
MM, 19, 26, 13
MM, 19, 24, 11
MM, 19, 23, 13
MM, 19, 21, 13
MM, 19, 20, 12
MM, 19, 20, 15
MM, 19, 19, 13
MM, 19, 19, 12
MM, 19, 18, 12
MM, 19, 18, 12
MM, 19, 18, 13
MM, 19, 18, 16
MC, 1, 36
MM, 19, 18, 89
MM, 19, 20, 13
MM, 19, 23, 12
MM, 19, 25, 12
MM, 19, 27, 13
MM, 19, 29, 13
MM, 673, 565, 13
MM, 673, 566, 14
MM, 673, 568, 13
MM, 673, 569, 12
MM, 10, 0, 11
MM, 10, 2, 12
MM, 10, 4, 17
MM, 10, 7, 11
MM, 10, 11, 13
MM, 10, 15, 12
MM, 10, 18, 15
MM, 10, 22, 11
MM, 10, 25, 12
MM, 10, 29, 12
MM, 673, 603, 13
MM, 673, 605, 13
MM, 673, 607, 14
MM, 16, 1, 12
MM, 16, 2, 13
MM, 16, 3, 13
MM, 16, 5, 11
MM, 16, 6, 12
MM, 16, 7, 13
MM, 16, 8, 15
MM, 16, 9, 12
MM, 16, 10, 12
MM, 16, 12, 13
MM, 16, 13, 11
MM, 16, 14, 13
MM, 16, 15, 13
MM, 16, 15, 14
MM, 16, 15, 13
MM, 16, 16, 13
MM, 16, 16, 14
MM, 16, 16, 10
MC, 1, 64
MM, 16, 15, 139
MM, 16, 12, 15
MM, 17, 7, 13
MM, 681, 605, 12
MM, 26, 22, 12
MM, 699, 583, 15
MM, 709, 573, 11
MM, 22, 30, 11
MM, 31, 24, 13
MM, 733, 553, 12
MM, 737, 550, 15
MM, 739, 549, 13
MM, 740, 548, 12
MM, 741, 548, 12
MM, 742, 547, 13
MM, 743, 547, 13
MM, 743, 547, 12
MM, 744, 546, 14
MM, 744, 546, 13
MM, 744, 546, 25
MM, 745, 546, 25
MM, 745, 546, 117
MM, 746, 546, 608
MM, 752, 546, 13
MM, 757, 546, 20
MM, 770, 541, 19
MM, 777, 539, 12
MM, 785, 537, 14
MM, 792, 534, 12
MM, 800, 532, 11
MM, 806, 530, 13
MM, 811, 529, 14
MM, 813, 528, 14
MM, 819, 529, 240
MM, 819, 533, 12
MM, 819, 540, 12
MM, 819, 548, 16
MM, 819, 558, 11
MM, 819, 567, 13
MM, 819, 576, 13
MM, 819, 583, 13
MM, 40, 4, 11
MM, 40, 9, 12
MM, 40, 14, 15
MM, 40, 17, 13
MM, 40, 18, 13
MM, 40, 20, 12
MM, 40, 21, 13
MM, 40, 22, 12
MM, 40, 23, 11
MM, 40, 23, 13
MM, 40, 24, 15
MM, 40, 25, 12
MM, 40, 26, 15
MM, 40, 26, 12
MM, 40, 26, 12
MM, 40, 27, 11
