********************************************************************************
LOGGING TIME: 20180908_183555
CLIENT IP: 127.0.1.1
USERNAME: abhilash
OS: Linux
**********************************Emotional database********************************************************************************
MM, 792, 630, 1537598292510
MM, 13, 13, 14
MM, 538, 13, 33
MM, 735, 238, 19
MM, 694, 149, 36
MM, 691, 145, 14
MM, 690, 143, 13
MM, 690, 145, 165
MM, 690, 148, 12
MM, 495, 141, 1045
MM, 476, 131, 14
MM, 457, 124, 12
MM, 437, 119, 12
MM, 420, 115, 20
MM, 389, 110, 19
MM, 374, 106, 12
MM, 362, 103, 13
MM, 353, 100, 14
MM, 346, 98, 12
MM, 340, 96, 12
MM, 336, 93, 13
MM, 331, 90, 17
MM, 300, 69, 238
MM, 300, 69, 11
MM, 301, 69, 460
MM, 302, 69, 13
MM, 304, 69, 12
MM, 318, 105, 587
MM, 326, 143, 12
MM, 104, 9, 52
MM, 106, 24, 11
MM, 107, 31, 14
MM, 107, 34, 19
MM, 108, 36, 20
MM, 108, 36, 12
MM, 108, 36, 18
MM, 108, 36, 211
MC, 1, 78
MM, 108, 37, 25348
MM, 108, 45, 11
MM, 117, 61, 13
MM, 128, 79, 12
MM, 388, 360, 13
MM, 397, 375, 16
MM, 402, 386, 11
MM, 157, 4, 11
MM, 159, 8, 13
MM, 159, 10, 13
MM, 159, 10, 13
MM, 159, 11, 12
MM, 159, 11, 13
MM, 159, 11, 51
MM, 159, 11, 26
MM, 159, 12, 13
MM, 159, 13, 12
MM, 159, 14, 14
MM, 159, 16, 18
MM, 155, 19, 20
MM, 153, 21, 12
MM, 150, 22, 13
MM, 149, 23, 12
MM, 148, 23, 13
MM, 148, 28, 587
MM, 148, 35, 13
MM, 144, 47, 17
MM, 125, 74, 20
MM, 117, 87, 14
MM, 360, 486, 12
MM, 356, 493, 13
MM, 341, 488, 369
MM, 96, 87, 13
MM, 99, 76, 19
MM, 101, 50, 20
MM, 101, 38, 11
MM, 102, 30, 12
MM, 102, 25, 14
MM, 102, 22, 13
MM, 102, 21, 13
MM, 102, 21, 12
MM, 102, 20, 18
MC, 1, 453
MM, 102, 28, 90
MM, 102, 32, 12
MM, 102, 39, 14
MM, 102, 45, 12
MM, 102, 49, 12
MM, 102, 54, 14
MM, 102, 57, 12
MM, 102, 59, 14
MM, 102, 60, 12
MM, 102, 61, 12
MM, 102, 61, 20
MM, 101, 63, 18
MM, 101, 64, 14
MM, 100, 65, 12
MM, 100, 66, 13
MM, 99, 67, 13
MM, 99, 68, 12
MM, 99, 70, 14
MM, 99, 73, 18
MM, 98, 80, 20
MM, 98, 83, 12
MM, 97, 87, 13
MM, 345, 480, 12
MM, 345, 483, 13
MM, 344, 486, 14
MM, 344, 488, 12
MM, 344, 489, 18
MM, 344, 491, 21
MM, 343, 492, 12
MM, 343, 493, 12
MM, 343, 494, 14
MM, 343, 495, 11
MM, 342, 495, 15
MM, 342, 496, 11
MM, 342, 496, 20
MM, 342, 496, 171
MP, 1, 194
MR, 1, 100
MC, 1, 0
MM, 343, 496, 203
MM, 9, 1, 828
MM, 453, 498, 12
MM, 18, 1, 14
MM, 30, 2, 12
MM, 34, 3, 14
MM, 493, 500, 12
MM, 495, 500, 12
MM, 495, 500, 20
MM, 496, 500, 19
MM, 496, 500, 51
MM, 496, 500, 12
MM, 498, 501, 13
MM, 4, 5, 19
MM, 21, 8, 21
MM, 34, 10, 11
MM, 9, 14, 14
MM, 24, 16, 18
MM, 7, 23, 20
MM, 17, 27, 12
MM, 606, 528, 20
MM, 616, 536, 19
MM, 2, 6, 12
MM, 4, 9, 12
MM, 5, 10, 13
MM, 5, 11, 12
MM, 9, 10, 180
MM, 30, 9, 12
MM, 692, 541, 13
MM, 737, 539, 12
MM, 781, 536, 14
MM, 814, 533, 12
MM, 835, 532, 13
MM, 842, 531, 19
MM, 842, 530, 236
MM, 842, 528, 12
MM, 771, 523, 816
MM, 763, 523, 12
MM, 758, 523, 12
MM, 754, 523, 14
MM, 750, 523, 13
MM, 747, 523, 18
MM, 31, 26, 21
MM, 28, 26, 12
MM, 25, 26, 12
MM, 23, 26, 12
MM, 20, 26, 12
MM, 17, 25, 14
MM, 14, 25, 14
MM, 11, 25, 19
MM, 4, 25, 19
MM, 1, 25, 12
MM, 706, 521, 12
MM, 35, 23, 12
MM, 30, 22, 14
MM, 24, 20, 13
MM, 17, 18, 13
MM, 9, 16, 19
MM, 663, 510, 20
MM, 32, 12, 11
MM, 27, 10, 12
MM, 23, 10, 15
MM, 20, 9, 12
MM, 17, 9, 13
MM, 14, 8, 12
MM, 12, 8, 18
MM, 8, 7, 20
MM, 6, 7, 12
MM, 4, 7, 14
MM, 2, 7, 13
MM, 1, 7, 13
MM, 0, 7, 12
MM, 623, 503, 12
MM, 622, 503, 15
MM, 621, 503, 11
MM, 620, 503, 12
MM, 619, 503, 14
MM, 34, 6, 12
MM, 33, 6, 14
MM, 32, 6, 12
MM, 31, 6, 12
MM, 30, 6, 20
MM, 29, 7, 18
MM, 28, 8, 14
MM, 27, 8, 12
MM, 27, 9, 14
MM, 27, 9, 13
MM, 26, 9, 11
MM, 28, 9, 625
MM, 29, 9, 12
MM, 31, 11, 13
MM, 32, 17, 13
MM, 35, 24, 12
MM, 619, 527, 14
MM, 621, 532, 12
MM, 5, 2, 20
MM, 7, 10, 19
MM, 8, 14, 12
MM, 10, 18, 12
MM, 11, 22, 13
MM, 13, 26, 14
MM, 14, 28, 12
MM, 15, 30, 12
MM, 632, 565, 20
MM, 633, 567, 19
MM, 634, 567, 12
MM, 634, 568, 13
MM, 634, 569, 14
MM, 635, 569, 12
MM, 635, 570, 13
MM, 14, 1, 12
MM, 15, 3, 18
MM, 18, 9, 20
MM, 19, 12, 13
MM, 21, 15, 14
MM, 23, 18, 12
MM, 24, 21, 12
MM, 26, 23, 13
MM, 28, 25, 11
MM, 29, 27, 16
MM, 30, 28, 11
MM, 32, 30, 13
MM, 656, 603, 14
MM, 658, 604, 12
MM, 659, 606, 13
MM, 660, 607, 13
MM, 4, 0, 11
MM, 5, 1, 20
MM, 6, 2, 18
MM, 7, 2, 14
MM, 7, 3, 12
MM, 7, 3, 14
MM, 7, 3, 18
MM, 8, 4, 20
MM, 8, 5, 12
MM, 9, 6, 19
MM, 9, 9, 20
MM, 9, 11, 11
MM, 9, 13, 15
MM, 9, 14, 12
MM, 10, 16, 13
MM, 10, 17, 12
MM, 10, 18, 12
MM, 10, 19, 17
MM, 10, 19, 10
MM, 10, 20, 11
MM, 10, 20, 12
MC, 1, 446
MM, 1, 20, 333
MM, 20, 25, 12
MM, 610, 641, 12
MM, 584, 646, 16
MM, 158, 5, 11
MM, 139, 9, 12
MM, 122, 11, 14
MM, 107, 12, 17
MM, 89, 14, 21
MM, 83, 15, 11
MM, 80, 16, 15
MM, 77, 17, 17
MM, 74, 17, 20
MM, 73, 17, 13
MM, 71, 18, 19
MM, 69, 18, 20
MM, 69, 18, 11
MM, 68, 18, 14
MM, 68, 18, 11
MM, 57, 18, 652
MM, 42, 13, 12
MM, 21, 3, 12
MM, 405, 635, 12
MM, 21, 17, 12
MM, 10, 9, 14
MM, 4, 3, 18
MM, 367, 606, 21
MM, 366, 604, 13
MM, 365, 603, 12
MM, 364, 602, 13
MM, 26, 30, 11
MM, 26, 30, 15
MM, 26, 29, 11
MM, 25, 29, 20
MM, 25, 27, 19
MM, 25, 27, 13
MM, 25, 26, 13
MM, 25, 25, 12
MM, 25, 25, 13
MM, 25, 24, 12
MM, 25, 23, 13
MM, 25, 22, 20
MM, 25, 19, 19
MM, 25, 16, 13
MM, 25, 13, 12
MM, 25, 9, 13
MM, 24, 6, 17
MM, 22, 2, 21
MM, 21, 1, 12
MM, 21, 0, 15
MM, 359, 570, 11
MM, 358, 570, 12
MM, 358, 570, 14
MM, 357, 570, 26
MM, 357, 570, 12
MM, 356, 570, 12
MM, 356, 570, 20
MM, 16, 3, 17
MM, 15, 6, 15
MM, 14, 8, 13
MM, 14, 10, 12
MM, 13, 12, 12
MM, 13, 13, 12
MM, 12, 14, 14
MM, 12, 14, 20
MC, 1, 457
MM, 14, 14, 32
MM, 18, 14, 12
MM, 26, 16, 14
MM, 374, 591, 12
MM, 4, 25, 14
MM, 14, 29, 12
MM, 403, 603, 16
MM, 1, 0, 11
MM, 8, 4, 11
MM, 13, 8, 14
MM, 18, 11, 12
MM, 20, 14, 13
MM, 22, 16, 12
MM, 24, 18, 13
MM, 25, 20, 20
MM, 27, 22, 17
MM, 28, 23, 15
MM, 30, 24, 12
MM, 31, 25, 12
MM, 31, 26, 15
MM, 32, 26, 11
MM, 32, 26, 12
MM, 32, 27, 20
MM, 32, 29, 18
MM, 442, 639, 14
MM, 443, 641, 12
MM, 443, 643, 13
MM, 443, 644, 19
MM, 39, 1, 19
MM, 40, 2, 13
MM, 40, 3, 16
MM, 40, 4, 11
MM, 40, 4, 11
MM, 40, 5, 12
MM, 40, 6, 14
MM, 40, 6, 12
MM, 40, 6, 13
MM, 40, 6, 25
MM, 40, 7, 14
MM, 40, 7, 12
MC, 1, 439
MM, 38, 4, 57
MM, 438, 643, 12
MM, 19, 23, 14
MM, 10, 12, 13
MM, 4, 4, 20
MM, 405, 602, 19
MM, 23, 28, 12
MM, 22, 27, 12
MM, 22, 26, 12
MM, 22, 25, 15
MM, 21, 24, 12
MM, 21, 24, 13
MM, 20, 23, 19
MM, 20, 21, 20
MM, 20, 20, 11
MM, 20, 19, 12
MM, 20, 17, 14
MM, 20, 14, 13
MM, 20, 10, 13
MM, 20, 3, 12
MM, 28, 28, 17
MM, 28, 17, 11
MM, 28, 7, 11
MM, 28, 2, 12
MM, 400, 533, 12
MM, 400, 531, 16
MM, 400, 530, 10
MM, 400, 529, 14
MM, 400, 529, 12
MM, 400, 530, 153
MM, 400, 531, 12
MM, 399, 533, 14
MM, 26, 1, 12
MM, 25, 3, 12
MM, 24, 5, 14
MM, 23, 6, 12
MM, 23, 8, 19
MM, 22, 9, 19
MM, 21, 10, 14
MM, 21, 11, 12
MM, 21, 12, 12
MM, 20, 13, 12
MM, 19, 13, 14
MM, 19, 14, 12
MM, 19, 14, 20
MC, 1, 438
MM, 19, 14, 38
MM, 15, 17, 15
MM, 10, 21, 12
MM, 3, 26, 12
MM, 371, 564, 13
MM, 367, 567, 12
MM, 364, 570, 21
MM, 23, 3, 17
MM, 21, 4, 15
MM, 21, 5, 12
MM, 19, 6, 12
MM, 19, 7, 13
MM, 18, 8, 14
MM, 18, 8, 12
MM, 17, 9, 18
MM, 17, 9, 21
MM, 16, 10, 11
MM, 16, 10, 13
MM, 16, 11, 12
MM, 15, 11, 13
MC, 1, 449
MM, 33, 8, 74
MM, 5, 5, 13
MM, 25, 0, 12
MM, 422, 568, 13
MM, 437, 568, 11
MM, 448, 567, 15
MM, 455, 567, 13
MM, 459, 567, 18
MM, 465, 567, 20
MM, 467, 567, 13
MM, 470, 567, 12
MM, 473, 567, 13
MM, 476, 567, 11
MM, 479, 567, 15
MM, 481, 566, 11
MM, 484, 566, 20
MM, 491, 566, 20
MM, 493, 566, 12
MM, 495, 566, 13
MM, 497, 566, 12
MM, 498, 566, 13
MM, 499, 566, 12
MM, 500, 566, 14
MM, 502, 566, 19
MM, 504, 566, 20
MM, 506, 565, 12
MM, 12, 30, 11
MM, 14, 28, 15
MM, 15, 27, 11
MM, 16, 25, 14
MM, 17, 24, 12
MM, 18, 23, 19
MM, 18, 21, 20
MM, 19, 21, 11
MM, 19, 20, 15
MM, 19, 19, 11
MM, 19, 19, 13
MM, 19, 18, 13
MM, 19, 18, 12
MM, 19, 18, 16
MM, 19, 17, 11
MM, 19, 18, 190
MC, 1, 291
MM, 19, 18, 40
MM, 16, 20, 13
MM, 8, 22, 12
MM, 493, 559, 15
MM, 23, 27, 11
MM, 10, 29, 11
MM, 456, 564, 16
MM, 449, 565, 12
MM, 445, 565, 12
MM, 443, 565, 13
MM, 441, 565, 12
MM, 439, 565, 19
MM, 435, 565, 18
MM, 433, 565, 14
MM, 429, 565, 14
MM, 427, 565, 12
MM, 425, 565, 12
MM, 423, 565, 13
MM, 7, 30, 14
MM, 7, 30, 17
MM, 6, 30, 20
MM, 5, 29, 13
MM, 5, 29, 13
MM, 5, 29, 12
MM, 5, 29, 12
MM, 5, 29, 14
MM, 5, 28, 33
MM, 5, 27, 19
MM, 5, 27, 12
MM, 5, 27, 12
MM, 5, 26, 12
MM, 5, 25, 14
MM, 5, 24, 13
MM, 5, 23, 13
MM, 5, 23, 19
MM, 5, 22, 19
MM, 5, 21, 12
MM, 5, 21, 12
MM, 5, 21, 14
MM, 5, 20, 13
MM, 5, 20, 12
MM, 5, 20, 13
MC, 1, 446
MM, 5, 20, 39
MM, 5, 19, 12
MM, 9, 18, 12
MM, 18, 18, 12
MM, 29, 18, 14
MM, 453, 552, 12
MM, 2, 18, 14
MM, 5, 18, 12
MM, 8, 18, 18
MM, 10, 18, 20
MM, 11, 18, 12
MM, 11, 18, 14
MM, 11, 18, 13
MM, 12, 18, 25
MM, 12, 18, 26
MC, 1, 471
MM, 10, 20, 114
MM, 5, 24, 12
MM, 454, 564, 13
MM, 450, 568, 20
MM, 22, 2, 20
MM, 20, 4, 12
MM, 18, 6, 18
MM, 13, 9, 21
MM, 10, 11, 11
MM, 8, 12, 13
MM, 6, 12, 12
MM, 3, 13, 13
MM, 0, 14, 14
MM, 417, 585, 12
MM, 415, 585, 20
MM, 32, 14, 19
MM, 31, 14, 12
MM, 30, 14, 12
MM, 419, 585, 90
MM, 4, 14, 12
MM, 10, 14, 13
MM, 15, 14, 14
MM, 19, 15, 12
MM, 22, 15, 12
MM, 25, 16, 13
MM, 26, 16, 17
MM, 27, 16, 10
MM, 28, 16, 11
MM, 29, 16, 12
MM, 29, 16, 13
MM, 30, 16, 14
MM, 30, 16, 25
MM, 30, 16, 28
MM, 31, 16, 11
MM, 31, 16, 12
MM, 32, 16, 13
MM, 32, 16, 13
MM, 33, 16, 13
MM, 34, 16, 12
MM, 34, 16, 12
MM, 35, 16, 13
MM, 457, 587, 15
MM, 458, 587, 10
MM, 459, 587, 12
MM, 460, 587, 14
MM, 461, 587, 14
MM, 462, 587, 12
MM, 0, 16, 12
MM, 1, 16, 12
MM, 1, 16, 20
MM, 2, 16, 19
MM, 2, 16, 13
MM, 3, 16, 14
MM, 3, 16, 12
MM, 3, 16, 12
MM, 4, 16, 13
MM, 4, 16, 31
MM, 4, 16, 20
MM, 5, 16, 14
MM, 5, 16, 24
MC, 1, 471
MM, 460, 587, 160
MM, 1, 16, 19
MM, 16, 16, 12
MM, 377, 587, 14
MM, 29, 16, 12
MM, 23, 15, 12
MM, 19, 15, 14
MM, 15, 14, 12
MM, 12, 14, 20
MM, 7, 13, 19
MM, 4, 12, 13
MM, 0, 12, 12
MM, 335, 582, 12
MM, 333, 582, 14
MM, 332, 581, 12
MM, 58, 10, 12
MM, 58, 10, 20
MM, 57, 9, 20
MM, 57, 9, 12
MM, 57, 9, 330
MM, 58, 9, 14
MM, 332, 580, 12
MM, 333, 580, 15
MM, 335, 580, 11
MM, 336, 580, 12
MM, 0, 9, 12
MM, 1, 9, 14
MM, 1, 9, 12
MM, 2, 9, 14
MM, 3, 9, 12
MM, 3, 9, 13
MM, 4, 9, 19
MM, 4, 9, 19
MM, 4, 9, 12
MM, 5, 9, 27
MC, 1, 469
MM, 16, 9, 141
MM, 14, 9, 12
MM, 2, 16, 14
MM, 1, 22, 13
MM, 23, 26, 20
MM, 682, 604, 19
MM, 701, 605, 12
MM, 708, 606, 12
MM, 710, 606, 12
MM, 710, 606, 14
MM, 710, 606, 270
MM, 708, 604, 11
MM, 706, 602, 12
MM, 704, 600, 12
MM, 703, 599, 14
MM, 701, 598, 19
MM, 697, 595, 19
MM, 696, 594, 12
MM, 694, 593, 19
MM, 30, 20, 20
MM, 29, 20, 13
MM, 29, 19, 12
MM, 28, 19, 12
MM, 28, 18, 12
MM, 27, 18, 14
MM, 27, 17, 12
MM, 27, 17, 20
MM, 26, 17, 19
MM, 26, 17, 13
MM, 26, 16, 12
MM, 26, 16, 12
MC, 1, 305
MC, 2, 280
MM, 26, 16, 90
MM, 26, 17, 13
MM, 22, 19, 14
MM, 10, 22, 12
MM, 32, 27, 20
MM, 612, 605, 19
MM, 593, 607, 12
MM, 4, 2, 12
MM, 33, 3, 13
MM, 25, 5, 12
MM, 19, 6, 15
MM, 16, 7, 12
MM, 14, 7, 19
MM, 11, 8, 20
MM, 9, 8, 11
MM, 8, 8, 13
MM, 7, 8, 21
MM, 4, 9, 16
MM, 3, 9, 15
MM, 1, 10, 18
MM, 530, 619, 21
MM, 529, 620, 12
MM, 527, 620, 12
MM, 35, 13, 13
MM, 34, 14, 12
MM, 33, 15, 12
MM, 32, 17, 15
MM, 30, 18, 19
MM, 28, 21, 19
MM, 26, 23, 12
MM, 24, 24, 13
MM, 23, 26, 12
MM, 20, 27, 13
MM, 18, 29, 14
MM, 16, 30, 12
MM, 505, 639, 19
MM, 501, 642, 20
MM, 499, 642, 12
MM, 498, 643, 12
MM, 497, 644, 12
MM, 92, 0, 13
MM, 91, 0, 14
MM, 90, 1, 13
MM, 90, 2, 19
MM, 88, 2, 19
MM, 87, 3, 12
MM, 86, 3, 12
MM, 85, 3, 13
MM, 84, 4, 14
MM, 84, 4, 12
MM, 84, 4, 13
MM, 83, 4, 19
MM, 82, 4, 20
MM, 82, 4, 11
MM, 82, 4, 12
MM, 81, 4, 15
MC, 1, 469
MM, 82, 4, 148
MM, 90, 4, 18
MM, 506, 640, 14
MM, 6, 9, 12
MM, 579, 589, 14
MM, 609, 570, 12
MM, 14, 24, 12
MM, 27, 17, 12
MM, 649, 549, 20
MM, 649, 549, 160
MM, 649, 550, 13
MM, 649, 550, 11
MM, 649, 550, 77
MM, 649, 550, 26
MM, 649, 550, 26
MM, 648, 551, 12
MM, 27, 18, 19
MM, 20, 18, 19
MM, 18, 18, 14
MM, 16, 18, 12
MM, 15, 18, 12
MM, 15, 18, 12
MM, 14, 18, 14
MM, 14, 18, 32
MC, 1, 438
MM, 14, 24, 345
MM, 627, 565, 20
MM, 21, 15, 19
MM, 9, 25, 12
MM, 583, 603, 12
MM, 1, 0, 12
MM, 569, 611, 15
MM, 34, 5, 12
MM, 32, 6, 13
MM, 30, 7, 19
MM, 28, 8, 19
MM, 27, 9, 12
MM, 27, 9, 12
MM, 27, 10, 15
MM, 26, 10, 12
MM, 26, 11, 12
MM, 26, 12, 13
MM, 26, 15, 18
MM, 25, 20, 20
MM, 25, 22, 12
MM, 24, 24, 14
MM, 24, 26, 13
MM, 24, 28, 12
MM, 24, 30, 13
MM, 556, 639, 11
MM, 555, 641, 16
MM, 555, 642, 11
MM, 555, 643, 12
MM, 555, 644, 14
MM, 150, 0, 13
MM, 150, 0, 12
MM, 150, 1, 13
MM, 150, 1, 11
MM, 150, 1, 21
MM, 149, 1, 18
MM, 149, 1, 27
MM, 148, 1, 24
MM, 147, 1, 12
MM, 146, 1, 14
MM, 548, 644, 18
MM, 14, 30, 22
MM, 14, 28, 11
MM, 13, 26, 13
MM, 13, 24, 11
MM, 13, 23, 15
MM, 12, 22, 12
MM, 12, 21, 13
MM, 12, 21, 20
MM, 12, 20, 19
MM, 12, 19, 12
MM, 12, 19, 11
MM, 12, 18, 17
MM, 12, 18, 10
MM, 12, 18, 12
MM, 12, 18, 14
MM, 12, 18, 18
MC, 1, 452
MM, 12, 19, 65
MM, 12, 26, 12
MM, 544, 644, 12
MM, 140, 7, 13
MM, 136, 13, 17
MM, 132, 17, 10
MM, 129, 20, 11
MM, 127, 22, 13
MM, 126, 23, 11
MM, 125, 24, 16
MM, 124, 25, 12
MM, 123, 26, 12
MM, 122, 26, 13
MM, 121, 27, 17
MM, 120, 28, 9
MM, 119, 29, 12
MM, 118, 29, 12
MM, 117, 29, 13
MM, 116, 30, 14
MM, 116, 30, 12
MM, 115, 30, 13
MC, 1, 471
MM, 115, 28, 317
MM, 115, 24, 14
MM, 118, 18, 18
MM, 129, 1, 20
MM, 7, 30, 13
MM, 11, 24, 13
MM, 14, 21, 13
MM, 16, 18, 11
MM, 17, 17, 14
MM, 17, 17, 12
MM, 18, 16, 20
MM, 18, 16, 19
MM, 18, 16, 12
MM, 18, 16, 14
MM, 18, 16, 12
MM, 19, 15, 12
MM, 19, 15, 14
MM, 19, 15, 12
MM, 19, 15, 39
MM, 19, 15, 12
MM, 19, 14, 12
MM, 19, 14, 13
MM, 19, 13, 12
MM, 19, 12, 14
MM, 19, 9, 395
MM, 19, 8, 12
MM, 19, 6, 13
MM, 19, 4, 20
MM, 19, 2, 19
MM, 20, 0, 13
MM, 553, 606, 18
MM, 554, 603, 20
MM, 555, 602, 12
MM, 555, 602, 13
MM, 13, 30, 12
MM, 13, 29, 12
MM, 13, 29, 13
MM, 14, 28, 14
MM, 14, 27, 20
MM, 14, 25, 19
MM, 14, 25, 12
MM, 14, 25, 12
MM, 14, 24, 13
MM, 14, 24, 11
MM, 14, 23, 16
MM, 14, 23, 12
MM, 14, 22, 18
MM, 14, 22, 20
MC, 1, 470
MM, 14, 20, 281
MM, 5, 17, 12
MM, 498, 577, 14
MM, 14, 30, 12
MM, 0, 20, 12
MM, 1, 14, 14
MM, 303, 544, 12
MM, 289, 543, 19
MM, 283, 543, 19
MM, 283, 542, 13
MM, 283, 543, 191
MM, 283, 543, 13
MM, 284, 543, 12
MM, 285, 544, 13
MM, 286, 545, 16
MM, 288, 547, 11
MM, 290, 549, 11
MM, 294, 552, 12
MM, 297, 554, 14
MM, 300, 556, 13
MM, 303, 558, 12
MM, 305, 560, 12
MM, 308, 561, 13
MM, 310, 563, 15
MM, 313, 564, 12
MM, 316, 565, 11
MM, 319, 566, 15
MM, 320, 567, 12
MM, 322, 568, 12
MM, 324, 568, 12
MM, 326, 569, 13
MM, 327, 569, 19
MM, 58, 0, 19
MM, 332, 571, 14
MM, 333, 571, 12
MM, 335, 572, 13
MM, 336, 572, 13
MM, 0, 2, 12
MM, 2, 2, 14
MM, 3, 2, 18
MM, 5, 3, 20
MM, 6, 3, 12
MM, 7, 3, 13
MM, 7, 3, 12
MM, 8, 3, 13
MM, 8, 4, 14
MM, 9, 4, 12
MM, 9, 4, 18
MM, 9, 4, 21
MM, 10, 4, 12
MM, 10, 4, 24
MC, 1, 459
MM, 10, 3, 26
MM, 10, 2, 13
MM, 10, 0, 20
MM, 350, 567, 19
MM, 353, 566, 12
MM, 357, 565, 12
MM, 29, 29, 12
MM, 31, 29, 14
MM, 33, 28, 13
MM, 34, 28, 13
MM, 35, 27, 18
MM, 367, 560, 20
MM, 368, 559, 12
MM, 369, 559, 12
MM, 369, 558, 14
MM, 370, 558, 13
MM, 371, 558, 12
MM, 371, 557, 13
MM, 371, 557, 18
MM, 371, 557, 20
MM, 0, 23, 12
MM, 0, 22, 14
MM, 0, 22, 13
MM, 0, 22, 12
MM, 0, 22, 13
MC, 1, 445
MM, 0, 23, 52
MM, 0, 26, 13
MM, 0, 29, 11
MM, 372, 566, 16
MM, 371, 569, 11
MM, 30, 0, 12
MM, 28, 2, 13
MM, 26, 3, 19
MM, 24, 5, 19
MM, 24, 6, 13
MM, 24, 6, 12
MM, 23, 6, 20
MC, 1, 464
MM, 26, 6, 75
MM, 379, 577, 15
MM, 418, 577, 13
MM, 4, 6, 12
MM, 13, 6, 12
MM, 16, 6, 12
MM, 6, 6, 15
MM, 26, 6, 12
MM, 621, 577, 11
MM, 3, 6, 15
MM, 4, 6, 11
MM, 5, 6, 14
MM, 9, 6, 240
MM, 15, 6, 14
MM, 19, 5, 20
MM, 23, 2, 19
MM, 24, 1, 13
MM, 25, 0, 12
MM, 648, 570, 13
MM, 648, 569, 13
MM, 648, 569, 11
MM, 648, 568, 14
MM, 648, 567, 19
MM, 648, 565, 19
MM, 648, 564, 13
MM, 648, 563, 13
MM, 648, 562, 12
MM, 648, 562, 18
MM, 648, 560, 21
MM, 648, 560, 11
MM, 648, 561, 217
MM, 648, 562, 20
MM, 648, 565, 18
MM, 648, 566, 14
MM, 648, 568, 12
MM, 645, 569, 14
MM, 643, 570, 12
MM, 19, 0, 12
MM, 18, 0, 14
MM, 17, 0, 18
MM, 16, 0, 20
MM, 16, 0, 12
MM, 638, 570, 152
MM, 636, 567, 14
MM, 17, 30, 12
MM, 15, 27, 20
MM, 12, 22, 19
MM, 11, 21, 12
MM, 11, 20, 14
MM, 10, 19, 11
MM, 10, 19, 15
MM, 10, 19, 11
MM, 9, 19, 13
MC, 1, 381
MC, 2, 280
MM, 1, 23, 230
MM, 31, 30, 13
MM, 1, 7, 18
MM, 16, 26, 21
MM, 551, 604, 12
MM, 12, 0, 13
MM, 8, 4, 13
MM, 5, 6, 11
MM, 2, 8, 15
MM, 529, 619, 11
MM, 526, 621, 20
MM, 32, 15, 19
MM, 31, 16, 12
MM, 30, 16, 14
MM, 29, 17, 12
MM, 29, 17, 12
MM, 28, 17, 14
MM, 28, 17, 31
MM, 28, 17, 45
MM, 27, 17, 12
MM, 27, 18, 14
MM, 26, 19, 12
MM, 24, 22, 14
MM, 22, 27, 18
MM, 101, 2, 19
MM, 98, 9, 13
MM, 95, 13, 12
MM, 93, 16, 12
MM, 92, 17, 14
MM, 91, 18, 12
MM, 91, 19, 14
MM, 90, 19, 18
MM, 90, 20, 21
MM, 90, 20, 11
MM, 90, 20, 14
MM, 89, 20, 37
MC, 1, 522
MM, 89, 19, 128
MM, 89, 17, 12
MM, 94, 14, 13
MM, 104, 9, 12
MM, 118, 3, 13
MM, 533, 643, 15
MM, 541, 639, 11
MM, 14, 29, 12
MM, 16, 28, 14
MM, 17, 27, 12
MM, 18, 26, 13
MM, 18, 26, 12
MM, 19, 26, 13
MM, 19, 25, 19
MM, 19, 23, 21
MM, 19, 22, 12
MM, 19, 20, 12
MM, 19, 18, 13
MM, 19, 17, 12
MM, 19, 15, 13
MM, 19, 13, 14
MM, 19, 12, 18
MM, 17, 8, 20
MM, 14, 5, 12
MM, 11, 3, 12
MM, 8, 1, 13
MM, 6, 0, 12
MM, 536, 606, 15
MM, 533, 604, 12
MM, 531, 602, 19
MM, 25, 27, 20
MM, 22, 26, 11
MM, 20, 24, 13
MM, 19, 23, 12
MM, 18, 23, 13
MM, 17, 23, 12
MM, 17, 23, 15
MM, 16, 22, 19
MC, 1, 476
MM, 26, 22, 140
MM, 15, 22, 12
MM, 25, 20, 15
MM, 31, 15, 12
MM, 22, 13, 13
MM, 703, 581, 18
MM, 716, 579, 20
MM, 718, 578, 13
MM, 719, 578, 11
MM, 719, 578, 14
MM, 717, 578, 179
MM, 715, 578, 12
MM, 711, 578, 13
MM, 707, 578, 12
MM, 702, 577, 14
MM, 699, 574, 12
MM, 696, 571, 12
MM, 693, 569, 20
MM, 690, 566, 18
MM, 690, 565, 14
MM, 689, 565, 13
MM, 34, 30, 12
MM, 34, 30, 15
MM, 34, 29, 10
MM, 34, 29, 12
MM, 34, 29, 20
MM, 34, 28, 19
MM, 34, 28, 13
MM, 33, 28, 26
MM, 33, 28, 18
MM, 33, 27, 20
MM, 33, 27, 12
MM, 32, 26, 17
MM, 32, 26, 10
MM, 32, 26, 11
MM, 32, 26, 12
MM, 32, 25, 14
MC, 1, 482
MM, 21, 25, 129
MM, 651, 563, 20
MM, 19, 4, 20
MM, 24, 9, 12
MM, 1, 9, 11
MM, 27, 10, 15
MM, 22, 10, 11
MM, 20, 10, 13
MM, 19, 10, 12
MM, 19, 10, 168
MM, 18, 10, 26
MM, 11, 10, 11
MM, 0, 10, 12
MM, 30, 10, 13
MM, 17, 7, 14
MM, 6, 4, 13
MM, 417, 573, 11
MM, 410, 570, 12
MM, 405, 569, 14
MM, 402, 568, 19
MM, 400, 567, 19
MM, 400, 567, 13
MM, 400, 567, 19
MM, 400, 566, 19
MM, 400, 566, 12
MM, 400, 566, 13
MM, 400, 565, 12
MM, 28, 29, 14
MM, 28, 28, 13
MM, 30, 26, 12
MM, 32, 25, 19
MM, 36, 23, 20
MM, 409, 556, 12
MM, 411, 555, 13
MM, 412, 554, 13
MM, 413, 553, 12
MM, 0, 18, 13
MM, 2, 17, 12
MM, 3, 16, 17
MM, 4, 16, 10
MM, 4, 15, 12
MM, 5, 15, 13
MM, 5, 15, 13
MM, 6, 15, 13
MM, 6, 15, 12
MM, 6, 15, 12
MM, 7, 15, 27
MM, 7, 15, 190
MC, 1, 292
MM, 7, 17, 498
MM, 7, 18, 12
MM, 7, 20, 12
MM, 7, 21, 21
MM, 6, 23, 19
MM, 4, 24, 12
MM, 3, 24, 12
MM, 1, 25, 14
MM, 414, 559, 12
MM, 412, 559, 13
MM, 410, 559, 13
MM, 36, 25, 16
MM, 34, 25, 11
MM, 33, 26, 11
MM, 31, 26, 12
MM, 30, 26, 14
MM, 29, 26, 12
MM, 28, 27, 12
MM, 27, 27, 14
MM, 26, 28, 12
MM, 24, 29, 17
MM, 22, 30, 21
MM, 393, 565, 12
MM, 393, 566, 14
MM, 393, 566, 12
MM, 392, 567, 14
MM, 391, 567, 12
MM, 391, 568, 12
MM, 391, 568, 15
MM, 390, 569, 11
MM, 390, 569, 12
MM, 10, 0, 14
MM, 9, 1, 12
MM, 9, 3, 14
MM, 8, 4, 12
MM, 8, 5, 12
MM, 8, 6, 20
MM, 8, 7, 18
MM, 7, 8, 14
MM, 7, 8, 12
MM, 7, 9, 13
MM, 7, 9, 13
MC, 1, 495
MM, 8, 9, 204
MM, 8, 9, 14
MM, 10, 9, 18
MM, 17, 11, 21
MM, 21, 14, 12
MM, 27, 19, 12
MM, 415, 596, 12
MM, 421, 604, 13
MM, 17, 3, 14
MM, 21, 9, 13
MM, 24, 13, 19
MM, 27, 20, 19
MM, 29, 22, 12
MM, 30, 24, 12
MM, 31, 25, 13
MM, 32, 27, 14
MM, 33, 29, 12
MM, 443, 639, 13
MM, 444, 641, 19
MM, 43, 0, 20
MM, 43, 1, 11
MM, 44, 3, 12
MM, 45, 4, 15
MM, 45, 4, 12
MM, 46, 5, 13
MM, 46, 6, 12
MM, 46, 6, 18
MM, 46, 7, 20
MM, 46, 7, 12
MM, 46, 8, 14
MM, 47, 8, 13
MM, 47, 8, 13
MM, 47, 8, 228
MM, 47, 8, 12
MM, 47, 8, 20
MM, 47, 9, 19
MM, 47, 10, 13
MM, 47, 10, 14
MC, 1, 126
MM, 47, 10, 204
MM, 47, 6, 13
MM, 63, 0, 13
MM, 12, 24, 12
MM, 10, 11, 12
MM, 575, 607, 14
MM, 9, 27, 18
MM, 24, 20, 21
MM, 25, 19, 12
MM, 26, 18, 12
MM, 618, 589, 204
MM, 620, 588, 12
MM, 0, 16, 14
MM, 1, 15, 11
MM, 2, 15, 15
MM, 2, 15, 12
MM, 2, 14, 12
MM, 2, 13, 20
MM, 2, 7, 19
MM, 2, 3, 12
MM, 2, 0, 12
MM, 622, 567, 15
MM, 620, 565, 12
MM, 2, 29, 12
MM, 1, 28, 14
MM, 0, 27, 16
MM, 616, 560, 21
MM, 616, 559, 12
MM, 616, 559, 14
MM, 615, 559, 13
MM, 615, 559, 12
MM, 615, 559, 13
MM, 615, 558, 12
MM, 615, 558, 18
MM, 615, 558, 20
MM, 615, 558, 13
MM, 614, 558, 14
MM, 613, 557, 13
MM, 612, 557, 12
MM, 611, 556, 12
MM, 35, 22, 12
MM, 35, 22, 17
MM, 34, 21, 10
MM, 32, 21, 11
MM, 31, 21, 13
MM, 31, 20, 14
MM, 30, 20, 19
MM, 28, 20, 18
MM, 28, 20, 14
MM, 28, 19, 19
MM, 28, 19, 20
MM, 27, 19, 12
MM, 27, 19, 11
MM, 27, 19, 16
MM, 27, 18, 12
MC, 1, 87
MM, 30, 18, 204
MM, 614, 552, 14
MM, 10, 18, 12
MM, 21, 18, 13
MM, 648, 552, 13
MM, 2, 18, 11
MM, 8, 18, 21
MM, 15, 18, 17
MM, 18, 18, 15
MM, 21, 18, 12
MM, 23, 18, 13
MM, 25, 18, 12
MM, 27, 18, 12
MM, 29, 18, 14
MM, 30, 18, 18
MM, 32, 18, 21
MM, 33, 18, 12
MM, 34, 18, 12
MM, 35, 18, 14
MM, 690, 552, 11
MM, 691, 552, 15
MM, 693, 552, 11
MM, 693, 552, 20
MM, 0, 18, 19
MM, 0, 18, 12
MM, 1, 18, 14
MM, 2, 18, 12
MM, 2, 18, 12
MM, 3, 18, 14
MM, 3, 18, 12
MM, 3, 18, 19
MM, 4, 18, 20
MM, 4, 18, 12
MC, 1, 102
MM, 4, 18, 160
MM, 0, 18, 32
MM, 31, 21, 18
MM, 13, 1, 20
MM, 21, 14, 12
MM, 582, 597, 13
MM, 561, 607, 12
MM, 13, 8, 12
MM, 531, 624, 13
MM, 33, 20, 14
MM, 29, 22, 18
MM, 27, 24, 21
MM, 26, 24, 11
MM, 25, 25, 13
MM, 25, 25, 12
MM, 25, 25, 13
MM, 24, 25, 14
MM, 24, 25, 32
MM, 24, 26, 70
MM, 24, 26, 12
MM, 24, 26, 13
MM, 24, 27, 18
MM, 24, 29, 20
MM, 24, 30, 12
MM, 514, 641, 13
MM, 513, 644, 12
MM, 108, 2, 14
MM, 107, 6, 13
MM, 106, 9, 12
MM, 105, 12, 19
MM, 103, 16, 20
MM, 103, 17, 12
MM, 103, 18, 13
MM, 102, 18, 13
MM, 102, 19, 12
MM, 102, 19, 13
MM, 101, 19, 12
MM, 101, 19, 16
MM, 101, 20, 11
MM, 101, 20, 11
MM, 101, 20, 129
MM, 101, 20, 12
MM, 101, 20, 13
MM, 100, 20, 12
MM, 100, 21, 32
MM, 100, 21, 19
MM, 100, 21, 13
MC, 1, 229
MM, 100, 19, 230
MM, 99, 16, 12
MM, 94, 12, 13
MM, 90, 8, 13
MM, 85, 5, 11
MM, 82, 2, 15
MM, 483, 644, 18
MM, 476, 639, 20
MM, 24, 29, 12
MM, 21, 27, 13
MM, 19, 25, 13
MM, 16, 23, 12
MM, 15, 20, 12
MM, 13, 19, 14
MM, 11, 17, 18
MM, 7, 15, 20
MM, 6, 13, 13
MM, 3, 12, 12
MM, 1, 11, 14
MM, 448, 618, 11
MM, 446, 616, 15
MM, 34, 7, 11
MM, 32, 7, 20
MM, 30, 5, 19
MM, 29, 4, 12
MM, 29, 4, 13
MM, 28, 3, 12
MM, 28, 3, 13
MM, 28, 3, 14
MM, 28, 2, 12
MM, 28, 2, 19
MM, 28, 1, 20
MM, 28, 1, 12
MM, 28, 1, 12
MM, 28, 1, 13
MM, 28, 0, 12
MM, 28, 0, 14
MM, 437, 607, 13
MM, 435, 607, 18
MM, 430, 605, 20
MM, 427, 603, 12
MM, 424, 602, 14
MM, 0, 30, 11
MM, 419, 600, 14
MM, 416, 599, 13
MM, 34, 28, 12
MM, 32, 28, 20
MM, 30, 27, 19
MM, 29, 27, 12
MM, 28, 26, 11
MM, 28, 26, 16
MM, 27, 26, 11
MM, 27, 26, 13
MM, 26, 26, 12
MM, 26, 26, 19
MM, 25, 26, 20
MC, 1, 114
MM, 26, 26, 152
MM, 27, 26, 14
MM, 34, 26, 12
MM, 4, 25, 14
MM, 27, 21, 18
MM, 18, 7, 20
MM, 13, 2, 13
MM, 579, 570, 12
MM, 593, 570, 12
MM, 598, 569, 14
MM, 600, 569, 13
MM, 602, 569, 191
MM, 609, 570, 12
MM, 617, 570, 13
MM, 623, 570, 13
MM, 627, 570, 12
MM, 630, 570, 17
MM, 634, 570, 21
MM, 635, 570, 12
MM, 637, 570, 14
MM, 638, 570, 12
MM, 639, 570, 14
MM, 640, 570, 12
MM, 640, 570, 12
MM, 641, 570, 14
MM, 641, 570, 12
MM, 641, 570, 12
MM, 642, 570, 26
MM, 642, 570, 26
MM, 643, 569, 32
MM, 643, 566, 20
MM, 644, 565, 12
MM, 27, 29, 12
MM, 29, 27, 13
MM, 30, 26, 13
MM, 648, 559, 12
MM, 648, 557, 14
MM, 649, 556, 18
MM, 650, 555, 20
MM, 652, 554, 12
MM, 653, 553, 13
MM, 1, 19, 12
MM, 3, 18, 13
MM, 4, 18, 14
MM, 5, 17, 12
MM, 7, 17, 20
MM, 8, 16, 19
MM, 9, 16, 12
MM, 9, 16, 12
MM, 9, 16, 25
MC, 1, 140
MM, 7, 17, 154
MM, 648, 560, 13
MM, 5, 3, 12
MM, 24, 15, 13
MM, 9, 25, 12
MM, 582, 603, 12
MM, 0, 0, 14
MM, 569, 610, 18
MM, 33, 3, 20
MM, 31, 4, 12
MM, 30, 4, 14
MM, 30, 4, 12
MM, 29, 4, 12
MM, 29, 4, 66
MM, 29, 4, 12
MM, 29, 4, 12
MM, 29, 4, 12
MM, 29, 5, 14
MM, 29, 5, 12
MM, 29, 6, 52
MM, 29, 7, 12
MM, 29, 9, 12
MM, 33, 12, 12
MM, 572, 624, 14
MM, 5, 21, 14
MM, 10, 25, 12
MM, 14, 28, 18
MM, 16, 30, 21
MM, 591, 639, 12
MM, 592, 640, 11
MM, 592, 640, 15
MM, 592, 639, 406
MM, 592, 639, 14
MM, 592, 639, 12
MM, 592, 639, 13
MM, 592, 639, 19
MM, 18, 30, 19
MM, 18, 30, 12
MM, 18, 30, 19
MM, 18, 30, 20
MM, 18, 29, 12
MM, 18, 29, 13
MM, 18, 29, 14
MM, 18, 29, 114
MM, 18, 29, 12
MM, 18, 28, 13
MC, 1, 362
MM, 17, 28, 287
MM, 5, 28, 12
MM, 25, 19, 14
MM, 8, 9, 12
MM, 526, 608, 21
MM, 8, 26, 19
MM, 4, 22, 12
MM, 2, 20, 12
MM, 1, 19, 12
MM, 0, 19, 12
MM, 499, 590, 205
MM, 26, 13, 13
MM, 12, 6, 13
MM, 1, 0, 12
MM, 457, 566, 14
MM, 452, 563, 18
MM, 31, 26, 20
MM, 30, 25, 12
MM, 30, 24, 13
MM, 29, 24, 13
MM, 29, 24, 12
MM, 28, 23, 14
MM, 28, 23, 12
MM, 28, 23, 19
MM, 28, 23, 20
MM, 28, 22, 75
MM, 28, 22, 39
MM, 28, 22, 12
MC, 1, 102
MM, 28, 22, 141
MM, 28, 22, 12
MM, 28, 21, 12
MM, 28, 21, 13
MM, 28, 20, 13
MM, 28, 19, 15
MM, 33, 18, 10
MM, 455, 551, 13
MM, 5, 15, 14
MM, 12, 14, 12
MM, 18, 13, 13
MM, 22, 13, 12
MM, 26, 12, 12
MM, 28, 12, 21
MM, 490, 546, 18
MM, 492, 546, 13
MM, 495, 546, 13
MM, 0, 12, 13
MM, 1, 12, 12
MM, 2, 12, 12
MM, 3, 12, 14
MM, 4, 12, 18
MM, 5, 12, 20
MM, 5, 12, 12
MM, 5, 12, 26
MM, 6, 12, 25
MM, 6, 12, 31
MM, 6, 12, 21
MM, 7, 12, 13
MM, 7, 12, 25
MM, 7, 12, 17
MM, 8, 12, 21
MC, 1, 101
MM, 8, 11, 128
MM, 9, 10, 18
MM, 26, 7, 21
MM, 0, 4, 11
MM, 12, 3, 14
MM, 21, 2, 13
MM, 28, 2, 11
MM, 569, 535, 15
MM, 571, 535, 11
MM, 573, 535, 20
MM, 1, 1, 19
MM, 2, 1, 12
MM, 3, 1, 14
MM, 5, 1, 12
MM, 6, 1, 12
MM, 8, 1, 14
MM, 9, 1, 12
MM, 10, 1, 19
MM, 11, 1, 20
MM, 11, 1, 12
MM, 12, 2, 13
MM, 12, 2, 12
MM, 13, 3, 12
MM, 15, 3, 14
MM, 17, 4, 12
MM, 19, 4, 20
MM, 23, 6, 19
MM, 25, 6, 12
MM, 27, 7, 13
MM, 28, 7, 12
MM, 30, 8, 14
MM, 31, 9, 12
MM, 32, 9, 14
MM, 32, 9, 18
MM, 34, 10, 20
MM, 35, 10, 12
MM, 35, 10, 11
MM, 611, 544, 15
MM, 611, 544, 12
MM, 611, 545, 14
MM, 612, 545, 12
MM, 612, 545, 17
MM, 613, 545, 21
MM, 614, 545, 12
MM, 614, 545, 14
MM, 614, 545, 12
MM, 615, 545, 13
MM, 615, 545, 13
MM, 615, 545, 12
MM, 616, 545, 14
MM, 616, 545, 12
MM, 616, 545, 12
MM, 0, 11, 14
MM, 0, 11, 12
MC, 1, 57
MM, 0, 14, 336
MM, 0, 19, 14
MM, 0, 28, 12
MM, 617, 569, 13
MM, 617, 574, 15
MM, 616, 578, 12
MM, 29, 10, 12
MM, 28, 13, 12
MM, 26, 15, 14
MM, 25, 18, 18
MM, 21, 24, 19
MM, 19, 27, 15
MM, 17, 30, 12
MM, 601, 604, 12
MM, 600, 606, 12
MM, 599, 607, 12
MM, 24, 0, 14
MM, 23, 1, 19
MM, 22, 2, 20
MM, 22, 3, 12
MM, 21, 4, 13
MM, 21, 4, 13
MM, 21, 5, 12
MM, 20, 6, 12
MM, 20, 7, 14
MM, 20, 8, 19
MM, 19, 10, 19
MM, 19, 12, 12
MM, 19, 12, 14
MM, 19, 14, 12
MM, 19, 14, 12
MM, 19, 15, 12
MM, 19, 15, 14
MM, 19, 16, 18
MM, 19, 17, 20
MM, 19, 17, 14
MM, 18, 17, 25
MM, 17, 17, 11
MC, 1, 46
MM, 17, 17, 304
MM, 17, 12, 21
MM, 10, 3, 11
MM, 29, 27, 15
MM, 16, 13, 12
MM, 547, 570, 12
MM, 1, 24, 14
MM, 31, 13, 12
MM, 25, 6, 13
MM, 22, 3, 13
MM, 20, 1, 11
MM, 20, 1, 21
MM, 18, 1, 158
MM, 9, 1, 14
MM, 491, 534, 11
MM, 478, 531, 15
MM, 468, 528, 11
MM, 3, 29, 20
MM, 451, 523, 19
MM, 33, 25, 12
MM, 29, 24, 13
MM, 27, 23, 13
MM, 25, 23, 12
MM, 24, 22, 14
MM, 23, 22, 12
MM, 23, 22, 19
MM, 22, 22, 20
MM, 22, 22, 24
MM, 22, 22, 13
MM, 22, 23, 39
MM, 21, 24, 19
MM, 20, 29, 19
MM, 434, 528, 12
MM, 433, 530, 13
MM, 431, 532, 12
MM, 429, 533, 14
MM, 12, 1, 12
MM, 9, 2, 13
MM, 6, 3, 19
MM, 0, 4, 20
MM, 413, 538, 12
MM, 413, 538, 14
MM, 412, 538, 12
MM, 412, 538, 12
MM, 412, 538, 64
MM, 412, 538, 11
MM, 412, 539, 27
MM, 412, 539, 13
MM, 412, 539, 12
MM, 412, 540, 12
MM, 412, 540, 16
MM, 412, 541, 11
MM, 412, 541, 11
MM, 412, 543, 16
MM, 412, 543, 10
MM, 414, 544, 15
MM, 0, 11, 12
MM, 2, 12, 12
MM, 2, 12, 12
MM, 3, 13, 15
MM, 3, 13, 11
MM, 3, 14, 12
MM, 4, 14, 14
MM, 4, 14, 32
MM, 4, 14, 19
MC, 1, 165
MM, 5, 14, 128
MM, 5, 17, 38
MM, 5, 21, 11
MM, 5, 25, 21
MM, 1, 30, 18
MM, 413, 566, 14
MM, 412, 568, 12
MM, 410, 569, 12
MM, 28, 0, 14
MM, 27, 1, 11
MM, 26, 1, 14
MM, 25, 3, 19
MM, 23, 5, 20
MM, 22, 6, 12
MM, 21, 7, 13
MM, 20, 8, 12
MM, 19, 8, 13
MM, 19, 9, 12
MM, 19, 9, 14
MM, 19, 10, 18
MM, 18, 10, 21
MM, 18, 10, 11
MM, 18, 11, 13
MM, 18, 11, 13
MM, 17, 11, 38
MC, 1, 102
MM, 19, 11, 178
MM, 26, 14, 14
MM, 420, 593, 13
MM, 437, 606, 12
MM, 3, 13, 12
MM, 16, 25, 12
MM, 475, 642, 17
MM, 77, 4, 10
MM, 82, 8, 11
MM, 85, 11, 13
MM, 86, 13, 14
MM, 87, 14, 19
MM, 89, 16, 19
MM, 89, 17, 13
MM, 90, 19, 19
MM, 91, 20, 19
MM, 92, 21, 12
MM, 92, 22, 12
MM, 93, 23, 12
MM, 94, 25, 15
MM, 95, 27, 13
MM, 96, 30, 12
MM, 501, 677, 19
MM, 502, 681, 20
MM, 502, 681, 12
MM, 503, 682, 13
MM, 503, 683, 13
MM, 503, 683, 12
MM, 503, 683, 13
MM, 504, 683, 12
MM, 504, 683, 27
MM, 504, 682, 152
MM, 504, 681, 13
MM, 504, 679, 12
MM, 504, 677, 12
MM, 100, 30, 20
MM, 100, 28, 20
MM, 100, 27, 13
MM, 100, 26, 12
MM, 100, 26, 13
MM, 100, 25, 12
MM, 100, 25, 12
MM, 100, 24, 14
MM, 100, 23, 18
MM, 100, 21, 20
MM, 100, 20, 12
MM, 100, 19, 14
MM, 100, 18, 12
MM, 100, 17, 12
MM, 100, 17, 14
MM, 100, 17, 12
MM, 100, 16, 19
MM, 100, 16, 20
MM, 100, 16, 13
MM, 100, 16, 12
MC, 1, 89
MM, 100, 16, 211
MM, 100, 12, 19
MM, 102, 7, 12
MM, 112, 2, 12
MM, 527, 640, 20
MM, 13, 23, 20
MM, 18, 21, 12
MM, 20, 20, 18
MM, 23, 18, 20
MM, 23, 18, 209
MM, 9, 11, 21
MM, 24, 5, 11
MM, 33, 1, 13
MM, 611, 607, 13
MM, 612, 606, 12
MP, 1, 129
MR, 1, 571
MM, 630, 568, 230
MM, 630, 568, 12
MM, 13, 30, 17
MM, 11, 23, 10
MM, 10, 14, 11
MM, 9, 8, 15
MM, 9, 4, 11
MM, 8, 2, 14
MM, 8, 1, 12
MM, 8, 0, 12
MM, 8, 0, 12
MM, 8, 0, 15
MM, 625, 533, 12
MM, 9, 2, 230
MM, 9, 5, 11
MM, 10, 7, 14
MM, 10, 9, 12
MM, 10, 11, 12
MM, 11, 13, 14
MM, 11, 15, 12
MM, 11, 16, 20
MM, 12, 19, 20
MM, 12, 20, 12
MM, 13, 20, 12
MM, 13, 21, 12
MM, 13, 21, 14
MM, 13, 21, 12
MM, 14, 22, 14
MM, 14, 22, 19
MC, 1, 133
MM, 14, 25, 178
MM, 12, 30, 20
MM, 25, 6, 18
MM, 14, 12, 12
MM, 6, 17, 14
MM, 0, 21, 12
MM, 581, 595, 19
MM, 33, 29, 20
MM, 573, 603, 12
MM, 572, 605, 19
MM, 570, 608, 20
MM, 569, 609, 12
MM, 568, 611, 13
MM, 568, 611, 13
MM, 35, 5, 12
MM, 34, 6, 13
MM, 33, 8, 12
MM, 33, 9, 17
MM, 32, 10, 10
MM, 31, 10, 11
MM, 31, 11, 12
MM, 31, 11, 15
MM, 31, 12, 12
MM, 31, 12, 13
MM, 31, 12, 12
MM, 31, 13, 12
MM, 31, 13, 14
MM, 31, 14, 12
MM, 31, 14, 12
MM, 31, 15, 14
MM, 31, 15, 13
MM, 31, 15, 13
MM, 31, 16, 12
MM, 31, 16, 128
MM, 30, 16, 18
MM, 30, 16, 20
MM, 29, 16, 13
MC, 1, 62
MM, 29, 16, 136
MM, 28, 17, 19
MM, 17, 17, 12
MM, 526, 625, 12
MM, 12, 17, 12
MM, 31, 17, 14
MM, 14, 14, 12
MM, 0, 8, 14
MM, 30, 4, 19
MM, 427, 606, 20
MM, 423, 604, 11
MM, 419, 601, 12
MM, 416, 599, 14
MM, 33, 26, 12
MM, 31, 25, 14
MM, 30, 23, 12
MM, 29, 22, 18
MM, 27, 21, 20
MM, 26, 20, 12
MM, 26, 20, 14
MM, 26, 19, 14
MM, 26, 19, 12
MM, 25, 18, 12
MM, 25, 18, 12
MM, 25, 17, 17
MM, 24, 17, 10
MM, 24, 17, 11
MM, 24, 16, 12
MM, 24, 16, 14
MM, 24, 16, 20
MM, 24, 15, 18
MC, 1, 76
MM, 25, 15, 153
MM, 32, 15, 13
MM, 1, 11, 16
MM, 12, 7, 11
MM, 25, 2, 11
MM, 458, 569, 12
MM, 467, 565, 14
MM, 18, 29, 13
MM, 22, 27, 13
MM, 24, 26, 12
MM, 26, 25, 20
MM, 27, 25, 18
MM, 27, 25, 14
MM, 28, 25, 12
MM, 28, 24, 13
MM, 28, 24, 13
MM, 29, 24, 12
MM, 30, 24, 12
MM, 31, 24, 20
MM, 491, 557, 18
MM, 493, 557, 14
MM, 495, 556, 12
MM, 1, 22, 13
MM, 2, 22, 13
MM, 3, 22, 12
MM, 5, 22, 14
MM, 5, 22, 18
MM, 7, 21, 20
MM, 8, 21, 12
MM, 9, 21, 13
MM, 9, 21, 12
MM, 10, 20, 13
MM, 10, 20, 14
MM, 10, 20, 12
MM, 11, 20, 19
MC, 1, 83
MM, 11, 20, 127
MM, 11, 22, 20
MM, 2, 23, 19
MM, 28, 23, 12
MM, 10, 23, 11
MM, 452, 557, 17
MM, 28, 23, 11
MM, 21, 23, 12
MM, 18, 22, 13
MM, 16, 22, 18
MM, 14, 21, 20
MM, 14, 21, 12
MM, 14, 21, 13
MM, 14, 21, 20
MM, 14, 21, 19
MM, 14, 20, 52
MC, 1, 113
MM, 13, 22, 139
MM, 3, 24, 15
MM, 29, 28, 12
MM, 12, 30, 12
MM, 370, 564, 13
MM, 362, 565, 17
MM, 356, 565, 10
MM, 354, 565, 11
MM, 352, 565, 13
MM, 351, 565, 13
MM, 351, 565, 13
MM, 351, 565, 12
MM, 350, 565, 25
MM, 350, 566, 17
MM, 350, 566, 10
MM, 350, 567, 11
MM, 350, 567, 12
MM, 350, 568, 14
MM, 350, 569, 14
MM, 350, 570, 12
MM, 350, 570, 12
MM, 12, 1, 12
MM, 12, 3, 14
MM, 12, 5, 12
MM, 12, 7, 12
MM, 12, 9, 14
MM, 12, 11, 14
MM, 12, 12, 12
MM, 12, 13, 12
MM, 12, 14, 12
MM, 12, 15, 20
MM, 12, 16, 18
MM, 12, 16, 14
MM, 12, 16, 12
MC, 1, 90
MM, 12, 16, 178
MM, 12, 16, 13
MM, 17, 16, 19
MM, 32, 16, 20
MM, 377, 587, 11
MM, 2, 16, 14
MM, 5, 16, 11
MM, 7, 16, 18
MM, 10, 16, 8
MM, 12, 16, 14
MM, 14, 16, 11
MM, 17, 16, 15
MM, 19, 16, 12
MM, 22, 16, 11
MM, 25, 16, 15
MM, 27, 16, 12
MM, 29, 16, 12
MM, 32, 16, 13
MM, 34, 16, 12
MM, 416, 587, 20
MM, 419, 587, 18
MM, 420, 587, 15
MM, 0, 16, 11
MM, 1, 16, 13
MM, 2, 16, 13
MM, 2, 16, 12
MM, 3, 16, 14
MM, 3, 16, 18
MM, 4, 16, 21
MM, 5, 16, 11
MM, 5, 16, 25
MM, 5, 16, 27
MM, 6, 16, 32
MC, 1, 82
MM, 6, 17, 190
MM, 6, 22, 15
MM, 6, 29, 12
MM, 427, 607, 12
MM, 18, 4, 13
MM, 19, 8, 17
MM, 21, 12, 9
MM, 22, 16, 12
MM, 24, 19, 12
MM, 26, 22, 12
MM, 27, 25, 15
MM, 29, 29, 12
MM, 440, 641, 13
MM, 38, 0, 12
MM, 39, 4, 17
MM, 41, 7, 10
MM, 42, 10, 11
MM, 43, 13, 12
MM, 45, 15, 15
MM, 45, 17, 11
MM, 47, 18, 14
MM, 47, 19, 12
MM, 47, 19, 12
MM, 47, 20, 17
MM, 47, 20, 10
MM, 47, 20, 11
MM, 47, 20, 12
MM, 47, 21, 14
MM, 47, 21, 27
MC, 1, 126
MM, 47, 20, 230
MM, 47, 19, 12
MM, 53, 16, 18
MM, 510, 639, 20
MM, 9, 15, 12
MM, 28, 4, 14
MM, 569, 607, 13
MM, 573, 605, 13
MM, 574, 604, 12
MM, 574, 603, 12
MM, 575, 603, 16
MM, 579, 599, 202
MM, 583, 595, 18
MM, 6, 20, 20
MM, 9, 18, 12
MM, 11, 17, 12
MM, 12, 16, 14
MM, 13, 15, 11
MM, 14, 15, 15
MM, 15, 14, 12
MM, 16, 13, 19
MM, 17, 12, 20
MM, 17, 12, 11
MM, 18, 12, 14
MM, 18, 11, 12
MM, 19, 11, 12
MM, 19, 11, 14
MM, 19, 11, 12
MM, 20, 11, 20
MM, 21, 10, 19
MM, 21, 9, 12
MM, 22, 8, 12
MM, 24, 5, 13
MM, 27, 3, 14
MM, 30, 0, 12
MM, 618, 568, 13
MM, 622, 565, 19
MM, 11, 27, 19
MM, 14, 26, 13
MM, 17, 25, 12
MM, 19, 24, 15
MM, 22, 24, 12
MM, 25, 23, 12
MM, 27, 23, 12
MM, 30, 23, 19
MM, 650, 556, 20
MM, 652, 556, 12
MM, 653, 556, 12
MM, 0, 22, 20
MM, 3, 22, 19
MM, 4, 22, 13
MM, 5, 22, 20
MM, 8, 22, 19
MM, 9, 22, 12
MM, 10, 22, 13
MM, 11, 22, 12
MM, 12, 22, 13
MM, 13, 22, 13
MM, 13, 22, 13
MM, 13, 22, 20
MM, 14, 22, 19
MM, 14, 22, 12
MM, 14, 22, 12
MC, 1, 114
MM, 14, 23, 243
MM, 14, 24, 12
MM, 12, 26, 14
MM, 0, 29, 12
MM, 630, 569, 18
MM, 18, 13, 21
MM, 34, 19, 11
MM, 15, 22, 14
MM, 5, 24, 12
MM, 1, 25, 13
MM, 500, 596, 13
MM, 499, 596, 12
MM, 499, 596, 178
MM, 499, 596, 14
MM, 499, 597, 12
MM, 498, 597, 12
MM, 31, 26, 20
MM, 24, 26, 19
MM, 22, 27, 13
MM, 19, 27, 13
MM, 18, 27, 12
MM, 16, 27, 14
MM, 15, 27, 12
MM, 13, 27, 12
MM, 12, 27, 20
MM, 10, 28, 18
MM, 9, 28, 14
MM, 8, 28, 12
MM, 7, 28, 12
MM, 7, 29, 20
MM, 6, 29, 19
MM, 6, 29, 30
MM, 5, 29, 21
MM, 5, 29, 12
MM, 3, 29, 13
MM, 3, 29, 14
MM, 1, 29, 12
MM, 0, 29, 12
MM, 0, 29, 13
MM, 462, 599, 17
MM, 462, 599, 11
MM, 461, 599, 10
MM, 461, 598, 13
MM, 461, 598, 12
MM, 461, 598, 14
MM, 461, 597, 12
MM, 461, 597, 13
MM, 461, 597, 12
MM, 461, 597, 17
MM, 461, 596, 11
MM, 461, 596, 11
MM, 461, 596, 12
MM, 461, 596, 13
MM, 461, 596, 14
MM, 461, 595, 12
MM, 461, 595, 13
MM, 461, 595, 30
MM, 461, 595, 20
MM, 461, 595, 27
MM, 461, 595, 12
MM, 461, 595, 228
MM, 462, 595, 142
MM, 462, 595, 18
MM, 0, 24, 19
MM, 0, 24, 13
MM, 1, 24, 13
MM, 1, 24, 12
MM, 2, 24, 12
MM, 2, 24, 14
MM, 2, 24, 13
MM, 3, 24, 20
MM, 4, 24, 19
MM, 4, 24, 12
MM, 4, 24, 12
MM, 4, 24, 12
MM, 5, 24, 13
MM, 5, 24, 15
MC, 1, 124
MM, 5, 25, 269
MM, 5, 27, 12
MM, 5, 30, 13
MM, 468, 603, 12
MM, 468, 606, 14
MM, 17, 1, 13
MM, 16, 5, 13
MM, 14, 9, 18
MM, 13, 15, 21
MM, 13, 17, 11
MM, 12, 19, 12
MM, 12, 20, 14
MM, 12, 21, 12
MM, 12, 22, 13
MM, 12, 22, 13
MM, 12, 22, 17
MM, 12, 23, 20
MM, 12, 23, 13
MM, 12, 23, 14
MM, 12, 23, 12
MM, 12, 24, 14
MM, 12, 24, 12
MM, 12, 25, 12
MM, 12, 26, 15
MM, 11, 27, 11
MM, 11, 28, 12
MM, 11, 29, 14
MM, 11, 30, 12
MM, 461, 639, 14
MM, 460, 640, 11
MM, 460, 641, 13
MM, 460, 642, 19
MM, 459, 644, 19
MM, 55, 0, 14
MM, 54, 2, 12
MM, 54, 3, 13
MM, 53, 5, 13
MM, 53, 7, 12
MM, 53, 8, 14
MM, 53, 10, 18
MM, 52, 12, 20
MM, 52, 12, 12
MM, 52, 13, 13
MM, 52, 13, 12
MM, 52, 14, 13
MM, 52, 14, 14
MM, 52, 15, 12
MM, 52, 15, 19
MM, 52, 15, 20
MM, 52, 15, 24
MM, 51, 15, 12
MM, 50, 15, 13
MC, 1, 65
MM, 50, 15, 291
MM, 49, 10, 14
MM, 49, 5, 19
MM, 452, 640, 20
MM, 2, 28, 12
MM, 1, 25, 12
MM, 1, 24, 13
MM, 0, 22, 12
MM, 0, 22, 15
MM, 0, 21, 12
MM, 0, 20, 19
MM, 0, 19, 19
MM, 0, 19, 12
MM, 0, 19, 179
MM, 0, 17, 50
MM, 447, 621, 12
MM, 33, 9, 13
MM, 29, 5, 14
MM, 26, 2, 13
MM, 24, 0, 12
MM, 431, 606, 18
MM, 426, 604, 21
MM, 425, 603, 12
MM, 424, 603, 11
MM, 422, 603, 16
MM, 421, 603, 11
MM, 420, 603, 13
MM, 420, 603, 13
MM, 420, 603, 17
MM, 419, 603, 9
MM, 419, 603, 12
MM, 419, 603, 12
MM, 418, 603, 12
MM, 418, 603, 14
MM, 418, 602, 116
MM, 418, 601, 12
MM, 419, 599, 12
MM, 1, 27, 12
MM, 5, 26, 16
MM, 7, 26, 11
MM, 9, 25, 12
MM, 10, 25, 12
MM, 11, 25, 14
MM, 12, 24, 19
MM, 14, 23, 19
MM, 14, 23, 13
MM, 15, 23, 18
MM, 16, 23, 20
MM, 16, 22, 13
MM, 16, 22, 12
MM, 16, 22, 12
MM, 16, 22, 12
MC, 1, 128
MM, 25, 22, 204
MM, 6, 22, 13
MM, 13, 22, 13
MM, 5, 22, 12
MM, 27, 22, 15
MM, 583, 593, 11
MM, 5, 22, 12
MM, 7, 21, 14
MM, 7, 21, 12
MM, 7, 19, 192
MM, 16, 17, 12
MM, 618, 583, 12
MM, 14, 7, 14
MM, 31, 2, 11
MM, 666, 568, 15
MM, 675, 565, 12
MM, 27, 30, 18
MM, 31, 28, 21
MM, 32, 27, 12
MM, 32, 27, 12
MM, 33, 27, 13
MM, 33, 27, 12
MM, 33, 27, 26
MM, 34, 27, 20
MM, 34, 27, 19
MM, 34, 27, 12
MM, 34, 26, 157
MM, 34, 23, 21
MM, 34, 22, 11
MM, 31, 21, 16
MM, 30, 20, 11
MM, 28, 20, 13
MM, 27, 19, 14
MM, 26, 19, 12
MM, 25, 18, 12
MM, 24, 18, 13
MM, 23, 18, 11
MM, 22, 18, 21
MM, 21, 17, 18
MM, 21, 17, 15
MM, 21, 17, 12
MC, 1, 203
MM, 21, 18, 166
MM, 16, 20, 13
MM, 22, 26, 12
MM, 16, 30, 20
MM, 17, 30, 19
MM, 25, 30, 12
MM, 3, 30, 12
MM, 30, 30, 15
MM, 21, 30, 12
MM, 14, 30, 12
MM, 10, 30, 13
MM, 8, 29, 17
MM, 6, 29, 10
MM, 6, 28, 11
MM, 5, 28, 12
MM, 5, 28, 12
MM, 4, 28, 14
MM, 3, 28, 13
MM, 2, 28, 13
MM, 1, 28, 12
MM, 0, 28, 17
MM, 414, 562, 11
MM, 413, 562, 11
MM, 413, 561, 12
MM, 412, 561, 12
MM, 412, 561, 14
MM, 412, 561, 25
MM, 411, 561, 13
MM, 410, 560, 17
MM, 410, 560, 10
MM, 409, 559, 11
MM, 36, 24, 12
MM, 34, 23, 12
MM, 33, 23, 16
MM, 32, 22, 11
MM, 31, 21, 13
MM, 30, 20, 13
MM, 29, 20, 18
MM, 28, 19, 20
MM, 27, 19, 11
MM, 27, 18, 15
MM, 27, 18, 17
MC, 1, 95
MM, 32, 18, 167
MM, 414, 555, 19
MM, 447, 565, 20
MM, 1, 0, 12
MM, 17, 7, 12
MM, 30, 12, 13
MM, 4, 17, 12
MM, 14, 20, 14
MM, 21, 23, 13
MM, 26, 25, 19
MM, 537, 599, 19
MM, 542, 602, 12
MM, 548, 604, 13
MM, 552, 605, 12
MM, 555, 606, 14
MM, 557, 606, 12
MM, 558, 607, 13
MM, 558, 607, 19
MM, 27, 0, 21
MM, 28, 0, 11
MM, 28, 0, 12
MM, 28, 0, 14
MM, 29, 0, 12
MM, 29, 0, 13
MM, 29, 1, 12
MM, 29, 1, 18
MM, 29, 1, 21
MM, 29, 2, 26
MM, 29, 2, 12
MM, 29, 2, 13
MC, 1, 62
MM, 33, 2, 270
MM, 573, 610, 11
MM, 14, 2, 13
MM, 26, 6, 18
MM, 0, 13, 21
MM, 6, 16, 12
MM, 11, 18, 13
MM, 14, 19, 13
MM, 16, 20, 18
MM, 18, 21, 20
MM, 19, 21, 12
MM, 19, 22, 18
MM, 20, 22, 20
MM, 21, 22, 26
MM, 21, 22, 26
MM, 21, 22, 12
MM, 22, 22, 27
MM, 22, 22, 23
MM, 22, 22, 14
MM, 22, 22, 13
MC, 1, 62
MM, 22, 22, 293
MM, 22, 21, 12
MC, 1, 295
MM, 22, 15, 103
MM, 31, 2, 11
MM, 2, 19, 12
MM, 13, 4, 16
MM, 685, 565, 11
MM, 690, 559, 12
MM, 694, 555, 12
MM, 695, 553, 19
MM, 0, 18, 21
MM, 0, 18, 11
MM, 5, 18, 738
MM, 11, 18, 20
MM, 28, 18, 19
MM, 732, 552, 13
MM, 740, 552, 13
MM, 746, 552, 13
MM, 750, 553, 12
MM, 753, 554, 12
MM, 756, 555, 14
MM, 759, 556, 18
MM, 766, 560, 20
MM, 770, 561, 13
MM, 772, 563, 13
MM, 774, 564, 12
MM, 776, 564, 12
MM, 778, 565, 14
MM, 779, 565, 13
MM, 779, 565, 18
MM, 780, 565, 21
MM, 780, 565, 24
MM, 780, 565, 12
MM, 781, 565, 12
MM, 781, 565, 15
MM, 782, 565, 13
MM, 782, 565, 17
MM, 784, 565, 20
MM, 784, 565, 13
MM, 786, 565, 13
MM, 789, 565, 11
MM, 792, 559, 16
MM, 797, 552, 11
MM, 802, 541, 12
MM, 805, 533, 20
MM, 808, 528, 1496
MM, 808, 529, 12
MM, 808, 532, 12
MM, 808, 534, 14
MM, 808, 536, 11
MM, 808, 538, 15
MM, 808, 540, 12
MM, 808, 541, 19
MM, 808, 544, 19
MM, 808, 545, 12
MM, 808, 546, 13
MM, 808, 547, 13
MM, 808, 548, 12
MM, 808, 549, 14
MM, 808, 550, 12
MM, 808, 550, 20
MM, 808, 551, 19
MM, 808, 551, 12
MM, 808, 552, 13
MM, 808, 552, 12
MM, 808, 553, 14
MM, 808, 553, 12
MM, 808, 554, 12
MM, 808, 554, 20
MM, 808, 554, 19
MM, 808, 555, 25
MM, 808, 555, 14
MM, 808, 555, 432
MM, 808, 555, 11
MM, 809, 556, 16
MM, 809, 557, 12
MM, 810, 558, 12
MM, 811, 560, 13
MM, 812, 563, 17
MM, 815, 573, 21
MM, 817, 579, 12
MM, 818, 585, 12
MM, 40, 4, 15
MM, 41, 8, 12
MM, 42, 11, 12
MM, 42, 13, 13
MM, 43, 14, 18
MM, 43, 16, 20
MM, 44, 17, 12
MM, 44, 17, 14
MM, 44, 18, 13
MM, 44, 18, 12
MM, 44, 18, 13
MM, 44, 19, 11
MM, 44, 19, 27
MM, 44, 19, 12
MM, 44, 19, 14
MM, 44, 19, 13
MM, 44, 20, 12
MM, 44, 20, 13
MM, 44, 20, 11
MM, 44, 20, 21
MM, 44, 20, 81
