********************************************************************************
LOGGING TIME: 20180908_191053
CLIENT IP: 127.0.1.1
USERNAME: abhilash
OS: Linux
**********************************Emotional database********************************************************************************
MM, 807, 628, 1537598292237
MM, 774, 595, 12
MM, 23, 21, 13
MM, 364, 47, 13
MM, 541, 362, 15
MM, 246, 49, 12
MM, 220, 19, 12
MM, 209, 5, 15
MM, 206, 4, 10
MM, 204, 4, 243
MM, 439, 258, 14
MM, 419, 248, 12
MM, 402, 241, 12
MM, 391, 234, 12
MM, 382, 229, 12
MM, 377, 224, 14
MM, 374, 221, 13
MM, 334, 144, 305
MM, 329, 136, 12
MM, 327, 131, 12
MM, 325, 128, 16
MM, 325, 127, 12
MM, 324, 126, 12
MM, 323, 125, 15
MM, 323, 124, 11
MM, 322, 124, 12
MM, 321, 123, 13
MM, 321, 123, 13
MM, 320, 122, 13
MM, 320, 121, 13
MM, 319, 121, 13
MM, 318, 120, 11
MM, 318, 120, 13
MM, 318, 120, 13
MM, 317, 118, 12
MM, 316, 117, 15
MM, 315, 114, 12
MM, 314, 112, 12
MM, 313, 109, 13
MM, 312, 106, 12
MM, 311, 102, 12
MM, 310, 98, 17
MM, 309, 95, 11
MM, 309, 92, 12
MM, 308, 89, 13
MM, 302, 93, 534
MM, 302, 99, 12
MM, 302, 105, 15
MM, 302, 110, 12
MM, 302, 114, 19
MM, 307, 124, 20
MM, 309, 129, 12
MM, 310, 135, 15
MM, 313, 142, 11
MM, 338, 220, 126
MM, 339, 226, 13
MM, 340, 234, 13
MM, 341, 242, 13
MM, 341, 250, 13
MM, 342, 258, 12
MM, 94, 3, 12
MM, 94, 8, 13
MM, 94, 11, 13
MM, 94, 13, 12
MM, 94, 15, 15
MM, 94, 16, 12
MM, 94, 16, 12
MM, 94, 17, 13
MM, 94, 18, 12
MM, 94, 19, 12
MM, 94, 20, 17
MM, 94, 22, 10
MM, 94, 23, 13
MM, 94, 24, 13
MM, 94, 25, 12
MM, 94, 26, 12
MM, 94, 26, 12
MM, 94, 27, 13
MM, 94, 28, 16
MM, 94, 28, 13
MM, 94, 29, 11
MM, 94, 29, 12
MM, 94, 29, 13
MM, 94, 30, 12
MM, 94, 30, 13
MC, 1, 64
MM, 94, 30, 34455
MM, 96, 30, 11
MM, 100, 38, 12
MM, 108, 64, 13
MM, 368, 366, 12
MM, 131, 13, 16
MM, 137, 40, 12
MM, 141, 61, 12
MM, 143, 75, 12
MM, 143, 85, 13
MM, 391, 479, 12
MM, 391, 483, 12
MM, 391, 485, 15
MM, 391, 487, 12
MM, 391, 489, 15
MM, 391, 492, 12
MM, 18, 0, 13
MM, 18, 5, 10
MM, 16, 11, 13
MM, 14, 16, 15
MM, 12, 20, 12
MM, 11, 22, 12
MM, 10, 22, 13
MM, 9, 23, 14
MM, 8, 23, 12
MM, 7, 23, 11
MM, 6, 23, 13
MM, 5, 23, 14
MM, 4, 20, 14
MM, 3, 16, 12
MM, 1, 7, 12
MM, 373, 481, 13
MM, 124, 65, 13
MM, 123, 43, 12
MM, 123, 28, 12
MM, 122, 19, 12
MM, 122, 15, 14
MM, 122, 13, 18
MM, 122, 13, 21
MM, 122, 14, 87
MM, 122, 15, 15
MM, 122, 16, 12
MM, 122, 18, 13
MM, 122, 19, 15
MM, 122, 20, 12
MM, 122, 22, 11
MM, 122, 23, 12
MM, 122, 24, 12
MM, 122, 24, 14
MM, 122, 25, 13
MM, 122, 25, 12
MM, 122, 26, 14
MC, 1, 12
MM, 122, 25, 713
MM, 123, 25, 13
MM, 123, 25, 14
MM, 125, 25, 12
MM, 127, 25, 12
MM, 130, 25, 12
MM, 134, 25, 12
MM, 138, 25, 13
MM, 141, 25, 15
MM, 144, 25, 12
MM, 146, 26, 13
MM, 148, 27, 19
MM, 151, 29, 19
MM, 152, 31, 13
MM, 153, 33, 13
MM, 153, 35, 12
MM, 153, 38, 12
MM, 153, 41, 12
MM, 153, 43, 14
MM, 153, 46, 15
MM, 153, 48, 11
MM, 153, 51, 12
MM, 153, 54, 14
MM, 152, 57, 12
MM, 151, 60, 12
MM, 149, 63, 12
MM, 147, 66, 12
MM, 145, 69, 15
MM, 143, 72, 13
MM, 141, 75, 13
MM, 138, 78, 12
MM, 136, 81, 12
MM, 133, 84, 12
MM, 131, 86, 13
MM, 128, 89, 14
MM, 374, 480, 12
MM, 372, 481, 14
MM, 370, 483, 13
MM, 369, 485, 11
MM, 368, 487, 13
MM, 368, 489, 15
MM, 367, 492, 12
MM, 367, 493, 12
MM, 367, 495, 12
MM, 372, 514, 166
MM, 0, 18, 13
MM, 1, 18, 15
MM, 2, 18, 12
MM, 3, 18, 11
MM, 3, 18, 12
MM, 4, 18, 12
MM, 4, 18, 16
MM, 4, 18, 12
MM, 5, 18, 12
MM, 5, 18, 13
MM, 6, 18, 14
MM, 6, 18, 12
MM, 7, 18, 11
MM, 8, 18, 12
MM, 9, 18, 15
MM, 9, 18, 11
MM, 10, 18, 14
MM, 10, 18, 12
MM, 11, 18, 13
MM, 11, 18, 13
MM, 12, 17, 12
MM, 12, 17, 12
MM, 12, 16, 15
MM, 12, 15, 12
MM, 18, 15, 247
MM, 33, 15, 20
MM, 496, 515, 13
MM, 537, 522, 12
MM, 568, 530, 13
MM, 591, 533, 12
MM, 30, 3, 14
MM, 611, 538, 12
MM, 614, 538, 15
MM, 616, 538, 10
MM, 0, 4, 15
MM, 0, 4, 11
MM, 1, 4, 13
MM, 1, 4, 12
MM, 1, 4, 12
MM, 1, 4, 15
MM, 2, 4, 13
MM, 2, 4, 13
MM, 3, 4, 12
MM, 5, 4, 11
MM, 7, 4, 13
MM, 9, 4, 16
MM, 11, 3, 11
MM, 14, 1, 12
MM, 16, 0, 13
MM, 637, 532, 13
MM, 640, 530, 12
MM, 19, 30, 12
MM, 23, 27, 12
MM, 25, 25, 16
MM, 29, 23, 13
MM, 32, 21, 11
MM, 34, 19, 12
MM, 662, 514, 13
MM, 664, 513, 12
MM, 666, 512, 13
MM, 0, 14, 14
MM, 1, 13, 12
MM, 2, 12, 16
MM, 2, 12, 11
MM, 2, 12, 13
MM, 3, 11, 11
MM, 3, 11, 12
MM, 3, 11, 131
MM, 4, 11, 23
MM, 4, 11, 13
MM, 5, 11, 13
MM, 5, 11, 12
MM, 6, 11, 12
MM, 7, 11, 12
MM, 8, 11, 15
MM, 8, 11, 12
MM, 8, 11, 229
MM, 7, 11, 11
MM, 4, 13, 14
MM, 666, 520, 15
MM, 2, 9, 13
MM, 645, 569, 12
MM, 14, 22, 12
MM, 11, 2, 13
MM, 7, 15, 12
MM, 2, 23, 17
MM, 1, 26, 8
MM, 0, 28, 14
MM, 0, 29, 11
MM, 0, 30, 13
MM, 0, 30, 12
MM, 0, 30, 15
MM, 0, 30, 12
MM, 0, 30, 102
MM, 0, 30, 12
MM, 619, 639, 14
MM, 619, 639, 13
MM, 619, 639, 11
MM, 620, 639, 129
MM, 620, 639, 13
MM, 622, 639, 13
MM, 623, 639, 11
MM, 624, 639, 14
MM, 624, 639, 11
MM, 624, 639, 12
MM, 625, 639, 15
MM, 625, 639, 12
MM, 6, 30, 13
MM, 7, 30, 15
MM, 8, 29, 12
MM, 8, 29, 11
MM, 8, 27, 12
MM, 9, 26, 12
MM, 10, 25, 14
MM, 11, 22, 13
MM, 12, 20, 13
MM, 13, 19, 13
MM, 13, 17, 12
MM, 13, 16, 12
MM, 13, 16, 12
MM, 14, 15, 15
MM, 14, 15, 12
MM, 14, 15, 15
MC, 1, 48
MM, 9, 15, 218
MM, 0, 19, 13
MM, 27, 26, 12
MM, 582, 642, 13
MM, 163, 5, 13
MM, 149, 11, 11
MM, 136, 16, 12
MM, 127, 20, 13
MM, 120, 24, 15
MM, 116, 26, 14
MM, 114, 27, 12
MM, 112, 28, 12
MM, 111, 28, 12
MM, 111, 28, 13
MM, 111, 28, 12
MM, 110, 28, 17
MM, 110, 28, 22
MM, 110, 28, 11
MC, 1, 91
MM, 110, 24, 293
MM, 110, 18, 11
MM, 104, 5, 13
MM, 13, 30, 14
MM, 10, 20, 12
MM, 7, 13, 13
MM, 4, 6, 14
MM, 4, 0, 13
MM, 492, 603, 12
MM, 29, 27, 11
MM, 29, 24, 12
MM, 29, 22, 15
MM, 29, 20, 13
MM, 29, 18, 12
MM, 499, 589, 13
MM, 30, 18, 13
MM, 0, 18, 12
MM, 30, 0, 12
MM, 713, 634, 12
MM, 766, 662, 14
MM, 808, 685, 14
MM, 835, 701, 12
MM, 850, 709, 13
MM, 858, 713, 13
MM, 859, 713, 12
MM, 859, 714, 12
MM, 859, 713, 167
MM, 859, 712, 11
MM, 859, 710, 12
MM, 859, 708, 16
MM, 859, 706, 12
MM, 859, 704, 12
MM, 859, 701, 13
MM, 859, 694, 13
MM, 859, 683, 12
MM, 854, 662, 13
MM, 847, 625, 12
MM, 836, 578, 12
MM, 828, 539, 15
MM, 814, 489, 37
MM, 811, 482, 13
MM, 810, 480, 12
MM, 810, 479, 17
MM, 562, 89, 10
MM, 562, 89, 12
MM, 561, 89, 76
MM, 561, 89, 38
MM, 561, 89, 12
MM, 561, 89, 25
MM, 809, 482, 15
MM, 809, 485, 13
MM, 809, 489, 13
MM, 809, 494, 12
MM, 752, 512, 520
MM, 9, 15, 15
MM, 17, 15, 13
MM, 31, 15, 13
MM, 8, 15, 12
MM, 29, 15, 11
MM, 14, 15, 13
MM, 4, 15, 16
MM, 0, 15, 11
MM, 580, 512, 13
MM, 579, 512, 12
MM, 578, 512, 14
MM, 577, 513, 11
MM, 34, 17, 12
MM, 33, 18, 15
MM, 32, 19, 13
MM, 30, 21, 13
MM, 28, 23, 11
MM, 25, 24, 13
MM, 22, 26, 13
MM, 17, 28, 11
MM, 12, 30, 12
MM, 548, 529, 14
MM, 541, 531, 14
MM, 534, 533, 14
MM, 30, 0, 12
MM, 23, 1, 12
MM, 16, 1, 13
MM, 10, 1, 12
MM, 6, 1, 12
MM, 2, 1, 16
MM, 1, 1, 11
MM, 495, 535, 11
MM, 494, 535, 12
MM, 494, 535, 17
MM, 493, 535, 11
MM, 492, 535, 12
MM, 492, 535, 13
MM, 492, 535, 14
MM, 492, 535, 24
MM, 491, 534, 24
MM, 491, 533, 16
MM, 491, 533, 12
MM, 491, 532, 12
MM, 491, 532, 12
MM, 490, 532, 14
MM, 490, 532, 23
MM, 489, 532, 29
MM, 489, 532, 12
MM, 488, 532, 12
MM, 487, 532, 12
MM, 486, 533, 14
MM, 28, 1, 11
MM, 28, 1, 13
MM, 28, 2, 14
MM, 28, 2, 12
MM, 28, 2, 50
MM, 28, 3, 13
MM, 31, 4, 12
MM, 492, 539, 15
MM, 0, 6, 12
MM, 4, 6, 13
MM, 6, 7, 14
MM, 9, 7, 12
MM, 10, 8, 11
MM, 11, 8, 13
MM, 13, 9, 14
MM, 13, 9, 12
MM, 14, 9, 13
MM, 14, 9, 13
MM, 14, 9, 12
MM, 15, 9, 25
MM, 15, 9, 12
MM, 15, 10, 27
MC, 1, 50
MM, 16, 10, 12
MM, 16, 10, 14
MM, 16, 10, 14
MM, 16, 11, 12
MM, 17, 12, 12
MM, 19, 13, 13
MM, 21, 15, 13
MM, 23, 17, 12
MM, 26, 20, 12
MM, 29, 23, 16
MM, 529, 560, 12
MM, 531, 562, 12
MM, 534, 564, 12
MM, 536, 566, 14
MM, 537, 567, 11
MM, 539, 569, 13
MM, 540, 570, 14
MM, 541, 571, 14
MM, 542, 573, 12
MM, 0, 4, 12
MM, 2, 6, 13
MM, 3, 8, 13
MM, 6, 10, 11
MM, 7, 12, 13
MM, 9, 14, 12
MM, 10, 15, 14
MM, 12, 16, 15
MM, 13, 17, 11
MM, 15, 18, 12
MM, 16, 19, 13
MM, 16, 19, 12
MM, 17, 19, 13
MM, 17, 19, 15
MM, 18, 20, 11
MM, 18, 20, 11
MM, 19, 20, 25
MC, 1, 14
MM, 17, 19, 88
MM, 11, 17, 17
MM, 6, 15, 11
MM, 542, 585, 12
MM, 34, 12, 13
MM, 25, 10, 13
MM, 16, 8, 11
MM, 5, 6, 13
MM, 497, 575, 14
MM, 25, 2, 14
MM, 17, 0, 12
MM, 473, 569, 12
MM, 467, 566, 12
MM, 4, 30, 14
MM, 455, 563, 11
MM, 452, 561, 12
MM, 34, 26, 15
MM, 31, 25, 12
MM, 28, 24, 15
MM, 26, 23, 12
MM, 25, 22, 12
MM, 23, 22, 11
MM, 22, 22, 13
MM, 21, 21, 15
MM, 20, 20, 12
MM, 19, 20, 12
MM, 19, 20, 13
MM, 18, 19, 14
MM, 18, 19, 12
MM, 18, 19, 11
MC, 1, 77
MM, 18, 21, 102
MM, 20, 23, 11
MM, 22, 25, 14
MM, 25, 29, 12
MM, 444, 568, 15
MM, 27, 4, 12
MM, 32, 12, 13
MM, 457, 593, 13
MM, 461, 601, 12
MM, 14, 0, 12
MM, 17, 6, 16
MM, 18, 9, 12
MM, 19, 11, 12
MM, 20, 12, 12
MM, 20, 13, 13
MM, 21, 14, 12
MM, 21, 15, 12
MM, 22, 16, 12
MM, 23, 17, 15
MM, 23, 18, 13
MM, 24, 19, 13
MM, 24, 20, 12
MM, 25, 21, 12
MM, 26, 23, 13
MM, 26, 25, 12
MM, 27, 27, 12
MM, 27, 29, 13
MM, 477, 639, 15
MM, 477, 641, 14
MM, 477, 642, 12
MM, 477, 642, 12
MM, 478, 644, 12
MM, 478, 644, 12
MM, 74, 1, 13
MM, 75, 2, 16
MM, 75, 3, 10
MM, 75, 5, 12
MM, 76, 5, 13
MM, 76, 6, 16
MM, 76, 7, 11
MM, 76, 8, 12
MM, 76, 8, 13
MM, 76, 9, 13
MM, 77, 9, 13
MM, 77, 9, 11
MC, 1, 165
MM, 77, 8, 2
MM, 77, 5, 12
MM, 77, 1, 13
MM, 481, 643, 12
MM, 481, 640, 12
MM, 31, 30, 15
MM, 31, 29, 12
MM, 31, 27, 15
MM, 31, 26, 11
MM, 31, 24, 12
MM, 31, 22, 12
MM, 32, 21, 12
MM, 32, 19, 13
MM, 33, 16, 15
MM, 484, 621, 12
MM, 485, 617, 12
MM, 486, 614, 15
MM, 487, 610, 12
MM, 488, 607, 10
MM, 489, 605, 13
MM, 489, 602, 15
MM, 28, 30, 12
MM, 29, 27, 13
MM, 30, 25, 12
MM, 31, 23, 12
MM, 495, 592, 13
MM, 497, 590, 12
MM, 498, 588, 13
MM, 500, 585, 14
MM, 0, 12, 13
MM, 2, 9, 14
MM, 4, 5, 11
MM, 5, 1, 13
MM, 508, 568, 11
MM, 510, 565, 13
MM, 14, 29, 12
MM, 16, 27, 14
MM, 17, 26, 14
MM, 18, 25, 12
MM, 19, 24, 13
MM, 20, 23, 12
MM, 20, 23, 12
MM, 21, 22, 13
MM, 22, 22, 16
MM, 22, 22, 11
MM, 23, 22, 12
MM, 23, 22, 13
MM, 23, 22, 25
MM, 24, 22, 27
MC, 1, 62
MM, 24, 22, 25
MM, 24, 22, 41
MM, 25, 22, 36
MM, 25, 22, 13
MM, 26, 21, 12
MM, 26, 21, 17
MM, 27, 21, 9
MM, 28, 21, 12
MM, 30, 20, 12
MM, 32, 20, 14
MM, 530, 554, 12
MM, 532, 553, 15
MM, 533, 553, 12
MM, 0, 19, 13
MM, 1, 18, 14
MM, 3, 18, 11
MM, 4, 18, 12
MM, 6, 18, 12
MM, 7, 18, 17
MM, 8, 17, 11
MM, 10, 17, 12
MM, 11, 17, 13
MM, 11, 17, 13
MM, 12, 17, 11
MM, 13, 17, 13
MM, 13, 17, 12
MM, 13, 17, 16
MM, 14, 17, 12
MM, 14, 17, 24
MM, 14, 17, 25
MM, 15, 17, 13
MC, 1, 37
MM, 15, 17, 4
MM, 15, 17, 11
MM, 16, 17, 13
MM, 18, 17, 12
MM, 20, 17, 11
MM, 25, 17, 14
MM, 31, 16, 14
MM, 0, 16, 13
MM, 10, 16, 12
MM, 22, 16, 14
MM, 30, 16, 12
MM, 612, 550, 12
MM, 0, 16, 12
MM, 4, 16, 12
MM, 7, 16, 15
MM, 10, 16, 13
MM, 12, 16, 12
MM, 14, 15, 12
MM, 15, 15, 14
MM, 17, 15, 11
MM, 18, 15, 12
MM, 20, 15, 13
MM, 22, 15, 15
MM, 25, 15, 14
MM, 28, 15, 10
MM, 648, 549, 14
MM, 651, 549, 12
MM, 0, 15, 13
MM, 4, 15, 11
MM, 8, 15, 13
MM, 12, 15, 12
MM, 16, 15, 15
MM, 21, 15, 12
MM, 27, 15, 13
MM, 32, 15, 12
MM, 691, 549, 12
MM, 0, 15, 13
MM, 3, 15, 13
MM, 6, 15, 14
MM, 8, 15, 12
MM, 10, 15, 14
MM, 11, 15, 12
MM, 12, 15, 12
MM, 12, 15, 13
MM, 12, 15, 15
MM, 13, 15, 24
MM, 13, 15, 12
MM, 14, 15, 13
MM, 15, 15, 12
MM, 15, 15, 13
MM, 16, 15, 11
MM, 17, 15, 14
MM, 17, 15, 15
MM, 18, 15, 13
MM, 18, 15, 12
MM, 19, 15, 12
MM, 20, 15, 12
MM, 20, 15, 12
MM, 21, 15, 18
MM, 21, 15, 21
MC, 1, 54
MM, 20, 15, 72
MM, 17, 15, 14
MM, 13, 15, 12
MM, 10, 15, 14
MM, 7, 15, 13
MM, 5, 15, 13
MM, 2, 15, 13
MM, 0, 14, 11
MM, 694, 548, 13
MM, 691, 548, 15
MM, 34, 14, 13
MM, 31, 13, 11
MM, 27, 13, 12
MM, 23, 13, 14
MM, 19, 13, 11
MM, 15, 12, 13
MM, 11, 12, 12
MM, 9, 12, 15
MM, 6, 12, 14
MM, 4, 12, 11
MM, 2, 11, 13
MM, 1, 11, 12
MM, 653, 545, 12
MM, 652, 545, 12
MM, 651, 545, 13
MM, 649, 545, 15
MM, 648, 545, 12
MM, 29, 11, 15
MM, 27, 11, 11
MM, 26, 11, 13
MM, 24, 11, 11
MM, 23, 11, 12
MM, 23, 11, 15
MM, 23, 11, 13
MM, 22, 11, 12
MM, 22, 11, 26
MM, 21, 11, 24
MM, 21, 11, 26
MC, 1, 11
MM, 20, 11, 4
MM, 20, 11, 11
MM, 19, 11, 12
MM, 17, 11, 14
MM, 14, 11, 12
MM, 10, 11, 12
MM, 6, 11, 12
MM, 2, 13, 15
MM, 613, 549, 12
MM, 32, 18, 12
MM, 26, 21, 13
MM, 16, 24, 12
MM, 5, 29, 13
MM, 569, 568, 12
MM, 15, 1, 13
MM, 5, 5, 14
MM, 538, 579, 12
MM, 28, 11, 14
MM, 19, 13, 12
MM, 11, 15, 12
MM, 4, 17, 12
MM, 500, 590, 16
MM, 497, 591, 12
MM, 31, 21, 12
MM, 28, 22, 12
MM, 25, 22, 13
MM, 23, 23, 12
MM, 20, 23, 13
MM, 18, 24, 12
MM, 15, 25, 13
MM, 13, 25, 15
MM, 11, 26, 13
MM, 8, 26, 12
MM, 5, 27, 12
MM, 3, 27, 13
MM, 0, 27, 12
MM, 461, 598, 17
MM, 459, 599, 9
MM, 35, 28, 12
MM, 32, 29, 12
MM, 30, 30, 13
MM, 450, 602, 13
MM, 448, 603, 14
MM, 447, 604, 12
MM, 446, 605, 14
MM, 445, 606, 14
MM, 444, 607, 10
MM, 34, 0, 12
MM, 33, 0, 12
MM, 33, 1, 14
MM, 32, 2, 12
MM, 31, 3, 15
MM, 30, 4, 12
MM, 29, 4, 13
MM, 28, 5, 13
MM, 27, 7, 11
MM, 26, 7, 13
MM, 26, 8, 16
MM, 25, 9, 12
MM, 24, 10, 12
MM, 24, 10, 12
MM, 23, 11, 12
MM, 23, 11, 12
MM, 22, 11, 13
MM, 22, 11, 15
MM, 21, 12, 12
MM, 21, 12, 14
MM, 21, 12, 12
MM, 20, 12, 12
MM, 20, 12, 12
MM, 20, 12, 12
MC, 1, 13
MM, 18, 12, 12
MM, 17, 12, 15
MM, 15, 12, 12
MM, 13, 12, 15
MM, 11, 12, 12
MM, 8, 12, 11
MM, 6, 12, 12
MM, 2, 12, 13
MM, 407, 618, 15
MM, 31, 6, 12
MM, 22, 0, 12
MM, 0, 30, 13
MM, 33, 25, 13
MM, 26, 22, 11
MM, 22, 19, 13
MM, 19, 18, 12
MM, 18, 18, 15
MM, 17, 17, 14
MM, 16, 17, 12
MM, 15, 17, 12
MM, 14, 17, 12
MM, 13, 17, 13
MM, 12, 17, 11
MM, 11, 17, 13
MM, 10, 17, 15
MM, 9, 17, 12
MM, 8, 16, 13
MM, 7, 16, 13
MM, 7, 16, 11
MM, 6, 16, 13
MM, 6, 16, 13
MC, 1, 117
MM, 7, 16, 24
MM, 10, 16, 12
MM, 14, 16, 12
MM, 17, 16, 13
MM, 23, 16, 12
MM, 30, 16, 13
MM, 376, 587, 16
MM, 7, 16, 12
MM, 20, 16, 12
MM, 34, 16, 12
MM, 5, 16, 13
MM, 18, 16, 12
MM, 30, 16, 17
MM, 462, 587, 9
MM, 10, 16, 12
MM, 20, 16, 12
MM, 31, 16, 13
MM, 5, 16, 13
MM, 16, 16, 14
MM, 28, 16, 12
MM, 540, 587, 14
MM, 9, 16, 14
MM, 21, 16, 10
MM, 32, 16, 13
MM, 0, 16, 13
MM, 10, 16, 11
MM, 18, 16, 14
MM, 24, 15, 14
MM, 29, 15, 12
MM, 617, 585, 13
MM, 620, 585, 12
MM, 621, 585, 12
MM, 1, 14, 13
MM, 3, 13, 16
MM, 5, 13, 12
MM, 8, 13, 12
MM, 11, 12, 12
MM, 14, 12, 13
MM, 16, 12, 12
MM, 18, 12, 13
MM, 20, 11, 14
MM, 23, 11, 12
MM, 26, 11, 14
MM, 28, 10, 12
MM, 31, 10, 12
MM, 32, 10, 12
MM, 34, 9, 13
MM, 658, 580, 12
MM, 659, 580, 15
MM, 660, 580, 12
MM, 661, 580, 12
MM, 661, 580, 15
MM, 661, 580, 11
MM, 662, 580, 12
MM, 0, 9, 13
MM, 0, 9, 14
MM, 0, 9, 12
MM, 1, 9, 13
MM, 1, 9, 13
MM, 1, 9, 11
MM, 2, 9, 13
MM, 3, 9, 13
MM, 4, 9, 12
MM, 5, 9, 15
MM, 5, 8, 12
MM, 7, 8, 14
MM, 8, 8, 11
MM, 10, 8, 13
MM, 11, 8, 11
MM, 12, 8, 13
MM, 13, 8, 14
MM, 15, 8, 14
MM, 15, 8, 12
MM, 16, 8, 12
MM, 16, 8, 13
MM, 17, 8, 12
MM, 17, 8, 12
MM, 17, 8, 13
MM, 18, 8, 16
MM, 18, 8, 12
MM, 18, 8, 24
MC, 1, 23
MM, 19, 8, 1
MM, 19, 8, 27
MM, 19, 9, 100
MM, 17, 9, 16
MM, 12, 10, 13
MM, 7, 12, 13
MM, 0, 13, 12
MM, 32, 15, 12
MM, 25, 17, 12
MM, 16, 20, 12
MM, 5, 26, 18
MM, 615, 603, 9
MM, 26, 4, 12
MM, 11, 13, 11
MM, 573, 630, 14
MM, 32, 29, 12
MM, 555, 642, 14
MM, 142, 2, 13
MM, 136, 6, 13
MM, 131, 9, 14
MM, 127, 11, 11
MM, 125, 12, 12
MM, 123, 13, 12
MM, 121, 14, 14
MM, 119, 15, 12
MM, 117, 16, 14
MM, 116, 17, 13
MM, 114, 18, 13
MM, 112, 18, 12
MM, 111, 19, 12
MM, 109, 19, 13
MM, 107, 20, 15
MM, 106, 20, 13
MM, 105, 20, 12
MM, 104, 20, 12
MM, 103, 20, 12
MM, 102, 20, 12
MM, 102, 20, 12
MM, 102, 20, 13
MM, 101, 20, 15
MM, 101, 20, 14
MM, 101, 20, 11
MM, 100, 20, 13
MM, 100, 20, 24
MM, 100, 20, 25
MM, 99, 20, 14
MM, 99, 20, 13
MC, 1, 12
MM, 99, 20, 3
MM, 99, 19, 11
MM, 99, 19, 12
MM, 99, 18, 12
MM, 99, 18, 12
MM, 99, 17, 15
MM, 99, 16, 13
MM, 99, 15, 12
MM, 99, 14, 12
MM, 103, 12, 14
MM, 109, 11, 12
MM, 116, 9, 11
MM, 127, 5, 13
MM, 543, 644, 15
MM, 27, 28, 14
MM, 1, 19, 10
MM, 14, 11, 14
MM, 24, 6, 13
MM, 31, 2, 12
MM, 610, 607, 12
MM, 613, 605, 12
MM, 616, 604, 12
MM, 618, 603, 15
MM, 620, 603, 12
MM, 622, 602, 13
MM, 2, 30, 12
MM, 5, 30, 13
MM, 7, 29, 12
MM, 10, 28, 13
MM, 13, 27, 14
MM, 16, 26, 12
MM, 18, 25, 14
MM, 20, 24, 13
MM, 22, 23, 11
MM, 23, 23, 13
MM, 24, 23, 15
MM, 24, 23, 12
MM, 25, 22, 12
MM, 26, 22, 12
MM, 26, 22, 13
MM, 27, 22, 12
MM, 28, 22, 14
MM, 29, 22, 12
MM, 32, 22, 14
MM, 34, 22, 13
MM, 659, 593, 13
MM, 661, 593, 12
MM, 0, 22, 12
MM, 1, 22, 12
MM, 2, 22, 12
MM, 4, 22, 17
MM, 5, 22, 10
MM, 6, 22, 12
MM, 7, 22, 12
MM, 8, 22, 12
MM, 8, 22, 14
MM, 9, 22, 13
MM, 10, 22, 13
MM, 11, 22, 13
MM, 12, 22, 14
MM, 12, 22, 11
MM, 13, 22, 12
MM, 13, 22, 13
MM, 13, 22, 27
MM, 13, 22, 115
MC, 1, 9
MM, 13, 21, 3
MM, 13, 21, 12
MM, 12, 21, 12
MM, 9, 21, 13
MM, 7, 21, 15
MM, 4, 21, 11
MM, 2, 20, 16
MM, 661, 591, 11
MM, 657, 589, 12
MM, 30, 17, 12
MM, 25, 16, 12
MM, 20, 15, 15
MM, 16, 13, 12
MM, 11, 13, 12
MM, 6, 11, 13
MM, 0, 10, 14
MM, 616, 579, 11
MM, 25, 7, 12
MM, 19, 5, 13
MM, 12, 4, 15
MM, 4, 2, 12
MM, 581, 571, 13
MM, 573, 570, 12
MM, 566, 568, 12
MM, 557, 566, 12
MM, 14, 30, 12
MM, 7, 28, 15
MM, 2, 26, 13
MM, 531, 559, 13
MM, 29, 24, 14
MM, 24, 23, 11
MM, 19, 22, 12
MM, 12, 22, 12
MM, 5, 22, 14
MM, 495, 556, 12
MM, 31, 22, 14
MM, 25, 22, 12
MM, 20, 22, 13
MM, 14, 22, 12
MM, 9, 22, 12
MM, 4, 22, 12
MM, 456, 556, 17
MM, 452, 556, 13
MM, 34, 22, 11
MM, 31, 22, 13
MM, 29, 22, 12
MM, 28, 22, 12
MM, 28, 21, 12
MM, 27, 21, 13
MM, 27, 21, 15
MM, 26, 21, 13
MM, 26, 21, 12
MM, 25, 20, 12
MM, 25, 20, 13
MM, 25, 20, 11
MM, 25, 20, 13
MM, 25, 20, 13
MM, 25, 19, 14
MM, 25, 19, 12
MM, 25, 19, 16
MM, 25, 19, 23
MM, 25, 19, 61
MC, 1, 29
MM, 23, 19, 13
MM, 22, 19, 12
MM, 20, 19, 12
MM, 18, 19, 13
MM, 15, 19, 12
MM, 12, 19, 12
MM, 9, 19, 12
MM, 5, 21, 16
MM, 1, 22, 13
MM, 413, 557, 13
MM, 410, 558, 11
MM, 35, 26, 12
MM, 32, 27, 13
MM, 30, 27, 12
MM, 27, 28, 13
MM, 25, 29, 14
MM, 24, 30, 12
MM, 22, 30, 14
MM, 393, 565, 13
MM, 392, 566, 12
MM, 390, 566, 11
MM, 388, 567, 12
MM, 386, 568, 16
MM, 384, 569, 12
MM, 2, 0, 12
MM, 0, 0, 13
MM, 379, 572, 14
MM, 377, 573, 12
MM, 376, 574, 11
MM, 374, 575, 13
MM, 35, 5, 14
MM, 34, 6, 12
MM, 33, 6, 13
MM, 32, 7, 13
MM, 31, 7, 12
MM, 30, 8, 12
MM, 30, 8, 13
MM, 29, 8, 12
MM, 29, 8, 15
MM, 28, 8, 12
MM, 28, 8, 13
MC, 1, 50
MM, 28, 8, 39
MM, 29, 8, 115
MM, 31, 8, 13
MM, 34, 8, 11
MM, 374, 579, 13
MM, 377, 579, 14
MM, 0, 8, 14
MM, 3, 8, 12
MM, 7, 7, 12
MM, 10, 7, 12
MM, 14, 7, 13
MM, 18, 7, 12
MM, 21, 7, 12
MM, 25, 7, 15
MM, 29, 7, 12
MM, 33, 7, 15
MM, 417, 578, 11
MM, 420, 578, 12
MM, 2, 7, 13
MM, 5, 7, 12
MM, 9, 7, 12
MM, 12, 7, 15
MM, 15, 7, 12
MM, 18, 7, 12
MM, 20, 7, 15
MM, 23, 7, 13
MM, 24, 7, 11
MM, 25, 7, 11
MM, 26, 7, 13
MM, 27, 7, 21
MM, 28, 7, 17
MM, 28, 7, 29
MC, 1, 61
MM, 28, 7, 39
MM, 28, 8, 101
MM, 28, 10, 14
MM, 28, 11, 14
MM, 28, 13, 12
MM, 28, 15, 11
MM, 28, 17, 13
MM, 28, 19, 14
MM, 28, 21, 12
MM, 28, 24, 13
MM, 28, 26, 12
MM, 28, 29, 13
MM, 449, 603, 12
MM, 449, 607, 13
MM, 449, 611, 12
MM, 449, 615, 15
MM, 449, 618, 12
MM, 449, 621, 13
MM, 449, 623, 13
MM, 449, 625, 11
MM, 449, 627, 12
MM, 449, 628, 17
MM, 449, 630, 11
MM, 449, 632, 12
MM, 449, 633, 12
MM, 449, 635, 13
MM, 449, 636, 13
MM, 449, 638, 12
MM, 449, 640, 12
MM, 449, 642, 15
MM, 449, 643, 13
MM, 449, 644, 12
MM, 45, 0, 12
MM, 45, 1, 14
MM, 45, 2, 11
MM, 45, 3, 12
MM, 45, 3, 13
MM, 45, 4, 15
MM, 45, 4, 13
MM, 45, 5, 13
MM, 45, 5, 12
MM, 45, 5, 12
MM, 45, 5, 24
MC, 1, 54
MM, 45, 5, 150
MM, 45, 4, 12
MM, 45, 2, 17
MM, 45, 0, 11
MM, 449, 643, 12
MM, 455, 640, 13
MM, 15, 25, 14
MM, 487, 620, 12
MM, 16, 29, 11
MM, 5, 12, 13
MM, 575, 570, 14
MM, 22, 26, 18
MM, 14, 14, 18
MM, 27, 10, 15
MM, 650, 542, 13
MM, 653, 541, 13
MM, 1, 7, 12
MM, 3, 6, 12
MM, 5, 5, 12
MM, 8, 4, 13
MM, 11, 3, 15
MM, 14, 2, 12
MM, 18, 1, 12
MM, 676, 533, 15
MM, 680, 532, 12
MM, 685, 531, 12
MM, 688, 531, 11
MM, 692, 531, 13
MM, 694, 531, 14
MM, 696, 531, 13
MM, 698, 531, 12
MM, 699, 531, 13
MM, 699, 531, 13
MM, 700, 531, 12
MM, 700, 531, 11
MM, 701, 531, 13
MM, 701, 531, 15
MM, 701, 531, 12
MM, 702, 531, 26
MM, 702, 531, 11
MM, 703, 531, 13
MM, 703, 531, 13
MM, 704, 531, 14
MM, 704, 531, 12
MM, 704, 532, 13
MM, 704, 532, 13
MM, 704, 532, 12
MM, 705, 532, 12
MM, 705, 533, 12
MM, 705, 533, 16
MM, 705, 533, 12
MM, 9, 0, 12
MM, 10, 0, 12
MM, 10, 0, 13
MM, 10, 0, 12
MM, 10, 1, 13
MM, 10, 1, 14
MM, 11, 2, 14
MM, 11, 2, 12
MM, 11, 2, 12
MM, 11, 3, 12
MM, 11, 3, 14
MM, 11, 3, 11
MM, 11, 4, 12
MM, 11, 4, 14
MM, 11, 4, 14
MM, 11, 5, 14
MM, 11, 5, 12
MM, 11, 5, 12
MM, 11, 5, 12
MM, 11, 6, 13
MM, 11, 6, 11
MM, 11, 6, 13
MM, 11, 7, 15
MM, 11, 7, 12
MM, 11, 7, 15
MM, 11, 7, 12
MC, 1, 62
MM, 10, 7, 62
MM, 6, 7, 13
MM, 2, 7, 15
MM, 693, 541, 14
MM, 33, 6, 10
MM, 26, 6, 13
MM, 16, 6, 13
MM, 0, 6, 13
MM, 14, 6, 12
MM, 26, 6, 12
MM, 570, 540, 12
MM, 10, 6, 15
MM, 29, 6, 19
MM, 1, 6, 19
MM, 31, 6, 12
MM, 26, 6, 16
MM, 23, 6, 12
MM, 20, 6, 12
MM, 19, 6, 11
MM, 17, 6, 12
MM, 15, 6, 17
MM, 14, 6, 11
MM, 11, 6, 12
MM, 9, 6, 12
MM, 7, 6, 15
MM, 5, 6, 11
MM, 3, 6, 13
MM, 1, 6, 11
MM, 455, 541, 12
MM, 454, 541, 15
MM, 452, 542, 13
MM, 35, 8, 12
MM, 33, 9, 13
MM, 31, 9, 13
MM, 29, 9, 12
MM, 27, 9, 12
MM, 26, 9, 12
MM, 25, 9, 14
MM, 23, 9, 13
MM, 23, 9, 14
MM, 22, 9, 12
MM, 22, 9, 11
MM, 21, 9, 12
MM, 21, 9, 14
MM, 21, 9, 27
MM, 21, 9, 393
MM, 21, 10, 16
MM, 21, 10, 12
MC, 1, 12
MM, 21, 10, 11
MM, 21, 10, 12
MM, 21, 11, 15
MM, 21, 11, 12
MM, 21, 11, 13
MM, 21, 11, 91
MM, 21, 11, 24
MM, 21, 11, 12
MM, 21, 12, 25
MM, 21, 12, 12
MM, 21, 12, 13
MM, 21, 12, 14
MM, 21, 13, 19
MM, 22, 14, 19
MM, 25, 17, 12
MM, 31, 21, 15
MM, 456, 562, 13
MM, 6, 0, 12
MM, 18, 8, 11
MM, 30, 15, 12
MM, 0, 20, 17
MM, 6, 23, 11
MM, 10, 25, 12
MM, 12, 26, 13
MM, 14, 26, 14
MM, 15, 26, 12
MM, 16, 26, 12
MM, 17, 26, 11
MM, 19, 26, 13
MM, 20, 27, 14
MM, 22, 27, 13
MM, 24, 27, 13
MM, 26, 28, 12
MM, 28, 28, 13
MM, 30, 29, 12
MM, 31, 29, 12
MM, 32, 30, 13
MM, 535, 602, 13
MM, 537, 604, 14
MM, 538, 606, 13
MM, 8, 0, 12
MM, 10, 3, 11
MM, 11, 5, 13
MM, 12, 7, 14
MM, 13, 8, 13
MM, 14, 10, 13
MM, 15, 11, 13
MM, 15, 11, 12
MM, 16, 12, 12
MM, 16, 13, 12
MM, 16, 14, 13
MM, 16, 14, 15
MM, 16, 14, 12
MM, 17, 14, 12
MM, 17, 15, 13
MM, 17, 15, 13
MM, 17, 15, 11
MM, 17, 15, 13
MM, 17, 15, 14
MM, 17, 16, 14
MC, 1, 25
MM, 15, 16, 90
MM, 11, 16, 13
MM, 5, 16, 11
MM, 530, 624, 12
MM, 31, 16, 12
MM, 21, 16, 12
MM, 11, 15, 15
MM, 0, 14, 13
MM, 30, 14, 13
MM, 19, 13, 14
MM, 10, 12, 11
MM, 3, 11, 11
MM, 448, 619, 14
MM, 445, 618, 13
MM, 34, 10, 13
MM, 32, 10, 13
MM, 30, 10, 13
MM, 28, 10, 11
MM, 26, 10, 12
MM, 24, 10, 13
MM, 23, 10, 13
MM, 22, 10, 14
MM, 21, 10, 13
MM, 21, 10, 14
MM, 20, 10, 11
MM, 19, 10, 13
MM, 18, 10, 11
MM, 18, 10, 13
MM, 17, 10, 14
MM, 17, 10, 13
MM, 17, 10, 12
MC, 1, 102
MM, 17, 9, 13
MM, 17, 9, 13
MM, 17, 8, 14
MM, 17, 7, 11
MM, 22, 5, 13
MM, 32, 2, 13
MM, 457, 605, 14
MM, 13, 29, 12
MM, 496, 594, 11
MM, 15, 17, 12
MM, 33, 13, 13
MM, 5, 8, 15
MM, 15, 5, 12
MM, 23, 2, 12
MM, 29, 0, 13
MM, 578, 568, 12
MM, 583, 566, 13
MM, 13, 29, 13
MM, 17, 27, 13
MM, 23, 24, 13
MM, 27, 22, 13
MM, 32, 20, 13
MM, 35, 17, 11
MM, 614, 549, 12
MM, 1, 13, 13
MM, 3, 12, 13
MM, 5, 12, 14
MM, 7, 11, 13
MM, 8, 11, 13
MM, 9, 10, 12
MM, 10, 10, 11
MM, 10, 10, 14
MM, 11, 10, 15
MM, 11, 10, 12
MM, 12, 10, 13
MM, 12, 10, 12
MM, 13, 10, 12
MM, 13, 10, 12
MM, 14, 10, 12
MM, 14, 10, 15
MM, 14, 10, 12
MM, 15, 10, 15
MM, 16, 10, 12
MM, 16, 10, 12
MM, 17, 10, 12
MM, 17, 10, 12
MM, 18, 10, 13
MM, 18, 10, 14
MC, 1, 12
MM, 18, 10, 13
MM, 19, 10, 26
MM, 19, 10, 12
MM, 19, 10, 11
MM, 20, 10, 13
MM, 21, 10, 14
MM, 22, 10, 14
MM, 23, 10, 12
MM, 25, 10, 12
MM, 26, 12, 15
MM, 28, 14, 10
MM, 648, 549, 12
MM, 650, 551, 13
MM, 652, 553, 15
MM, 1, 21, 12
MM, 4, 23, 13
MM, 7, 25, 12
MM, 9, 26, 12
MM, 11, 27, 13
MM, 13, 28, 13
MM, 14, 29, 13
MM, 16, 30, 13
MM, 671, 565, 13
MM, 672, 566, 14
MM, 673, 567, 11
MM, 673, 567, 12
MM, 674, 568, 12
MM, 675, 569, 12
MM, 676, 570, 14
MM, 13, 1, 13
MM, 14, 2, 13
MM, 14, 4, 14
MM, 15, 6, 19
MM, 16, 9, 19
MM, 16, 11, 12
MM, 17, 11, 14
MM, 17, 12, 11
MM, 17, 13, 12
MM, 17, 13, 13
MM, 17, 14, 15
MM, 17, 14, 14
MM, 17, 14, 11
MM, 17, 15, 12
MM, 17, 15, 26
MM, 17, 15, 11
MM, 17, 15, 13
MC, 1, 14
MM, 17, 16, 13
MM, 17, 16, 12
MM, 17, 16, 13
MM, 17, 16, 12
MM, 17, 17, 12
MM, 17, 17, 12
MM, 15, 17, 40
MM, 11, 17, 14
MM, 8, 17, 12
MM, 4, 17, 12
MM, 0, 18, 13
MM, 658, 590, 15
MM, 32, 20, 12
MM, 27, 21, 12
MM, 23, 24, 12
MM, 18, 26, 13
MM, 12, 28, 12
MM, 629, 602, 12
MM, 624, 605, 13
MM, 618, 607, 14
MM, 38, 2, 13
MM, 33, 5, 14
MM, 28, 8, 11
MM, 23, 11, 13
MM, 19, 13, 11
MM, 15, 16, 13
MM, 12, 18, 14
MM, 9, 21, 13
MM, 7, 23, 13
MM, 4, 25, 15
MM, 2, 27, 11
MM, 573, 637, 11
MM, 571, 639, 13
MM, 570, 641, 12
MM, 567, 643, 15
MM, 566, 644, 13
MM, 160, 1, 12
MM, 158, 2, 12
MM, 156, 4, 15
MM, 154, 5, 11
MM, 152, 6, 11
MM, 150, 7, 13
MM, 148, 8, 12
MM, 145, 9, 15
MM, 142, 9, 12
MM, 139, 9, 13
MM, 137, 9, 12
MM, 135, 9, 13
MM, 133, 9, 12
MM, 132, 9, 12
MM, 130, 9, 15
MM, 130, 9, 13
MM, 129, 9, 12
MM, 129, 9, 13
MM, 128, 9, 12
MM, 128, 9, 13
MM, 128, 9, 12
MM, 127, 9, 27
MM, 127, 9, 25
MM, 127, 9, 25
MM, 126, 9, 12
MM, 126, 9, 12
MM, 125, 9, 17
MM, 124, 9, 11
MM, 124, 9, 12
MM, 123, 10, 13
MM, 123, 10, 13
MM, 123, 10, 18
MM, 121, 10, 20
MM, 121, 11, 12
MM, 121, 11, 13
MM, 120, 11, 11
MM, 120, 11, 28
MM, 120, 11, 27
MM, 119, 11, 24
MM, 119, 11, 64
MC, 1, 11
MM, 119, 11, 13
MM, 118, 11, 25
MM, 118, 11, 12
MM, 118, 11, 17
MM, 118, 11, 24
MM, 117, 11, 12
MM, 116, 11, 13
MM, 116, 11, 11
MM, 114, 11, 13
MM, 113, 11, 12
MM, 112, 10, 16
MM, 111, 9, 12
MM, 109, 7, 12
MM, 108, 6, 12
MM, 105, 4, 13
MM, 103, 3, 12
MM, 100, 1, 12
MM, 98, 0, 14
MM, 499, 643, 13
MM, 497, 642, 14
MM, 494, 640, 13
MM, 492, 639, 11
MM, 489, 637, 12
MM, 487, 635, 12
MM, 485, 633, 13
MM, 33, 23, 15
MM, 31, 22, 12
MM, 29, 20, 12
MM, 26, 19, 15
MM, 24, 18, 11
MM, 21, 16, 12
MM, 18, 15, 13
MM, 15, 15, 13
MM, 12, 14, 15
MM, 9, 14, 11
MM, 7, 14, 12
MM, 4, 14, 13
MM, 3, 14, 14
MM, 1, 14, 11
MM, 0, 14, 12
MM, 448, 622, 13
MM, 447, 622, 15
MM, 445, 622, 12
MM, 444, 622, 12
MM, 34, 14, 13
MM, 33, 14, 11
MM, 32, 14, 13
MM, 31, 14, 14
MM, 31, 14, 13
MM, 30, 14, 13
MM, 29, 14, 13
MM, 29, 14, 12
MM, 28, 14, 12
MM, 28, 14, 12
MM, 27, 14, 13
MM, 27, 14, 28
MC, 1, 46
MM, 27, 14, 68
MM, 27, 14, 12
MM, 27, 13, 13
MM, 27, 13, 12
MM, 27, 13, 18
MM, 27, 13, 21
MM, 27, 13, 11
MM, 26, 12, 13
MM, 24, 11, 13
MM, 21, 10, 12
MM, 18, 8, 15
MM, 15, 6, 12
MM, 11, 4, 15
MM, 9, 2, 11
MM, 6, 0, 12
MM, 412, 607, 11
MM, 410, 605, 13
MM, 408, 603, 13
MM, 405, 602, 14
MM, 23, 29, 13
MM, 21, 29, 13
MM, 20, 28, 12
MM, 18, 28, 12
MM, 16, 28, 12
MM, 15, 27, 17
MM, 14, 27, 11
MM, 12, 27, 12
MM, 11, 26, 13
MM, 10, 26, 13
MM, 8, 26, 12
MM, 7, 25, 11
MM, 6, 24, 13
MM, 4, 23, 14
MM, 3, 22, 14
MM, 1, 21, 13
MM, 0, 20, 12
MM, 379, 590, 12
MM, 378, 589, 12
MM, 376, 588, 12
MM, 375, 587, 13
MM, 35, 15, 14
MM, 34, 14, 13
MM, 32, 13, 14
MM, 31, 12, 12
MM, 30, 12, 12
MM, 30, 11, 11
MM, 29, 11, 14
MC, 1, 52
MM, 31, 11, 114
MM, 376, 583, 12
MM, 6, 13, 12
MM, 16, 15, 13
MM, 25, 17, 14
MM, 33, 17, 13
MM, 419, 589, 13
MM, 6, 19, 13
MM, 13, 19, 11
MM, 21, 20, 12
MM, 28, 21, 13
MM, 34, 21, 13
MM, 461, 593, 14
MM, 4, 22, 13
MM, 9, 23, 13
MM, 13, 24, 12
MM, 18, 25, 11
MM, 22, 26, 14
MM, 26, 27, 15
MM, 29, 28, 12
MM, 496, 599, 13
MM, 499, 600, 12
MM, 1, 29, 12
MM, 3, 29, 12
MM, 6, 29, 13
MM, 8, 29, 12
MM, 10, 29, 12
MM, 12, 29, 17
MM, 14, 29, 12
MM, 16, 29, 12
MM, 18, 30, 12
MM, 20, 30, 13
MM, 523, 602, 11
MM, 524, 602, 17
MM, 526, 603, 10
MM, 527, 604, 12
MM, 529, 605, 12
MM, 530, 606, 12
MM, 531, 607, 14
MM, 1, 0, 14
MM, 2, 1, 13
MM, 3, 2, 13
MM, 4, 3, 14
MM, 6, 4, 11
MM, 7, 4, 11
MM, 8, 5, 14
MM, 8, 5, 11
MM, 9, 6, 13
MM, 9, 6, 14
MM, 10, 6, 13
MM, 10, 7, 13
MM, 11, 7, 12
MM, 12, 8, 11
MM, 12, 8, 14
MM, 13, 9, 16
MM, 13, 9, 11
MM, 14, 9, 13
MC, 1, 63
MM, 15, 10, 63
MM, 15, 10, 12
MM, 15, 10, 12
MM, 15, 11, 15
MM, 15, 11, 12
MM, 15, 12, 13
MM, 15, 13, 14
MM, 15, 14, 12
MM, 13, 16, 11
MM, 10, 17, 14
MM, 8, 19, 13
MM, 6, 20, 13
MM, 5, 22, 13
MM, 4, 24, 13
MM, 2, 26, 11
MM, 0, 28, 12
MM, 531, 638, 13
MM, 529, 641, 12
MM, 528, 644, 14
MM, 122, 1, 13
MM, 121, 4, 15
MM, 120, 7, 11
MM, 119, 9, 13
MM, 118, 11, 11
MM, 117, 13, 12
MM, 117, 14, 15
MM, 116, 15, 13
MM, 116, 16, 12
MM, 116, 17, 13
MM, 115, 18, 13
MM, 115, 18, 12
MM, 115, 19, 11
MM, 114, 19, 14
MM, 114, 20, 12
MM, 114, 20, 15
MM, 114, 20, 12
MM, 113, 20, 13
MM, 113, 21, 24
MM, 113, 21, 27
MM, 112, 21, 14
MM, 111, 21, 12
MM, 110, 21, 12
MM, 108, 20, 13
MM, 103, 13, 37
MM, 101, 11, 12
MM, 100, 10, 15
MM, 100, 9, 14
MM, 99, 7, 11
MM, 98, 6, 12
MM, 98, 5, 13
MM, 97, 4, 13
MM, 96, 2, 11
MM, 96, 0, 17
MM, 499, 643, 10
MM, 498, 641, 12
MM, 498, 639, 12
MM, 8, 29, 12
MM, 7, 27, 14
MM, 6, 25, 14
MM, 5, 22, 12
MM, 3, 20, 13
MM, 2, 17, 15
MM, 489, 622, 10
MM, 486, 617, 12
MM, 33, 3, 13
MM, 477, 602, 12
MM, 9, 22, 13
MM, 5, 16, 13
MM, 1, 10, 14
MM, 462, 577, 13
MM, 459, 573, 12
MM, 458, 570, 11
MM, 457, 568, 14
MM, 456, 567, 16
MM, 456, 566, 11
MM, 455, 565, 12
MM, 455, 565, 13
MM, 455, 565, 165
MM, 455, 567, 13
MM, 455, 568, 14
MM, 455, 570, 12
MM, 34, 0, 11
MM, 34, 1, 13
MM, 34, 1, 14
MM, 34, 2, 13
MM, 34, 3, 13
MM, 34, 4, 12
MM, 34, 4, 12
MM, 34, 4, 13
MM, 34, 5, 12
MM, 35, 6, 12
MM, 35, 7, 15
MM, 35, 7, 12
MM, 35, 8, 15
MM, 35, 8, 12
MM, 35, 9, 12
MM, 35, 9, 11
MM, 35, 9, 65
MM, 457, 580, 12
MM, 458, 580, 13
MM, 459, 580, 12
MM, 460, 580, 12
MM, 462, 580, 16
MM, 462, 580, 11
MM, 0, 9, 12
MM, 1, 9, 15
MM, 1, 9, 12
MM, 1, 9, 126
MM, 0, 10, 12
MM, 462, 581, 12
MM, 460, 582, 17
MM, 460, 582, 11
MM, 459, 582, 12
MM, 458, 583, 13
MM, 458, 583, 13
MM, 457, 584, 11
MM, 35, 13, 17
MM, 35, 13, 10
MM, 35, 13, 12
MM, 34, 13, 12
MM, 34, 13, 13
MM, 34, 13, 13
MM, 33, 13, 27
MC, 1, 62
MM, 33, 13, 77
MM, 33, 13, 24
MM, 33, 13, 15
MM, 32, 13, 13
MM, 32, 13, 12
MM, 32, 11, 13
MM, 32, 9, 13
MM, 32, 7, 11
MM, 32, 6, 12
MM, 32, 4, 15
MM, 32, 3, 12
MM, 32, 1, 15
MM, 32, 0, 12
MM, 453, 569, 12
MM, 453, 568, 12
MM, 453, 566, 12
MM, 453, 564, 12
MM, 453, 562, 15
MM, 453, 560, 12
MM, 453, 559, 13
MM, 453, 557, 14
MM, 455, 555, 12
MM, 456, 553, 12
MM, 0, 18, 13
MM, 1, 17, 13
MM, 2, 16, 13
MM, 4, 15, 13
MM, 5, 14, 12
MM, 7, 13, 12
MM, 8, 12, 12
MM, 9, 11, 14
MM, 10, 10, 12
MM, 11, 9, 14
MM, 13, 9, 13
MM, 14, 8, 14
MM, 15, 8, 11
MM, 16, 7, 12
MM, 17, 7, 12
MM, 17, 7, 13
MM, 18, 6, 13
MM, 18, 6, 12
MM, 19, 6, 15
MM, 20, 6, 12
MM, 20, 6, 13
MM, 21, 6, 12
MM, 21, 6, 25
MC, 1, 15
MM, 21, 6, 11
MM, 22, 6, 26
MM, 22, 6, 12
MM, 22, 6, 37
MM, 22, 7, 16
MM, 22, 8, 13
MM, 22, 9, 11
MM, 22, 10, 12
MM, 20, 11, 13
MM, 17, 12, 11
MM, 12, 12, 13
MM, 9, 13, 13
MM, 5, 13, 14
MM, 3, 13, 14
MM, 0, 13, 13
MM, 456, 548, 12
MM, 453, 548, 12
MM, 452, 548, 12
MM, 35, 14, 12
MM, 33, 14, 16
MM, 31, 14, 11
MM, 28, 15, 11
MM, 25, 15, 13
MM, 21, 15, 16
MM, 16, 15, 11
MM, 12, 15, 13
MM, 9, 15, 13
MM, 6, 15, 13
MM, 3, 16, 13
MM, 1, 16, 11
MM, 414, 550, 12
MM, 412, 550, 13
MM, 410, 550, 15
MM, 36, 16, 11
MM, 33, 16, 13
MM, 31, 16, 14
MM, 29, 16, 12
MM, 27, 16, 11
MM, 26, 16, 12
MM, 25, 16, 15
MM, 23, 16, 14
MM, 22, 16, 13
MM, 20, 16, 12
MM, 19, 16, 12
MM, 18, 16, 12
MM, 18, 16, 12
MM, 17, 16, 13
MM, 16, 16, 13
MM, 16, 16, 13
MM, 15, 16, 16
MM, 14, 16, 11
MM, 13, 16, 12
MM, 12, 16, 12
MM, 11, 18, 12
MM, 10, 22, 15
MM, 8, 25, 12
MM, 6, 27, 13
MM, 5, 30, 12
MM, 375, 566, 14
MM, 374, 567, 12
MM, 371, 568, 11
MM, 370, 569, 12
MM, 368, 570, 15
MM, 367, 570, 13
MM, 27, 0, 13
MM, 26, 0, 12
MM, 25, 0, 12
MM, 25, 1, 12
MM, 24, 1, 13
MM, 23, 2, 12
MM, 23, 2, 15
MM, 22, 3, 13
MM, 22, 3, 14
MM, 22, 3, 11
MM, 21, 3, 12
MM, 21, 4, 12
MM, 21, 4, 13
MM, 20, 4, 13
MM, 20, 4, 12
MM, 20, 4, 40
MM, 20, 4, 12
MC, 1, 12
MM, 20, 3, 77
MM, 20, 1, 12
MM, 20, 0, 12
MM, 358, 570, 15
MM, 358, 568, 14
MM, 358, 567, 12
MM, 358, 565, 12
MM, 28, 29, 12
MM, 29, 27, 13
MM, 30, 26, 11
MM, 32, 25, 13
MM, 33, 23, 13
MM, 34, 22, 14
MM, 35, 21, 14
MM, 366, 554, 13
MM, 366, 554, 12
MM, 367, 553, 12
MM, 367, 553, 12
MM, 368, 552, 12
MM, 368, 552, 16
MM, 369, 552, 11
MM, 369, 552, 11
MM, 369, 552, 14
MM, 370, 551, 16
MM, 371, 551, 10
MM, 0, 17, 13
MM, 2, 16, 13
MM, 4, 15, 13
MM, 6, 15, 13
MM, 8, 15, 11
MM, 10, 15, 11
MM, 12, 14, 14
MM, 14, 14, 15
MM, 16, 14, 11
MM, 17, 14, 13
MM, 18, 14, 14
MM, 19, 14, 12
MM, 20, 14, 11
MM, 20, 14, 12
MM, 21, 14, 15
MM, 21, 14, 14
MM, 22, 14, 13
MM, 22, 14, 12
MM, 22, 14, 12
MC, 1, 12
MM, 22, 14, 11
MM, 23, 14, 245
MM, 24, 14, 12
MM, 25, 15, 11
MM, 27, 20, 13
MM, 31, 27, 14
MM, 407, 569, 13
MM, 30, 4, 12
MM, 32, 10, 14
MM, 416, 586, 14
MM, 418, 590, 10
MM, 420, 592, 13
MM, 1, 24, 11
MM, 2, 25, 13
MM, 4, 27, 13
MM, 6, 29, 14
MM, 430, 602, 13
MM, 433, 606, 13
MM, 27, 1, 12
MM, 31, 5, 12
MM, 34, 9, 12
MM, 447, 620, 13
MM, 0, 16, 16
MM, 4, 19, 11
MM, 7, 23, 13
MM, 11, 25, 13
MM, 14, 28, 12
MM, 17, 30, 11
MM, 470, 640, 14
MM, 472, 641, 13
MM, 473, 642, 14
MM, 475, 642, 13
MM, 477, 643, 12
MM, 479, 644, 12
MM, 480, 644, 13
MM, 78, 0, 11
MM, 79, 0, 13
MM, 80, 0, 13
MM, 81, 0, 14
MM, 82, 0, 14
MM, 83, 0, 13
MM, 85, 0, 12
MM, 85, 0, 12
MM, 87, 0, 12
MM, 88, 0, 12
MM, 88, 0, 16
MM, 89, 0, 11
MM, 90, 0, 12
MM, 90, 0, 12
MM, 90, 0, 16
MM, 91, 0, 11
MM, 91, 0, 25
MM, 91, 0, 27
MM, 92, 0, 11
MM, 92, 0, 11
MM, 92, 0, 14
MM, 93, 0, 15
MM, 93, 0, 11
MM, 94, 3, 13
MM, 94, 5, 13
MM, 95, 7, 13
MM, 96, 9, 11
MM, 96, 10, 12
MM, 96, 11, 15
MM, 96, 11, 14
MM, 97, 12, 13
MC, 1, 12
MM, 97, 11, 266
MM, 97, 9, 13
MM, 97, 4, 13
MM, 508, 642, 11
MM, 30, 26, 13
MM, 531, 628, 12
MM, 8, 15, 15
MM, 14, 13, 12
MM, 17, 11, 14
MM, 18, 11, 14
MM, 19, 11, 10
MM, 19, 11, 13
MM, 15, 11, 64
MM, 528, 619, 13
MM, 486, 620, 12
MM, 447, 623, 12
MM, 4, 17, 12
MM, 12, 17, 13
MM, 27, 17, 16
MM, 10, 17, 12
MM, 328, 625, 12
MM, 319, 623, 12
MM, 314, 620, 13
MM, 310, 618, 11
MM, 308, 617, 14
MM, 306, 615, 14
MM, 305, 614, 13
MM, 304, 613, 13
MM, 303, 612, 12
MM, 301, 610, 12
MM, 300, 608, 13
MM, 299, 607, 12
MM, 298, 605, 12
MM, 297, 603, 13
MM, 297, 602, 14
MM, 24, 30, 14
MM, 24, 29, 13
MM, 24, 28, 12
MM, 24, 27, 12
MM, 24, 26, 12
MM, 24, 25, 12
MM, 24, 24, 18
MM, 27, 22, 9
MM, 33, 21, 12
MM, 42, 20, 12
MM, 50, 19, 14
MM, 57, 18, 11
MM, 333, 588, 16
MM, 335, 588, 12
MM, 337, 588, 12
MM, 1, 17, 14
MM, 2, 17, 11
MM, 2, 17, 12
MM, 3, 17, 12
MM, 3, 17, 13
MM, 3, 17, 13
MM, 4, 17, 15
MM, 4, 17, 24
MM, 4, 17, 25
MM, 5, 17, 28
MM, 5, 17, 13
MM, 5, 17, 11
MM, 5, 16, 12
MM, 6, 16, 13
MM, 6, 16, 12
MM, 6, 16, 25
MC, 1, 41
MM, 7, 16, 63
MM, 7, 16, 25
MM, 8, 16, 14
MM, 9, 16, 12
MM, 12, 16, 12
MM, 16, 17, 12
MM, 24, 21, 13
MM, 375, 598, 14
MM, 394, 606, 13
MM, 3, 5, 12
MM, 20, 13, 12
MM, 445, 627, 14
MM, 8, 24, 11
MM, 17, 28, 12
MM, 23, 30, 13
MM, 475, 639, 15
MM, 477, 639, 14
MM, 479, 639, 10
MM, 480, 639, 14
MM, 482, 639, 12
MM, 483, 639, 13
MM, 485, 639, 11
MM, 486, 639, 13
MM, 487, 639, 12
MM, 488, 639, 15
MM, 489, 639, 12
MM, 489, 639, 13
MM, 490, 639, 12
MM, 490, 639, 12
MM, 491, 639, 13
MM, 491, 639, 13
MM, 492, 639, 15
MM, 494, 639, 12
MM, 496, 641, 12
MM, 499, 644, 13
MM, 98, 3, 12
MM, 101, 8, 13
MM, 103, 12, 15
MM, 105, 15, 12
MM, 106, 17, 12
MM, 107, 19, 12
MM, 108, 20, 13
MM, 109, 20, 12
MM, 109, 21, 13
MM, 109, 21, 12
MM, 109, 21, 13
MC, 1, 77
MM, 109, 19, 38
MM, 109, 18, 13
MM, 109, 16, 13
MM, 109, 14, 11
MM, 109, 12, 13
MM, 109, 6, 14
MM, 531, 638, 13
MM, 30, 10, 15
MM, 10, 27, 11
MM, 620, 584, 12
MM, 17, 3, 12
MM, 648, 569, 13
MM, 652, 567, 13
MM, 654, 566, 12
MM, 656, 566, 14
MM, 656, 566, 12
MM, 657, 565, 14
MM, 657, 565, 12
MM, 657, 565, 12
MM, 658, 565, 130
MM, 658, 565, 24
MM, 659, 565, 12
MM, 659, 565, 13
MM, 661, 567, 12
MM, 662, 570, 12
MM, 1, 1, 15
MM, 2, 3, 12
MM, 3, 5, 14
MM, 5, 7, 12
MM, 6, 8, 12
MM, 7, 9, 12
MM, 8, 10, 12
MM, 9, 10, 13
MM, 9, 11, 15
MM, 10, 11, 12
MM, 10, 12, 12
MM, 10, 12, 15
MM, 11, 12, 11
MM, 11, 13, 12
MM, 11, 13, 13
MM, 11, 13, 13
MC, 1, 38
MM, 12, 11, 89
MM, 12, 9, 13
MM, 12, 7, 12
MM, 11, 5, 12
MM, 9, 3, 13
MM, 6, 1, 13
MM, 5, 0, 12
MM, 666, 569, 15
MM, 663, 568, 12
MM, 661, 566, 13
MM, 4, 30, 12
MM, 2, 28, 12
MM, 0, 27, 13
MM, 652, 559, 16
MM, 651, 558, 11
MM, 648, 556, 12
MM, 29, 21, 13
MM, 27, 19, 13
MM, 25, 17, 13
MM, 23, 15, 11
MM, 21, 13, 13
MM, 19, 12, 12
MM, 18, 11, 17
MM, 16, 10, 11
MM, 16, 9, 12
MM, 15, 9, 13
MM, 14, 9, 12
MM, 14, 8, 18
MC, 1, 58
MM, 14, 9, 77
MM, 14, 13, 12
MM, 14, 18, 13
MM, 14, 24, 13
MM, 14, 29, 14
MM, 629, 568, 12
MM, 5, 2, 13
MM, 4, 7, 13
MM, 2, 12, 11
MM, 0, 16, 13
MM, 619, 590, 12
MM, 617, 592, 16
MM, 30, 23, 12
MM, 28, 24, 12
MM, 25, 25, 12
MM, 23, 26, 13
MM, 20, 26, 11
MM, 18, 27, 13
MM, 15, 28, 15
MM, 13, 29, 14
MM, 10, 30, 12
MM, 8, 30, 12
MM, 590, 602, 12
MM, 588, 604, 12
MM, 585, 605, 12
MM, 581, 607, 13
MM, 4, 1, 15
MM, 0, 3, 12
MM, 571, 613, 14
MM, 35, 7, 12
MM, 32, 10, 12
MM, 29, 12, 12
MM, 27, 13, 11
MM, 25, 15, 14
MM, 24, 16, 14
MM, 22, 17, 12
MM, 22, 18, 14
MM, 21, 19, 14
MM, 21, 19, 11
MM, 20, 20, 12
MM, 20, 20, 13
MM, 20, 21, 14
MM, 20, 21, 13
MM, 20, 21, 12
MC, 1, 12
MM, 19, 21, 38
MM, 19, 21, 12
MM, 19, 21, 13
MM, 18, 21, 14
MM, 18, 21, 12
MM, 17, 20, 13
MM, 15, 18, 12
MM, 14, 16, 12
MM, 11, 13, 14
MM, 6, 9, 12
MM, 0, 3, 12
MM, 522, 603, 15
MM, 11, 24, 12
MM, 1, 16, 13
MM, 29, 8, 12
MM, 22, 2, 12
MM, 478, 568, 13
MM, 17, 30, 12
MM, 13, 28, 15
MM, 12, 26, 12
MM, 10, 26, 13
MM, 9, 25, 12
MM, 8, 24, 14
MM, 6, 24, 11
MM, 6, 24, 13
MM, 5, 23, 12
MM, 4, 23, 16
MM, 2, 23, 12
MM, 0, 23, 12
MM, 454, 557, 12
MM, 451, 556, 13
MM, 32, 21, 18
MM, 26, 19, 21
MM, 23, 18, 11
MM, 22, 17, 13
MM, 20, 16, 13
MM, 19, 15, 12
MM, 18, 14, 15
MM, 17, 14, 12
MM, 16, 13, 14
MM, 16, 13, 11
MM, 16, 13, 13
MM, 15, 12, 11
MM, 15, 12, 13
MM, 15, 12, 14
MM, 15, 12, 14
MM, 15, 12, 12
MC, 1, 12
MM, 15, 11, 66
MM, 15, 12, 49
MM, 18, 21, 12
MM, 29, 8, 12
MM, 467, 605, 15
MM, 30, 19, 14
MM, 491, 644, 12
MM, 93, 11, 12
MM, 97, 18, 12
MM, 99, 21, 12
MM, 100, 22, 12
MM, 100, 23, 13
MM, 101, 24, 15
MM, 101, 24, 12
MM, 101, 24, 14
MM, 101, 24, 24
MM, 101, 24, 24
MM, 102, 24, 28
MM, 102, 24, 12
MM, 102, 24, 12
MM, 103, 24, 15
MM, 104, 24, 12
MM, 104, 24, 10
MM, 105, 24, 13
MM, 106, 22, 12
MM, 106, 21, 17
MM, 107, 19, 11
MM, 107, 18, 12
MM, 107, 18, 13
MM, 107, 17, 15
MM, 107, 17, 10
MM, 107, 17, 12
MM, 107, 17, 13
MM, 107, 16, 14
MM, 107, 16, 12
MM, 107, 16, 13
MM, 107, 16, 13
MC, 1, 89
MM, 107, 16, 191
MM, 107, 15, 12
MM, 108, 15, 13
MM, 110, 13, 18
MM, 115, 8, 21
MM, 117, 6, 12
MM, 120, 3, 12
MM, 123, 0, 13
MM, 530, 642, 12
MM, 532, 640, 15
MM, 3, 30, 12
MM, 5, 28, 14
MM, 7, 26, 12
MM, 10, 23, 12
MM, 13, 21, 12
MM, 15, 18, 12
MM, 18, 16, 12
MM, 21, 13, 14
MM, 23, 11, 14
MM, 26, 8, 12
MM, 28, 6, 13
MM, 31, 4, 12
MM, 33, 2, 12
MM, 34, 0, 13
MM, 568, 607, 16
MM, 568, 606, 11
MM, 569, 604, 12
MM, 570, 603, 13
MM, 27, 30, 13
MM, 27, 29, 12
MM, 27, 28, 12
MM, 27, 27, 15
MM, 27, 26, 13
MM, 27, 25, 13
MM, 27, 24, 12
MM, 27, 22, 12
MM, 26, 21, 12
MM, 23, 20, 12
MM, 20, 19, 13
MM, 17, 18, 15
MM, 14, 16, 12
MM, 11, 14, 15
MM, 8, 12, 11
MM, 5, 10, 12
MM, 3, 8, 12
MM, 1, 7, 12
MM, 0, 5, 15
MM, 542, 576, 12
MM, 541, 575, 12
MM, 541, 575, 204
MM, 541, 576, 13
MM, 539, 575, 62
MM, 537, 573, 15
MM, 34, 0, 12
MM, 534, 570, 13
MM, 532, 568, 12
MM, 531, 567, 12
MM, 529, 565, 13
MM, 31, 30, 16
MM, 30, 28, 11
MM, 29, 27, 12
MM, 27, 26, 13
MM, 26, 24, 13
MM, 25, 23, 13
MM, 24, 21, 11
MM, 23, 20, 12
MM, 23, 19, 13
MM, 22, 18, 16
MM, 22, 17, 12
MM, 22, 17, 12
MM, 22, 16, 12
MM, 22, 16, 13
MM, 22, 15, 18
MC, 1, 32
MM, 27, 18, 90
MM, 531, 555, 13
MM, 7, 25, 11
MM, 16, 28, 13
MM, 23, 30, 12
MM, 563, 565, 13
MM, 566, 566, 15
MM, 568, 567, 13
MM, 570, 568, 12
MM, 570, 568, 12
MM, 570, 569, 12
MM, 571, 569, 13
MM, 571, 569, 13
MM, 571, 570, 14
MM, 571, 570, 25
MM, 571, 570, 13
MM, 571, 570, 12
MM, 571, 570, 12
MM, 571, 570, 15
MM, 571, 570, 13
MM, 28, 0, 13
MM, 28, 0, 12
MM, 28, 0, 12
MM, 28, 0, 13
MM, 28, 1, 11
MM, 28, 2, 13
MM, 28, 3, 15
MM, 28, 5, 12
MM, 27, 7, 14
MM, 27, 8, 12
MM, 26, 10, 12
MM, 25, 12, 12
MM, 25, 13, 11
MM, 25, 14, 14
MM, 24, 14, 14
MM, 24, 15, 12
MM, 24, 15, 14
MM, 24, 16, 14
MM, 23, 16, 11
MM, 23, 16, 23
MM, 23, 16, 29
MM, 22, 16, 12
MC, 1, 0
MM, 22, 16, 12
MM, 22, 16, 13
MM, 22, 16, 14
MM, 21, 16, 11
MM, 20, 16, 12
MM, 18, 16, 13
MM, 15, 16, 14
MM, 6, 16, 12
MM, 27, 17, 13
MM, 495, 592, 13
MM, 462, 596, 11
MM, 14, 28, 13
MM, 416, 599, 13
MM, 25, 28, 12
MM, 19, 28, 15
MM, 15, 28, 12
MM, 14, 28, 13
MM, 13, 28, 12
MM, 13, 28, 12
MM, 13, 27, 179
MM, 13, 27, 14
MM, 13, 26, 17
MM, 10, 26, 20
MM, 8, 25, 12
MM, 5, 24, 13
MM, 2, 23, 13
MM, 379, 593, 12
MM, 376, 592, 15
MM, 34, 19, 12
MM, 30, 18, 14
MM, 26, 16, 11
MM, 22, 14, 13
MM, 19, 13, 12
MM, 16, 12, 12
MM, 14, 11, 12
MM, 12, 11, 14
MM, 11, 10, 14
MM, 11, 10, 12
MM, 11, 10, 14
MM, 10, 10, 12
MM, 10, 10, 11
MC, 1, 52
MM, 10, 10, 38
MM, 10, 10, 12
MM, 10, 9, 12
MM, 10, 8, 17
MM, 10, 7, 12
MM, 10, 6, 11
MM, 16, 4, 12
MM, 24, 2, 15
MM, 376, 570, 11
MM, 390, 567, 12
MM, 401, 565, 12
MM, 410, 563, 15
MM, 0, 28, 14
MM, 4, 27, 12
MM, 6, 26, 12
MM, 9, 25, 13
MM, 12, 24, 12
MM, 15, 23, 12
MM, 18, 21, 12
MM, 21, 20, 14
MM, 24, 18, 13
MM, 27, 17, 15
MM, 30, 16, 12
MM, 33, 16, 12
MM, 35, 15, 11
MM, 453, 549, 12
MM, 455, 549, 17
MM, 0, 15, 9
MM, 2, 15, 14
MM, 4, 15, 22
MM, 6, 15, 5
MM, 8, 15, 13
MM, 10, 15, 11
MM, 12, 15, 11
MM, 13, 14, 13
MM, 16, 14, 15
MM, 18, 13, 12
MM, 20, 13, 13
MM, 22, 13, 13
MM, 24, 12, 12
MM, 25, 12, 12
MM, 27, 11, 12
MM, 29, 11, 12
MM, 31, 11, 15
MM, 490, 544, 12
MM, 491, 544, 14
MM, 492, 543, 12
MM, 494, 543, 11
MM, 495, 542, 14
MM, 0, 8, 12
MM, 1, 8, 15
MM, 2, 8, 12
MM, 2, 8, 13
MM, 3, 8, 14
MM, 3, 8, 11
MM, 3, 8, 12
MM, 4, 8, 12
MM, 4, 8, 25
MM, 4, 8, 14
MC, 1, 12
MM, 5, 8, 14
MM, 5, 8, 38
MM, 5, 8, 115
MM, 5, 8, 13
MM, 5, 8, 12
MM, 6, 8, 24
MM, 6, 8, 27
MM, 6, 8, 13
MM, 6, 10, 13
MM, 6, 12, 12
MM, 7, 15, 12
MM, 7, 18, 12
MM, 7, 21, 13
MM, 7, 25, 14
MM, 7, 30, 12
MM, 2, 0, 15
MM, 2, 7, 12
MM, 2, 16, 11
MM, 2, 23, 14
MM, 2, 30, 15
MM, 503, 607, 11
MM, 13, 4, 12
MM, 13, 10, 13
MM, 13, 17, 13
MM, 13, 23, 12
MM, 13, 28, 12
MM, 503, 641, 12
MM, 503, 643, 15
MM, 99, 0, 14
MM, 99, 2, 13
MM, 99, 3, 11
MM, 99, 4, 13
MM, 100, 6, 11
MM, 100, 7, 12
MM, 100, 8, 15
MM, 100, 9, 12
MM, 100, 9, 14
MM, 100, 10, 14
MM, 100, 10, 12
MC, 1, 212
MM, 100, 10, 80
MM, 101, 10, 11
MM, 102, 9, 12
MM, 104, 7, 13
MM, 107, 4, 13
MM, 110, 0, 13
MM, 517, 641, 15
MM, 32, 28, 12
MM, 529, 629, 14
MM, 8, 10, 11
MM, 14, 30, 11
MM, 31, 12, 13
MM, 1, 0, 16
MM, 19, 27, 11
MM, 26, 21, 12
MM, 30, 17, 14
MM, 31, 15, 12
MM, 33, 14, 18
MM, 34, 12, 21
MM, 34, 12, 12
MM, 34, 12, 12
MM, 34, 12, 12
MM, 34, 11, 39
MM, 35, 11, 15
MM, 35, 11, 12
MM, 611, 545, 12
MM, 613, 544, 12
MM, 614, 544, 13
MM, 616, 544, 12
MM, 0, 9, 12
MM, 2, 9, 13
MM, 4, 9, 14
MM, 5, 9, 13
MM, 7, 8, 13
MM, 8, 8, 12
MM, 10, 8, 12
MM, 10, 8, 12
MM, 11, 8, 13
MM, 12, 8, 14
MM, 12, 8, 13
MM, 12, 8, 13
MM, 13, 8, 12
MM, 13, 8, 12
MM, 14, 8, 28
MM, 14, 8, 24
MM, 14, 8, 26
MM, 15, 8, 23
MC, 1, 102
MM, 14, 8, 102
MM, 9, 8, 17
MM, 2, 8, 11
MM, 31, 9, 12
MM, 570, 548, 13
MM, 25, 22, 14
MM, 24, 29, 12
MM, 450, 568, 12
MM, 7, 1, 11
MM, 30, 5, 12
MM, 20, 7, 15
MM, 16, 9, 12
MM, 15, 9, 14
MM, 13, 10, 12
MM, 13, 10, 13
MM, 13, 10, 254
MM, 13, 12, 13
MM, 13, 14, 13
MM, 13, 16, 18
MM, 13, 22, 21
MM, 13, 23, 12
MM, 13, 25, 13
MM, 13, 26, 12
MM, 13, 27, 12
MM, 13, 28, 13
MM, 13, 28, 13
MM, 13, 29, 14
MM, 13, 29, 13
MM, 13, 29, 12
MM, 13, 29, 12
MM, 13, 30, 14
MM, 13, 29, 242
MM, 13, 29, 12
MM, 13, 29, 12
MM, 13, 28, 13
MM, 13, 28, 11
MM, 13, 28, 13
MC, 1, 15
MM, 13, 29, 306
MM, 397, 603, 12
MM, 404, 609, 12
MM, 3, 7, 13
MM, 11, 12, 13
MM, 16, 16, 11
MM, 21, 19, 13
MM, 23, 20, 15
MM, 25, 21, 12
MM, 27, 22, 12
MM, 28, 22, 13
MM, 29, 22, 12
MM, 30, 23, 12
MM, 31, 23, 13
MM, 33, 24, 13
MM, 34, 24, 15
MM, 445, 632, 12
MM, 446, 632, 12
MM, 447, 633, 15
MM, 448, 633, 10
MM, 449, 634, 12
MM, 0, 26, 12
MM, 1, 27, 14
MM, 1, 27, 12
MM, 2, 28, 15
MM, 2, 29, 12
MM, 3, 30, 13
MM, 453, 639, 19
MM, 455, 642, 19
MM, 456, 644, 12
MM, 53, 1, 14
MM, 54, 3, 11
MM, 54, 4, 13
MM, 56, 5, 12
MM, 56, 6, 15
MM, 56, 6, 14
MM, 57, 7, 11
MM, 57, 7, 12
MC, 1, 77
MM, 57, 7, 26
MM, 57, 5, 11
MM, 57, 2, 12
MM, 461, 644, 13
MM, 461, 640, 13
MM, 11, 28, 15
MM, 11, 24, 12
MM, 11, 21, 12
MM, 11, 18, 13
MM, 11, 15, 12
MM, 11, 12, 13
MM, 13, 9, 15
MM, 15, 6, 13
MM, 17, 4, 11
MM, 20, 1, 12
MM, 472, 605, 14
MM, 474, 602, 11
MM, 12, 28, 12
MM, 14, 25, 13
MM, 16, 21, 15
MM, 17, 18, 13
MM, 19, 15, 13
MM, 20, 12, 12
MM, 22, 10, 12
MM, 23, 8, 11
MM, 25, 6, 14
MM, 26, 4, 14
MM, 27, 3, 12
MM, 29, 2, 13
MM, 30, 0, 15
MM, 495, 569, 11
MM, 498, 567, 11
MM, 4, 30, 13
MM, 7, 28, 12
MM, 10, 25, 15
MM, 12, 23, 13
MM, 14, 21, 12
MM, 16, 20, 12
MM, 18, 19, 15
MM, 18, 18, 11
MM, 19, 17, 12
MM, 20, 17, 13
MM, 20, 17, 14
MM, 20, 16, 12
MM, 20, 16, 12
MM, 21, 16, 13
MM, 21, 16, 12
MM, 21, 15, 13
MM, 21, 15, 13
MM, 21, 15, 12
MC, 1, 52
MM, 21, 16, 89
MM, 22, 18, 14
MM, 23, 20, 11
MM, 25, 22, 12
MM, 27, 24, 12
MM, 30, 27, 17
MM, 529, 563, 11
MM, 531, 564, 12
MM, 533, 566, 13
MM, 535, 567, 13
MM, 536, 567, 18
MM, 538, 568, 20
MM, 539, 568, 13
MM, 540, 569, 12
MM, 540, 569, 11
MM, 542, 569, 14
MM, 543, 570, 14
MM, 544, 570, 12
MM, 3, 0, 15
MM, 5, 0, 11
MM, 7, 0, 12
MM, 10, 2, 12
MM, 12, 3, 13
MM, 15, 4, 13
MM, 18, 5, 12
MM, 21, 6, 15
MM, 24, 8, 12
MM, 26, 9, 13
MM, 28, 11, 12
MM, 29, 12, 12
MM, 30, 12, 12
MM, 31, 13, 17
MC, 1, 24
MM, 35, 10, 240
MM, 2, 6, 12
MM, 14, 1, 15
MM, 608, 569, 12
MM, 615, 566, 12
MM, 619, 565, 15
MM, 5, 29, 12
MM, 7, 29, 11
MM, 8, 28, 13
MM, 9, 28, 14
MM, 10, 27, 14
MM, 10, 27, 11
MM, 11, 27, 12
MM, 11, 27, 13
MM, 11, 26, 14
MM, 12, 26, 12
MM, 12, 26, 11
MM, 13, 26, 13
MM, 13, 26, 14
MM, 13, 26, 12
MM, 14, 26, 14
MM, 14, 26, 24
MM, 14, 26, 25
MM, 14, 26, 13
MM, 14, 25, 26
MC, 1, 38
MM, 11, 25, 114
MM, 5, 25, 12
MM, 614, 559, 17
MM, 29, 25, 11
MM, 5, 25, 13
MM, 16, 25, 12
MM, 29, 25, 14
MM, 8, 25, 17
MM, 18, 26, 20
MM, 10, 26, 13
MM, 7, 26, 12
MM, 5, 26, 12
MM, 3, 26, 12
MM, 2, 26, 15
MM, 1, 26, 12
MM, 1, 26, 15
MM, 0, 26, 11
MM, 0, 26, 12
MM, 456, 560, 13
MM, 455, 560, 12
MM, 454, 560, 12
MM, 452, 560, 13
MM, 451, 560, 15
MM, 34, 26, 12
MM, 33, 26, 13
MM, 32, 26, 13
MM, 31, 26, 11
MM, 31, 26, 12
MM, 31, 25, 66
MM, 31, 25, 12
MM, 31, 24, 11
MM, 31, 23, 14
MM, 34, 22, 16
MM, 452, 555, 11
MM, 454, 554, 12
MM, 0, 20, 13
MM, 2, 19, 13
MM, 4, 19, 11
MM, 6, 19, 12
MM, 8, 19, 15
MM, 10, 18, 12
MM, 12, 18, 15
MM, 14, 18, 12
MM, 16, 18, 12
MM, 18, 18, 12
MM, 20, 18, 11
MM, 22, 18, 13
MM, 23, 18, 15
MM, 24, 18, 12
MM, 24, 18, 13
MM, 25, 18, 14
MM, 25, 18, 12
MM, 26, 18, 11
MM, 26, 18, 13
MM, 27, 18, 28
MC, 1, 11
MM, 27, 18, 13
MM, 27, 18, 26
MM, 28, 18, 12
MM, 28, 18, 11
MM, 28, 18, 13
MM, 29, 18, 14
MM, 30, 18, 12
MM, 32, 18, 14
MM, 490, 552, 13
MM, 492, 552, 11
MM, 494, 552, 12
MM, 0, 18, 13
MM, 2, 17, 13
MM, 4, 17, 14
MM, 6, 17, 13
MM, 7, 16, 13
MM, 8, 16, 12
MM, 9, 16, 11
MM, 10, 15, 13
MM, 10, 15, 16
MM, 11, 15, 11
MM, 11, 15, 12
MM, 12, 15, 26
MM, 12, 15, 25
MM, 12, 15, 24
MC, 1, 17
MM, 13, 15, 11
MM, 13, 15, 12
MM, 14, 15, 13
MM, 15, 15, 13
MM, 17, 15, 17
MM, 22, 15, 22
MM, 25, 15, 11
MM, 29, 15, 12
MM, 32, 15, 13
MM, 531, 549, 12
MM, 534, 549, 15
MM, 2, 15, 12
MM, 4, 15, 14
MM, 6, 14, 12
MM, 8, 14, 13
MM, 10, 14, 11
MM, 11, 14, 13
MM, 12, 14, 12
MM, 13, 14, 15
MM, 14, 14, 11
MM, 14, 14, 15
MM, 14, 14, 12
MM, 15, 14, 12
MM, 15, 14, 24
MM, 15, 14, 16
MC, 1, 11
MM, 16, 14, 230
MM, 16, 14, 23
MM, 17, 14, 13
MM, 17, 14, 14
MM, 19, 14, 13
MM, 21, 14, 14
MM, 23, 14, 14
MM, 26, 14, 11
MM, 29, 14, 12
MM, 31, 14, 11
MM, 569, 548, 13
MM, 573, 549, 16
MM, 1, 16, 11
MM, 5, 17, 13
MM, 9, 18, 13
MM, 13, 19, 14
MM, 18, 20, 12
MM, 23, 21, 11
MM, 26, 22, 12
MM, 29, 23, 13
MM, 29, 23, 13
MM, 613, 557, 254
MM, 7, 19, 13
MM, 19, 16, 12
MM, 650, 545, 13
MM, 5, 9, 14
MM, 10, 8, 13
MM, 12, 8, 13
MM, 13, 7, 18
MM, 14, 7, 20
MM, 14, 7, 12
MM, 15, 7, 102
MM, 15, 9, 64
MM, 15, 11, 13
MM, 15, 13, 13
MM, 15, 15, 13
MM, 15, 17, 11
MM, 15, 19, 12
MM, 15, 21, 13
MM, 15, 23, 13
MM, 14, 24, 13
MM, 13, 24, 14
MM, 13, 24, 12
MM, 13, 25, 13
MM, 13, 25, 12
MM, 13, 25, 13
MM, 12, 25, 15
MM, 12, 25, 13
MM, 12, 25, 12
MM, 11, 26, 12
MM, 11, 26, 12
MM, 10, 27, 12
MM, 8, 28, 12
MM, 5, 30, 13
MM, 656, 566, 15
MM, 651, 568, 13
MM, 23, 0, 13
MM, 16, 3, 12
MM, 7, 8, 12
MM, 617, 585, 11
MM, 21, 20, 13
MM, 11, 26, 14
MM, 586, 603, 13
MM, 3, 2, 13
MM, 568, 616, 14
MM, 29, 15, 13
MM, 20, 20, 11
MM, 13, 27, 12
MM, 537, 641, 12
MM, 125, 1, 16
MM, 118, 6, 9
MM, 111, 11, 15
MM, 106, 15, 12
MM, 103, 17, 15
MM, 101, 18, 12
MM, 100, 19, 11
MM, 98, 20, 12
MM, 97, 20, 12
MM, 97, 20, 15
MM, 97, 20, 12
MM, 96, 20, 13
MM, 96, 20, 12
MM, 96, 20, 14
MM, 96, 20, 24
MM, 95, 20, 39
MM, 95, 20, 25
MM, 95, 20, 37
MC, 1, 15
MM, 95, 17, 12
MM, 95, 16, 13
MM, 95, 14, 14
MM, 95, 12, 12
MM, 95, 10, 11
MM, 95, 8, 12
MM, 95, 5, 13
MM, 95, 3, 13
MM, 95, 0, 14
MM, 499, 641, 12
MM, 9, 29, 14
MM, 9, 25, 19
MM, 9, 18, 19
MM, 9, 15, 12
MM, 9, 12, 14
MM, 9, 10, 11
MM, 8, 8, 12
MM, 7, 6, 13
MM, 6, 4, 15
MM, 5, 2, 14
MM, 494, 607, 10
MM, 492, 605, 13
MM, 492, 603, 12
MM, 27, 28, 14
MM, 26, 25, 12
MM, 25, 22, 12
MM, 23, 20, 12
MM, 23, 18, 15
MM, 22, 17, 12
MM, 22, 15, 13
MM, 21, 14, 12
MM, 21, 14, 12
MM, 21, 13, 14
MM, 20, 13, 11
MM, 20, 12, 16
MM, 20, 12, 11
MM, 20, 12, 13
MM, 20, 12, 13
MM, 20, 11, 12
MC, 1, 51
MM, 20, 11, 63
MM, 24, 11, 12
MM, 29, 10, 16
MM, 497, 579, 13
MM, 3, 5, 11
MM, 13, 1, 12
MM, 524, 568, 13
MM, 1, 30, 12
MM, 14, 25, 13
MM, 28, 21, 14
MM, 574, 550, 12
MM, 10, 13, 16
MM, 17, 10, 11
MM, 23, 8, 12
MM, 28, 7, 11
MM, 31, 7, 13
MM, 34, 7, 12
MM, 611, 541, 15
MM, 613, 541, 12
MM, 614, 541, 13
MM, 616, 541, 15
MM, 0, 6, 11
MM, 1, 6, 11
MM, 2, 6, 12
MM, 2, 6, 13
MM, 4, 6, 15
MM, 4, 6, 13
MM, 6, 6, 12
MM, 7, 6, 12
MM, 8, 6, 13
MM, 9, 6, 13
MM, 10, 6, 12
MM, 10, 6, 14
MM, 11, 6, 12
MM, 11, 6, 13
MM, 12, 6, 13
MM, 13, 6, 11
MM, 13, 7, 12
MM, 14, 7, 14
MM, 14, 8, 12
MM, 15, 9, 15
MM, 16, 9, 12
MM, 16, 10, 13
MM, 16, 10, 14
MM, 16, 11, 12
MM, 16, 11, 11
MM, 17, 12, 12
MM, 17, 12, 17
MM, 17, 12, 11
MM, 17, 12, 12
MC, 1, 39
MM, 17, 12, 5
MM, 17, 13, 20
MM, 17, 13, 12
MM, 17, 14, 13
MM, 17, 14, 11
MM, 17, 15, 13
MM, 12, 17, 15
MM, 6, 18, 12
MM, 0, 21, 15
MM, 33, 24, 11
MM, 24, 29, 12
MM, 587, 569, 12
MM, 32, 5, 13
MM, 19, 13, 13
MM, 6, 21, 12
MM, 34, 30, 14
MM, 524, 607, 12
MM, 24, 5, 13
MM, 16, 10, 13
MM, 10, 14, 12
MM, 3, 17, 12
MM, 489, 627, 12
MM, 486, 628, 14
MM, 33, 21, 13
MM, 31, 22, 14
MM, 28, 22, 12
MM, 26, 23, 13
MM, 24, 24, 11
MM, 22, 24, 13
MM, 20, 25, 16
MM, 18, 26, 12
MM, 17, 26, 12
MM, 16, 26, 12
MM, 15, 26, 13
MM, 14, 26, 11
MM, 14, 26, 13
MM, 14, 26, 15
MM, 13, 26, 11
MM, 13, 26, 16
MM, 13, 26, 23
MM, 13, 24, 12
MM, 13, 22, 12
MM, 13, 21, 13
MM, 13, 19, 15
MM, 13, 18, 12
MM, 13, 16, 12
MM, 13, 15, 15
MM, 13, 14, 12
MM, 13, 13, 11
MM, 13, 12, 12
MM, 13, 12, 15
MM, 13, 11, 13
MC, 1, 24
MM, 13, 8, 13
MM, 13, 7, 14
MM, 13, 5, 12
MM, 13, 3, 11
MM, 13, 0, 13
MM, 463, 605, 14
MM, 461, 602, 12
MM, 459, 600, 13
MM, 457, 597, 14
MM, 33, 24, 11
MM, 30, 21, 12
MM, 27, 19, 13
MM, 26, 17, 12
MM, 24, 15, 15
MM, 22, 12, 12
MM, 20, 10, 13
MM, 19, 8, 13
MM, 18, 6, 11
MM, 17, 4, 12
MM, 16, 2, 17
MM, 15, 0, 11
MM, 436, 570, 12
MM, 435, 569, 14
MM, 434, 567, 13
MM, 433, 565, 12
MM, 18, 29, 12
MM, 17, 27, 11
MM, 16, 25, 13
MM, 16, 23, 16
MM, 15, 21, 11
MM, 15, 19, 12
MM, 15, 18, 15
MM, 15, 17, 12
MM, 14, 16, 17
MM, 14, 14, 21
MM, 14, 13, 12
MM, 14, 13, 12
MM, 14, 12, 13
MM, 14, 11, 12
MM, 14, 11, 14
MM, 14, 10, 12
MM, 14, 10, 16
MM, 14, 10, 11
MM, 14, 9, 12
MM, 14, 9, 12
MC, 1, 88
MM, 14, 10, 26
MM, 14, 12, 13
MM, 14, 15, 12
MM, 14, 19, 15
MM, 14, 24, 12
MM, 14, 30, 14
MM, 8, 0, 12
MM, 8, 9, 11
MM, 12, 20, 13
MM, 17, 29, 15
MM, 34, 1, 13
MM, 447, 615, 12
MM, 1, 12, 12
MM, 4, 17, 13
MM, 7, 19, 12
MM, 8, 21, 12
MM, 10, 23, 12
MM, 11, 24, 15
MM, 13, 25, 15
MM, 15, 27, 12
MM, 17, 28, 12
MM, 19, 29, 12
MM, 21, 30, 11
MM, 473, 639, 13
MM, 476, 639, 14
MM, 479, 640, 12
MM, 482, 641, 14
MM, 485, 641, 13
MM, 487, 642, 13
MM, 490, 642, 12
MM, 493, 643, 11
MM, 496, 643, 12
MM, 499, 643, 17
MM, 502, 644, 9
MM, 505, 644, 14
MM, 507, 644, 13
MM, 105, 0, 14
MM, 107, 0, 13
MM, 109, 1, 11
MM, 112, 1, 11
MM, 113, 2, 14
MM, 114, 2, 14
MM, 115, 3, 12
MM, 116, 3, 13
MM, 117, 4, 13
MM, 118, 4, 12
MM, 119, 5, 12
MM, 119, 5, 12
MM, 120, 5, 12
MM, 121, 6, 15
MM, 121, 6, 13
MM, 121, 6, 13
MM, 122, 6, 12
MM, 122, 6, 12
MM, 122, 7, 12
MM, 122, 7, 12
MM, 122, 7, 15
MM, 123, 7, 12
MM, 123, 7, 14
MM, 123, 7, 14
MM, 123, 7, 12
MM, 124, 8, 11
MM, 124, 9, 12
MM, 124, 9, 13
MM, 125, 10, 13
MM, 125, 11, 13
MM, 126, 12, 14
MM, 126, 13, 13
MM, 126, 14, 18
MM, 127, 15, 20
MM, 127, 15, 12
MM, 128, 15, 13
MM, 128, 15, 12
MM, 128, 16, 25
MM, 128, 16, 27
MM, 129, 16, 13
MC, 1, 12
MM, 130, 16, 13
MM, 131, 16, 12
MM, 132, 16, 12
MM, 133, 16, 12
MM, 134, 16, 15
MM, 136, 16, 12
MM, 137, 15, 13
MM, 139, 14, 13
MM, 141, 12, 12
MM, 142, 11, 12
MM, 144, 10, 12
MM, 146, 8, 14
MM, 149, 6, 13
MM, 152, 4, 13
MM, 155, 2, 14
MM, 159, 1, 12
MM, 566, 644, 11
MM, 569, 642, 14
MM, 572, 640, 15
MM, 575, 639, 11
MM, 4, 29, 12
MM, 6, 28, 13
MM, 9, 26, 13
MM, 11, 25, 12
MM, 13, 24, 12
MM, 15, 23, 12
MM, 16, 22, 15
MM, 17, 21, 14
MM, 17, 21, 13
MM, 18, 21, 11
MM, 18, 20, 12
MM, 19, 20, 12
MM, 19, 20, 14
MM, 19, 19, 13
MM, 20, 19, 13
MM, 20, 18, 13
MM, 20, 18, 14
MM, 20, 18, 12
MM, 20, 17, 11
MM, 20, 17, 11
MM, 20, 17, 30
MM, 20, 17, 11
MM, 20, 16, 12
MM, 20, 16, 13
MM, 21, 15, 14
MM, 21, 15, 12
MM, 21, 15, 11
MC, 1, 12
MM, 22, 13, 13
MM, 23, 12, 14
MM, 24, 11, 13
MM, 25, 10, 13
MM, 27, 8, 12
MM, 29, 6, 12
MM, 31, 4, 14
MM, 33, 2, 12
MM, 36, 0, 13
MM, 613, 605, 13
MM, 616, 601, 13
MM, 619, 597, 13
MM, 621, 594, 11
MM, 2, 20, 13
MM, 3, 16, 12
MM, 5, 14, 13
MM, 6, 11, 13
MM, 7, 9, 14
MM, 9, 8, 13
MM, 10, 6, 14
MM, 10, 5, 11
MM, 11, 4, 11
MM, 12, 3, 13
MM, 12, 2, 16
MM, 12, 1, 11
MM, 13, 1, 13
MM, 13, 0, 13
MM, 635, 570, 12
MM, 635, 569, 18
MM, 635, 567, 21
MM, 635, 566, 11
MM, 635, 565, 14
MM, 18, 30, 11
MM, 18, 28, 12
MM, 18, 27, 15
MM, 18, 26, 13
MM, 18, 25, 15
MM, 18, 25, 10
MM, 18, 24, 13
MM, 18, 23, 12
MM, 18, 23, 13
MC, 1, 13
MM, 18, 22, 12
MM, 18, 22, 26
MM, 20, 22, 102
MM, 22, 22, 13
MM, 24, 24, 12
MM, 27, 26, 12
MM, 29, 27, 13
MM, 648, 563, 16
MM, 650, 564, 12
MM, 652, 565, 12
MM, 655, 566, 12
MM, 657, 567, 13
MM, 659, 569, 12
MM, 661, 569, 12
MM, 663, 570, 14
MM, 2, 0, 13
MM, 3, 1, 14
MM, 5, 2, 12
MM, 6, 3, 12
MM, 7, 4, 12
MM, 8, 5, 11
MM, 10, 5, 14
MM, 11, 6, 13
MM, 13, 7, 13
MM, 14, 7, 14
MM, 15, 8, 14
MM, 17, 8, 11
MM, 18, 9, 11
MM, 20, 10, 12
MM, 21, 10, 15
MM, 22, 10, 14
MM, 22, 11, 12
MM, 23, 11, 12
MM, 23, 11, 13
MM, 24, 11, 14
MM, 24, 12, 11
MM, 24, 12, 12
MM, 24, 12, 13
MM, 24, 12, 13
MC, 1, 26
MM, 17, 12, 12
MM, 11, 12, 12
MM, 1, 11, 13
MM, 29, 9, 13
MM, 14, 7, 12
MM, 619, 576, 15
MM, 15, 5, 12
MM, 35, 2, 13
MM, 557, 570, 12
MM, 541, 567, 12
MM, 30, 29, 12
MM, 16, 26, 17
MM, 4, 23, 11
MM, 491, 554, 12
MM, 26, 17, 13
MM, 22, 15, 12
MM, 19, 14, 14
MM, 17, 13, 11
MM, 16, 13, 12
MM, 15, 12, 13
MM, 14, 12, 15
MM, 14, 12, 13
MM, 14, 12, 12
MM, 13, 12, 12
MM, 13, 11, 31
MM, 12, 11, 20
MM, 11, 11, 12
MM, 9, 11, 13
MM, 7, 11, 12
MM, 3, 11, 12
MM, 455, 545, 15
MM, 451, 545, 13
MM, 30, 12, 14
MM, 25, 12, 11
MM, 21, 12, 13
MM, 18, 12, 11
MM, 17, 12, 13
MM, 16, 12, 13
MM, 16, 12, 12
MC, 1, 76
MM, 16, 13, 118
MM, 16, 14, 13
MM, 16, 16, 12
MM, 14, 19, 12
MM, 13, 21, 12
MM, 11, 23, 12
MM, 10, 25, 13
MM, 8, 27, 15
MM, 6, 30, 12
MM, 419, 566, 14
MM, 417, 568, 12
MM, 415, 570, 12
MM, 32, 1, 12
MM, 31, 3, 12
MM, 29, 4, 13
MM, 27, 5, 13
MM, 26, 6, 13
MM, 25, 7, 13
MM, 24, 8, 15
MM, 23, 8, 11
MM, 22, 9, 11
MM, 21, 9, 13
MM, 21, 10, 12
MM, 20, 10, 16
MM, 20, 11, 12
MM, 19, 11, 12
MM, 19, 11, 12
MM, 18, 11, 26
MC, 1, 88
MM, 18, 12, 25
MM, 21, 13, 12
MM, 26, 16, 15
MM, 31, 19, 13
MM, 418, 594, 12
MM, 3, 28, 13
MM, 430, 603, 12
MM, 435, 607, 13
MM, 31, 2, 16
MM, 444, 613, 11
MM, 447, 615, 12
MM, 449, 617, 13
MM, 0, 10, 13
MM, 2, 12, 13
MM, 4, 14, 11
MM, 5, 16, 12
MM, 6, 18, 13
MM, 8, 19, 12
MM, 9, 21, 15
MM, 11, 22, 12
MM, 12, 24, 13
MM, 13, 25, 12
MM, 15, 27, 19
MM, 17, 30, 20
MM, 469, 640, 12
MM, 470, 642, 13
MM, 472, 644, 12
MM, 69, 1, 12
MM, 70, 3, 15
MM, 71, 5, 13
MM, 72, 6, 14
MM, 73, 7, 11
MM, 73, 8, 12
MM, 74, 9, 12
MM, 74, 10, 13
MM, 74, 10, 13
MM, 74, 10, 12
MM, 74, 11, 15
MM, 75, 11, 13
MM, 75, 11, 12
MM, 75, 11, 24
MC, 1, 13
MM, 75, 11, 27
MM, 76, 11, 25
MM, 76, 11, 13
MM, 76, 11, 11
MM, 77, 11, 13
MM, 77, 11, 12
MM, 79, 11, 16
MM, 81, 11, 12
MM, 84, 10, 12
MM, 88, 7, 12
MM, 93, 4, 13
MM, 100, 0, 12
MM, 516, 640, 12
MM, 530, 633, 14
MM, 16, 15, 13
MM, 35, 6, 14
MM, 585, 605, 13
MM, 15, 27, 12
MM, 26, 21, 11
MM, 620, 587, 12
MM, 4, 12, 16
MM, 9, 10, 12
MM, 13, 8, 12
MM, 16, 6, 13
MM, 18, 5, 14
MM, 19, 4, 11
MM, 21, 4, 12
MM, 23, 3, 13
MM, 25, 2, 14
MM, 27, 2, 14
MM, 30, 1, 11
MM, 34, 0, 13
MM, 660, 570, 12
MM, 664, 569, 14
MM, 667, 569, 11
MM, 669, 569, 12
MM, 671, 569, 13
MM, 673, 569, 15
MM, 674, 569, 12
MM, 674, 569, 12
MM, 674, 569, 13
MM, 675, 569, 11
MM, 675, 569, 13
MP, 1, 0
MR, 1, 14
MC, 1, 0
MM, 675, 570, 116
MM, 675, 570, 12
MM, 12, 0, 12
MM, 12, 0, 13
MM, 12, 0, 13
MM, 12, 1, 11
MM, 12, 1, 13
MM, 12, 1, 167
MM, 12, 1, 13
MM, 12, 2, 12
MM, 12, 3, 15
MM, 12, 4, 11
MM, 12, 4, 12
MM, 12, 5, 11
MM, 12, 6, 14
MM, 12, 6, 12
MM, 12, 7, 14
MC, 1, 12
MM, 12, 7, 1
MM, 12, 8, 13
MM, 12, 8, 13
MM, 12, 8, 23
MM, 12, 7, 191
MM, 12, 6, 13
MM, 12, 4, 15
MM, 12, 3, 12
MM, 12, 1, 14
MM, 12, 0, 12
MM, 675, 569, 12
MM, 673, 567, 12
MM, 672, 566, 12
MM, 18, 30, 15
MM, 18, 29, 13
MM, 17, 29, 12
MM, 16, 28, 13
MM, 16, 28, 13
MM, 16, 27, 12
MM, 16, 27, 12
MM, 16, 26, 13
MM, 15, 26, 13
MC, 1, 14
MM, 15, 26, 12
MM, 14, 26, 13
MM, 14, 26, 12
MM, 14, 26, 14
MM, 13, 26, 11
MM, 13, 26, 12
MM, 12, 26, 13
MM, 12, 26, 15
MM, 11, 26, 12
MM, 10, 26, 13
MM, 9, 26, 12
MM, 8, 27, 12
MM, 7, 29, 13
MM, 6, 30, 13
MM, 659, 566, 13
MM, 657, 569, 13
MM, 34, 1, 13
MM, 32, 5, 12
MM, 30, 9, 12
MM, 29, 12, 12
MM, 28, 15, 12
MM, 26, 18, 16
MM, 25, 21, 13
MM, 24, 24, 12
MM, 22, 27, 12
MM, 21, 30, 13
MM, 641, 603, 13
MM, 640, 604, 11
MM, 639, 606, 12
MM, 638, 607, 17
MM, 18, 0, 11
MM, 17, 1, 12
MM, 16, 3, 13
MM, 14, 4, 13
MM, 13, 5, 12
MM, 12, 6, 17
MM, 9, 8, 22
MM, 7, 9, 11
MM, 5, 10, 13
MM, 3, 11, 14
MM, 1, 13, 13
MM, 618, 622, 13
MM, 615, 623, 12
MM, 37, 16, 15
MM, 34, 17, 11
MM, 31, 18, 12
MM, 28, 19, 11
MM, 26, 20, 15
MM, 23, 20, 11
MM, 21, 21, 15
MM, 18, 22, 12
MM, 16, 22, 13
MM, 14, 23, 12
MM, 12, 23, 12
MM, 10, 23, 12
MM, 8, 23, 17
MM, 7, 24, 11
MM, 5, 24, 12
MM, 3, 24, 13
MM, 1, 24, 13
MM, 0, 24, 12
MM, 572, 633, 11
MM, 570, 633, 13
MM, 568, 633, 14
MM, 34, 25, 14
MM, 31, 25, 12
MM, 29, 25, 14
MM, 26, 25, 12
MM, 24, 25, 12
MM, 22, 25, 11
MM, 20, 25, 13
MM, 18, 25, 14
MM, 16, 25, 13
MM, 14, 25, 14
MM, 12, 25, 13
MM, 11, 25, 12
MM, 10, 24, 11
MM, 9, 23, 12
MM, 8, 22, 15
MM, 8, 22, 12
MM, 8, 22, 13
MM, 7, 21, 13
MM, 7, 21, 14
MM, 7, 20, 11
MC, 1, 12
MM, 7, 19, 13
MM, 7, 18, 13
MM, 7, 17, 14
MM, 7, 16, 12
MM, 7, 15, 13
MM, 7, 14, 12
MM, 7, 13, 14
MM, 7, 12, 11
MM, 7, 11, 12
MM, 7, 11, 13
MM, 7, 10, 15
MM, 7, 9, 12
MM, 7, 8, 12
MM, 7, 7, 13
MM, 7, 6, 11
MM, 7, 5, 13
MM, 7, 4, 13
MM, 5, 2, 14
MM, 4, 1, 13
MM, 534, 607, 13
MM, 532, 604, 12
MM, 529, 602, 12
MM, 26, 28, 12
MM, 24, 25, 12
MM, 21, 23, 16
MM, 19, 21, 12
MM, 17, 18, 13
MM, 15, 16, 12
MM, 13, 13, 13
MM, 11, 12, 13
MM, 10, 10, 11
MM, 9, 9, 12
MM, 8, 8, 17
MM, 8, 8, 11
MM, 8, 8, 12
MM, 7, 7, 13
MM, 7, 7, 13
MM, 7, 7, 29
MC, 1, 22
MM, 10, 7, 38
MM, 15, 7, 13
MM, 20, 7, 12
MM, 27, 7, 13
MM, 34, 8, 15
MM, 0, 10, 11
MM, 6, 11, 12
MM, 12, 13, 11
MM, 16, 14, 13
MM, 21, 15, 13
MM, 24, 16, 14
MM, 27, 18, 13
MM, 29, 19, 13
MM, 32, 20, 12
MM, 34, 21, 12
MM, 579, 594, 12
MM, 580, 595, 13
MM, 581, 596, 15
MM, 583, 597, 12
MM, 583, 598, 13
MM, 584, 599, 13
MM, 0, 29, 12
MM, 0, 30, 11
MM, 586, 602, 13
MM, 587, 602, 14
MM, 587, 603, 14
MM, 588, 604, 14
MM, 589, 605, 11
MM, 590, 607, 12
MM, 17, 0, 13
MM, 19, 2, 11
MM, 22, 4, 13
MM, 26, 6, 14
MM, 29, 8, 13
MM, 33, 10, 14
MM, 38, 11, 13
MM, 616, 620, 12
MM, 2, 14, 11
MM, 6, 15, 12
MM, 9, 16, 12
MM, 11, 17, 15
MM, 13, 17, 13
MM, 14, 17, 13
MM, 15, 18, 14
MM, 15, 18, 11
MM, 16, 18, 11
MM, 16, 18, 14
MM, 16, 18, 27
MM, 17, 18, 25
MM, 17, 18, 26
MM, 17, 18, 23
MM, 18, 18, 13
MM, 18, 18, 15
MM, 19, 18, 12
MM, 19, 18, 13
MM, 21, 18, 12
MM, 23, 18, 12
MM, 25, 18, 13
MM, 27, 18, 13
MM, 30, 18, 13
MM, 651, 626, 13
MM, 653, 626, 12
MM, 655, 626, 13
MM, 656, 626, 12
MM, 0, 18, 12
MM, 1, 18, 13
MM, 1, 18, 15
MM, 2, 18, 11
MM, 3, 18, 13
MM, 3, 18, 14
MM, 3, 18, 12
MM, 4, 18, 24
MM, 4, 18, 29
MM, 4, 18, 23
MM, 5, 18, 13
MM, 5, 18, 25
MM, 5, 18, 39
MM, 6, 18, 11
MM, 6, 18, 13
MM, 8, 18, 12
MM, 9, 18, 13
MM, 10, 18, 15
MM, 11, 18, 12
MM, 12, 18, 15
MM, 13, 17, 10
MM, 13, 17, 13
MM, 14, 17, 12
MM, 14, 17, 13
MM, 15, 17, 13
MM, 15, 17, 13
MM, 15, 17, 13
MM, 16, 17, 13
MM, 16, 17, 12
MC, 1, 293
MM, 16, 16, 471
MM, 16, 16, 12
MM, 21, 14, 13
MM, 693, 621, 11
MM, 714, 620, 13
MM, 731, 620, 16
MM, 746, 620, 12
MM, 758, 620, 13
MM, 767, 620, 12
MM, 773, 620, 12
MM, 777, 620, 12
MM, 0, 34, 17
MM, 1, 34, 9
MM, 2, 34, 13
MM, 3, 34, 11
MM, 4, 34, 14
MM, 5, 34, 13
MM, 6, 34, 13
MM, 7, 34, 13
MM, 8, 35, 13
MM, 9, 36, 14
MM, 11, 36, 11
MM, 12, 36, 12
MM, 13, 37, 12
MM, 14, 37, 12
MM, 794, 624, 14
MM, 796, 625, 15
MM, 797, 625, 12
MM, 798, 625, 12
MM, 798, 626, 13
MM, 799, 626, 12
MM, 799, 626, 13
MM, 799, 626, 15
MM, 799, 624, 73
MM, 20, 37, 12
MM, 20, 36, 16
MM, 20, 35, 13
MM, 20, 35, 13
MM, 20, 34, 11
MM, 20, 34, 12
MM, 20, 34, 13
MM, 20, 34, 13
