********************************************************************************
LOGGING TIME: 20180908_185158
CLIENT IP: 127.0.1.1
USERNAME: abhilash
OS: Linux
**********************************Emotional database********************************************************************************
MM, 808, 641, 1537598292660
MM, 746, 606, 20
MM, 691, 562, 12
MM, 12, 18, 14
MM, 348, 82, 12
MM, 304, 22, 11
MM, 526, 363, 12
MM, 264, 72, 15
MM, 259, 57, 14
MM, 259, 55, 12
MM, 259, 54, 11
MM, 258, 54, 192
MM, 249, 54, 13
MM, 236, 50, 11
MM, 219, 40, 13
MM, 202, 31, 16
MM, 184, 22, 12
MM, 171, 14, 12
MM, 161, 9, 12
MM, 155, 5, 13
MM, 151, 3, 12
MM, 150, 2, 13
MM, 149, 0, 12
MM, 396, 258, 15
MM, 396, 256, 12
MM, 396, 252, 14
MM, 396, 247, 12
MM, 396, 240, 11
MM, 396, 231, 13
MM, 396, 222, 12
MM, 363, 147, 90
MM, 362, 147, 177
MM, 358, 147, 14
MM, 353, 146, 12
MM, 347, 141, 15
MM, 338, 134, 12
MM, 329, 126, 13
MM, 321, 118, 12
MM, 315, 113, 12
MM, 311, 110, 12
MM, 309, 108, 17
MM, 308, 107, 12
MM, 307, 106, 12
MM, 307, 106, 12
MM, 307, 105, 13
MM, 306, 105, 12
MM, 306, 105, 14
MM, 305, 105, 11
MM, 305, 104, 12
MM, 304, 103, 16
MM, 303, 102, 13
MM, 301, 100, 11
MM, 299, 98, 12
MM, 297, 95, 13
MM, 294, 92, 12
MM, 292, 90, 16
MM, 291, 89, 11
MM, 290, 95, 458
MM, 299, 123, 13
MM, 347, 244, 50
MM, 106, 1, 15
MM, 112, 13, 11
MM, 114, 19, 14
MM, 115, 21, 11
MM, 115, 23, 13
MM, 116, 23, 13
MM, 116, 24, 13
MM, 116, 24, 13
MC, 1, 331
MM, 116, 28, 19892
MM, 116, 47, 13
MM, 116, 79, 12
MM, 364, 364, 12
MM, 364, 379, 13
MM, 364, 387, 13
MM, 116, 2, 12
MM, 116, 3, 15
MM, 116, 4, 12
MM, 116, 5, 13
MM, 116, 7, 12
MM, 116, 9, 12
MM, 116, 12, 12
MM, 116, 16, 17
MM, 116, 20, 11
MM, 116, 25, 12
MM, 116, 32, 13
MM, 116, 42, 12
MM, 116, 52, 12
MM, 116, 59, 13
MM, 116, 62, 15
MM, 116, 63, 13
MM, 116, 63, 13
MM, 116, 64, 12
MC, 1, 114
MM, 116, 64, 291
MM, 116, 67, 13
MM, 118, 70, 13
MM, 124, 74, 14
MM, 130, 78, 13
MM, 138, 81, 13
MM, 146, 84, 12
MM, 152, 85, 15
MM, 155, 86, 9
MM, 157, 86, 13
MM, 158, 86, 16
MM, 22, 15, 1448
MM, 35, 23, 15
MM, 22, 5, 14
MM, 17, 29, 12
MM, 4, 16, 12
MM, 2, 0, 13
MM, 23, 15, 11
MM, 613, 632, 12
MM, 3, 30, 15
MM, 626, 641, 12
MM, 628, 642, 13
MM, 628, 642, 15
MM, 629, 642, 12
MM, 629, 643, 11
MM, 630, 643, 12
MM, 630, 643, 27
MM, 631, 643, 12
MM, 631, 643, 13
MM, 631, 643, 12
MM, 632, 643, 13
MM, 632, 643, 13
MM, 632, 643, 12
MM, 633, 643, 14
MM, 633, 643, 12
MM, 635, 643, 13
MM, 635, 643, 14
MM, 637, 643, 11
MM, 640, 643, 12
MM, 641, 643, 13
MM, 643, 643, 13
MM, 645, 643, 13
MM, 646, 643, 13
MM, 647, 643, 13
MM, 647, 643, 14
MM, 648, 643, 11
MM, 649, 643, 12
MM, 649, 642, 13
MM, 650, 641, 13
MM, 651, 640, 14
MM, 652, 639, 12
MM, 653, 638, 13
MM, 654, 638, 13
MM, 656, 636, 12
MM, 1, 27, 12
MM, 5, 25, 15
MM, 8, 22, 12
MM, 12, 20, 14
MM, 15, 19, 12
MM, 18, 18, 11
MM, 20, 18, 14
MM, 22, 17, 11
MM, 23, 17, 13
MM, 23, 17, 15
MM, 24, 17, 11
MM, 24, 16, 16
MM, 24, 16, 11
MM, 25, 16, 12
MM, 25, 16, 12
MC, 1, 114
MM, 25, 17, 179
MM, 17, 20, 15
MM, 655, 635, 12
MM, 634, 643, 12
MM, 614, 651, 12
MM, 597, 658, 12
MM, 583, 662, 12
MM, 573, 664, 15
MM, 163, 21, 12
MM, 160, 22, 13
MM, 158, 22, 15
MM, 157, 22, 12
MM, 157, 22, 10
MM, 156, 23, 13
MM, 156, 23, 15
MM, 155, 23, 11
MM, 154, 23, 14
MM, 153, 23, 11
MM, 152, 23, 13
MM, 151, 23, 13
MM, 150, 23, 13
MM, 150, 23, 12
MM, 149, 23, 14
MM, 148, 23, 12
MM, 148, 23, 13
MM, 147, 23, 13
MM, 146, 23, 12
MM, 145, 23, 12
MM, 143, 23, 12
MM, 142, 23, 14
MM, 140, 23, 13
MM, 138, 23, 13
MM, 135, 23, 13
MM, 132, 23, 12
MM, 129, 25, 12
MM, 127, 27, 13
MM, 125, 28, 16
MM, 124, 29, 12
MM, 123, 30, 12
MM, 526, 676, 12
MM, 526, 676, 13
MM, 525, 677, 12
MM, 525, 677, 12
MM, 524, 677, 13
MM, 524, 677, 27
MM, 120, 30, 203
MM, 120, 28, 13
MM, 126, 25, 14
MM, 135, 20, 12
MM, 144, 16, 11
MM, 152, 13, 13
MM, 157, 12, 15
MM, 159, 11, 14
MM, 161, 10, 10
MM, 162, 10, 12
MM, 162, 10, 13
MM, 163, 10, 13
MM, 163, 10, 13
MM, 163, 9, 12
MM, 163, 9, 14
MM, 163, 9, 51
MM, 163, 9, 12
MM, 163, 8, 15
MM, 163, 8, 23
MM, 163, 8, 12
MM, 568, 653, 13
MM, 568, 652, 16
MM, 568, 651, 12
MM, 569, 651, 12
MM, 569, 650, 12
MM, 570, 649, 15
MM, 571, 648, 12
MM, 572, 647, 10
MM, 574, 646, 13
MM, 576, 645, 15
MM, 579, 643, 11
MM, 581, 641, 14
MM, 584, 640, 11
MM, 586, 639, 13
MM, 15, 30, 13
MM, 17, 30, 13
MM, 18, 29, 12
MM, 19, 27, 14
MM, 20, 27, 12
MM, 22, 25, 13
MM, 23, 22, 12
MM, 24, 20, 12
MM, 25, 18, 13
MM, 26, 17, 13
MM, 27, 16, 12
MM, 27, 15, 15
MM, 28, 15, 12
MM, 28, 14, 13
MM, 28, 14, 12
MC, 1, 128
MM, 28, 13, 143
MM, 28, 7, 11
MM, 28, 1, 11
MM, 17, 28, 12
MM, 17, 19, 13
MM, 15, 11, 15
MM, 13, 3, 12
MM, 595, 568, 12
MM, 18, 29, 13
MM, 16, 26, 14
MM, 15, 23, 10
MM, 14, 21, 13
MM, 14, 20, 15
MM, 13, 19, 12
MM, 13, 18, 13
MM, 13, 18, 12
MM, 13, 18, 12
MM, 13, 17, 12
MM, 13, 17, 14
MM, 13, 16, 12
MM, 13, 16, 13
MM, 13, 15, 14
MM, 13, 15, 12
MM, 13, 15, 16
MM, 13, 14, 9
MM, 13, 13, 12
MM, 13, 12, 13
MM, 13, 11, 15
MM, 13, 11, 13
MM, 13, 11, 24
MM, 13, 11, 13
MM, 13, 11, 18
MM, 13, 10, 21
MM, 13, 10, 11
MM, 12, 10, 141
MM, 10, 10, 13
MM, 7, 10, 13
MM, 5, 10, 13
MM, 3, 10, 12
MM, 2, 10, 12
MM, 0, 10, 12
MM, 574, 544, 12
MM, 572, 544, 16
MM, 571, 544, 12
MM, 570, 543, 13
MM, 569, 543, 12
MM, 33, 9, 13
MM, 31, 8, 11
MM, 31, 8, 13
MM, 31, 8, 14
MM, 30, 8, 14
MM, 29, 8, 13
MM, 29, 8, 12
MM, 29, 8, 24
MC, 1, 128
MM, 29, 10, 204
MM, 29, 15, 12
MM, 23, 22, 13
MM, 550, 565, 14
MM, 541, 576, 11
MM, 33, 16, 12
MM, 26, 24, 13
MM, 523, 602, 13
MM, 520, 607, 13
MM, 28, 3, 13
MM, 27, 5, 13
MM, 26, 7, 13
MM, 25, 8, 11
MM, 23, 10, 13
MM, 22, 11, 15
MM, 21, 13, 13
MM, 19, 14, 12
MM, 18, 16, 13
MM, 16, 18, 12
MM, 14, 20, 12
MM, 13, 22, 13
MM, 11, 24, 13
MM, 10, 26, 13
MM, 9, 28, 14
MM, 8, 30, 12
MM, 497, 639, 13
MM, 497, 640, 12
MM, 496, 640, 12
MM, 496, 641, 12
MM, 496, 642, 16
MM, 495, 643, 11
MM, 494, 644, 11
MM, 90, 0, 13
MM, 89, 1, 16
MM, 89, 2, 11
MM, 88, 3, 12
MM, 88, 4, 13
MM, 87, 5, 14
MM, 86, 6, 13
MM, 85, 8, 11
MM, 84, 9, 12
MM, 83, 10, 12
MM, 82, 11, 16
MM, 82, 11, 12
MM, 81, 12, 12
MM, 80, 13, 13
MM, 79, 14, 13
MM, 79, 14, 11
MM, 78, 15, 13
MM, 78, 15, 14
MM, 77, 16, 14
MM, 77, 16, 12
MM, 77, 16, 13
MM, 77, 16, 12
MC, 1, 75
MM, 77, 16, 167
MM, 77, 15, 38
MM, 77, 9, 11
MM, 77, 2, 14
MM, 481, 640, 12
MM, 31, 25, 14
MM, 31, 22, 12
MM, 31, 19, 14
MM, 31, 17, 14
MM, 31, 15, 11
MM, 31, 14, 12
MM, 31, 13, 12
MM, 31, 13, 13
MM, 31, 12, 13
MM, 31, 12, 13
MM, 31, 11, 13
MM, 31, 11, 13
MM, 31, 10, 13
MM, 31, 9, 11
MM, 31, 9, 13
MM, 31, 7, 15
MM, 31, 7, 13
MM, 31, 6, 12
MM, 31, 5, 13
MM, 31, 4, 12
MM, 31, 3, 12
MM, 31, 3, 12
MM, 31, 2, 15
MM, 31, 2, 12
MM, 31, 1, 14
MM, 32, 0, 13
MM, 482, 607, 12
MM, 482, 605, 12
MM, 482, 602, 11
MM, 19, 28, 12
MM, 19, 25, 16
MM, 19, 23, 11
MM, 19, 21, 14
MM, 19, 19, 14
MM, 19, 18, 12
MM, 19, 18, 12
MM, 19, 17, 11
MM, 19, 16, 12
MM, 19, 16, 21
MM, 19, 14, 18
MM, 19, 14, 13
MM, 19, 14, 16
MM, 19, 13, 12
MM, 19, 13, 11
MM, 19, 13, 13
MM, 19, 13, 13
MM, 19, 12, 11
MC, 1, 65
MM, 18, 12, 166
MM, 4, 13, 12
MM, 22, 14, 13
MM, 0, 15, 13
MM, 24, 16, 13
MM, 13, 16, 12
MM, 7, 16, 12
MM, 4, 16, 12
MM, 2, 16, 15
MM, 2, 16, 13
MM, 1, 16, 12
MM, 1, 16, 13
MM, 1, 16, 11
MM, 0, 16, 52
MM, 0, 16, 13
MM, 0, 16, 65
MM, 0, 16, 12
MM, 379, 587, 25
MM, 379, 587, 13
MM, 378, 587, 13
MM, 377, 587, 12
MM, 376, 587, 14
MM, 374, 587, 12
MM, 34, 16, 14
MM, 33, 16, 12
MM, 32, 16, 12
MM, 30, 16, 13
MM, 29, 16, 11
MM, 28, 16, 13
MM, 27, 16, 15
MM, 27, 16, 12
MM, 26, 16, 15
MM, 26, 16, 12
MC, 1, 74
MM, 26, 18, 177
MM, 30, 22, 15
MM, 378, 597, 18
MM, 396, 607, 21
MM, 33, 3, 12
MM, 405, 613, 15
MM, 407, 614, 11
MM, 408, 615, 12
MM, 0, 7, 12
MM, 1, 8, 12
MM, 2, 8, 16
MM, 4, 9, 10
MM, 5, 9, 14
MM, 6, 10, 12
MM, 8, 10, 15
MM, 9, 10, 11
MM, 11, 11, 12
MM, 12, 11, 12
MM, 13, 11, 12
MM, 14, 11, 15
MM, 15, 11, 12
MM, 17, 11, 14
MM, 18, 12, 11
MM, 20, 12, 14
MM, 22, 13, 11
MM, 24, 13, 13
MM, 25, 13, 15
MM, 27, 13, 11
MM, 29, 13, 13
MM, 31, 14, 13
MM, 33, 14, 12
MM, 444, 622, 12
MM, 445, 622, 13
MM, 446, 622, 13
MM, 447, 622, 15
MM, 448, 622, 12
MM, 448, 622, 12
MM, 449, 623, 13
MM, 0, 15, 12
MM, 0, 15, 12
MM, 2, 15, 16
MM, 2, 15, 13
MM, 3, 16, 11
MM, 3, 16, 12
MM, 4, 16, 13
MM, 4, 16, 12
MM, 5, 16, 12
MM, 5, 16, 13
MM, 5, 17, 15
MM, 5, 17, 13
MC, 1, 114
MM, 5, 15, 191
MM, 10, 10, 12
MM, 1, 0, 12
MM, 30, 25, 13
MM, 21, 17, 13
MM, 4, 11, 13
MM, 23, 8, 13
MM, 618, 578, 13
MM, 0, 6, 14
MM, 2, 6, 11
MM, 2, 6, 12
MM, 2, 6, 12
MM, 3, 5, 181
MM, 10, 0, 13
MM, 643, 565, 11
MM, 4, 23, 14
MM, 16, 18, 11
MM, 23, 14, 14
MM, 27, 13, 11
MM, 29, 12, 13
MM, 30, 11, 12
MM, 31, 11, 15
MM, 31, 11, 12
MM, 31, 11, 13
MM, 31, 11, 24
MM, 31, 11, 129
MC, 1, 253
MM, 31, 11, 142
MM, 31, 12, 13
MM, 25, 12, 12
MM, 17, 13, 12
MM, 8, 13, 13
MM, 0, 13, 13
MM, 30, 13, 12
MM, 24, 13, 14
MM, 20, 13, 13
MM, 17, 13, 12
MM, 14, 13, 12
MM, 13, 13, 12
MM, 12, 14, 13
MM, 11, 14, 16
MM, 11, 14, 11
MM, 10, 14, 26
MM, 10, 14, 12
MM, 9, 14, 15
MM, 9, 14, 9
MM, 9, 14, 13
MM, 8, 14, 16
MM, 7, 14, 12
MM, 5, 14, 11
MM, 1, 15, 13
MM, 615, 549, 13
MM, 35, 16, 12
MM, 32, 16, 17
MM, 29, 16, 9
MM, 27, 16, 13
MM, 25, 16, 11
MM, 24, 16, 13
MM, 24, 16, 14
MM, 24, 16, 13
MC, 1, 163
MM, 23, 16, 180
MM, 8, 16, 12
MM, 25, 16, 13
MM, 9, 14, 14
MM, 532, 546, 12
MM, 29, 11, 14
MM, 25, 11, 14
MM, 23, 10, 12
MM, 22, 10, 11
MM, 21, 10, 12
MM, 20, 10, 12
MM, 19, 10, 15
MM, 19, 10, 12
MM, 19, 10, 13
MM, 18, 10, 13
MM, 17, 10, 12
MM, 16, 10, 12
MM, 15, 10, 12
MM, 13, 10, 15
MM, 11, 10, 12
MM, 10, 10, 15
MM, 9, 10, 11
MM, 8, 10, 14
MM, 7, 10, 11
MM, 7, 10, 12
MM, 6, 10, 13
MM, 5, 10, 13
MM, 4, 10, 14
MM, 3, 10, 12
MM, 2, 10, 13
MM, 0, 10, 13
MM, 494, 544, 11
MM, 492, 544, 12
MM, 490, 544, 17
MM, 31, 10, 11
MM, 30, 10, 12
MM, 29, 10, 13
MM, 28, 10, 13
MM, 28, 10, 12
MM, 28, 10, 12
MM, 27, 10, 15
MM, 27, 10, 13
MC, 1, 124
MM, 27, 10, 168
MM, 27, 9, 13
MM, 27, 9, 11
MM, 491, 542, 12
MM, 2, 7, 16
MM, 10, 6, 13
MM, 18, 6, 11
MM, 26, 6, 12
MM, 32, 6, 14
MM, 534, 540, 12
MM, 4, 6, 12
MM, 7, 6, 12
MM, 10, 6, 15
MM, 12, 6, 14
MM, 15, 6, 13
MM, 16, 6, 12
MM, 18, 6, 11
MM, 20, 6, 12
MM, 21, 6, 12
MM, 23, 6, 15
MM, 25, 6, 12
MM, 27, 6, 13
MM, 29, 6, 15
MM, 33, 6, 12
MM, 571, 540, 11
MM, 0, 6, 12
MM, 4, 6, 12
MM, 8, 6, 15
MM, 12, 6, 12
MM, 16, 6, 12
MM, 21, 6, 14
MM, 27, 6, 12
MM, 33, 7, 12
MM, 613, 541, 12
MM, 1, 8, 15
MM, 6, 9, 12
MM, 9, 9, 13
MM, 12, 9, 14
MM, 14, 10, 11
MM, 15, 10, 12
MM, 16, 10, 13
MM, 17, 10, 12
MM, 17, 10, 14
MM, 17, 10, 13
MM, 18, 10, 13
MM, 18, 10, 25
MC, 1, 165
MM, 18, 11, 127
MM, 18, 12, 12
MM, 9, 14, 17
MM, 33, 16, 10
MM, 11, 19, 13
MM, 32, 21, 13
MM, 15, 23, 15
MM, 4, 23, 11
MM, 531, 557, 11
MM, 31, 23, 12
MM, 29, 23, 15
MM, 28, 23, 19
MM, 27, 23, 17
MM, 27, 23, 15
MM, 27, 23, 14
MM, 26, 23, 48
MM, 26, 23, 12
MM, 24, 23, 16
MM, 22, 23, 11
MM, 20, 23, 13
MM, 19, 23, 15
MM, 17, 23, 12
MM, 16, 23, 12
MM, 15, 23, 11
MM, 14, 23, 12
MM, 14, 23, 15
MM, 13, 23, 13
MM, 13, 23, 26
MM, 12, 23, 24
MC, 1, 77
MM, 12, 22, 202
MM, 12, 22, 13
MM, 9, 21, 14
MM, 3, 20, 14
MM, 492, 553, 12
MM, 30, 18, 12
MM, 26, 17, 13
MM, 21, 16, 12
MM, 18, 16, 12
MM, 14, 15, 13
MM, 10, 15, 14
MM, 7, 14, 12
MM, 4, 14, 16
MM, 1, 13, 12
MM, 0, 13, 12
MM, 454, 546, 11
MM, 452, 545, 12
MM, 35, 10, 15
MM, 33, 9, 11
MM, 31, 8, 14
MM, 29, 7, 12
MM, 28, 7, 14
MM, 27, 7, 12
MM, 26, 6, 11
MM, 26, 6, 12
MM, 25, 6, 15
MM, 25, 6, 12
MM, 25, 6, 14
MM, 25, 5, 13
MM, 25, 5, 11
MC, 1, 87
MM, 25, 6, 192
MM, 25, 12, 15
MM, 25, 22, 14
MM, 440, 569, 11
MM, 19, 8, 13
MM, 19, 15, 13
MM, 19, 19, 13
MM, 19, 23, 12
MM, 19, 26, 12
MM, 19, 28, 12
MM, 440, 602, 14
MM, 440, 606, 13
MM, 31, 1, 12
MM, 31, 4, 13
MM, 31, 6, 12
MM, 31, 8, 13
MM, 31, 9, 13
MM, 31, 10, 14
MM, 31, 11, 12
MM, 31, 11, 13
MM, 31, 12, 13
MM, 31, 12, 12
MM, 31, 14, 12
MM, 31, 15, 16
MM, 31, 18, 12
MM, 31, 21, 12
MM, 31, 23, 12
MM, 31, 27, 13
MM, 31, 30, 12
MM, 440, 641, 12
MM, 440, 644, 13
MM, 36, 1, 14
MM, 36, 3, 13
MM, 36, 6, 13
MM, 36, 8, 12
MM, 36, 9, 12
MM, 36, 10, 12
MM, 36, 10, 13
MM, 36, 11, 15
MM, 36, 11, 11
MM, 36, 12, 13
MM, 36, 12, 15
MM, 36, 12, 13
MM, 36, 12, 10
MC, 1, 280
MM, 36, 12, 204
MM, 36, 11, 17
MM, 36, 9, 21
MM, 36, 8, 12
MM, 36, 6, 13
MM, 36, 4, 14
MM, 36, 3, 13
MM, 36, 2, 12
MM, 36, 1, 14
MM, 36, 0, 14
MM, 440, 644, 10
MM, 440, 643, 13
MM, 440, 640, 12
MM, 31, 28, 14
MM, 31, 24, 12
MM, 31, 20, 13
MM, 31, 17, 13
MM, 31, 14, 13
MM, 31, 11, 12
MM, 31, 9, 12
MM, 31, 7, 12
MM, 31, 6, 17
MM, 31, 5, 11
MM, 31, 3, 12
MM, 31, 2, 13
MM, 31, 1, 13
MM, 31, 0, 12
MM, 440, 607, 11
MM, 440, 607, 14
MM, 440, 606, 13
MM, 440, 605, 14
MM, 440, 604, 14
MM, 440, 603, 11
MM, 440, 603, 12
MM, 440, 602, 12
MM, 19, 30, 13
MM, 19, 30, 14
MM, 19, 29, 13
MM, 19, 29, 12
MM, 19, 29, 14
MM, 19, 28, 13
MM, 19, 28, 11
MM, 19, 28, 12
MM, 19, 28, 12
MM, 19, 28, 28
MM, 19, 27, 12
MM, 19, 27, 13
MM, 19, 27, 12
MM, 19, 27, 12
MM, 19, 27, 12
MM, 19, 26, 15
MM, 19, 26, 12
MM, 19, 26, 15
MM, 19, 26, 11
MM, 19, 25, 13
MM, 19, 25, 12
MM, 19, 25, 12
MM, 19, 24, 13
MM, 19, 24, 13
MM, 19, 24, 13
MC, 1, 36
MM, 18, 24, 231
MM, 11, 24, 14
MM, 4, 24, 14
MM, 418, 595, 13
MM, 31, 24, 11
MM, 24, 24, 12
MM, 18, 24, 12
MM, 12, 24, 13
MM, 8, 23, 15
MM, 4, 22, 11
MM, 2, 21, 12
MM, 379, 591, 12
MM, 378, 590, 16
MM, 376, 590, 12
MM, 374, 589, 12
MM, 34, 18, 13
MM, 32, 17, 13
MM, 30, 17, 13
MM, 28, 17, 11
MM, 27, 16, 12
MM, 26, 16, 16
MM, 24, 16, 12
MM, 23, 16, 12
MM, 22, 16, 13
MM, 21, 15, 13
MM, 20, 15, 12
MM, 20, 15, 11
MM, 20, 15, 13
MC, 1, 76
MM, 31, 11, 219
MM, 25, 1, 12
MM, 456, 562, 14
MM, 32, 24, 12
MM, 13, 22, 12
MM, 22, 22, 12
MM, 26, 22, 12
MM, 27, 22, 13
MM, 28, 22, 15
MM, 28, 22, 164
MM, 29, 22, 143
MM, 31, 22, 12
MM, 529, 556, 12
MM, 532, 556, 12
MM, 534, 555, 12
MM, 0, 20, 12
MM, 2, 20, 15
MM, 2, 19, 12
MM, 3, 19, 12
MM, 4, 18, 16
MM, 4, 18, 12
MM, 5, 18, 11
MM, 5, 18, 12
MM, 5, 18, 33
MM, 6, 18, 18
MM, 6, 18, 14
MM, 6, 18, 26
MM, 7, 18, 24
MM, 7, 18, 13
MM, 8, 18, 24
MM, 8, 18, 27
MC, 1, 90
MM, 8, 18, 203
MM, 8, 27, 12
MM, 540, 579, 13
MM, 31, 24, 12
MM, 32, 9, 12
MM, 24, 27, 17
MM, 102, 7, 11
MM, 97, 21, 12
MM, 93, 30, 13
MM, 494, 680, 13
MM, 493, 683, 11
MM, 492, 684, 13
MM, 492, 685, 12
MM, 492, 686, 16
MM, 492, 686, 12
MM, 491, 686, 12
MM, 491, 686, 127
MM, 491, 685, 13
MM, 491, 682, 12
MM, 491, 679, 12
MM, 491, 677, 15
MM, 87, 30, 12
MM, 87, 29, 15
MM, 87, 27, 11
MM, 87, 26, 12
MM, 87, 25, 12
MM, 87, 24, 12
MM, 87, 23, 15
MM, 87, 23, 12
MM, 87, 22, 13
MM, 87, 22, 12
MM, 87, 22, 14
MM, 87, 22, 11
MM, 87, 21, 13
MM, 87, 21, 12
MM, 87, 21, 15
MM, 87, 21, 14
MM, 87, 21, 10
MM, 87, 20, 13
MM, 87, 20, 13
MM, 87, 20, 13
MM, 87, 20, 11
MM, 87, 20, 13
MM, 87, 19, 15
MM, 87, 19, 12
MC, 1, 129
MM, 87, 17, 290
MM, 513, 642, 15
MM, 563, 607, 12
MM, 18, 8, 12
MM, 14, 28, 13
MM, 29, 19, 12
MM, 653, 548, 12
MM, 1, 13, 16
MM, 1, 13, 13
MM, 2, 12, 11
MM, 0, 13, 167
MM, 650, 548, 11
MM, 25, 16, 13
MM, 16, 17, 15
MM, 6, 19, 11
MM, 613, 553, 12
MM, 31, 19, 12
MM, 26, 19, 12
MM, 23, 19, 14
MM, 22, 19, 13
MM, 21, 19, 13
MM, 20, 19, 12
MM, 20, 19, 14
MM, 20, 19, 202
MM, 21, 19, 25
MM, 21, 19, 13
MM, 22, 19, 13
MM, 25, 19, 14
MM, 30, 17, 12
MM, 611, 549, 19
MM, 9, 12, 19
MM, 15, 12, 13
MM, 19, 12, 14
MM, 22, 12, 11
MM, 23, 12, 12
MM, 24, 12, 13
MM, 25, 12, 14
MM, 25, 12, 15
MM, 26, 12, 11
MM, 26, 12, 25
MM, 26, 12, 24
MM, 27, 12, 52
MC, 1, 216
MM, 27, 13, 154
MM, 19, 14, 14
MM, 611, 553, 12
MM, 0, 26, 11
MM, 541, 565, 12
MM, 517, 569, 15
MM, 500, 570, 14
MM, 27, 0, 11
MM, 22, 0, 12
MM, 20, 0, 14
MM, 18, 0, 13
MM, 17, 0, 12
MM, 15, 0, 11
MM, 14, 0, 12
MM, 12, 0, 15
MM, 9, 0, 12
MM, 5, 0, 13
MM, 1, 0, 13
MM, 460, 571, 12
MM, 457, 571, 12
MM, 32, 0, 13
MM, 29, 0, 13
MM, 26, 0, 14
MM, 22, 0, 12
MM, 18, 0, 14
MM, 14, 0, 12
MM, 11, 0, 11
MM, 8, 2, 14
MM, 5, 3, 15
MM, 2, 5, 11
MM, 0, 7, 12
MM, 418, 581, 14
MM, 415, 584, 13
MM, 33, 15, 13
MM, 31, 17, 11
MM, 30, 18, 12
MM, 29, 18, 15
MM, 28, 18, 13
MM, 28, 18, 12
MM, 28, 18, 11
MM, 27, 18, 52
MC, 1, 99
MM, 28, 18, 182
MM, 29, 18, 11
MM, 32, 18, 15
MM, 416, 594, 11
MM, 1, 30, 12
MM, 20, 2, 15
MM, 26, 9, 12
MM, 30, 14, 14
MM, 33, 17, 12
MM, 445, 627, 12
MM, 446, 628, 12
MM, 448, 630, 12
MM, 449, 632, 13
MM, 1, 27, 15
MM, 3, 30, 11
MM, 456, 641, 13
MM, 458, 644, 15
MM, 56, 3, 12
MM, 57, 5, 10
MM, 58, 6, 13
MM, 59, 7, 15
MM, 59, 8, 12
MM, 60, 8, 12
MM, 60, 9, 13
MM, 60, 10, 12
MM, 60, 10, 13
MM, 60, 11, 13
MM, 60, 11, 12
MM, 60, 11, 15
MM, 60, 12, 12
MM, 60, 12, 14
MM, 60, 12, 11
MM, 60, 13, 13
MM, 60, 13, 11
MC, 1, 115
MM, 60, 11, 191
MM, 60, 7, 12
MM, 57, 2, 15
MM, 456, 642, 13
MM, 1, 30, 13
MM, 447, 634, 12
MM, 34, 21, 12
MM, 30, 17, 12
MM, 26, 13, 13
MM, 23, 9, 14
MM, 20, 6, 12
MM, 18, 3, 12
MM, 16, 1, 16
MM, 14, 0, 12
MM, 422, 606, 12
MM, 422, 605, 12
MM, 421, 604, 13
MM, 420, 603, 12
MM, 420, 603, 13
MM, 420, 602, 11
MM, 419, 602, 13
MM, 419, 601, 16
MM, 418, 601, 13
MM, 417, 600, 12
MM, 416, 599, 12
MM, 415, 599, 12
MM, 34, 27, 12
MM, 33, 26, 12
MM, 32, 26, 16
MM, 32, 25, 12
MM, 31, 24, 14
MM, 30, 24, 12
MM, 30, 23, 12
MM, 30, 23, 12
MM, 30, 22, 12
MM, 29, 21, 12
MM, 29, 21, 15
MM, 29, 20, 12
MM, 29, 20, 13
MM, 29, 19, 15
MM, 28, 19, 11
MM, 28, 18, 11
MM, 28, 18, 12
MM, 28, 18, 16
MM, 28, 17, 12
MM, 27, 17, 12
MM, 27, 16, 13
MM, 26, 16, 12
MM, 26, 16, 13
MM, 26, 16, 13
MM, 26, 16, 12
MC, 1, 26
MM, 26, 15, 216
MM, 34, 8, 13
MM, 438, 567, 12
MM, 22, 17, 13
MM, 12, 7, 13
MM, 31, 2, 14
MM, 535, 533, 14
MM, 539, 532, 11
MM, 540, 532, 12
MM, 541, 532, 13
MM, 541, 532, 13
MM, 546, 532, 218
MM, 552, 530, 18
MM, 21, 30, 17
MM, 24, 29, 15
MM, 27, 29, 13
MM, 29, 28, 13
MM, 31, 28, 12
MM, 33, 28, 12
MM, 35, 28, 12
MM, 579, 525, 13
MM, 581, 525, 12
MM, 1, 28, 15
MM, 3, 28, 12
MM, 4, 28, 14
MM, 7, 28, 13
MM, 9, 28, 11
MM, 11, 28, 12
MM, 14, 28, 13
MM, 16, 28, 15
MM, 18, 28, 12
MM, 20, 28, 12
MM, 22, 28, 12
MM, 24, 28, 14
MM, 25, 28, 11
MM, 27, 28, 13
MM, 28, 28, 12
MM, 29, 28, 15
MM, 29, 28, 12
MM, 30, 28, 13
MM, 30, 28, 12
MM, 31, 28, 12
MM, 32, 29, 13
MM, 615, 529, 13
MM, 615, 531, 13
MM, 615, 533, 13
MM, 615, 535, 13
MM, 615, 537, 13
MM, 615, 538, 12
MM, 615, 539, 12
MM, 615, 540, 16
MM, 615, 541, 12
MM, 615, 542, 12
MM, 615, 542, 12
MM, 615, 543, 13
MM, 613, 543, 12
MM, 611, 543, 12
MM, 34, 10, 13
MM, 32, 10, 15
MM, 30, 10, 13
MM, 28, 10, 13
MM, 27, 10, 12
MM, 26, 10, 11
MM, 25, 10, 13
MM, 24, 10, 12
MM, 24, 10, 15
MM, 24, 10, 12
MC, 1, 75
MM, 23, 11, 165
MM, 20, 18, 14
MM, 14, 29, 13
MM, 583, 578, 13
MM, 34, 17, 13
MM, 31, 22, 13
MM, 29, 26, 14
MM, 28, 27, 11
MM, 28, 28, 12
MM, 27, 28, 12
MM, 27, 28, 13
MM, 27, 28, 13
MM, 27, 29, 155
MM, 27, 29, 14
MM, 26, 29, 10
MM, 25, 29, 13
MM, 25, 30, 13
MM, 566, 603, 13
MM, 564, 605, 11
MM, 561, 607, 12
MM, 27, 1, 15
MM, 26, 3, 12
MM, 24, 5, 13
MM, 23, 6, 13
MM, 22, 7, 12
MM, 21, 8, 12
MM, 20, 9, 12
MM, 19, 10, 14
MM, 19, 11, 13
MM, 19, 11, 13
MM, 18, 11, 13
MM, 18, 11, 24
MC, 1, 104
MM, 8, 11, 166
MM, 530, 619, 11
MM, 25, 11, 12
MM, 1, 11, 12
MM, 22, 7, 17
MM, 6, 3, 10
MM, 445, 607, 13
MM, 437, 605, 13
MM, 432, 603, 13
MM, 429, 602, 12
MM, 6, 30, 12
MM, 5, 29, 13
MM, 4, 28, 13
MM, 3, 27, 13
MM, 3, 26, 13
MM, 2, 25, 13
MM, 2, 25, 11
MM, 2, 24, 13
MM, 1, 24, 12
MM, 1, 23, 15
MM, 1, 22, 12
MM, 0, 21, 14
MM, 0, 20, 12
MM, 0, 19, 12
MM, 0, 18, 12
MM, 0, 17, 16
MM, 0, 16, 12
MM, 0, 16, 12
MM, 0, 16, 12
MM, 0, 15, 14
MM, 0, 15, 12
MM, 0, 15, 13
MM, 0, 15, 11
MM, 0, 14, 13
MM, 1, 14, 52
MM, 1, 14, 13
MM, 1, 14, 11
MM, 1, 14, 28
MM, 2, 14, 11
MM, 2, 14, 12
MM, 2, 14, 13
MC, 1, 66
MM, 2, 15, 177
MM, 2, 15, 13
MM, 2, 16, 13
MM, 418, 588, 11
MM, 31, 18, 14
MM, 24, 18, 13
MM, 19, 18, 12
MM, 14, 18, 15
MM, 11, 18, 12
MM, 6, 18, 12
MM, 2, 18, 12
MM, 379, 589, 12
MM, 376, 589, 12
MM, 35, 18, 15
MM, 33, 18, 12
MM, 31, 18, 13
MM, 30, 17, 14
MM, 28, 17, 12
MM, 26, 17, 11
MM, 25, 17, 13
MM, 24, 16, 14
MM, 23, 16, 12
MM, 23, 16, 14
MM, 22, 15, 12
MM, 22, 15, 12
MM, 22, 15, 25
MC, 1, 77
MM, 22, 13, 142
MM, 31, 11, 12
MM, 0, 8, 11
MM, 14, 5, 14
MM, 23, 3, 13
MM, 29, 1, 11
MM, 32, 1, 13
MM, 33, 1, 14
MM, 34, 1, 14
MM, 415, 572, 12
MM, 415, 571, 12
MM, 415, 571, 13
MM, 415, 571, 12
MM, 416, 571, 12
MM, 416, 571, 12
MM, 417, 571, 15
MM, 417, 571, 12
MM, 419, 571, 15
MM, 419, 571, 12
MM, 0, 0, 12
MM, 1, 0, 12
MM, 3, 0, 12
MM, 8, 0, 12
MM, 16, 0, 15
MM, 30, 0, 11
MM, 14, 0, 13
MM, 4, 0, 15
MM, 26, 0, 13
MM, 0, 0, 11
MM, 13, 0, 12
MM, 25, 0, 14
MM, 576, 570, 12
MM, 578, 570, 13
MM, 579, 570, 12
MM, 580, 570, 12
MM, 580, 570, 231
MM, 579, 570, 14
MM, 578, 568, 12
MM, 576, 565, 11
MM, 0, 29, 12
MM, 573, 561, 15
MM, 571, 558, 12
MM, 570, 557, 13
MM, 569, 556, 13
MM, 32, 21, 12
MM, 32, 20, 12
MM, 31, 19, 13
MM, 30, 19, 12
MM, 30, 18, 15
MM, 30, 18, 12
MM, 29, 18, 13
MM, 29, 18, 13
MM, 28, 18, 11
MM, 27, 17, 12
MM, 27, 17, 17
MM, 26, 17, 11
MM, 25, 17, 12
MM, 25, 17, 12
MM, 24, 16, 14
MM, 24, 16, 13
MM, 24, 16, 11
MM, 23, 16, 13
MM, 23, 16, 12
MM, 22, 16, 28
MC, 1, 47
MM, 20, 24, 205
MM, 546, 567, 16
MM, 35, 8, 12
MM, 28, 16, 12
MM, 24, 21, 13
MM, 22, 23, 14
MM, 21, 24, 11
MM, 21, 24, 12
MM, 20, 25, 12
MM, 20, 25, 14
MM, 20, 26, 20
MM, 20, 26, 17
MM, 20, 26, 12
MM, 19, 26, 16
MM, 19, 26, 13
MM, 19, 27, 12
MM, 19, 27, 12
MM, 18, 27, 12
MM, 18, 28, 12
MM, 17, 29, 13
MM, 17, 29, 14
MM, 517, 602, 13
MM, 515, 603, 14
MM, 513, 606, 13
MM, 21, 0, 12
MM, 19, 2, 11
MM, 17, 4, 12
MM, 14, 6, 13
MM, 12, 9, 15
MM, 10, 11, 12
MM, 8, 14, 13
MM, 6, 17, 14
MM, 4, 19, 11
MM, 3, 21, 12
MM, 1, 23, 12
MM, 0, 25, 14
MM, 489, 634, 13
MM, 487, 636, 13
MM, 486, 637, 12
MM, 485, 639, 12
MM, 484, 640, 13
MM, 483, 641, 13
MM, 482, 642, 12
MM, 482, 643, 15
MM, 481, 644, 12
MM, 480, 644, 13
MM, 76, 0, 12
MM, 75, 1, 11
MM, 75, 1, 14
MM, 75, 1, 16
MM, 74, 2, 10
MM, 74, 2, 13
MM, 74, 3, 13
MM, 73, 3, 12
MM, 73, 3, 12
MM, 73, 3, 12
MM, 73, 4, 15
MM, 73, 4, 13
MM, 73, 4, 14
MM, 73, 4, 12
MM, 73, 4, 11
MM, 72, 4, 13
MM, 72, 5, 11
MM, 71, 6, 14
MM, 71, 7, 14
MM, 70, 8, 12
MM, 69, 8, 14
MM, 68, 9, 13
MM, 68, 9, 12
MM, 67, 9, 12
MM, 67, 9, 38
MC, 1, 48
MM, 67, 9, 244
MM, 67, 9, 14
MM, 67, 7, 13
MM, 67, 6, 19
MM, 52, 1, 19
MM, 445, 643, 13
MM, 433, 639, 14
MM, 11, 27, 12
MM, 408, 630, 11
MM, 30, 18, 12
MM, 23, 15, 15
MM, 18, 13, 13
MM, 15, 11, 12
MM, 14, 11, 13
MM, 13, 10, 13
MM, 12, 10, 13
MM, 12, 10, 12
MM, 10, 10, 202
MM, 5, 10, 13
MM, 2, 8, 14
MM, 367, 615, 12
MM, 364, 614, 14
MM, 31, 4, 12
MM, 28, 1, 12
MM, 356, 607, 12
MM, 354, 604, 13
MM, 13, 30, 16
MM, 11, 28, 12
MM, 9, 26, 13
MM, 8, 24, 11
MM, 7, 23, 13
MM, 6, 22, 11
MM, 5, 21, 14
MM, 5, 20, 14
MM, 5, 19, 12
MM, 5, 19, 15
MM, 5, 19, 12
MM, 5, 18, 12
MM, 5, 18, 11
MM, 5, 18, 12
MM, 5, 18, 17
MM, 5, 18, 12
MM, 5, 17, 10
MM, 5, 17, 16
MM, 5, 17, 12
MM, 5, 17, 12
MM, 5, 17, 11
MM, 5, 16, 12
MM, 5, 16, 15
MM, 5, 16, 12
MM, 5, 16, 12
MC, 1, 281
MM, 8, 16, 190
MM, 376, 585, 12
MM, 10, 14, 14
MM, 9, 14, 12
MM, 499, 585, 14
MM, 13, 14, 12
MM, 20, 14, 13
MM, 22, 14, 13
MM, 22, 15, 178
MM, 22, 17, 12
MM, 22, 18, 13
MM, 22, 19, 12
MM, 22, 20, 15
MM, 22, 21, 12
MM, 22, 22, 13
MM, 22, 22, 15
MM, 22, 23, 11
MM, 22, 23, 11
MM, 22, 24, 12
MM, 22, 25, 13
MM, 22, 26, 15
MM, 22, 27, 12
MM, 22, 28, 12
MM, 23, 30, 13
MM, 526, 602, 13
MM, 528, 603, 11
MM, 529, 604, 13
MM, 530, 605, 15
MM, 531, 606, 12
MM, 532, 607, 14
MM, 1, 0, 11
MM, 2, 0, 13
MM, 3, 2, 12
MM, 5, 2, 13
MM, 5, 4, 13
MM, 6, 5, 12
MM, 7, 6, 14
MM, 8, 6, 12
MM, 9, 7, 13
MM, 9, 8, 13
MM, 10, 8, 12
MM, 10, 8, 12
MM, 11, 9, 12
MM, 12, 9, 14
MM, 12, 10, 13
MM, 12, 10, 13
MM, 13, 11, 13
MM, 13, 11, 12
MM, 13, 11, 13
MM, 13, 11, 12
MM, 14, 11, 16
MC, 1, 100
MM, 14, 11, 139
MM, 14, 11, 26
MM, 14, 10, 13
MM, 8, 8, 13
MM, 0, 6, 13
MM, 32, 3, 11
MM, 25, 1, 13
MM, 508, 607, 16
MM, 504, 605, 12
MM, 500, 604, 12
MM, 496, 602, 12
MM, 29, 30, 13
MM, 26, 28, 12
MM, 23, 26, 11
MM, 20, 25, 14
MM, 17, 24, 14
MM, 15, 22, 13
MM, 13, 21, 13
MM, 11, 20, 12
MM, 9, 19, 12
MM, 8, 19, 12
MM, 7, 18, 12
MM, 6, 17, 16
MM, 6, 17, 11
MM, 5, 17, 13
MM, 4, 17, 15
MM, 4, 16, 11
MM, 3, 16, 12
MM, 3, 16, 12
MM, 3, 15, 12
MM, 2, 15, 15
MM, 2, 15, 12
MM, 2, 15, 26
MM, 1, 15, 13
MM, 1, 15, 11
MM, 1, 15, 13
MM, 0, 15, 12
MM, 462, 585, 15
MM, 462, 585, 12
MM, 461, 585, 13
MM, 460, 585, 12
MM, 459, 585, 13
MM, 458, 585, 12
MM, 457, 585, 13
MM, 35, 14, 14
MM, 34, 13, 12
MM, 34, 13, 13
MM, 33, 13, 14
MM, 33, 13, 12
MM, 33, 13, 11
MM, 33, 13, 12
MC, 1, 27
MM, 33, 13, 230
MM, 35, 13, 12
MM, 458, 587, 12
MM, 461, 593, 13
MM, 466, 606, 12
MM, 19, 11, 15
MM, 22, 22, 12
MM, 474, 639, 15
MM, 72, 1, 11
MM, 74, 6, 12
MM, 76, 11, 12
MM, 77, 14, 12
MM, 78, 16, 21
MM, 80, 20, 17
MM, 81, 21, 13
MM, 82, 23, 16
MM, 83, 24, 13
MM, 83, 25, 12
MM, 84, 26, 11
MM, 84, 27, 13
MM, 85, 28, 12
MM, 86, 29, 13
MM, 86, 29, 14
MM, 87, 30, 13
MM, 491, 676, 13
MM, 492, 677, 13
MM, 492, 677, 12
MM, 492, 677, 12
MM, 492, 677, 12
MP, 1, 114
MR, 1, 15
MC, 1, 0
MM, 492, 677, 190
MM, 492, 677, 13
MM, 492, 677, 13
MM, 492, 676, 12
MM, 492, 676, 12
MM, 492, 676, 12
MM, 492, 676, 17
MM, 492, 676, 11
MM, 88, 30, 12
MM, 88, 30, 13
MM, 88, 30, 24
MM, 88, 30, 13
MM, 88, 29, 12
MM, 88, 29, 15
MM, 88, 29, 14
MM, 88, 29, 13
MM, 88, 29, 12
MM, 88, 28, 12
MM, 88, 28, 12
MM, 88, 27, 12
MM, 88, 27, 12
MM, 88, 26, 14
MM, 89, 25, 12
MM, 89, 25, 16
MM, 89, 24, 12
MM, 89, 24, 12
MM, 89, 24, 24
MC, 1, 52
MM, 89, 21, 268
MM, 89, 16, 11
MM, 105, 0, 12
MM, 530, 630, 17
MM, 15, 12, 11
MM, 26, 3, 12
MM, 564, 607, 14
MM, 567, 605, 14
MM, 568, 604, 11
MM, 569, 604, 12
MM, 569, 603, 229
MM, 29, 30, 12
MM, 32, 28, 14
MM, 35, 26, 12
MM, 581, 596, 12
MM, 583, 594, 12
MM, 1, 21, 17
MM, 3, 19, 11
MM, 5, 17, 12
MM, 8, 14, 13
MM, 11, 10, 13
MM, 16, 4, 12
MM, 606, 569, 11
MM, 35, 30, 13
MM, 613, 561, 14
MM, 615, 559, 14
MM, 0, 23, 13
MM, 1, 22, 12
MM, 2, 21, 12
MM, 2, 21, 12
MM, 3, 20, 13
MM, 3, 20, 12
MM, 4, 20, 15
MM, 4, 20, 12
MM, 4, 20, 27
MM, 5, 20, 23
MM, 5, 20, 12
MM, 6, 20, 27
MM, 6, 20, 26
MM, 6, 20, 25
MM, 6, 20, 25
MC, 1, 52
MM, 616, 563, 255
MM, 13, 10, 12
MM, 570, 609, 11
MM, 19, 20, 12
MM, 538, 640, 15
MM, 128, 1, 14
MM, 125, 3, 11
MM, 123, 4, 13
MM, 122, 5, 13
MM, 120, 5, 13
MM, 117, 6, 12
MM, 116, 7, 12
MM, 114, 8, 12
MM, 112, 9, 15
MM, 110, 9, 12
MM, 108, 10, 13
MM, 106, 11, 13
MM, 104, 12, 11
MM, 103, 13, 14
MM, 101, 15, 12
MM, 100, 16, 14
MM, 98, 17, 12
MM, 97, 18, 13
MM, 96, 20, 13
MM, 94, 22, 11
MM, 92, 24, 13
MM, 90, 26, 16
MM, 89, 28, 12
MM, 88, 30, 12
MM, 491, 676, 12
MM, 490, 676, 13
MM, 489, 677, 13
MM, 488, 677, 11
MM, 488, 678, 13
MM, 488, 678, 14
MM, 487, 678, 14
MM, 487, 678, 24
MM, 487, 678, 12
MM, 487, 678, 13
MM, 486, 678, 12
MM, 486, 678, 15
MM, 486, 678, 11
MM, 486, 678, 13
MM, 486, 678, 28
MM, 486, 676, 52
MM, 82, 29, 11
MC, 1, 11
MM, 82, 25, 13
MM, 82, 24, 14
MM, 82, 22, 13
MM, 82, 21, 10
MM, 82, 20, 13
MM, 82, 19, 15
MM, 82, 19, 12
MM, 82, 18, 12
MM, 82, 17, 13
MM, 82, 17, 13
MM, 82, 17, 13
MM, 82, 17, 12
MM, 82, 16, 12
MM, 82, 16, 14
MM, 82, 16, 12
MM, 82, 16, 13
MC, 1, 116
MM, 82, 15, 253
MM, 82, 14, 12
MM, 83, 12, 13
MM, 83, 9, 13
MM, 85, 6, 14
MM, 86, 2, 12
MM, 491, 644, 13
MM, 492, 641, 13
MM, 492, 640, 12
MM, 3, 30, 12
MM, 4, 29, 12
MM, 4, 28, 16
MM, 4, 27, 12
MM, 4, 27, 12
MM, 4, 26, 12
MM, 4, 24, 14
MM, 4, 23, 11
MM, 4, 21, 13
MM, 4, 19, 14
MM, 4, 16, 13
MM, 4, 12, 13
MM, 4, 9, 12
MM, 4, 7, 12
MM, 4, 5, 12
MM, 4, 4, 13
MM, 4, 2, 15
MM, 4, 2, 11
MM, 4, 1, 13
MM, 4, 0, 15
MM, 494, 607, 11
MM, 494, 607, 12
MM, 494, 607, 12
MM, 494, 607, 12
MM, 494, 606, 27
MM, 494, 606, 75
MM, 494, 606, 15
MM, 494, 606, 14
MM, 494, 605, 11
MM, 494, 604, 12
MM, 499, 603, 13
MM, 5, 29, 13
MM, 17, 25, 11
MM, 32, 20, 14
MM, 2, 17, 14
MM, 11, 14, 12
MM, 18, 13, 13
MM, 21, 12, 12
MM, 23, 12, 12
MM, 24, 12, 12
MM, 24, 12, 14
MM, 25, 12, 12
MM, 25, 12, 27
MM, 25, 12, 12
MM, 26, 12, 13
MM, 26, 12, 40
MC, 1, 189
MM, 26, 12, 168
MM, 24, 14, 12
MM, 8, 16, 12
MM, 22, 18, 12
MM, 498, 589, 13
MM, 12, 18, 11
MM, 33, 18, 14
MM, 17, 18, 14
MM, 3, 18, 13
MM, 34, 18, 13
MM, 28, 18, 12
MM, 24, 18, 12
MM, 21, 18, 12
MM, 19, 18, 12
MM, 16, 18, 13
MM, 13, 18, 15
MM, 10, 18, 12
MM, 7, 18, 15
MM, 3, 18, 11
MM, 0, 18, 12
MM, 378, 589, 12
MM, 375, 588, 12
MM, 35, 17, 15
MM, 34, 16, 12
MM, 33, 16, 13
MM, 32, 16, 12
MM, 31, 16, 14
MM, 30, 16, 11
MM, 29, 16, 13
MM, 27, 16, 12
MM, 26, 16, 15
MM, 25, 16, 12
MM, 24, 16, 13
MM, 23, 16, 12
MM, 22, 16, 12
MM, 22, 15, 14
MM, 22, 15, 12
MM, 21, 15, 13
MC, 1, 101
MM, 27, 15, 128
MM, 2, 12, 14
MM, 29, 9, 11
MM, 12, 7, 12
MM, 27, 5, 15
MM, 457, 575, 13
MM, 461, 575, 13
MM, 0, 4, 13
MM, 2, 4, 12
MM, 2, 4, 12
MM, 2, 3, 11
MM, 3, 3, 13
MM, 3, 3, 40
MM, 3, 3, 14
MM, 3, 2, 12
MM, 4, 2, 12
MM, 5, 1, 12
MM, 6, 0, 12
MM, 471, 570, 21
MM, 475, 568, 17
MM, 478, 567, 13
MM, 481, 566, 16
MM, 483, 565, 12
MM, 30, 30, 12
MM, 491, 562, 12
MM, 495, 561, 13
MM, 3, 26, 12
MM, 7, 24, 12
MM, 9, 23, 13
MM, 12, 22, 14
MM, 13, 21, 14
MM, 14, 20, 13
MM, 15, 20, 12
MM, 15, 19, 12
MM, 16, 19, 12
MM, 16, 19, 12
MM, 17, 18, 13
MM, 17, 18, 15
MM, 17, 18, 12
MM, 18, 18, 14
MM, 18, 18, 12
MM, 18, 18, 12
MC, 1, 113
MM, 18, 18, 129
MM, 18, 18, 13
MM, 13, 19, 12
MM, 3, 19, 12
MM, 29, 19, 12
MM, 17, 19, 17
MM, 7, 19, 11
MM, 454, 553, 12
MM, 31, 19, 13
MM, 24, 19, 13
MM, 19, 19, 12
MM, 16, 19, 13
MM, 15, 19, 11
MM, 13, 19, 13
MM, 13, 19, 16
MM, 12, 19, 12
MM, 12, 18, 12
MM, 11, 18, 13
MM, 11, 18, 12
MM, 11, 18, 12
MM, 11, 17, 12
MM, 11, 17, 12
MC, 1, 141
MM, 12, 22, 245
MM, 18, 29, 12
MM, 22, 3, 11
MM, 29, 11, 12
MM, 34, 17, 17
MM, 459, 593, 11
MM, 461, 597, 11
MM, 0, 29, 13
MM, 465, 603, 15
MM, 466, 604, 12
MM, 467, 607, 12
MM, 19, 3, 11
MM, 21, 7, 12
MM, 24, 11, 15
MM, 26, 15, 12
MM, 28, 19, 13
MM, 31, 23, 13
MM, 33, 26, 13
MM, 485, 636, 12
MM, 487, 638, 12
MM, 488, 640, 12
MM, 489, 642, 14
MM, 491, 643, 13
MM, 491, 643, 13
MM, 491, 644, 13
MM, 492, 644, 11
MM, 89, 0, 13
MM, 89, 0, 12
MM, 89, 0, 15
MM, 89, 0, 12
MM, 89, 0, 13
MM, 90, 0, 13
MM, 90, 1, 12
MM, 90, 1, 12
MM, 90, 1, 26
MM, 91, 1, 14
MM, 91, 1, 12
MM, 91, 1, 13
MM, 92, 1, 25
MM, 92, 1, 24
MM, 92, 1, 28
MM, 92, 1, 12
MM, 92, 1, 12
MM, 92, 2, 14
MM, 92, 2, 11
MM, 92, 2, 12
MM, 92, 2, 14
MM, 92, 3, 14
MM, 92, 3, 14
MM, 93, 3, 12
MM, 93, 3, 12
MM, 93, 4, 13
MM, 93, 4, 12
MM, 93, 4, 12
MM, 93, 5, 12
MM, 93, 5, 15
MM, 93, 6, 12
MM, 93, 7, 15
MM, 94, 7, 12
MM, 94, 8, 12
MM, 94, 8, 11
MM, 94, 9, 12
MC, 1, 52
MM, 94, 8, 152
MM, 94, 7, 15
MM, 94, 2, 12
MM, 504, 642, 20
MM, 527, 631, 19
MM, 7, 18, 12
MM, 13, 15, 15
MM, 16, 14, 11
MM, 18, 13, 13
MM, 19, 13, 11
MM, 20, 13, 12
MM, 20, 13, 17
MM, 21, 13, 22
MM, 21, 13, 13
MM, 21, 13, 28
MM, 22, 13, 11
MM, 22, 13, 11
MM, 23, 13, 13
MM, 23, 13, 15
MM, 24, 13, 12
MM, 25, 13, 12
MM, 27, 13, 14
MM, 28, 13, 12
MM, 30, 13, 12
MM, 32, 13, 12
MM, 34, 13, 15
MM, 568, 622, 11
MM, 570, 622, 13
MM, 571, 622, 13
MM, 0, 15, 12
MM, 1, 15, 13
MM, 3, 15, 12
MM, 4, 15, 13
MM, 5, 15, 14
MM, 6, 16, 12
MM, 7, 16, 13
MM, 7, 16, 13
MM, 8, 16, 12
MM, 8, 16, 12
MM, 9, 16, 16
MM, 9, 16, 24
MM, 9, 16, 25
MM, 10, 16, 24
MM, 10, 16, 13
MM, 10, 16, 15
MM, 10, 16, 13
MM, 10, 17, 13
MM, 11, 17, 23
MM, 11, 17, 229
MM, 11, 13, 40
MM, 12, 8, 11
MM, 19, 0, 13
MM, 14, 30, 13
MM, 18, 25, 13
MM, 20, 22, 14
MM, 23, 20, 12
MM, 24, 18, 13
MM, 25, 17, 14
MM, 26, 16, 11
MM, 26, 15, 12
MM, 27, 14, 12
MM, 28, 13, 13
MM, 29, 12, 13
MM, 29, 11, 14
MM, 30, 10, 12
MM, 616, 581, 13
MM, 617, 580, 19
MM, 620, 578, 19
MM, 621, 577, 13
MM, 0, 5, 14
MM, 2, 4, 11
MM, 3, 3, 12
MM, 4, 2, 13
MM, 5, 2, 15
MM, 7, 1, 13
MM, 631, 570, 11
MM, 633, 569, 13
MM, 637, 566, 12
MM, 23, 30, 15
MM, 28, 27, 10
MM, 648, 560, 13
MM, 651, 558, 12
MM, 653, 556, 15
MM, 0, 21, 12
MM, 2, 21, 13
MM, 3, 20, 12
MM, 3, 20, 12
MM, 4, 20, 13
MM, 4, 19, 13
MM, 5, 19, 15
MM, 5, 19, 11
MM, 5, 19, 14
MM, 5, 19, 11
MM, 5, 19, 13
MM, 6, 19, 12
MM, 6, 19, 27
MM, 6, 19, 152
MM, 6, 22, 52
MM, 29, 1, 15
MM, 5, 3, 11
MM, 599, 647, 11
MM, 584, 672, 12
MM, 574, 684, 12
MM, 569, 691, 17
MM, 568, 693, 11
MM, 568, 694, 12
MM, 567, 695, 13
MM, 567, 695, 14
MM, 567, 695, 12
MM, 567, 694, 88
MM, 567, 693, 13
MM, 567, 693, 13
MM, 567, 692, 12
MM, 567, 691, 14
MM, 567, 691, 13
MM, 567, 690, 12
MM, 567, 689, 13
MM, 567, 688, 11
MM, 567, 687, 13
MM, 567, 685, 16
MM, 567, 684, 11
MM, 567, 682, 12
MM, 567, 680, 14
MM, 567, 678, 12
MM, 568, 676, 14
MM, 570, 672, 10
MM, 575, 667, 13
MM, 579, 661, 15
MM, 583, 655, 13
MM, 587, 650, 11
MM, 590, 646, 13
MM, 592, 643, 13
MM, 594, 640, 12
MM, 22, 30, 17
MM, 22, 28, 10
MM, 23, 27, 11
MM, 23, 26, 12
MM, 23, 26, 13
MM, 24, 26, 14
MM, 24, 26, 13
MM, 24, 26, 12
MM, 24, 25, 13
MC, 1, 483
MM, 24, 24, 307
MM, 24, 20, 12
MM, 26, 13, 12
MM, 30, 8, 12
MM, 33, 4, 16
MM, 35, 2, 12
MM, 36, 1, 12
MM, 36, 0, 12
MM, 611, 607, 14
MM, 611, 606, 11
MM, 612, 605, 13
MM, 612, 604, 12
MM, 613, 604, 15
MM, 613, 602, 14
MM, 28, 30, 12
MM, 29, 29, 12
MM, 29, 27, 12
MM, 30, 25, 13
MM, 30, 24, 11
MM, 30, 22, 17
MM, 616, 591, 11
MM, 617, 589, 11
MM, 618, 586, 12
MM, 619, 584, 13
MM, 621, 580, 13
MM, 3, 5, 14
MM, 7, 1, 12
MM, 634, 567, 13
MM, 20, 30, 14
MM, 23, 28, 11
MM, 25, 26, 12
MM, 27, 25, 12
MM, 28, 24, 17
MM, 29, 24, 11
MM, 29, 23, 12
MM, 29, 23, 13
MM, 30, 23, 12
MM, 30, 23, 13
MM, 30, 23, 12
MM, 30, 22, 230
MM, 648, 554, 13
MM, 651, 552, 14
MM, 652, 551, 12
MM, 0, 16, 11
MM, 1, 15, 13
MM, 2, 14, 15
MM, 3, 14, 11
MM, 3, 14, 14
MM, 4, 13, 11
MM, 4, 13, 13
MM, 5, 13, 13
MM, 5, 13, 13
MM, 5, 13, 14
MM, 5, 12, 12
MC, 1, 102
MM, 5, 13, 164
MM, 1, 15, 15
MM, 29, 20, 13
MM, 16, 26, 13
MM, 620, 567, 12
MM, 23, 2, 11
MM, 13, 8, 13
MM, 5, 12, 12
MM, 0, 15, 12
MM, 582, 587, 16
MM, 581, 588, 12
MM, 579, 589, 14
MM, 35, 18, 12
MM, 34, 19, 12
MM, 33, 19, 12
MM, 31, 20, 12
MM, 29, 21, 21
MM, 26, 22, 17
MM, 25, 23, 12
MM, 25, 23, 17
MM, 24, 24, 12
MM, 23, 25, 12
MM, 22, 25, 12
MM, 21, 27, 12
MM, 20, 28, 13
MM, 19, 30, 12
MM, 561, 602, 12
MM, 559, 605, 16
MM, 558, 606, 12
MM, 25, 1, 13
MM, 24, 3, 12
MM, 24, 5, 13
MM, 23, 7, 12
MM, 22, 8, 12
MM, 22, 8, 12
MM, 22, 9, 14
MM, 22, 9, 13
MM, 21, 9, 15
MM, 21, 9, 24
MC, 1, 101
MM, 17, 9, 153
MM, 11, 9, 13
MM, 6, 9, 12
MM, 1, 9, 12
MM, 530, 616, 13
MM, 526, 615, 16
MM, 33, 6, 11
MM, 28, 4, 12
MM, 24, 3, 13
MM, 20, 2, 13
MM, 17, 0, 13
MM, 503, 607, 11
MM, 500, 606, 12
MM, 497, 605, 17
MM, 494, 604, 11
MM, 489, 602, 13
MM, 22, 29, 12
MM, 18, 28, 13
MM, 14, 26, 12
MM, 10, 25, 12
MM, 8, 24, 13
MM, 6, 24, 14
MM, 4, 23, 13
MM, 3, 23, 13
MM, 2, 23, 12
MM, 1, 23, 12
MM, 0, 23, 13
MM, 462, 594, 12
MM, 461, 594, 12
MM, 460, 594, 14
MM, 460, 594, 13
MM, 459, 594, 15
MM, 459, 594, 12
MM, 458, 594, 12
MM, 457, 594, 11
MM, 35, 23, 12
MM, 34, 23, 17
MM, 33, 22, 10
MM, 33, 22, 13
MM, 32, 22, 13
MM, 30, 21, 15
MM, 29, 21, 11
MM, 28, 20, 11
MM, 28, 19, 12
MM, 27, 19, 15
MM, 27, 19, 19
MM, 26, 19, 17
MC, 1, 89
MM, 26, 19, 117
MM, 26, 20, 12
MM, 24, 21, 13
MM, 15, 21, 12
MM, 3, 22, 14
MM, 30, 22, 12
MM, 17, 22, 11
MM, 4, 22, 13
MM, 374, 593, 14
MM, 27, 22, 13
MM, 20, 22, 13
MM, 15, 21, 12
MM, 11, 20, 12
MM, 8, 19, 14
MM, 6, 18, 12
MM, 4, 17, 12
MM, 3, 16, 14
MM, 2, 16, 13
MM, 1, 15, 13
MM, 0, 14, 12
MM, 337, 585, 11
MM, 337, 584, 14
MM, 337, 584, 12
MM, 336, 584, 14
MM, 336, 583, 13
MM, 336, 583, 13
MP, 1, 75
MR, 1, 1
MC, 1, 0
MM, 1, 12, 179
MM, 7, 12, 12
MM, 15, 12, 13
MM, 24, 12, 14
MM, 31, 12, 12
MM, 374, 583, 11
MM, 377, 583, 12
MM, 0, 12, 15
MM, 1, 12, 12
MM, 2, 12, 14
MM, 3, 12, 12
MM, 3, 12, 12
MC, 1, 198
MM, 2, 12, 184
MM, 2, 12, 12
MM, 1, 12, 12
MM, 0, 12, 15
MM, 0, 12, 12
MM, 379, 583, 13
MM, 379, 583, 13
MM, 379, 583, 12
MM, 378, 583, 25
MM, 378, 583, 64
MM, 1, 12, 52
MM, 417, 583, 12
MM, 31, 12, 13
MM, 20, 13, 13
MM, 617, 586, 11
MM, 29, 18, 13
MM, 5, 19, 16
MM, 12, 19, 12
MM, 14, 19, 12
MM, 15, 19, 12
MM, 15, 19, 13
MM, 27, 11, 180
MM, 709, 572, 11
MM, 758, 549, 12
MM, 885, 496, 39
MM, 891, 494, 12
MM, 889, 494, 282
MM, 888, 494, 11
MM, 885, 494, 13
MM, 883, 495, 13
MM, 763, 528, 559
MM, 1, 12, 14
MM, 649, 559, 13
MM, 613, 566, 12
MM, 2, 0, 13
MM, 29, 2, 14
MM, 19, 3, 11
MM, 13, 4, 11
MM, 9, 4, 14
MM, 6, 4, 15
MM, 2, 4, 13
MM, 541, 576, 11
MM, 35, 5, 14
MM, 29, 5, 11
MM, 23, 5, 14
MM, 18, 6, 11
MM, 15, 6, 12
MM, 12, 6, 13
MM, 9, 7, 14
MM, 8, 7, 13
MM, 6, 7, 13
MM, 3, 7, 12
MM, 1, 8, 12
MM, 499, 579, 12
MM, 495, 580, 14
MM, 28, 10, 14
MM, 22, 11, 13
MM, 16, 12, 12
MM, 8, 13, 13
MM, 1, 13, 11
MM, 458, 584, 13
MM, 31, 13, 16
MM, 25, 13, 11
MM, 21, 13, 12
MM, 17, 13, 13
MM, 13, 13, 13
MM, 10, 13, 12
MM, 8, 13, 14
MM, 6, 13, 12
MM, 6, 13, 13
MM, 4, 13, 14
MM, 3, 13, 13
MM, 2, 13, 12
MM, 0, 13, 11
MM, 420, 584, 13
MM, 418, 584, 12
MM, 416, 583, 16
MM, 33, 12, 11
MM, 31, 12, 11
MM, 29, 12, 13
MM, 27, 12, 12
MM, 24, 12, 13
MM, 21, 12, 14
MM, 17, 12, 13
MM, 13, 12, 13
MM, 10, 12, 14
MM, 7, 12, 11
MM, 4, 12, 11
MM, 1, 12, 14
MM, 378, 583, 12
MM, 376, 583, 14
MM, 35, 12, 13
MM, 34, 12, 13
MM, 32, 12, 12
MM, 30, 12, 12
MM, 29, 12, 12
MM, 27, 12, 13
MM, 25, 12, 16
MM, 23, 12, 13
MM, 22, 11, 12
MM, 21, 11, 12
MM, 19, 10, 12
MM, 18, 10, 11
MM, 17, 9, 14
MM, 16, 9, 14
MM, 16, 9, 13
MM, 16, 9, 14
MM, 15, 9, 12
MC, 1, 48
MM, 19, 9, 280
MM, 29, 9, 13
MM, 15, 9, 13
MM, 9, 6, 14
MM, 465, 570, 13
MM, 494, 565, 13
MM, 20, 27, 12
MM, 533, 558, 11
MM, 10, 22, 14
MM, 16, 22, 15
MM, 19, 21, 11
MM, 20, 21, 12
MM, 21, 21, 13
MM, 21, 21, 25
MM, 22, 21, 192
MM, 29, 21, 11
MM, 571, 553, 14
MM, 6, 17, 14
MM, 13, 15, 11
MM, 19, 14, 12
MM, 21, 13, 16
MM, 23, 12, 12
MM, 25, 12, 12
MM, 25, 11, 12
MM, 26, 11, 13
MM, 26, 11, 13
MM, 27, 11, 12
MM, 27, 11, 12
MM, 27, 11, 129
MM, 27, 11, 14
MM, 28, 11, 12
MM, 28, 11, 12
MM, 28, 11, 13
MM, 29, 11, 11
MM, 29, 11, 13
MM, 30, 11, 14
MM, 30, 11, 12
MM, 30, 11, 28
MM, 30, 11, 23
MM, 29, 11, 64
MM, 25, 12, 13
MM, 21, 12, 12
MM, 18, 13, 13
MM, 16, 14, 12
MM, 14, 14, 14
MM, 13, 14, 12
MM, 11, 14, 13
MM, 10, 14, 13
MM, 9, 14, 12
MM, 8, 14, 12
MM, 6, 14, 13
MM, 5, 14, 13
MM, 4, 14, 13
MM, 2, 14, 13
MM, 574, 548, 13
MM, 572, 548, 14
MM, 570, 548, 12
MM, 33, 14, 11
MM, 32, 14, 13
MM, 31, 14, 12
MM, 30, 14, 16
MM, 28, 14, 11
MM, 28, 14, 13
MM, 27, 14, 12
MM, 27, 14, 13
MM, 27, 14, 12
MM, 27, 13, 15
MM, 27, 13, 13
MC, 1, 175
MM, 24, 15, 90
MM, 13, 22, 15
MM, 530, 566, 17
MM, 0, 9, 19
MM, 26, 13, 15
MM, 15, 17, 13
MM, 6, 19, 12
MM, 0, 21, 12
MM, 459, 592, 12
MM, 35, 22, 12
MM, 33, 22, 13
MM, 31, 22, 13
MM, 29, 23, 14
MM, 26, 23, 12
MM, 23, 23, 15
MM, 21, 23, 11
MM, 18, 23, 13
MM, 16, 23, 11
MM, 14, 23, 13
MM, 11, 23, 12
MM, 9, 23, 15
MM, 6, 23, 12
MM, 4, 23, 12
MM, 2, 23, 16
MM, 420, 594, 11
MM, 419, 594, 11
MM, 416, 594, 12
MM, 34, 23, 16
MM, 32, 22, 11
MM, 31, 21, 14
MM, 30, 21, 11
MM, 28, 20, 13
MM, 27, 20, 13
MM, 27, 19, 13
MM, 26, 19, 12
MM, 25, 18, 14
MM, 24, 18, 12
MM, 23, 18, 13
MM, 23, 17, 13
MM, 23, 17, 12
MM, 23, 17, 12
MC, 1, 77
MM, 23, 17, 154
MM, 23, 16, 13
MM, 33, 14, 12
MM, 18, 14, 12
MM, 9, 14, 12
MM, 498, 585, 13
MM, 16, 14, 15
MM, 30, 14, 11
MM, 540, 585, 13
MM, 2, 14, 15
MM, 5, 14, 11
MM, 7, 14, 12
MM, 9, 14, 12
MM, 12, 14, 12
MM, 15, 15, 15
MM, 20, 16, 12
MM, 26, 18, 13
MM, 33, 20, 13
MM, 582, 592, 13
MM, 3, 23, 11
MM, 8, 24, 13
MM, 11, 25, 12
MM, 14, 26, 15
MM, 16, 27, 14
MM, 17, 27, 11
MM, 17, 27, 12
MM, 17, 28, 13
MM, 18, 28, 13
MM, 18, 28, 12
MM, 18, 28, 13
MM, 18, 29, 14
MM, 18, 29, 12
MM, 18, 30, 19
MM, 603, 603, 19
MM, 603, 604, 13
MM, 603, 605, 15
MM, 604, 606, 11
MM, 605, 607, 12
MM, 36, 0, 12
MM, 618, 610, 12
MM, 9, 4, 16
MM, 19, 5, 10
MM, 29, 6, 14
MM, 655, 615, 12
MM, 1, 7, 16
MM, 4, 7, 12
MM, 5, 7, 10
MM, 6, 7, 12
MM, 6, 7, 13
MM, 7, 7, 15
MM, 7, 7, 12
MM, 8, 7, 191
MM, 8, 7, 25
MM, 9, 7, 13
MM, 9, 8, 12
MM, 10, 8, 15
MM, 11, 9, 13
MM, 12, 10, 12
MM, 12, 11, 11
MM, 13, 11, 13
MC, 1, 52
MM, 13, 7, 278
MM, 689, 605, 14
MM, 732, 587, 13
MM, 765, 574, 12
MM, 788, 567, 13
MM, 800, 563, 11
MM, 806, 561, 14
MM, 808, 561, 12
MM, 809, 560, 14
MM, 809, 560, 13
MM, 815, 560, 242
MM, 821, 560, 15
MM, 825, 560, 10
MM, 828, 560, 13
MM, 830, 560, 12
MM, 831, 560, 13
MM, 832, 560, 13
MM, 832, 560, 12
MM, 832, 560, 15
MM, 832, 559, 267
MM, 835, 554, 12
MM, 842, 547, 14
MM, 848, 542, 12
MM, 852, 539, 12
MM, 855, 536, 12
MM, 857, 535, 12
MM, 858, 534, 13
MM, 858, 533, 15
MM, 859, 533, 12
MM, 859, 533, 12
MM, 859, 533, 15
MM, 859, 532, 11
MM, 859, 532, 12
MM, 859, 533, 91
MM, 859, 536, 11
MM, 859, 544, 12
MM, 859, 554, 13
MM, 859, 564, 15
MM, 859, 573, 11
MM, 856, 581, 14
MM, 76, 0, 11
MM, 74, 4, 13
MM, 73, 6, 13
MM, 73, 7, 13
MM, 72, 8, 13
MM, 72, 8, 13
MM, 72, 9, 13
MM, 71, 9, 12
MM, 71, 9, 12
MM, 71, 9, 12
MM, 71, 9, 12
MM, 71, 10, 28
MM, 70, 10, 13
MM, 70, 10, 49
MM, 70, 10, 28
MM, 69, 10, 25
