********************************************************************************
LOGGING TIME: 20180908_192013
CLIENT IP: 127.0.1.1
USERNAME: abhilash
OS: Linux
**********************************Emotional database********************************************************************************
MM, 798, 625, 1537598292310
MM, 7, 33, 15
MM, 760, 603, 12
MM, 732, 579, 13
MM, 7, 13, 12
MM, 9, 17, 11
MM, 655, 485, 13
MM, 393, 76, 14
MM, 387, 66, 14
MM, 385, 61, 12
MM, 384, 59, 12
MM, 383, 58, 13
MM, 383, 58, 12
MM, 381, 52, 204
MM, 369, 42, 13
MM, 335, 7, 14
MM, 278, 74, 12
MM, 233, 24, 14
MM, 453, 249, 12
MM, 433, 225, 12
MM, 342, 134, 701
MM, 326, 118, 12
MM, 317, 110, 12
MM, 313, 104, 13
MM, 311, 103, 12
MM, 311, 102, 12
MM, 310, 101, 13
MM, 310, 100, 13
MM, 310, 100, 26
MM, 310, 100, 51
MM, 310, 100, 15
MM, 310, 99, 12
MM, 310, 99, 12
MM, 310, 99, 13
MM, 310, 99, 12
MM, 310, 99, 13
MM, 310, 98, 12
MM, 310, 98, 12
MM, 310, 98, 14
MM, 310, 97, 14
MM, 310, 96, 13
MM, 310, 94, 11
MM, 310, 91, 13
MM, 310, 88, 12
MM, 306, 88, 395
MM, 306, 90, 11
MM, 306, 93, 13
MM, 306, 97, 15
MM, 306, 102, 12
MM, 306, 108, 13
MM, 306, 115, 14
MM, 307, 121, 11
MM, 308, 128, 12
MM, 308, 135, 13
MM, 308, 142, 16
MM, 308, 228, 87
MM, 308, 240, 13
MM, 308, 250, 12
MM, 308, 257, 12
MM, 60, 1, 12
MM, 60, 3, 15
MM, 60, 4, 13
MM, 60, 6, 14
MM, 60, 7, 11
MM, 60, 8, 12
MM, 60, 9, 13
MM, 60, 10, 12
MM, 60, 11, 13
MM, 60, 12, 12
MM, 60, 14, 14
MM, 60, 15, 13
MM, 60, 18, 13
MM, 60, 21, 13
MM, 60, 24, 11
MM, 60, 26, 13
MM, 60, 28, 11
MM, 60, 31, 14
MM, 60, 32, 14
MM, 60, 34, 12
MM, 60, 35, 13
MM, 60, 36, 13
MM, 60, 36, 11
MM, 60, 36, 13
MM, 60, 37, 16
MM, 60, 37, 12
MC, 1, 125
MM, 60, 37, 25384
MM, 60, 47, 12
MM, 308, 344, 15
MM, 60, 9, 13
MM, 60, 70, 13
MM, 21, 25, 12
MM, 55, 2, 12
MM, 336, 606, 12
MM, 15, 19, 12
MM, 19, 29, 14
MM, 351, 640, 14
MM, 352, 641, 12
MM, 353, 642, 14
MM, 353, 642, 12
MM, 354, 642, 12
MM, 354, 642, 12
MM, 354, 642, 25
MM, 355, 642, 14
MM, 355, 642, 25
MM, 355, 642, 16
MM, 356, 642, 10
MM, 27, 26, 11
MM, 28, 1, 13
MM, 28, 25, 15
MM, 110, 76, 25
MM, 110, 44, 12
MM, 110, 24, 12
MM, 110, 13, 13
MM, 110, 9, 13
MM, 110, 7, 12
MM, 109, 6, 15
MM, 108, 5, 12
MM, 108, 4, 14
MM, 107, 2, 11
MM, 354, 388, 13
MM, 353, 386, 11
MM, 351, 383, 13
MM, 350, 380, 13
MM, 348, 376, 12
MM, 347, 371, 15
MM, 345, 365, 13
MM, 343, 361, 18
MM, 342, 358, 19
MM, 342, 358, 13
MM, 341, 357, 15
MM, 341, 359, 114
MM, 341, 360, 11
MM, 341, 363, 12
MM, 341, 366, 13
MM, 340, 369, 13
MM, 340, 373, 13
MM, 339, 377, 13
MM, 339, 380, 13
MM, 339, 383, 11
MM, 338, 385, 13
MM, 338, 387, 12
MM, 90, 0, 15
MM, 89, 1, 13
MM, 89, 2, 12
MM, 89, 4, 12
MM, 88, 5, 13
MM, 88, 7, 12
MM, 87, 9, 13
MM, 87, 11, 15
MM, 86, 13, 11
MM, 86, 14, 14
MM, 86, 14, 12
MC, 1, 472
MM, 86, 14, 1168
MM, 86, 14, 13
MM, 87, 14, 15
MM, 87, 14, 24
MM, 87, 16, 13
MM, 87, 18, 14
MM, 87, 21, 11
MM, 87, 27, 12
MM, 87, 39, 13
MM, 87, 53, 13
MM, 87, 64, 14
MM, 87, 73, 13
MM, 85, 79, 12
MM, 84, 83, 13
MM, 84, 85, 18
MM, 83, 87, 20
MM, 83, 88, 12
MM, 83, 88, 13
MM, 331, 479, 13
MM, 331, 480, 12
MM, 330, 482, 14
MM, 329, 485, 13
MM, 329, 489, 14
MM, 328, 492, 11
MM, 328, 495, 13
MM, 328, 498, 11
MM, 328, 501, 13
MM, 328, 504, 13
MM, 328, 510, 12
MM, 328, 522, 15
MM, 8, 13, 13
MM, 22, 7, 12
MM, 379, 600, 13
MM, 20, 4, 12
MM, 30, 12, 12
MM, 405, 625, 12
MM, 408, 627, 16
MM, 408, 628, 12
MM, 408, 628, 12
MM, 0, 20, 13
MM, 0, 17, 191
MM, 0, 3, 12
MM, 29, 7, 11
MM, 409, 552, 14
MM, 409, 535, 14
MM, 409, 525, 13
MM, 409, 520, 12
MM, 409, 518, 15
MM, 409, 517, 11
MM, 409, 516, 11
MM, 409, 515, 13
MM, 409, 515, 12
MM, 409, 515, 17
MM, 409, 515, 11
MM, 409, 514, 12
MM, 409, 514, 12
MM, 409, 513, 15
MM, 409, 512, 11
MM, 409, 511, 12
MM, 409, 510, 13
MM, 409, 509, 14
MM, 409, 508, 12
MM, 409, 506, 13
MM, 409, 504, 13
MM, 409, 502, 11
MM, 409, 499, 13
MM, 409, 497, 13
MM, 409, 496, 12
MM, 409, 493, 15
MM, 408, 491, 12
MM, 406, 489, 12
MM, 406, 488, 13
MM, 405, 486, 12
MM, 404, 485, 12
MM, 404, 485, 17
MM, 403, 485, 11
MM, 403, 484, 12
MM, 403, 484, 12
MM, 403, 484, 13
MM, 403, 484, 14
MM, 402, 484, 11
MM, 402, 484, 12
MM, 401, 484, 13
MM, 401, 485, 13
MM, 401, 487, 14
MM, 400, 488, 13
MM, 400, 489, 12
MM, 400, 490, 13
MM, 399, 492, 18
MM, 399, 495, 20
MM, 25, 0, 13
MM, 25, 2, 12
MM, 25, 4, 13
MM, 25, 6, 12
MM, 24, 7, 14
MM, 24, 8, 13
MM, 24, 9, 14
MM, 23, 9, 11
MM, 23, 10, 14
MM, 23, 10, 11
MM, 23, 10, 12
MM, 23, 10, 13
MM, 22, 11, 12
MM, 22, 11, 15
MM, 22, 11, 12
MM, 23, 11, 204
MM, 25, 11, 13
MM, 27, 10, 11
MM, 29, 10, 13
MM, 32, 10, 14
MM, 35, 10, 12
MM, 411, 507, 15
MM, 413, 507, 13
MM, 0, 10, 10
MM, 1, 10, 13
MM, 3, 10, 12
MM, 4, 10, 12
MM, 5, 10, 15
MM, 5, 10, 12
MM, 6, 10, 13
MM, 6, 10, 14
MM, 7, 10, 12
MM, 7, 10, 11
MM, 7, 10, 13
MM, 8, 10, 14
MM, 8, 10, 14
MM, 9, 10, 23
MM, 9, 10, 27
MM, 10, 10, 12
MM, 10, 10, 11
MM, 10, 10, 13
MM, 11, 10, 15
MM, 12, 10, 12
MM, 12, 10, 13
MM, 13, 10, 13
MM, 15, 10, 11
MM, 19, 12, 13
MM, 26, 14, 13
MM, 35, 18, 14
MM, 4, 23, 12
MM, 472, 528, 13
MM, 26, 3, 12
MM, 493, 547, 13
MM, 5, 22, 12
MM, 10, 28, 12
MM, 508, 565, 16
MM, 509, 566, 11
MM, 510, 566, 13
MM, 512, 566, 227
MM, 522, 568, 15
MM, 34, 3, 13
MM, 10, 15, 14
MM, 25, 25, 12
MM, 580, 604, 12
MM, 13, 1, 11
MM, 16, 3, 13
MM, 17, 4, 12
MM, 18, 5, 15
MM, 18, 5, 12
MM, 19, 5, 13
MM, 19, 5, 153
MM, 20, 5, 15
MM, 21, 6, 11
MM, 23, 7, 12
MM, 27, 8, 14
MM, 30, 9, 11
MM, 33, 10, 12
MM, 36, 11, 12
MM, 37, 11, 14
MM, 613, 620, 13
MM, 614, 620, 15
MM, 615, 621, 12
MM, 616, 621, 12
MM, 617, 621, 11
MM, 618, 622, 13
MM, 0, 14, 14
MM, 2, 14, 13
MM, 3, 14, 12
MM, 5, 15, 13
MM, 6, 15, 13
MM, 7, 16, 12
MM, 8, 16, 11
MM, 9, 16, 14
MM, 10, 16, 14
MM, 10, 17, 14
MM, 11, 17, 11
MM, 11, 17, 13
MM, 12, 17, 12
MM, 12, 17, 13
MM, 12, 17, 12
MM, 13, 17, 12
MM, 13, 17, 12
MM, 14, 17, 15
MM, 14, 17, 26
MM, 14, 17, 23
MC, 1, 64
MM, 8, 17, 247
MM, 35, 8, 10
MM, 30, 27, 12
MM, 2, 8, 11
MM, 23, 29, 13
MM, 5, 15, 12
MM, 32, 7, 15
MM, 27, 3, 13
MM, 25, 1, 13
MM, 24, 0, 14
MM, 24, 0, 11
MM, 24, 0, 12
MM, 24, 0, 229
MM, 481, 530, 15
MM, 24, 30, 13
MM, 22, 27, 11
MM, 18, 25, 12
MM, 15, 23, 12
MM, 12, 22, 12
MM, 10, 21, 15
MM, 8, 21, 14
MM, 7, 21, 12
MM, 7, 21, 14
MM, 6, 21, 12
MM, 6, 21, 22
MM, 6, 23, 14
MM, 6, 26, 14
MM, 6, 29, 13
MM, 464, 530, 13
MM, 12, 0, 12
MM, 17, 5, 12
MM, 23, 11, 12
MM, 32, 21, 12
MM, 496, 566, 15
MM, 1, 3, 12
MM, 5, 9, 14
MM, 8, 14, 12
MM, 9, 16, 13
MM, 10, 18, 12
MM, 10, 19, 12
MM, 10, 19, 26
MM, 13, 21, 254
MM, 28, 26, 13
MM, 560, 605, 12
MM, 14, 3, 12
MM, 36, 7, 17
MM, 9, 11, 11
MM, 21, 12, 13
MM, 29, 13, 13
MM, 651, 622, 12
MM, 652, 622, 11
MM, 653, 622, 17
MM, 653, 622, 46
MM, 653, 622, 969
MM, 655, 622, 102
MM, 656, 622, 16
MM, 1, 14, 10
MM, 2, 13, 12
MM, 4, 12, 12
MM, 6, 11, 14
MM, 9, 10, 12
MM, 12, 9, 13
MM, 16, 7, 13
MM, 20, 5, 13
MM, 24, 3, 14
MM, 28, 1, 11
MM, 690, 607, 12
MM, 696, 605, 12
MM, 703, 603, 14
MM, 711, 600, 12
MM, 721, 596, 14
MM, 729, 593, 12
MM, 736, 590, 14
MM, 741, 588, 12
MM, 745, 586, 12
MM, 748, 585, 13
MM, 750, 584, 15
MM, 750, 583, 12
MM, 751, 583, 12
MM, 751, 583, 13
MM, 751, 582, 13
MM, 751, 582, 11
MM, 751, 581, 191
MM, 755, 576, 13
MM, 761, 570, 12
MM, 770, 562, 14
MM, 777, 555, 13
MM, 784, 550, 12
MM, 789, 546, 13
MM, 793, 543, 13
MM, 797, 540, 12
MM, 799, 539, 12
MM, 800, 539, 13
MM, 801, 538, 15
MM, 802, 537, 14
MM, 803, 537, 10
MM, 803, 536, 13
MM, 804, 536, 13
MM, 804, 536, 13
MM, 805, 535, 12
MM, 805, 535, 12
MM, 806, 535, 12
MM, 806, 535, 15
MM, 806, 534, 12
MM, 807, 533, 13
MM, 809, 531, 12
MM, 810, 528, 12
MM, 797, 528, 537
MM, 769, 543, 11
MM, 735, 557, 12
MM, 711, 566, 12
MM, 694, 569, 16
MM, 685, 570, 12
MM, 681, 570, 13
MM, 679, 570, 12
MM, 678, 570, 13
MM, 678, 570, 11
MM, 677, 570, 13
MM, 677, 570, 178
MM, 677, 570, 13
MM, 677, 570, 14
MM, 14, 0, 13
MM, 14, 0, 12
MM, 14, 1, 14
MM, 14, 3, 12
MM, 14, 5, 12
MM, 14, 7, 12
MM, 14, 11, 12
MM, 14, 14, 15
MM, 14, 17, 14
MM, 14, 20, 11
MM, 14, 22, 13
MM, 14, 26, 13
MM, 14, 29, 12
MM, 677, 603, 12
MM, 677, 606, 12
MM, 20, 0, 15
MM, 20, 3, 13
MM, 18, 5, 12
MM, 17, 6, 13
MM, 16, 7, 12
MM, 15, 8, 12
MM, 15, 9, 12
MM, 14, 10, 13
MM, 14, 10, 14
MM, 14, 11, 12
MM, 14, 11, 14
MM, 14, 11, 13
MM, 13, 12, 11
MM, 13, 12, 13
MM, 13, 13, 15
MM, 13, 13, 13
MC, 1, 86
MM, 12, 14, 167
MM, 4, 18, 12
MM, 651, 631, 13
MM, 15, 30, 15
MM, 619, 643, 11
MM, 606, 647, 12
MM, 596, 650, 12
MM, 586, 653, 13
MM, 579, 655, 12
MM, 573, 656, 14
MM, 569, 657, 13
MM, 162, 13, 14
MM, 159, 13, 12
MM, 155, 13, 12
MM, 152, 13, 12
MM, 149, 13, 15
MM, 147, 13, 13
MM, 145, 13, 11
MM, 144, 13, 13
MM, 144, 13, 14
MM, 143, 13, 11
MM, 142, 13, 12
MM, 142, 13, 12
MM, 141, 13, 15
MM, 141, 13, 15
MM, 140, 13, 11
MM, 140, 13, 12
MM, 139, 13, 13
MM, 139, 13, 12
MM, 138, 13, 12
MM, 138, 13, 26
MM, 138, 13, 40
MM, 137, 13, 124
MM, 140, 12, 333
MM, 145, 10, 14
MM, 151, 8, 12
MM, 157, 6, 12
MM, 163, 4, 12
MM, 573, 645, 12
MM, 579, 641, 13
MM, 10, 28, 15
MM, 15, 24, 13
MM, 20, 21, 11
MM, 25, 17, 13
MM, 30, 14, 13
MM, 34, 12, 12
MM, 38, 9, 17
MM, 618, 614, 22
MM, 1, 5, 12
MM, 2, 5, 12
MM, 3, 4, 13
MM, 3, 4, 12
MM, 4, 3, 15
MM, 4, 3, 12
MM, 5, 1, 14
MM, 625, 607, 13
MM, 627, 603, 12
MM, 5, 28, 11
MM, 6, 23, 12
MM, 6, 19, 13
MM, 6, 16, 15
MM, 6, 14, 12
MM, 6, 11, 12
MM, 6, 9, 14
MM, 6, 7, 12
MM, 6, 5, 11
MM, 6, 3, 15
MM, 6, 2, 14
MM, 6, 0, 12
MM, 628, 569, 12
MM, 628, 568, 12
MM, 628, 566, 14
MM, 628, 565, 11
MM, 628, 565, 12
MM, 11, 30, 17
MM, 11, 29, 12
MM, 11, 28, 12
MM, 11, 27, 12
MM, 11, 27, 13
MM, 11, 26, 12
MM, 11, 26, 11
MM, 11, 26, 13
MM, 11, 25, 14
MM, 11, 25, 28
MM, 11, 25, 12
MM, 11, 25, 12
MM, 11, 24, 11
MM, 11, 24, 12
MM, 11, 24, 15
MM, 11, 24, 12
MM, 11, 24, 14
MM, 11, 23, 12
MM, 11, 23, 13
MM, 11, 23, 12
MC, 1, 76
MM, 11, 24, 179
MM, 11, 25, 13
MM, 11, 28, 12
MM, 622, 566, 12
MM, 27, 0, 12
MM, 16, 7, 12
MM, 6, 14, 16
MM, 584, 590, 12
MM, 35, 24, 13
MM, 30, 27, 12
MM, 28, 30, 13
MM, 568, 602, 13
MM, 566, 604, 11
MM, 564, 605, 12
MM, 563, 606, 17
MM, 561, 607, 11
MM, 27, 0, 12
MM, 27, 1, 14
MM, 25, 1, 12
MM, 24, 1, 12
MM, 24, 1, 17
MM, 23, 2, 21
MM, 22, 2, 12
MM, 21, 2, 12
MM, 20, 3, 14
MM, 20, 4, 12
MM, 19, 5, 14
MM, 18, 6, 14
MM, 17, 7, 14
MM, 15, 9, 11
MM, 15, 11, 12
MM, 13, 12, 11
MM, 13, 13, 13
MM, 12, 14, 13
MM, 12, 14, 14
MM, 12, 14, 13
MM, 11, 14, 13
MM, 10, 14, 12
MC, 1, 89
MM, 8, 17, 256
MM, 2, 22, 12
MM, 35, 28, 12
MM, 519, 640, 14
MM, 513, 644, 11
MM, 104, 3, 12
MM, 99, 6, 13
MM, 95, 8, 15
MM, 92, 11, 14
MM, 89, 13, 10
MM, 87, 15, 13
MM, 85, 16, 13
MM, 84, 17, 13
MM, 84, 17, 11
MM, 83, 18, 13
MM, 82, 19, 12
MM, 82, 19, 15
MM, 81, 20, 12
MM, 81, 21, 13
MM, 80, 21, 12
MM, 80, 21, 12
MM, 79, 22, 14
MM, 79, 22, 25
MM, 79, 22, 13
MM, 78, 22, 13
MC, 1, 89
MM, 76, 22, 139
MM, 66, 18, 18
MM, 54, 10, 8
MM, 437, 641, 13
MM, 9, 18, 11
MM, 33, 5, 14
MM, 391, 604, 12
MM, 5, 27, 14
MM, 2, 24, 13
MM, 0, 22, 13
MM, 379, 592, 15
MM, 378, 591, 10
MM, 378, 591, 12
MM, 377, 590, 12
MM, 377, 590, 14
MM, 377, 590, 12
MM, 376, 589, 14
MM, 376, 589, 12
MM, 375, 588, 13
MM, 375, 588, 13
MM, 374, 587, 11
MM, 374, 586, 13
MM, 374, 586, 16
MM, 374, 586, 12
MM, 35, 14, 12
MM, 35, 14, 13
MM, 35, 13, 12
MM, 35, 13, 12
MM, 35, 13, 11
MM, 35, 12, 14
MM, 35, 12, 14
MM, 35, 12, 14
MM, 375, 583, 48
MM, 376, 583, 13
MM, 377, 583, 12
MM, 378, 583, 15
MM, 379, 583, 12
MM, 379, 583, 16
MM, 0, 12, 12
MM, 0, 12, 10
MM, 1, 12, 25
MC, 1, 116
MM, 1, 12, 25
MM, 19, 11, 330
MM, 16, 11, 13
MM, 27, 11, 12
MM, 20, 11, 17
MM, 34, 11, 12
MM, 540, 582, 11
MM, 541, 582, 13
MM, 2, 11, 178
MM, 12, 11, 11
MM, 29, 11, 13
MM, 16, 12, 13
MM, 3, 14, 14
MM, 23, 15, 12
MM, 661, 586, 13
MM, 9, 15, 13
MM, 16, 15, 12
MM, 20, 15, 12
MM, 21, 15, 12
MM, 21, 13, 179
MM, 29, 7, 13
MM, 705, 568, 14
MM, 19, 27, 12
MM, 26, 23, 15
MM, 30, 20, 13
MM, 31, 18, 10
MM, 32, 17, 13
MM, 33, 17, 12
MM, 33, 16, 12
MM, 33, 15, 14
MM, 33, 15, 13
MM, 33, 14, 14
MM, 33, 14, 13
MM, 33, 13, 12
MM, 33, 13, 11
MM, 33, 13, 13
MM, 33, 12, 14
MM, 33, 12, 14
MM, 33, 12, 11
MM, 33, 11, 25
MM, 33, 11, 14
MM, 33, 11, 12
MC, 1, 63
MM, 27, 12, 139
MM, 693, 547, 13
MM, 22, 14, 14
MM, 18, 14, 13
MM, 20, 14, 12
MM, 27, 14, 13
MM, 4, 14, 13
MM, 28, 14, 12
MM, 19, 14, 12
MM, 14, 14, 12
MM, 9, 14, 16
MM, 5, 14, 12
MM, 1, 14, 12
MM, 452, 548, 12
MM, 30, 14, 14
MM, 25, 14, 17
MM, 16, 14, 21
MM, 11, 14, 12
MM, 6, 16, 12
MM, 2, 18, 13
MM, 413, 553, 12
MM, 410, 555, 15
MM, 35, 23, 12
MM, 32, 25, 14
MM, 30, 27, 12
MM, 400, 565, 13
MM, 398, 569, 11
MM, 16, 1, 13
MM, 13, 3, 13
MM, 11, 6, 14
MM, 7, 8, 12
MM, 5, 10, 13
MM, 2, 11, 13
MM, 0, 12, 12
MM, 377, 584, 11
MM, 375, 584, 13
MM, 35, 13, 16
MM, 33, 13, 11
MM, 32, 13, 13
MM, 30, 13, 13
MM, 29, 13, 12
MM, 28, 13, 12
MM, 27, 13, 12
MM, 25, 13, 15
MM, 25, 13, 13
MM, 25, 13, 13
MM, 24, 13, 12
MM, 24, 13, 12
MM, 23, 13, 13
MM, 23, 13, 11
MM, 23, 13, 13
MC, 1, 51
MM, 23, 13, 3
MM, 23, 13, 11
MM, 23, 13, 91
MM, 29, 14, 12
MM, 34, 17, 11
MM, 377, 592, 12
MM, 2, 24, 15
MM, 6, 27, 14
MM, 8, 29, 11
MM, 390, 602, 13
MM, 392, 603, 13
MM, 394, 605, 13
MM, 395, 606, 12
MM, 396, 607, 12
MM, 28, 0, 12
MM, 28, 1, 14
MM, 28, 2, 12
MM, 29, 2, 13
MM, 30, 2, 14
MM, 30, 3, 11
MM, 30, 3, 12
MM, 30, 4, 13
MM, 31, 4, 12
MM, 31, 5, 15
MM, 32, 5, 13
MM, 32, 6, 12
MM, 33, 7, 14
MM, 33, 7, 11
MM, 403, 616, 12
MM, 404, 616, 12
MM, 405, 616, 13
MM, 405, 617, 15
MM, 406, 617, 12
MM, 407, 618, 13
MM, 408, 618, 14
MM, 408, 618, 11
MM, 0, 10, 12
MM, 0, 11, 13
MM, 2, 11, 12
MM, 2, 12, 15
MM, 4, 12, 12
MM, 5, 13, 12
MM, 6, 13, 14
MM, 7, 13, 18
MM, 10, 14, 19
MM, 11, 14, 14
MM, 13, 15, 12
MM, 14, 15, 12
MM, 15, 15, 12
MM, 17, 15, 12
MM, 18, 16, 15
MM, 19, 16, 14
MC, 1, 49
MM, 21, 16, 52
MM, 21, 16, 37
MM, 21, 12, 12
MM, 21, 8, 12
MM, 21, 3, 13
MM, 430, 607, 15
MM, 430, 604, 12
MM, 9, 29, 13
MM, 9, 26, 13
MM, 9, 23, 11
MM, 9, 20, 13
MM, 9, 18, 15
MM, 9, 16, 13
MM, 9, 14, 11
MM, 9, 11, 14
MM, 9, 8, 13
MM, 9, 3, 11
MM, 430, 570, 12
MM, 430, 566, 12
MM, 15, 29, 15
MM, 15, 27, 14
MM, 15, 25, 13
MM, 15, 24, 12
MM, 15, 23, 12
MM, 15, 23, 11
MM, 15, 22, 12
MM, 15, 21, 15
MM, 15, 21, 12
MM, 15, 20, 14
MM, 15, 19, 13
MM, 15, 19, 13
MM, 15, 18, 12
MM, 15, 17, 11
MM, 15, 17, 13
MM, 15, 16, 16
MM, 15, 16, 11
MM, 15, 16, 12
MM, 15, 16, 13
MM, 15, 16, 15
MM, 15, 15, 11
MC, 1, 23
MM, 15, 16, 90
MM, 15, 19, 13
MM, 16, 22, 14
MM, 16, 25, 12
MM, 16, 29, 13
MM, 432, 567, 13
MM, 11, 1, 12
MM, 11, 7, 11
MM, 11, 14, 13
MM, 11, 23, 13
MM, 432, 602, 14
MM, 23, 1, 13
MM, 23, 8, 13
MM, 23, 13, 15
MM, 23, 17, 10
MM, 23, 20, 12
MM, 23, 22, 12
MM, 23, 23, 12
MM, 23, 24, 14
MM, 23, 24, 13
MM, 23, 24, 13
MM, 23, 24, 14
MM, 23, 25, 63
MM, 23, 25, 12
MM, 23, 25, 25
MM, 23, 25, 14
MM, 23, 26, 14
MM, 23, 26, 12
MM, 23, 27, 12
MM, 23, 27, 13
MM, 23, 28, 12
MM, 23, 29, 12
MM, 23, 30, 12
MM, 432, 639, 13
MM, 432, 639, 14
MM, 432, 640, 13
MM, 432, 641, 13
MM, 432, 642, 12
MM, 432, 642, 11
MM, 432, 643, 13
MM, 432, 643, 13
MM, 432, 643, 14
MM, 433, 643, 128
MM, 436, 643, 12
MM, 442, 643, 11
MM, 451, 641, 13
MM, 465, 640, 14
MM, 484, 639, 15
MM, 506, 639, 12
MM, 525, 639, 12
MM, 542, 639, 13
MM, 553, 639, 11
MM, 559, 639, 12
MM, 562, 639, 15
MM, 564, 639, 12
MM, 564, 639, 13
MM, 564, 639, 14
MM, 32, 30, 25
MM, 32, 28, 11
MM, 32, 26, 12
MM, 32, 24, 17
MM, 32, 22, 9
MM, 32, 20, 14
MM, 32, 20, 13
MM, 32, 19, 14
MM, 32, 18, 12
MM, 32, 17, 12
MM, 32, 17, 11
MM, 32, 16, 14
MM, 32, 16, 13
MM, 32, 15, 14
MM, 32, 15, 12
MM, 32, 14, 12
MM, 32, 14, 13
MM, 32, 13, 12
MM, 570, 621, 12
MM, 2, 13, 13
MM, 9, 13, 13
MM, 14, 13, 13
MM, 17, 13, 14
MM, 20, 13, 12
MM, 22, 13, 11
MM, 24, 13, 13
MM, 26, 14, 13
MM, 27, 15, 14
MM, 29, 16, 13
MM, 30, 16, 13
MM, 30, 17, 15
MM, 31, 17, 10
MM, 31, 17, 12
MM, 32, 18, 12
MM, 32, 18, 12
MM, 32, 18, 14
MM, 33, 18, 13
MM, 33, 18, 13
MM, 34, 18, 13
MM, 34, 18, 20
MM, 34, 19, 17
MM, 34, 19, 14
MM, 34, 19, 14
MM, 34, 19, 12
MM, 35, 19, 11
MM, 35, 19, 12
MM, 36, 19, 13
MM, 36, 20, 16
MM, 37, 20, 11
MM, 37, 20, 13
MM, 38, 20, 12
MM, 613, 628, 14
MM, 614, 629, 12
MM, 615, 629, 11
MM, 615, 629, 14
MM, 617, 629, 13
MM, 618, 629, 13
MM, 1, 21, 13
MM, 2, 21, 13
MM, 3, 21, 11
MM, 4, 21, 12
MM, 6, 21, 14
MM, 7, 21, 12
MM, 8, 20, 14
MM, 8, 20, 13
MM, 9, 19, 12
MM, 9, 19, 13
MM, 10, 19, 12
MM, 10, 19, 13
MM, 10, 19, 15
MM, 10, 18, 11
MM, 11, 18, 12
MM, 11, 18, 26
MM, 11, 18, 12
MM, 11, 18, 12
MM, 11, 18, 28
MC, 1, 13
MM, 11, 18, 25
MM, 11, 18, 12
MM, 11, 18, 38
MM, 8, 18, 51
MM, 2, 18, 12
MM, 614, 628, 11
MM, 30, 24, 13
MM, 22, 28, 15
MM, 589, 639, 13
MM, 581, 642, 12
MM, 574, 644, 16
MM, 163, 0, 11
MM, 157, 2, 11
MM, 152, 2, 12
MM, 149, 2, 13
MM, 147, 3, 14
MM, 144, 3, 13
MM, 143, 3, 13
MM, 141, 4, 12
MM, 140, 4, 13
MM, 139, 4, 11
MM, 138, 4, 13
MM, 137, 5, 12
MM, 135, 6, 15
MM, 133, 7, 12
MM, 131, 8, 13
MM, 130, 9, 12
MM, 128, 10, 12
MM, 127, 10, 14
MM, 125, 11, 12
MM, 124, 11, 14
MM, 122, 11, 12
MM, 121, 11, 13
MM, 120, 11, 15
MC, 1, 10
MM, 118, 11, 0
MM, 116, 11, 12
MM, 114, 11, 12
MM, 111, 11, 13
MM, 107, 11, 13
MM, 103, 11, 14
MM, 96, 10, 12
MM, 87, 8, 14
MM, 77, 6, 19
MM, 456, 641, 19
MM, 31, 26, 13
MM, 14, 15, 13
MM, 406, 611, 11
MM, 12, 29, 13
MM, 1, 21, 12
MM, 374, 585, 14
MM, 30, 11, 14
MM, 26, 8, 11
MM, 23, 7, 14
MM, 21, 6, 12
MM, 19, 5, 13
MM, 17, 4, 11
MM, 15, 4, 13
MM, 13, 3, 15
MM, 11, 2, 12
MM, 8, 1, 12
MM, 6, 0, 13
MM, 342, 570, 12
MM, 341, 570, 12
MM, 341, 569, 13
MM, 340, 569, 13
MM, 340, 569, 39
MM, 340, 570, 126
MM, 2, 0, 13
MM, 2, 0, 15
MM, 2, 1, 13
MM, 2, 1, 13
MM, 2, 1, 12
MM, 2, 2, 24
MM, 3, 2, 12
MM, 4, 2, 13
MM, 5, 3, 15
MM, 5, 3, 12
MM, 6, 3, 15
MM, 6, 4, 11
MM, 7, 4, 12
MM, 8, 4, 12
MM, 9, 5, 13
MM, 10, 6, 15
MM, 12, 7, 12
MM, 12, 7, 12
MM, 14, 8, 12
MM, 14, 8, 15
MM, 15, 9, 11
MM, 15, 9, 12
MM, 15, 9, 12
MM, 16, 10, 13
MM, 16, 10, 14
MM, 16, 10, 13
MM, 17, 10, 12
MM, 17, 10, 13
MM, 17, 11, 13
MM, 17, 11, 24
MM, 18, 11, 12
MM, 18, 11, 15
MC, 1, 11
MM, 18, 11, 1
MM, 18, 12, 13
MM, 18, 12, 12
MM, 19, 12, 12
MM, 19, 12, 13
MM, 20, 12, 13
MM, 20, 12, 14
MM, 21, 12, 12
MM, 22, 12, 13
MM, 23, 12, 15
MM, 25, 12, 10
MM, 27, 13, 12
MM, 29, 13, 12
MM, 31, 13, 13
MM, 33, 14, 13
MM, 35, 14, 15
MM, 374, 585, 12
MM, 376, 585, 12
MM, 377, 586, 20
MM, 0, 15, 19
MM, 1, 16, 13
MM, 2, 16, 13
MM, 3, 16, 11
MM, 3, 16, 12
MM, 4, 16, 13
MM, 5, 16, 15
MM, 6, 16, 14
MM, 7, 16, 11
MM, 8, 16, 12
MM, 8, 16, 12
MM, 9, 16, 14
MM, 10, 16, 12
MM, 11, 17, 12
MM, 11, 17, 12
MM, 12, 17, 15
MM, 12, 17, 12
MC, 1, 12
MM, 13, 17, 1
MM, 13, 17, 12
MM, 14, 17, 11
MM, 15, 17, 14
MM, 17, 17, 12
MM, 19, 17, 15
MM, 22, 17, 12
MM, 25, 16, 13
MM, 29, 15, 13
MM, 34, 13, 12
MM, 418, 582, 12
MM, 2, 10, 12
MM, 5, 8, 16
MM, 9, 7, 12
MM, 13, 6, 12
MM, 17, 4, 12
MM, 21, 3, 14
MM, 24, 2, 11
MM, 27, 1, 13
MM, 30, 1, 14
MM, 34, 0, 14
MM, 459, 570, 12
MM, 462, 570, 12
MM, 466, 569, 13
MM, 470, 569, 11
MM, 474, 568, 13
MM, 478, 568, 12
MM, 481, 567, 15
MM, 486, 566, 12
MM, 489, 566, 15
MM, 493, 565, 11
MM, 496, 565, 12
MM, 499, 565, 12
MM, 502, 565, 13
MM, 503, 565, 15
MM, 505, 565, 12
MM, 506, 565, 12
MM, 507, 565, 13
MM, 507, 565, 14
MM, 508, 565, 13
MM, 12, 30, 12
MM, 13, 30, 11
MM, 13, 30, 13
MM, 14, 30, 14
MM, 15, 30, 12
MM, 15, 29, 12
MM, 16, 29, 13
MM, 16, 28, 14
MM, 17, 27, 12
MM, 17, 25, 11
MM, 17, 23, 13
MM, 18, 21, 15
MM, 18, 19, 12
MM, 18, 18, 13
MM, 18, 17, 13
MM, 18, 16, 11
MM, 18, 15, 12
MM, 18, 14, 13
MM, 18, 13, 15
MM, 18, 13, 12
MM, 18, 13, 13
MM, 18, 12, 14
MM, 18, 12, 11
MM, 18, 12, 13
MM, 18, 12, 11
MM, 17, 12, 65
MM, 15, 12, 20
MM, 9, 15, 31
MM, 7, 17, 14
MM, 4, 18, 12
MM, 1, 19, 11
MM, 495, 554, 13
MM, 492, 555, 14
MM, 490, 555, 14
MM, 31, 22, 11
MM, 30, 22, 12
MM, 28, 22, 14
MM, 27, 22, 13
MM, 26, 22, 13
MM, 25, 22, 11
MM, 24, 22, 12
MM, 24, 22, 12
MM, 23, 22, 15
MM, 23, 22, 13
MM, 23, 22, 13
MM, 22, 22, 12
MM, 22, 22, 12
MM, 22, 22, 13
MM, 24, 22, 141
MM, 29, 22, 13
MM, 490, 556, 12
MP, 1, 10
MR, 1, 29
MM, 17, 21, 13
MM, 25, 20, 12
MM, 531, 553, 13
MM, 5, 17, 12
MM, 14, 17, 12
MM, 20, 17, 12
MM, 24, 17, 15
MM, 27, 17, 12
MM, 28, 17, 15
MM, 29, 17, 12
MM, 30, 17, 12
MM, 31, 17, 12
MM, 31, 17, 11
MM, 32, 17, 14
MM, 33, 17, 14
MM, 33, 17, 12
MM, 33, 17, 13
MM, 569, 551, 26
MM, 569, 551, 24
MM, 569, 551, 13
MM, 569, 551, 13
MM, 570, 551, 14
MM, 571, 551, 12
MM, 572, 551, 266
MM, 5, 17, 13
MM, 13, 17, 13
MM, 21, 18, 13
MM, 27, 19, 19
MM, 34, 20, 20
MM, 611, 554, 12
MM, 612, 554, 14
MM, 614, 554, 11
MM, 615, 554, 12
MM, 615, 554, 13
MM, 616, 554, 13
MM, 0, 20, 14
MM, 1, 20, 12
MM, 3, 20, 13
MM, 4, 20, 12
MM, 6, 20, 14
MM, 8, 20, 11
MM, 9, 20, 12
MM, 11, 20, 13
MM, 13, 20, 13
MM, 14, 19, 14
MM, 16, 19, 13
MM, 20, 18, 12
MM, 24, 17, 11
MM, 27, 16, 14
MM, 648, 550, 12
MM, 653, 550, 14
MM, 3, 16, 13
MM, 6, 16, 13
MM, 9, 16, 13
MM, 12, 16, 11
MM, 14, 16, 13
MM, 16, 16, 12
MM, 17, 16, 16
MM, 18, 16, 12
MM, 18, 16, 12
MM, 19, 16, 12
MM, 19, 16, 13
MM, 19, 16, 11
MM, 20, 16, 28
MM, 20, 16, 26
MM, 20, 16, 88
MC, 1, 26
MM, 18, 16, 104
MM, 14, 17, 11
MM, 9, 19, 11
MM, 3, 21, 12
MM, 650, 557, 13
MM, 27, 26, 14
MM, 20, 29, 13
MM, 630, 567, 13
MM, 2, 0, 12
MM, 617, 575, 13
MM, 25, 8, 11
MM, 19, 11, 13
MM, 15, 14, 12
MM, 12, 16, 15
MM, 9, 18, 12
MM, 7, 20, 13
MM, 5, 22, 12
MM, 3, 24, 12
MM, 1, 26, 14
MM, 0, 28, 12
MM, 584, 600, 14
MM, 583, 601, 12
MM, 582, 602, 13
MM, 582, 603, 14
MM, 580, 604, 12
MM, 579, 605, 11
MM, 578, 606, 12
MM, 576, 607, 14
MM, 1, 0, 12
MM, 0, 0, 14
MM, 573, 609, 13
MM, 572, 609, 13
MM, 571, 610, 19
MM, 569, 611, 19
MM, 35, 4, 13
MM, 34, 5, 13
MM, 33, 6, 11
MM, 32, 6, 13
MM, 31, 7, 12
MM, 30, 8, 14
MM, 28, 9, 15
MM, 27, 10, 11
MM, 25, 11, 12
MM, 24, 12, 13
MM, 23, 13, 13
MM, 22, 14, 11
MM, 21, 14, 13
MM, 20, 14, 12
MM, 19, 15, 15
MM, 19, 15, 12
MM, 17, 15, 13
MM, 17, 16, 12
MC, 1, 12
MM, 15, 17, 13
MM, 13, 18, 13
MM, 9, 18, 14
MM, 4, 19, 12
MM, 531, 627, 13
MM, 34, 20, 13
MM, 29, 20, 12
MM, 22, 20, 13
MM, 16, 20, 15
MM, 11, 20, 12
MM, 5, 20, 12
MM, 488, 627, 13
MM, 31, 17, 12
MM, 26, 15, 12
MM, 21, 14, 11
MM, 17, 13, 14
MM, 12, 12, 14
MM, 9, 12, 14
MM, 5, 12, 13
MM, 1, 12, 11
MM, 447, 620, 13
MM, 33, 12, 11
MM, 28, 12, 13
MM, 24, 11, 15
MM, 20, 11, 12
MM, 17, 10, 13
MM, 13, 10, 15
MM, 10, 9, 12
MM, 6, 8, 10
MM, 2, 7, 12
MM, 407, 614, 13
MM, 404, 612, 16
MM, 32, 3, 12
MM, 29, 1, 12
MM, 25, 0, 12
MM, 391, 607, 15
MM, 389, 605, 11
MM, 387, 604, 11
MM, 385, 603, 12
MM, 383, 602, 16
MM, 1, 30, 12
MM, 379, 599, 13
MM, 377, 598, 12
MM, 375, 596, 12
MM, 35, 24, 13
MM, 33, 23, 13
MM, 31, 22, 12
MM, 30, 21, 14
MM, 28, 20, 13
MM, 26, 18, 12
MM, 25, 17, 13
MM, 24, 16, 12
MM, 24, 15, 13
MM, 23, 14, 11
MM, 22, 13, 13
MM, 22, 13, 15
MM, 22, 12, 12
MM, 22, 12, 13
MM, 21, 12, 14
MM, 21, 11, 11
MM, 21, 11, 12
MM, 21, 11, 13
MM, 21, 11, 16
MM, 21, 11, 11
MC, 1, 13
MM, 23, 11, 100
MM, 24, 11, 12
MM, 26, 11, 15
MM, 28, 12, 13
MM, 29, 12, 14
MM, 32, 12, 11
MM, 35, 13, 12
MM, 377, 584, 13
MM, 1, 13, 12
MM, 6, 13, 13
MM, 11, 13, 12
MM, 16, 12, 14
MM, 22, 10, 13
MM, 29, 8, 12
MM, 415, 577, 14
MM, 0, 5, 11
MM, 5, 4, 12
MM, 10, 3, 13
MM, 15, 2, 12
MM, 20, 2, 15
MM, 25, 1, 12
MM, 29, 1, 13
MM, 34, 1, 13
MM, 459, 572, 11
MM, 462, 572, 13
MM, 1, 1, 15
MM, 3, 1, 13
MM, 5, 1, 12
MM, 7, 1, 12
MM, 8, 0, 13
MM, 11, 0, 12
MM, 12, 0, 12
MM, 15, 0, 12
MM, 17, 0, 15
MM, 483, 570, 15
MM, 485, 570, 12
MM, 487, 570, 12
MM, 490, 570, 12
MM, 493, 570, 11
MM, 497, 569, 13
MM, 499, 569, 14
MM, 503, 569, 13
MM, 505, 569, 13
MM, 508, 569, 13
MM, 511, 568, 13
MM, 513, 568, 12
MM, 516, 567, 11
MM, 518, 567, 12
MM, 520, 567, 17
MM, 522, 566, 9
MM, 524, 566, 14
MM, 525, 565, 13
MM, 527, 565, 14
MM, 32, 30, 13
MM, 530, 564, 11
MM, 531, 563, 11
MM, 532, 563, 14
MM, 533, 562, 13
MM, 0, 27, 14
MM, 2, 26, 12
MM, 3, 25, 13
MM, 5, 24, 13
MM, 7, 23, 12
MM, 8, 22, 11
MM, 10, 22, 14
MM, 11, 20, 13
MM, 13, 20, 13
MM, 14, 19, 13
MM, 15, 18, 13
MM, 18, 16, 11
MM, 20, 15, 12
MM, 23, 13, 14
MM, 26, 11, 12
MM, 29, 10, 14
MM, 32, 9, 14
MM, 569, 542, 14
MM, 572, 541, 10
MM, 574, 541, 13
MM, 1, 7, 11
MM, 3, 7, 13
MM, 4, 7, 14
MM, 6, 7, 13
MM, 7, 7, 13
MM, 8, 7, 13
MM, 9, 7, 19
MM, 10, 7, 19
MM, 11, 7, 12
MM, 12, 7, 15
MM, 12, 7, 11
MM, 12, 7, 11
MM, 13, 7, 12
MM, 13, 7, 15
MM, 13, 7, 14
MM, 14, 7, 12
MM, 14, 7, 25
MM, 14, 7, 63
MM, 14, 8, 13
MM, 14, 8, 13
MC, 1, 0
MM, 14, 8, 13
MM, 14, 8, 11
MM, 14, 8, 13
MM, 14, 9, 13
MM, 14, 9, 12
MM, 9, 10, 15
MM, 4, 10, 13
MM, 573, 544, 12
MM, 33, 10, 12
MM, 26, 10, 12
MM, 20, 10, 13
MM, 14, 10, 16
MM, 9, 10, 11
MM, 5, 9, 13
MM, 2, 8, 12
MM, 533, 541, 13
MM, 531, 541, 12
MM, 529, 541, 12
MM, 32, 6, 15
MM, 30, 6, 13
MM, 29, 6, 12
MM, 27, 6, 12
MM, 26, 6, 13
MM, 24, 6, 12
MM, 23, 6, 12
MM, 22, 6, 13
MM, 21, 6, 14
MM, 20, 6, 12
MM, 19, 6, 14
MM, 17, 6, 13
MM, 16, 6, 12
MM, 15, 7, 11
MM, 13, 7, 12
MM, 12, 8, 13
MM, 11, 9, 15
MM, 10, 9, 13
MM, 9, 10, 12
MM, 8, 10, 15
MM, 8, 10, 11
MM, 7, 11, 11
MM, 7, 11, 25
MC, 1, 205
MM, 7, 11, 88
MM, 7, 11, 15
MM, 7, 12, 12
MM, 7, 13, 12
MM, 4, 15, 13
MM, 495, 551, 19
MM, 22, 23, 19
MM, 12, 26, 13
MM, 4, 28, 13
MM, 454, 564, 12
MM, 448, 566, 12
MM, 443, 567, 12
MM, 439, 568, 15
MM, 435, 569, 14
MM, 433, 569, 11
MM, 431, 569, 13
MM, 428, 570, 12
MM, 426, 570, 14
MM, 3, 0, 11
MM, 0, 1, 12
MM, 418, 572, 15
MM, 34, 2, 12
MM, 31, 3, 13
MM, 27, 4, 14
MM, 24, 5, 10
MM, 22, 6, 13
MM, 19, 6, 13
MM, 17, 7, 12
MM, 16, 7, 14
MM, 15, 7, 12
MM, 14, 7, 14
MM, 13, 7, 13
MM, 13, 7, 11
MM, 13, 7, 13
MM, 12, 7, 39
MC, 1, 13
MM, 12, 8, 13
MM, 12, 8, 12
MM, 12, 8, 12
MM, 12, 9, 12
MM, 12, 9, 15
MM, 12, 9, 15
MM, 12, 9, 11
MM, 12, 9, 12
MM, 12, 10, 13
MM, 12, 10, 11
MM, 12, 10, 13
MM, 12, 11, 14
MM, 14, 11, 13
MM, 16, 11, 12
MM, 20, 12, 15
MM, 23, 13, 12
MM, 27, 16, 12
MM, 31, 19, 11
MM, 416, 593, 13
MM, 419, 597, 16
MM, 2, 29, 9
MM, 427, 604, 14
MM, 430, 606, 12
MM, 24, 1, 15
MM, 26, 3, 12
MM, 29, 5, 12
MM, 30, 7, 11
MM, 32, 9, 13
MM, 34, 11, 15
MM, 444, 622, 12
MM, 446, 626, 12
MM, 447, 629, 14
MM, 449, 633, 12
MM, 0, 28, 12
MM, 1, 30, 12
MM, 452, 641, 12
MM, 453, 642, 15
MM, 453, 643, 12
MM, 454, 644, 13
MM, 50, 0, 12
MM, 51, 0, 12
MM, 51, 1, 14
MM, 51, 1, 12
MM, 51, 1, 14
MM, 51, 2, 12
MM, 51, 2, 13
MM, 52, 2, 14
MM, 52, 3, 12
MM, 52, 3, 12
MM, 52, 4, 12
MM, 52, 4, 12
MM, 53, 4, 14
MM, 53, 5, 14
MM, 53, 5, 12
MM, 53, 5, 13
MM, 53, 5, 19
MM, 54, 6, 19
MM, 54, 6, 76
MM, 55, 6, 14
MM, 55, 6, 12
MM, 55, 6, 14
MM, 55, 6, 24
MM, 55, 6, 12
MM, 55, 7, 12
MM, 55, 7, 12
MM, 56, 7, 15
MM, 56, 7, 13
MM, 56, 7, 13
MM, 56, 8, 12
MM, 56, 8, 11
MM, 56, 8, 13
MM, 57, 8, 13
MM, 57, 8, 14
MM, 57, 8, 12
MM, 57, 9, 14
MM, 57, 9, 13
MM, 57, 9, 11
MM, 57, 9, 12
MM, 57, 9, 16
MM, 57, 10, 12
MM, 57, 10, 12
MM, 57, 10, 14
MM, 57, 10, 12
MM, 57, 10, 12
MC, 1, 86
MM, 58, 10, 54
MM, 58, 10, 27
MM, 58, 10, 24
MM, 59, 10, 24
MM, 59, 10, 17
MM, 59, 10, 11
MM, 59, 9, 12
MM, 59, 8, 12
MM, 59, 6, 15
MM, 59, 4, 12
MM, 59, 2, 11
MM, 59, 0, 12
MM, 463, 642, 12
MM, 463, 640, 15
MM, 13, 30, 12
MM, 13, 28, 14
MM, 13, 26, 12
MM, 13, 26, 12
MM, 13, 25, 12
MM, 13, 24, 12
MM, 13, 24, 15
MM, 13, 23, 13
MM, 13, 23, 26
MM, 13, 23, 11
MM, 13, 23, 12
MM, 13, 22, 13
MM, 12, 22, 26
MM, 9, 22, 14
MM, 7, 22, 13
MM, 5, 22, 14
MM, 3, 22, 10
MM, 1, 22, 12
MM, 449, 631, 13
MM, 447, 631, 16
MM, 446, 632, 11
MM, 444, 633, 12
MM, 33, 26, 13
MM, 32, 26, 13
MM, 29, 26, 19
MM, 25, 26, 19
MM, 22, 26, 12
MM, 20, 26, 13
MM, 19, 26, 12
MM, 18, 26, 12
MM, 18, 26, 13
MM, 17, 26, 14
MM, 17, 26, 14
MC, 1, 47
MM, 17, 26, 103
MM, 17, 25, 13
MM, 15, 24, 13
MM, 13, 23, 13
MM, 10, 21, 13
MM, 7, 19, 14
MM, 3, 16, 12
MM, 408, 622, 12
MM, 404, 620, 13
MM, 31, 10, 15
MM, 28, 8, 13
MM, 25, 6, 12
MM, 22, 4, 12
MM, 19, 2, 12
MM, 17, 0, 13
MM, 383, 606, 11
MM, 381, 604, 12
MM, 379, 603, 15
MM, 378, 601, 15
MM, 376, 600, 12
MM, 375, 599, 12
MM, 374, 598, 12
MM, 34, 26, 12
MM, 33, 24, 13
MM, 31, 23, 12
MM, 30, 21, 13
MM, 29, 20, 13
MM, 29, 18, 16
MM, 27, 17, 11
MM, 27, 16, 12
MM, 26, 15, 12
MM, 26, 14, 13
MM, 25, 13, 15
MM, 25, 12, 9
MM, 24, 11, 15
MM, 24, 10, 12
MM, 24, 10, 15
MM, 23, 10, 11
MM, 23, 9, 12
MM, 23, 9, 12
MM, 23, 9, 13
MM, 23, 9, 14
MM, 23, 8, 13
MC, 1, 38
MM, 24, 8, 88
MM, 27, 8, 12
MM, 29, 8, 14
MM, 33, 8, 12
MM, 377, 579, 14
MM, 4, 9, 12
MM, 11, 9, 13
MM, 19, 10, 15
MM, 27, 11, 10
MM, 34, 11, 12
MM, 420, 583, 13
MM, 5, 12, 12
MM, 11, 13, 13
MM, 17, 13, 14
MM, 22, 14, 12
MM, 27, 15, 14
MM, 32, 16, 19
MM, 1, 18, 19
MM, 7, 20, 13
MM, 12, 21, 13
MM, 17, 22, 11
MM, 22, 23, 12
MM, 27, 25, 13
MM, 31, 26, 15
MM, 498, 598, 14
MM, 500, 599, 11
MM, 1, 28, 12
MM, 3, 28, 13
MM, 5, 29, 13
MM, 6, 29, 12
MM, 8, 29, 12
MM, 9, 30, 12
MM, 11, 30, 15
MM, 514, 602, 12
MM, 516, 602, 13
MM, 518, 603, 12
MM, 520, 604, 12
MM, 522, 605, 14
MM, 524, 606, 12
MM, 526, 608, 14
MM, 529, 609, 12
MM, 531, 610, 13
MM, 1, 3, 13
MM, 3, 4, 11
MM, 4, 5, 13
MM, 6, 5, 12
MM, 7, 6, 16
MM, 7, 6, 12
MM, 8, 7, 13
MM, 9, 7, 12
MM, 9, 8, 12
MM, 9, 8, 12
MM, 10, 9, 13
MM, 10, 9, 14
MM, 10, 10, 14
MM, 11, 11, 12
MM, 11, 11, 12
MM, 11, 12, 13
MM, 11, 12, 11
MM, 11, 12, 13
MC, 1, 91
MC, 2, 227
MM, 11, 12, 39
MM, 12, 12, 24
MM, 12, 12, 14
MM, 13, 12, 12
MM, 15, 12, 15
MM, 17, 10, 12
MM, 21, 7, 13
MM, 25, 4, 15
MM, 29, 1, 10
MM, 565, 605, 12
MM, 27, 30, 11
MM, 32, 26, 14
MM, 580, 593, 12
MM, 584, 589, 15
MM, 3, 15, 12
MM, 6, 13, 13
MM, 8, 12, 20
MM, 12, 9, 19
MM, 14, 9, 12
MM, 16, 8, 14
MM, 18, 7, 12
MM, 20, 6, 11
MM, 22, 5, 13
MM, 24, 4, 14
MM, 26, 3, 14
MM, 29, 2, 11
MM, 618, 571, 13
MM, 621, 570, 14
MM, 626, 569, 12
MM, 630, 567, 13
MM, 635, 566, 11
MM, 639, 565, 13
MM, 25, 30, 14
MM, 29, 29, 12
MM, 649, 563, 13
MM, 652, 562, 13
MM, 0, 27, 12
MM, 2, 26, 12
MM, 4, 26, 13
MM, 5, 25, 12
MM, 7, 24, 15
MM, 8, 23, 12
MM, 9, 23, 13
MM, 9, 22, 13
MM, 10, 21, 11
MM, 11, 20, 13
MM, 12, 20, 12
MM, 12, 19, 15
MM, 13, 19, 12
MM, 13, 18, 12
MM, 14, 18, 14
MM, 14, 18, 12
MM, 14, 18, 11
MM, 14, 18, 13
MM, 15, 18, 16
MM, 15, 17, 12
MM, 15, 17, 12
MM, 15, 17, 12
MM, 15, 17, 13
MM, 16, 17, 12
MM, 16, 16, 39
MC, 1, 11
MM, 16, 16, 5
MM, 16, 16, 10
MM, 16, 16, 12
MM, 12, 16, 37
MM, 7, 16, 12
MM, 2, 16, 15
MM, 650, 550, 12
MM, 27, 16, 15
MM, 20, 16, 12
MM, 14, 16, 12
MM, 7, 16, 11
MM, 0, 16, 13
MM, 611, 550, 14
MM, 31, 16, 13
MM, 26, 16, 12
MM, 22, 16, 13
MM, 19, 16, 13
MM, 17, 16, 12
MM, 15, 16, 12
MM, 13, 16, 12
MM, 12, 16, 15
MM, 10, 16, 13
MM, 9, 16, 13
MM, 7, 16, 12
MM, 5, 16, 11
MM, 4, 16, 13
MM, 2, 16, 13
MM, 574, 550, 14
MM, 572, 550, 12
MM, 569, 550, 14
MM, 32, 16, 15
MM, 30, 16, 10
MM, 28, 16, 12
MM, 25, 16, 12
MM, 22, 15, 12
MM, 19, 15, 13
MM, 17, 14, 14
MM, 15, 13, 13
MM, 12, 12, 14
MM, 9, 11, 18
MM, 4, 10, 20
MM, 1, 10, 13
MM, 533, 543, 12
MM, 530, 543, 12
MM, 32, 8, 11
MM, 29, 8, 14
MM, 27, 7, 14
MM, 25, 7, 14
MM, 24, 7, 11
MM, 23, 7, 13
MM, 22, 7, 12
MM, 21, 7, 15
MM, 21, 7, 10
MC, 1, 52
MM, 21, 7, 63
MM, 21, 7, 13
MM, 21, 9, 127
MM, 21, 11, 13
MM, 21, 14, 11
MM, 21, 16, 14
MM, 21, 19, 13
MM, 21, 22, 15
MM, 21, 24, 12
MM, 21, 26, 12
MM, 21, 29, 13
MM, 517, 565, 11
MM, 517, 568, 12
MM, 16, 0, 13
MM, 16, 3, 14
MM, 16, 6, 13
MM, 16, 11, 14
MM, 16, 14, 12
MM, 16, 19, 12
MM, 16, 23, 12
MM, 15, 26, 13
MM, 14, 29, 15
MM, 515, 603, 9
MM, 514, 605, 15
MM, 513, 607, 12
MM, 23, 1, 14
MM, 22, 2, 13
MM, 21, 4, 11
MM, 21, 5, 12
MM, 20, 6, 13
MM, 20, 7, 15
MM, 19, 8, 12
MM, 19, 9, 13
MM, 19, 10, 12
MM, 19, 10, 13
MM, 18, 10, 11
MM, 18, 10, 12
MM, 18, 11, 15
MM, 18, 11, 13
MM, 18, 11, 12
MM, 17, 12, 13
MM, 17, 13, 12
MM, 16, 14, 12
MM, 15, 15, 13
MM, 15, 17, 13
MM, 14, 18, 13
MM, 13, 20, 13
MM, 12, 21, 14
MM, 11, 23, 14
MM, 10, 25, 10
MM, 9, 27, 12
MM, 9, 28, 12
MM, 8, 30, 14
MM, 497, 639, 12
MM, 497, 641, 15
MM, 496, 643, 12
MM, 495, 644, 13
MM, 90, 0, 18
MM, 89, 3, 20
MM, 89, 4, 12
MM, 88, 4, 14
MM, 88, 5, 11
MM, 88, 6, 13
MM, 87, 6, 12
MM, 87, 7, 15
MM, 87, 7, 14
MM, 87, 7, 11
MM, 87, 7, 13
MM, 86, 7, 12
MM, 86, 8, 13
MM, 86, 8, 11
MM, 86, 8, 13
MM, 86, 8, 15
MM, 86, 9, 12
MM, 85, 9, 13
MM, 85, 9, 12
MM, 85, 9, 12
MM, 85, 9, 12
MM, 85, 9, 29
MM, 84, 9, 24
MC, 1, 25
MM, 84, 9, 12
MM, 84, 9, 28
MM, 83, 9, 12
MM, 83, 9, 12
MM, 82, 9, 13
MM, 82, 9, 12
MM, 81, 9, 12
MM, 80, 7, 12
MM, 79, 5, 13
MM, 78, 4, 13
MM, 77, 3, 15
MM, 77, 2, 13
MM, 76, 1, 12
MM, 75, 1, 12
MM, 74, 0, 12
MM, 477, 644, 13
MM, 475, 644, 13
MM, 472, 643, 14
MM, 469, 642, 12
MM, 466, 641, 15
MM, 462, 640, 11
MM, 8, 30, 11
MM, 2, 29, 13
MM, 447, 636, 12
MM, 34, 26, 15
MM, 30, 26, 13
MM, 28, 25, 12
MM, 26, 24, 12
MM, 24, 24, 15
MM, 23, 24, 11
MM, 22, 24, 11
MM, 22, 23, 13
MM, 22, 23, 12
MM, 21, 23, 15
MM, 21, 23, 63
MM, 21, 23, 12
MM, 21, 23, 14
MM, 21, 22, 13
MM, 21, 22, 12
MM, 21, 21, 13
MC, 1, 25
MM, 21, 19, 11
MM, 21, 18, 13
MM, 21, 17, 15
MM, 21, 15, 12
MM, 21, 13, 13
MM, 22, 11, 14
MM, 25, 8, 11
MM, 27, 6, 12
MM, 30, 1, 13
MM, 443, 603, 16
MM, 25, 25, 11
MM, 29, 19, 13
MM, 31, 14, 12
MM, 33, 11, 13
MM, 34, 9, 18
MM, 457, 577, 20
MM, 458, 576, 12
MM, 459, 574, 13
MM, 460, 574, 11
MM, 461, 573, 13
MM, 462, 572, 15
MM, 0, 0, 13
MM, 464, 570, 14
MM, 465, 569, 11
MM, 466, 569, 12
MM, 466, 568, 12
MM, 467, 567, 14
MM, 468, 566, 12
MM, 469, 565, 12
MM, 13, 30, 14
MM, 14, 29, 13
MM, 15, 28, 13
MM, 16, 27, 12
MM, 16, 27, 12
MM, 17, 26, 13
MM, 17, 26, 12
MM, 18, 25, 15
MM, 18, 25, 12
MM, 18, 25, 12
MM, 18, 25, 13
MM, 18, 25, 13
MM, 18, 25, 11
MC, 1, 29
MM, 20, 25, 12
MM, 22, 24, 12
MM, 26, 23, 12
MM, 31, 22, 13
MM, 494, 553, 12
MM, 5, 17, 12
MM, 11, 16, 15
MM, 16, 14, 12
MM, 20, 13, 16
MM, 23, 12, 10
MM, 26, 11, 12
MM, 28, 10, 12
MM, 29, 9, 12
MM, 30, 9, 13
MM, 31, 8, 14
MM, 32, 8, 12
MM, 32, 7, 13
MM, 529, 541, 15
MM, 530, 541, 12
MM, 532, 541, 11
MM, 533, 540, 12
MM, 534, 540, 12
MM, 0, 6, 17
MM, 2, 6, 11
MM, 3, 6, 13
MM, 4, 5, 12
MM, 5, 5, 14
MM, 6, 5, 12
MM, 8, 5, 11
MM, 9, 5, 13
MM, 11, 5, 14
MM, 12, 5, 12
MM, 14, 5, 13
MM, 15, 5, 13
MM, 16, 5, 12
MM, 17, 5, 12
MM, 17, 5, 13
MM, 18, 5, 12
MM, 18, 5, 15
MC, 1, 25
MM, 19, 6, 62
MM, 19, 8, 15
MM, 19, 11, 12
MM, 19, 13, 12
MM, 19, 15, 15
MM, 19, 17, 11
MM, 19, 20, 11
MM, 16, 22, 13
MM, 14, 24, 13
MM, 12, 26, 12
MM, 10, 28, 15
MM, 542, 565, 12
MM, 540, 566, 13
MM, 538, 568, 19
MM, 33, 2, 19
MM, 32, 4, 13
MM, 30, 7, 13
MM, 27, 10, 12
MM, 25, 14, 12
MM, 23, 17, 12
MM, 21, 20, 15
MM, 20, 23, 14
MM, 19, 25, 11
MM, 18, 27, 13
MM, 17, 30, 13
MM, 517, 602, 12
MM, 516, 604, 12
MM, 515, 606, 12
MM, 24, 0, 15
MM, 23, 2, 12
MM, 23, 3, 13
MM, 22, 6, 14
MM, 21, 8, 11
MM, 20, 11, 12
MM, 19, 14, 12
MM, 18, 17, 13
MM, 17, 20, 15
MM, 16, 23, 12
MM, 16, 25, 13
MM, 15, 27, 13
MM, 15, 28, 11
MM, 14, 30, 13
MM, 14, 30, 15
MM, 504, 639, 12
MM, 504, 639, 12
MM, 504, 640, 13
MM, 504, 640, 13
MM, 503, 641, 12
MM, 503, 641, 12
MM, 503, 641, 12
MM, 503, 642, 14
MM, 503, 642, 15
MM, 502, 642, 12
MM, 502, 643, 12
MM, 502, 644, 13
MM, 502, 644, 11
MM, 98, 0, 13
MM, 97, 1, 14
MM, 97, 1, 13
MM, 97, 2, 12
MM, 97, 3, 14
MM, 96, 4, 13
MM, 96, 6, 12
MM, 96, 7, 11
MM, 95, 8, 12
MM, 95, 8, 17
MM, 94, 9, 11
MM, 94, 10, 12
MM, 94, 10, 13
MM, 94, 10, 15
MM, 94, 10, 11
MM, 94, 11, 12
MM, 94, 11, 11
MM, 94, 11, 27
MC, 1, 51
MM, 93, 11, 51
MM, 93, 11, 26
MM, 93, 10, 50
MM, 93, 8, 13
MM, 93, 6, 13
MM, 93, 4, 13
MM, 93, 2, 14
MM, 93, 0, 11
MM, 497, 642, 12
MM, 497, 639, 12
MM, 7, 28, 12
MM, 7, 25, 14
MM, 7, 22, 13
MM, 7, 20, 13
MM, 7, 17, 14
MM, 8, 15, 18
MM, 8, 13, 20
MM, 9, 12, 13
MM, 10, 11, 12
MM, 10, 10, 12
MM, 10, 10, 11
MM, 10, 10, 14
MM, 10, 9, 14
MM, 11, 9, 14
MM, 11, 9, 12
MM, 11, 9, 12
MC, 1, 75
MM, 11, 9, 90
MM, 11, 8, 13
MM, 11, 8, 13
MM, 11, 7, 13
MM, 11, 6, 11
MM, 11, 4, 12
MM, 11, 3, 13
MM, 9, 1, 15
MM, 497, 607, 13
MM, 494, 605, 12
MM, 492, 603, 12
MM, 27, 29, 13
MM, 25, 26, 11
MM, 23, 24, 14
MM, 22, 22, 13
MM, 20, 21, 15
MM, 19, 20, 12
MM, 18, 18, 12
MM, 17, 17, 13
MM, 15, 16, 11
MM, 13, 15, 12
MM, 10, 14, 13
MM, 7, 13, 14
MM, 4, 12, 13
MM, 1, 11, 15
MM, 461, 581, 11
MM, 458, 580, 12
MM, 35, 7, 12
MM, 33, 6, 12
MM, 32, 5, 12
MM, 31, 4, 15
MM, 30, 3, 14
MM, 29, 2, 12
MM, 28, 1, 15
MM, 27, 0, 11
MM, 448, 570, 11
MM, 447, 570, 12
MM, 446, 569, 12
MM, 445, 567, 16
MM, 444, 566, 12
MM, 442, 565, 13
MM, 26, 29, 12
MM, 25, 28, 12
MM, 24, 27, 12
MM, 24, 26, 13
MM, 23, 25, 14
MM, 23, 24, 14
MM, 22, 24, 12
MM, 22, 23, 13
MM, 22, 23, 11
MM, 22, 23, 12
MM, 21, 22, 12
MM, 21, 22, 14
MM, 21, 22, 13
MC, 1, 13
MM, 21, 22, 0
MM, 21, 21, 14
MM, 20, 21, 14
MM, 20, 21, 10
MM, 20, 21, 13
MM, 20, 22, 115
MM, 20, 24, 13
MM, 20, 27, 13
MM, 20, 30, 11
MM, 435, 567, 12
MM, 435, 570, 13
MM, 13, 2, 15
MM, 13, 6, 14
MM, 13, 9, 12
MM, 13, 12, 12
MM, 13, 16, 12
MM, 13, 20, 13
MM, 13, 23, 11
MM, 13, 26, 13
MM, 12, 28, 14
MM, 433, 602, 14
MM, 433, 604, 12
MM, 432, 606, 13
MM, 432, 607, 11
MM, 23, 0, 12
MM, 23, 2, 14
MM, 23, 3, 12
MM, 22, 4, 14
MM, 22, 5, 13
MM, 22, 7, 13
MM, 21, 8, 12
MM, 20, 9, 12
MM, 20, 11, 13
MM, 19, 12, 15
MM, 19, 13, 13
MM, 18, 14, 11
MM, 18, 14, 13
MM, 18, 15, 13
MM, 18, 15, 11
MM, 17, 15, 13
MM, 17, 15, 12
MC, 1, 2
MM, 17, 16, 13
MM, 17, 16, 14
MM, 17, 16, 12
MM, 16, 16, 12
MM, 15, 16, 12
MM, 13, 16, 12
MM, 12, 16, 13
MM, 10, 16, 14
MM, 8, 15, 12
MM, 6, 13, 13
MM, 4, 11, 15
MM, 2, 9, 11
MM, 408, 614, 11
MM, 405, 612, 13
MM, 33, 1, 12
MM, 400, 607, 16
MM, 397, 606, 12
MM, 395, 604, 12
MM, 393, 603, 12
MM, 390, 602, 15
MM, 8, 29, 11
MM, 7, 28, 12
MM, 5, 27, 13
MM, 4, 25, 13
MM, 2, 24, 13
MM, 1, 23, 13
MM, 0, 22, 13
MM, 379, 593, 11
MM, 379, 592, 13
MM, 378, 591, 13
MM, 376, 590, 12
MM, 376, 590, 15
MM, 375, 589, 12
MM, 374, 589, 12
MM, 35, 17, 13
MM, 34, 17, 12
MM, 33, 17, 13
MM, 32, 16, 16
MM, 31, 16, 11
MM, 30, 16, 12
MM, 30, 16, 12
MM, 29, 16, 13
MM, 29, 16, 14
MM, 29, 16, 11
MC, 1, 65
MM, 34, 16, 113
MM, 378, 587, 12
MM, 5, 16, 14
MM, 11, 15, 15
MM, 16, 13, 11
MM, 20, 11, 12
MM, 26, 9, 13
MM, 31, 7, 13
MM, 417, 576, 11
MM, 2, 4, 13
MM, 8, 2, 15
MM, 14, 1, 12
MM, 442, 570, 12
MM, 448, 569, 13
MM, 454, 568, 13
MM, 462, 567, 12
MM, 469, 566, 12
MM, 479, 565, 13
MM, 30, 30, 14
MM, 495, 564, 12
MM, 6, 28, 13
MM, 13, 27, 14
MM, 20, 27, 11
MM, 25, 25, 13
MM, 30, 25, 15
MM, 529, 558, 13
MM, 532, 557, 11
MM, 0, 22, 13
MM, 2, 22, 12
MM, 4, 22, 13
MM, 6, 21, 12
MM, 8, 21, 12
MM, 10, 21, 12
MM, 12, 21, 16
MM, 14, 21, 13
MM, 16, 21, 11
MM, 17, 21, 13
MM, 18, 20, 13
MM, 20, 20, 11
MM, 21, 19, 13
MM, 23, 19, 14
MM, 25, 18, 12
MM, 27, 18, 15
MM, 29, 17, 12
MM, 31, 17, 12
MM, 33, 16, 11
MM, 570, 550, 12
MM, 572, 549, 17
MM, 574, 549, 10
MM, 1, 14, 14
MM, 2, 13, 12
MM, 4, 13, 15
MM, 6, 12, 12
MM, 7, 12, 12
MM, 9, 12, 11
MM, 10, 11, 13
MM, 11, 10, 14
MM, 13, 10, 13
MM, 14, 9, 12
MM, 15, 9, 13
MM, 15, 8, 13
MM, 17, 8, 12
MM, 17, 8, 11
MM, 17, 7, 13
MM, 18, 7, 27
MC, 1, 26
MM, 14, 7, 63
MM, 7, 9, 13
MM, 571, 546, 14
MM, 22, 15, 11
MM, 6, 19, 12
MM, 27, 23, 12
MM, 10, 27, 14
MM, 491, 565, 12
MM, 477, 568, 14
MM, 465, 570, 12
MM, 32, 0, 13
MM, 22, 1, 20
MM, 8, 2, 19
MM, 3, 3, 12
MM, 0, 3, 14
MM, 420, 574, 12
MM, 419, 574, 11
MM, 419, 574, 13
MM, 418, 574, 14
MM, 418, 574, 14
MM, 417, 574, 24
MM, 417, 574, 13
MM, 416, 574, 14
MM, 415, 575, 11
MM, 34, 5, 12
MM, 31, 6, 12
MM, 29, 7, 14
MM, 26, 7, 12
MM, 24, 9, 15
MM, 21, 9, 12
MM, 20, 10, 11
MM, 18, 10, 13
MM, 17, 10, 12
MM, 17, 10, 15
MM, 16, 10, 12
MM, 16, 11, 13
MM, 15, 11, 13
MC, 1, 99
MM, 15, 10, 92
MM, 17, 9, 12
MM, 20, 7, 12
MM, 23, 5, 12
MM, 25, 4, 14
MM, 28, 2, 13
MM, 31, 0, 15
MM, 414, 569, 12
MM, 418, 567, 12
MM, 420, 566, 11
MM, 423, 565, 13
MM, 10, 30, 16
MM, 11, 29, 9
MM, 13, 28, 14
MM, 14, 27, 13
MM, 15, 26, 14
MM, 15, 25, 13
MM, 16, 25, 11
MM, 17, 24, 11
MM, 17, 23, 13
MM, 17, 22, 14
MM, 17, 21, 14
MM, 18, 21, 13
MM, 18, 20, 12
MM, 18, 20, 12
MM, 18, 19, 12
MM, 18, 19, 12
MM, 18, 19, 13
MM, 18, 19, 14
MM, 18, 19, 26
MM, 18, 18, 12
MC, 1, 11
MM, 18, 18, 53
MM, 18, 18, 13
MM, 18, 19, 61
MM, 18, 22, 14
MM, 18, 25, 13
MM, 18, 28, 13
MM, 433, 566, 14
MM, 433, 569, 18
MM, 12, 5, 20
MM, 13, 10, 12
MM, 14, 16, 13
MM, 15, 21, 12
MM, 16, 26, 11
MM, 438, 603, 14
MM, 30, 0, 14
MM, 32, 4, 14
MM, 33, 9, 12
MM, 34, 12, 12
MM, 444, 625, 13
MM, 445, 629, 13
MM, 446, 635, 12
MM, 447, 642, 12
MM, 45, 4, 13
MM, 46, 11, 13
MM, 47, 17, 13
MM, 48, 21, 13
MM, 48, 23, 13
MM, 49, 25, 11
MM, 49, 26, 12
MM, 49, 27, 14
MM, 49, 27, 12
MM, 49, 27, 15
MM, 49, 27, 12
MM, 50, 28, 25
MM, 50, 28, 25
MM, 50, 28, 15
MM, 51, 28, 11
MM, 51, 28, 14
MM, 52, 28, 12
MM, 53, 25, 13
MM, 53, 22, 11
MM, 54, 20, 12
MM, 55, 17, 13
MM, 56, 15, 16
MM, 56, 13, 12
MM, 57, 12, 12
MM, 57, 10, 13
MM, 58, 9, 12
MM, 58, 8, 12
MM, 59, 7, 13
MM, 59, 6, 13
MM, 60, 6, 13
MM, 60, 5, 14
MM, 60, 5, 13
MM, 60, 5, 11
MM, 60, 4, 12
MM, 61, 4, 12
MC, 1, 129
MM, 61, 6, 62
MM, 61, 7, 13
MM, 61, 9, 15
MM, 61, 10, 12
MM, 61, 12, 12
MM, 61, 13, 13
MM, 61, 15, 12
MM, 61, 17, 12
MM, 61, 18, 13
MM, 61, 19, 13
MM, 61, 20, 14
MM, 61, 21, 12
MM, 61, 22, 14
MM, 61, 22, 14
MM, 61, 23, 10
MM, 61, 23, 12
MM, 61, 24, 12
MM, 61, 24, 14
MM, 62, 19, 90
MM, 63, 15, 13
MM, 65, 11, 13
MM, 68, 6, 11
MM, 70, 3, 13
MM, 477, 644, 12
MM, 481, 640, 15
MM, 484, 637, 14
MM, 487, 632, 11
MM, 1, 18, 12
MM, 5, 11, 13
MM, 9, 5, 14
MM, 502, 607, 11
MM, 4, 30, 12
MM, 6, 26, 15
MM, 8, 23, 13
MM, 10, 20, 12
MM, 11, 17, 12
MM, 12, 15, 12
MM, 13, 14, 12
MM, 13, 13, 13
MM, 14, 11, 13
MM, 15, 10, 14
MM, 15, 8, 12
MM, 16, 6, 14
MM, 16, 4, 12
MM, 17, 1, 12
MM, 519, 570, 13
MM, 519, 569, 15
MM, 520, 567, 12
MM, 520, 567, 12
MM, 520, 566, 12
MM, 521, 565, 13
MM, 25, 30, 12
MM, 25, 29, 11
MM, 25, 28, 14
MM, 25, 26, 15
MM, 25, 26, 13
MM, 25, 25, 13
MM, 25, 24, 11
MM, 25, 22, 13
MM, 25, 21, 11
MM, 25, 20, 13
MM, 25, 19, 15
MM, 25, 18, 12
MM, 25, 18, 12
MM, 25, 17, 15
MM, 25, 17, 13
MM, 25, 16, 10
MM, 25, 16, 12
MM, 25, 16, 13
MC, 1, 40
MM, 25, 17, 62
MM, 26, 20, 13
MM, 29, 22, 14
MM, 32, 25, 13
MM, 532, 563, 12
MM, 536, 566, 13
MM, 541, 569, 13
MM, 3, 1, 12
MM, 6, 3, 11
MM, 9, 5, 13
MM, 11, 6, 15
MM, 12, 7, 12
MM, 13, 7, 13
MM, 13, 7, 13
MM, 14, 7, 11
MM, 13, 7, 65
MM, 9, 7, 14
MM, 1, 7, 35
MM, 542, 578, 13
MM, 539, 578, 12
MM, 537, 578, 15
MM, 34, 7, 12
MM, 31, 7, 13
MM, 28, 7, 20
MM, 24, 7, 19
MM, 21, 7, 13
MM, 20, 7, 13
MM, 19, 7, 12
MM, 18, 7, 11
MM, 18, 7, 13
MM, 17, 7, 14
MM, 17, 7, 26
MM, 17, 7, 12
MM, 16, 7, 63
MM, 16, 7, 27
MM, 15, 7, 13
MM, 14, 7, 12
MM, 14, 6, 11
MM, 12, 6, 12
MM, 10, 6, 15
MM, 7, 5, 13
MM, 3, 4, 12
MM, 0, 3, 13
MM, 498, 573, 13
MM, 495, 571, 12
MM, 491, 570, 12
MM, 488, 568, 13
MM, 484, 567, 15
MM, 480, 565, 11
MM, 19, 28, 14
MM, 16, 26, 12
MM, 11, 23, 13
MM, 8, 21, 11
MM, 3, 18, 12
MM, 454, 549, 15
MM, 35, 13, 14
MM, 32, 12, 13
MM, 28, 11, 12
MM, 25, 10, 12
MM, 23, 9, 12
MM, 22, 9, 11
MM, 21, 9, 14
MM, 20, 8, 14
MM, 19, 8, 13
MM, 19, 8, 14
MM, 18, 8, 12
MM, 18, 8, 12
MM, 18, 8, 25
MM, 17, 8, 15
MM, 17, 8, 9
MM, 16, 8, 14
MM, 16, 8, 13
MM, 15, 8, 14
MM, 14, 8, 12
MM, 13, 8, 12
MM, 12, 9, 11
MM, 11, 9, 14
MM, 9, 10, 13
MM, 8, 10, 14
MM, 7, 10, 12
MM, 6, 11, 12
MM, 6, 11, 13
MC, 1, 152
MM, 7, 11, 14
MM, 9, 11, 15
MM, 12, 11, 10
MM, 15, 11, 12
MM, 18, 11, 12
MM, 21, 11, 12
MM, 24, 11, 14
MM, 28, 11, 13
MM, 32, 11, 13
MM, 451, 545, 14
MM, 454, 545, 18
MM, 3, 11, 20
MM, 6, 11, 13
MM, 7, 11, 13
MM, 9, 11, 11
MM, 10, 11, 11
MM, 10, 11, 14
MM, 11, 11, 14
MM, 11, 11, 15
MM, 12, 11, 23
MC, 1, 138
MM, 5, 11, 13
MM, 455, 545, 14
MM, 35, 10, 13
MM, 30, 10, 13
MM, 26, 9, 13
MM, 22, 9, 11
MM, 19, 9, 13
MM, 16, 9, 12
MM, 15, 9, 16
MM, 13, 9, 12
MM, 12, 9, 12
MM, 11, 9, 12
MM, 11, 9, 13
MM, 12, 9, 126
MM, 14, 9, 15
MM, 17, 9, 12
MM, 23, 9, 38
MM, 25, 11, 11
MM, 27, 13, 13
MM, 29, 16, 16
MM, 31, 19, 12
MM, 33, 22, 13
MM, 35, 27, 12
MM, 453, 566, 15
MM, 454, 570, 11
MM, 35, 3, 11
MM, 458, 578, 12
MM, 460, 581, 13
MM, 462, 585, 15
MM, 1, 19, 12
MM, 3, 23, 12
MM, 5, 28, 13
MM, 470, 605, 13
MM, 22, 2, 12
MM, 24, 6, 12
MM, 25, 10, 13
MM, 27, 12, 15
MM, 27, 15, 12
MM, 28, 17, 12
MM, 28, 18, 13
MM, 29, 20, 11
MM, 30, 21, 13
MM, 30, 23, 14
MM, 30, 24, 14
MM, 30, 25, 12
MM, 31, 27, 13
MM, 31, 28, 14
MM, 31, 29, 10
MM, 32, 30, 13
MM, 482, 639, 12
MM, 482, 640, 12
MM, 482, 640, 13
MM, 482, 641, 14
MM, 482, 641, 13
MM, 482, 642, 13
MM, 482, 643, 20
MM, 78, 0, 18
MM, 78, 0, 12
MM, 78, 0, 15
MM, 78, 1, 11
MM, 78, 1, 12
MM, 78, 1, 13
MM, 78, 2, 14
MM, 78, 2, 14
MM, 78, 3, 11
MM, 78, 4, 12
MM, 78, 4, 13
MM, 78, 5, 15
MM, 78, 5, 10
MM, 78, 6, 12
MM, 78, 7, 13
MM, 78, 8, 15
MM, 78, 8, 12
MM, 78, 8, 13
MM, 78, 9, 12
MM, 78, 9, 11
MM, 78, 9, 27
MM, 78, 9, 14
MC, 1, 74
MM, 79, 9, 40
MM, 79, 9, 12
MM, 80, 7, 13
MM, 81, 6, 11
MM, 81, 4, 13
MM, 83, 2, 15
MM, 85, 0, 13
MM, 491, 642, 13
MM, 494, 640, 12
MM, 8, 29, 12
MM, 12, 27, 12
MM, 16, 24, 12
MM, 20, 22, 13
MM, 24, 19, 15
MM, 28, 16, 12
MM, 31, 14, 15
MM, 34, 11, 11
MM, 527, 617, 12
MM, 531, 614, 12
MM, 2, 4, 13
MM, 5, 1, 15
MM, 540, 607, 12
MM, 543, 605, 12
MM, 545, 603, 12
MM, 548, 602, 16
MM, 7, 29, 10
MM, 11, 27, 12
MM, 14, 25, 12
MM, 18, 23, 13
MM, 22, 21, 14
MM, 25, 18, 13
MM, 28, 16, 12
MM, 32, 13, 13
MM, 35, 9, 13
MM, 581, 576, 11
MM, 584, 573, 13
MM, 586, 570, 12
MM, 588, 568, 15
MM, 590, 566, 12
MM, 592, 565, 13
MM, 19, 30, 12
MM, 21, 29, 12
MM, 23, 28, 12
MM, 24, 28, 13
MM, 26, 27, 15
MM, 28, 27, 12
MM, 30, 27, 13
MM, 32, 26, 15
MM, 33, 26, 10
MM, 35, 26, 12
MM, 612, 559, 12
MM, 615, 559, 13
MM, 0, 24, 13
MM, 2, 24, 14
MM, 4, 23, 12
MM, 5, 23, 14
MM, 7, 22, 19
MM, 10, 21, 19
MM, 11, 21, 13
MM, 12, 21, 13
MM, 13, 20, 11
MM, 13, 20, 12
MM, 13, 20, 13
MM, 14, 20, 15
MM, 14, 19, 14
MM, 15, 19, 10
MM, 15, 19, 13
MM, 15, 19, 13
MM, 15, 19, 13
MC, 1, 51
MM, 12, 19, 75
MM, 7, 19, 14
MM, 2, 19, 12
MM, 614, 553, 13
MM, 32, 19, 13
MM, 24, 19, 11
MM, 14, 21, 13
MM, 2, 24, 12
MM, 31, 29, 17
MM, 554, 567, 11
MM, 542, 572, 13
MM, 30, 4, 12
MM, 20, 7, 12
MM, 10, 11, 11
MM, 1, 14, 14
MM, 495, 588, 14
MM, 26, 19, 14
MM, 22, 20, 12
MM, 18, 21, 12
MM, 15, 21, 13
MM, 13, 22, 11
MM, 11, 22, 13
MM, 9, 22, 12
MM, 8, 22, 15
MM, 7, 22, 12
MM, 6, 22, 15
MM, 6, 22, 11
MM, 5, 22, 12
MM, 4, 22, 12
MM, 3, 22, 12
MM, 2, 22, 13
MM, 2, 22, 15
MM, 1, 22, 12
MM, 462, 593, 13
MM, 460, 593, 14
MM, 457, 593, 12
MM, 33, 23, 12
MM, 30, 23, 12
MM, 27, 23, 13
MM, 23, 23, 14
MM, 19, 23, 13
MM, 14, 23, 12
MM, 10, 23, 12
MM, 6, 23, 14
MM, 3, 23, 12
MM, 420, 594, 11
MM, 418, 594, 13
MM, 415, 594, 15
MM, 32, 23, 12
MM, 30, 22, 13
MM, 28, 22, 12
MM, 26, 22, 12
MM, 23, 21, 12
MM, 22, 21, 14
MM, 20, 21, 14
MM, 18, 20, 12
MM, 16, 20, 13
MM, 14, 19, 14
MM, 12, 19, 11
MM, 12, 19, 13
MM, 11, 18, 11
MM, 11, 18, 13
MM, 11, 18, 12
MC, 1, 25
MM, 11, 18, 2
MM, 11, 18, 13
MM, 11, 17, 20
MM, 11, 17, 18
MM, 13, 17, 50
MM, 16, 17, 13
MM, 19, 17, 14
MM, 22, 18, 14
MM, 24, 20, 12
MM, 27, 22, 12
MM, 30, 24, 13
MM, 33, 26, 13
MM, 415, 599, 12
MM, 419, 601, 11
MM, 421, 602, 13
MM, 424, 604, 15
MM, 427, 606, 12
MM, 20, 0, 14
MM, 23, 2, 12
MM, 26, 4, 11
MM, 28, 6, 13
MM, 31, 9, 13
MM, 33, 11, 14
MM, 444, 621, 12
MM, 446, 623, 12
MM, 448, 625, 14
MM, 0, 18, 12
MM, 1, 20, 11
MM, 3, 21, 14
MM, 5, 23, 12
MM, 6, 24, 14
MM, 7, 25, 13
MM, 8, 26, 13
MM, 9, 27, 13
MM, 11, 28, 11
MM, 12, 29, 12
MM, 13, 30, 15
MM, 14, 30, 14
MM, 465, 639, 12
MM, 466, 639, 13
MM, 466, 639, 12
MM, 467, 640, 12
MM, 467, 640, 11
MM, 468, 641, 13
MM, 469, 641, 15
MM, 469, 642, 12
MM, 470, 642, 15
MM, 471, 643, 12
MM, 471, 644, 12
MM, 68, 0, 11
MM, 68, 0, 12
MM, 68, 1, 17
MM, 69, 2, 11
MM, 69, 3, 12
MM, 70, 4, 13
MM, 70, 4, 14
MM, 71, 5, 12
MM, 72, 5, 12
MM, 72, 6, 11
MM, 72, 6, 13
MM, 73, 7, 14
MM, 73, 7, 13
MM, 74, 8, 12
MM, 74, 8, 13
MM, 75, 9, 14
MM, 75, 9, 11
MM, 75, 10, 12
MM, 76, 10, 12
MM, 76, 10, 15
MM, 77, 10, 13
MM, 77, 10, 13
MM, 77, 10, 23
MC, 1, 26
MM, 78, 10, 14
MM, 78, 10, 26
MM, 79, 10, 15
MM, 79, 10, 10
MM, 80, 10, 12
MM, 81, 10, 12
MM, 83, 10, 12
MM, 85, 10, 13
MM, 88, 10, 14
MM, 92, 9, 13
MM, 95, 7, 13
MM, 98, 6, 19
MM, 104, 4, 20
MM, 107, 2, 12
MM, 110, 1, 14
MM, 113, 0, 11
MM, 519, 644, 11
MM, 523, 642, 14
MM, 525, 641, 14
MM, 528, 639, 14
MM, 531, 637, 11
MM, 2, 28, 13
MM, 4, 27, 12
MM, 6, 26, 13
MM, 8, 25, 12
MM, 9, 24, 12
MM, 10, 23, 13
MM, 11, 21, 14
MM, 12, 20, 13
MM, 13, 19, 13
MM, 13, 18, 12
MM, 14, 18, 11
MM, 14, 17, 13
MM, 14, 16, 13
MM, 15, 16, 14
MM, 15, 16, 13
MM, 15, 15, 13
MM, 15, 15, 12
MM, 15, 15, 12
MM, 15, 14, 25
MC, 1, 1
MM, 15, 14, 14
MM, 15, 13, 12
MM, 16, 12, 12
MM, 16, 11, 13
MM, 18, 10, 13
MM, 19, 8, 11
MM, 21, 6, 13
MM, 25, 4, 14
MM, 28, 2, 15
MM, 565, 607, 12
MM, 569, 604, 12
MM, 574, 602, 13
MM, 35, 28, 11
MM, 583, 595, 12
MM, 2, 20, 13
MM, 6, 16, 14
MM, 10, 12, 13
MM, 14, 9, 14
MM, 18, 5, 12
MM, 21, 2, 12
MM, 610, 570, 11
MM, 614, 568, 13
MM, 617, 565, 16
MM, 3, 29, 11
MM, 5, 28, 13
MM, 7, 27, 13
MM, 9, 26, 14
MM, 10, 26, 12
MM, 10, 25, 11
MM, 11, 25, 11
MM, 12, 24, 14
MM, 13, 24, 14
MM, 13, 23, 12
MM, 14, 23, 14
MM, 14, 23, 12
MM, 15, 22, 12
MM, 15, 22, 12
MM, 16, 21, 12
MM, 17, 21, 15
MM, 18, 21, 12
MM, 19, 20, 13
MM, 20, 19, 13
MM, 22, 19, 12
MM, 23, 18, 11
MM, 25, 17, 15
MM, 27, 16, 12
MM, 29, 16, 13
MM, 30, 15, 13
MM, 648, 549, 13
MM, 649, 549, 14
MM, 649, 548, 11
MM, 650, 548, 12
MM, 650, 548, 12
MM, 651, 548, 13
MM, 651, 548, 13
MM, 651, 547, 13
MM, 651, 547, 13
MM, 651, 547, 14
MM, 652, 547, 18
MM, 652, 547, 20
MM, 652, 547, 12
MM, 653, 547, 25
MM, 653, 547, 25
MM, 0, 13, 65
MM, 0, 13, 76
MM, 0, 13, 25
MM, 1, 13, 11
MM, 1, 13, 53
MC, 1, 294
MM, 1, 14, 178
MM, 653, 552, 12
MM, 641, 566, 13
MM, 621, 586, 12
MM, 602, 606, 13
MM, 8, 16, 11
MM, 566, 639, 13
MM, 148, 7, 15
MM, 135, 18, 13
MM, 123, 27, 12
MM, 517, 680, 13
MM, 510, 686, 11
MM, 506, 690, 12
MM, 503, 693, 13
MM, 501, 694, 13
MM, 499, 696, 15
MM, 497, 697, 12
MM, 495, 697, 12
MM, 494, 698, 15
MM, 493, 698, 10
MM, 493, 698, 13
MM, 491, 698, 13
MM, 490, 698, 11
MM, 490, 698, 13
MM, 489, 698, 15
MM, 488, 698, 12
MM, 487, 696, 13
MM, 486, 695, 19
MM, 484, 692, 19
MM, 483, 691, 13
MM, 482, 690, 13
MM, 481, 688, 11
MM, 480, 687, 13
MM, 479, 685, 12
MM, 479, 684, 15
MM, 478, 683, 14
MM, 477, 682, 12
MM, 476, 681, 12
MM, 475, 680, 12
MM, 473, 679, 13
MM, 472, 678, 12
MM, 471, 677, 12
MM, 470, 677, 13
MM, 469, 676, 14
MM, 65, 30, 13
MM, 64, 30, 13
MM, 63, 30, 12
MM, 63, 30, 11
MM, 62, 29, 14
MM, 62, 29, 12
MM, 61, 28, 14
MM, 60, 28, 13
MM, 60, 27, 13
MM, 59, 27, 13
MM, 59, 27, 11
MM, 59, 26, 13
MM, 58, 26, 12
MM, 57, 26, 16
MM, 57, 25, 12
MM, 56, 24, 12
MM, 56, 24, 12
MM, 56, 23, 13
MM, 55, 22, 11
MM, 55, 22, 13
MM, 55, 22, 15
MM, 55, 21, 14
MM, 54, 20, 12
MC, 1, 24
MM, 54, 19, 12
MM, 54, 18, 13
MM, 54, 17, 12
MM, 54, 15, 14
MM, 54, 13, 12
MM, 54, 11, 16
MM, 54, 8, 11
MM, 55, 5, 12
MM, 58, 3, 12
MM, 60, 0, 13
MM, 468, 643, 15
MM, 471, 640, 9
MM, 24, 29, 15
MM, 27, 27, 12
MM, 31, 24, 15
MM, 484, 629, 12
MM, 488, 626, 11
MM, 1, 15, 12
MM, 5, 13, 13
MM, 9, 10, 14
MM, 12, 8, 13
MM, 15, 6, 12
MM, 18, 5, 12
MM, 20, 4, 14
MM, 22, 2, 11
MM, 23, 2, 13
MM, 25, 1, 12
MM, 26, 0, 15
MM, 517, 607, 12
MM, 518, 607, 13
MM, 519, 606, 12
MM, 519, 606, 12
MM, 519, 606, 13
MM, 519, 606, 13
MM, 520, 606, 14
MM, 520, 605, 12
MM, 520, 605, 13
MM, 520, 605, 15
MM, 521, 605, 10
MM, 521, 605, 12
MM, 521, 604, 13
MM, 521, 604, 12
MM, 521, 604, 13
MM, 521, 604, 14
MM, 521, 604, 12
MM, 521, 603, 14
MM, 521, 603, 19
MP, 1, 43
MR, 1, 25
MC, 1, 0
MM, 521, 603, 42
MM, 521, 603, 11
MM, 521, 603, 12
MM, 521, 602, 13
MM, 521, 602, 13
MM, 521, 602, 12
MM, 521, 602, 24
MM, 521, 602, 15
MM, 20, 30, 13
MM, 20, 30, 12
MM, 20, 30, 13
MM, 20, 30, 141
MM, 20, 30, 37
MM, 20, 29, 51
MC, 1, 75
MM, 20, 29, 129
MM, 20, 29, 12
MM, 20, 29, 12
MM, 18, 29, 15
MM, 13, 28, 13
MM, 10, 27, 11
MM, 6, 26, 11
MM, 3, 25, 13
MM, 500, 595, 14
MM, 497, 593, 13
MM, 31, 21, 14
MM, 29, 20, 12
MM, 26, 19, 12
MM, 25, 18, 12
MM, 24, 18, 12
MM, 23, 17, 12
MM, 22, 17, 15
MM, 22, 17, 13
MM, 22, 17, 13
MM, 22, 16, 12
MM, 21, 16, 11
MM, 21, 16, 14
MM, 21, 16, 12
MM, 21, 14, 383
MM, 21, 12, 13
MM, 21, 10, 13
MM, 21, 9, 12
MM, 21, 6, 11
MM, 21, 4, 14
MM, 21, 2, 12
MM, 20, 0, 14
MM, 482, 569, 13
MM, 481, 567, 13
MM, 24, 30, 12
MM, 24, 28, 12
MM, 23, 25, 12
MM, 23, 23, 17
MM, 23, 20, 11
MM, 22, 18, 12
MM, 22, 17, 14
MM, 22, 15, 12
MM, 21, 14, 12
MM, 21, 14, 11
MM, 21, 13, 13
MM, 21, 13, 14
MM, 21, 13, 15
MM, 21, 13, 24
MM, 20, 13, 12
MM, 20, 13, 12
MM, 20, 13, 12
MM, 20, 13, 13
MM, 19, 13, 14
MM, 19, 13, 13
MM, 18, 13, 14
MM, 18, 13, 13
MC, 1, 51
MM, 17, 13, 25
MM, 16, 13, 12
MM, 16, 13, 14
MM, 15, 13, 12
MM, 13, 13, 11
MM, 11, 13, 12
MM, 8, 15, 13
MM, 1, 19, 13
MM, 32, 23, 14
MM, 19, 26, 13
MM, 7, 29, 12
MM, 409, 566, 12
MM, 398, 567, 12
MM, 390, 567, 12
MM, 384, 568, 15
MM, 380, 568, 14
MM, 377, 568, 12
MM, 375, 568, 13
MM, 373, 568, 11
MM, 372, 568, 12
MM, 370, 568, 12
MM, 369, 568, 14
MM, 367, 568, 13
MM, 366, 568, 13
MM, 364, 568, 14
MM, 362, 568, 14
MM, 361, 568, 10
MM, 359, 569, 13
MM, 357, 569, 13
MM, 355, 570, 11
MM, 354, 570, 13
MM, 354, 570, 15
MM, 353, 570, 12
MM, 15, 0, 13
MM, 14, 0, 18
MM, 14, 1, 20
MM, 14, 2, 13
MM, 14, 3, 13
MM, 14, 5, 11
MM, 14, 7, 13
MM, 14, 9, 12
MM, 14, 10, 15
MM, 14, 11, 14
MM, 14, 13, 12
MM, 14, 14, 12
MM, 14, 15, 12
MM, 14, 15, 13
MM, 14, 15, 11
MM, 14, 15, 13
MM, 14, 16, 14
MM, 14, 16, 14
MM, 14, 16, 25
MC, 1, 89
MM, 14, 16, 12
MM, 16, 16, 12
MM, 18, 15, 13
MM, 20, 13, 15
MM, 22, 12, 13
MM, 26, 11, 11
MM, 30, 10, 13
MM, 374, 581, 13
MM, 0, 10, 11
MM, 6, 10, 13
MM, 13, 10, 12
MM, 19, 10, 15
MM, 25, 10, 14
MM, 31, 11, 12
MM, 416, 584, 12
MM, 420, 586, 12
MM, 3, 18, 11
MM, 6, 19, 14
MM, 9, 21, 14
MM, 12, 23, 12
MM, 14, 24, 13
MM, 16, 26, 15
MM, 18, 28, 11
MM, 20, 30, 11
MM, 442, 603, 13
MM, 444, 606, 12
MM, 445, 607, 15
MM, 446, 609, 13
MM, 446, 610, 12
MM, 447, 611, 12
MM, 447, 612, 15
MM, 447, 613, 11
MM, 447, 614, 11
MM, 447, 614, 13
MM, 447, 615, 15
MM, 447, 616, 12
MM, 447, 616, 13
MM, 447, 617, 12
MM, 447, 617, 12
MM, 447, 617, 13
MM, 448, 617, 64
MM, 448, 617, 13
MM, 449, 617, 12
MM, 449, 617, 12
MM, 1, 9, 14
MM, 2, 9, 12
MM, 4, 9, 13
MM, 5, 9, 13
MM, 6, 9, 13
MM, 7, 9, 15
MM, 8, 9, 10
MM, 9, 9, 12
MM, 10, 9, 13
MM, 11, 9, 12
MM, 12, 9, 16
MM, 12, 9, 12
MM, 13, 9, 12
MM, 13, 9, 32
MM, 13, 9, 19
MC, 1, 13
MM, 14, 9, 13
MM, 14, 9, 23
MM, 14, 9, 28
MM, 15, 9, 14
MM, 16, 9, 11
MM, 19, 9, 12
MM, 25, 6, 13
MM, 33, 2, 13
MM, 497, 604, 11
MM, 8, 27, 13
MM, 21, 21, 12
MM, 32, 15, 15
MM, 542, 580, 12
MM, 7, 5, 13
MM, 13, 1, 12
MM, 560, 569, 11
MM, 563, 567, 14
MM, 565, 566, 12
MM, 566, 565, 15
MM, 31, 30, 12
MM, 32, 30, 13
MM, 33, 29, 13
MM, 569, 562, 11
MM, 570, 561, 13
MM, 572, 561, 12
MM, 573, 560, 16
MM, 574, 559, 12
MM, 1, 25, 12
MM, 2, 24, 12
MM, 4, 24, 13
MM, 5, 23, 12
MM, 6, 23, 13
MM, 6, 23, 14
MM, 7, 22, 14
MM, 8, 22, 12
MM, 8, 22, 12
MM, 9, 22, 13
MM, 9, 22, 11
MM, 9, 21, 13
MM, 9, 21, 12
MM, 9, 21, 15
MM, 10, 21, 12
MM, 10, 21, 15
MM, 11, 21, 11
MM, 12, 20, 12
MM, 14, 20, 12
MM, 16, 19, 12
MM, 18, 19, 16
MM, 22, 18, 12
MM, 25, 18, 12
MM, 28, 18, 13
MM, 31, 17, 14
MM, 34, 17, 12
MM, 611, 550, 12
MM, 613, 550, 12
MM, 615, 550, 12
MM, 616, 550, 15
MM, 0, 16, 12
MM, 1, 16, 12
MM, 1, 16, 13
MM, 2, 16, 14
MM, 3, 16, 12
MM, 3, 16, 11
MM, 3, 16, 13
MM, 3, 16, 15
MM, 4, 16, 12
MM, 4, 16, 12
MM, 4, 15, 13
MM, 4, 15, 11
MM, 4, 15, 13
MM, 5, 15, 14
MM, 5, 15, 26
MM, 6, 15, 27
MM, 6, 15, 23
MM, 6, 15, 25
MM, 7, 15, 27
MM, 7, 15, 12
MC, 1, 63
MM, 5, 15, 141
MM, 3, 14, 11
MM, 0, 13, 13
MM, 615, 546, 15
MM, 613, 546, 12
MM, 35, 12, 13
MM, 33, 12, 13
MM, 30, 12, 11
MM, 27, 12, 12
MM, 23, 12, 14
MM, 19, 12, 14
MM, 15, 12, 12
MM, 11, 11, 13
MM, 7, 11, 13
MM, 4, 11, 12
MM, 1, 11, 11
MM, 573, 545, 13
MM, 569, 545, 16
MM, 31, 11, 11
MM, 28, 11, 13
MM, 24, 11, 13
MM, 20, 11, 13
MM, 16, 11, 11
MM, 12, 11, 12
MM, 7, 11, 15
MM, 4, 11, 13
MM, 1, 11, 13
MM, 534, 545, 11
MM, 531, 545, 14
MM, 529, 545, 12
MM, 32, 11, 11
MM, 31, 11, 13
MM, 30, 11, 14
MM, 29, 11, 12
MM, 28, 11, 15
MM, 27, 11, 12
MM, 26, 11, 13
MM, 26, 11, 12
MM, 26, 11, 11
MM, 25, 11, 13
MM, 25, 11, 15
MM, 25, 11, 12
MC, 1, 103
MM, 25, 11, 49
MM, 25, 10, 11
MM, 27, 10, 40
MM, 29, 10, 13
MM, 32, 10, 13
MM, 531, 544, 11
MM, 533, 544, 13
MM, 0, 10, 13
MM, 2, 10, 14
MM, 4, 10, 12
MM, 6, 11, 14
MM, 8, 11, 15
MM, 9, 12, 10
MM, 10, 12, 12
MM, 12, 12, 11
MM, 12, 12, 13
MM, 13, 13, 13
MM, 14, 13, 14
MM, 15, 13, 13
MM, 16, 13, 13
MM, 16, 13, 19
MM, 17, 13, 20
MM, 18, 13, 12
MM, 18, 13, 13
MM, 19, 13, 23
MM, 19, 13, 27
MC, 1, 25
MM, 19, 13, 1
MM, 20, 13, 25
MM, 20, 13, 25
MM, 21, 13, 38
MM, 22, 14, 13
MM, 24, 14, 14
MM, 27, 15, 12
MM, 31, 16, 11
MM, 571, 552, 13
MM, 0, 19, 13
MM, 4, 20, 14
MM, 8, 22, 13
MM, 11, 23, 13
MM, 14, 25, 12
MM, 17, 27, 12
MM, 19, 28, 12
MM, 21, 29, 13
MM, 597, 565, 15
MM, 599, 566, 12
MM, 600, 567, 12
MM, 601, 569, 13
MM, 602, 570, 13
MM, 19, 0, 11
MM, 20, 1, 12
MM, 21, 3, 15
MM, 22, 4, 15
MM, 24, 6, 12
MM, 26, 8, 12
MM, 28, 10, 12
MM, 30, 12, 12
MM, 617, 585, 12
MM, 618, 587, 13
MM, 620, 589, 13
MM, 621, 590, 14
MM, 0, 21, 14
MM, 2, 22, 12
MM, 3, 24, 12
MM, 5, 26, 11
MM, 6, 27, 14
MM, 7, 28, 15
MM, 8, 29, 11
MM, 8, 29, 12
MM, 8, 29, 13
MM, 632, 602, 318
MM, 635, 603, 12
MM, 638, 605, 12
MM, 640, 606, 12
MM, 643, 607, 14
MM, 27, 1, 15
MM, 30, 3, 12
MM, 651, 612, 12
MM, 653, 614, 20
MM, 655, 615, 19
MM, 656, 616, 12
MM, 0, 8, 14
MM, 0, 9, 11
MM, 0, 10, 12
MM, 1, 11, 13
MM, 1, 11, 15
MM, 1, 12, 14
MM, 2, 12, 11
MM, 3, 13, 12
MM, 4, 14, 12
MM, 4, 14, 14
MM, 5, 15, 11
MM, 6, 15, 13
MM, 7, 15, 12
MM, 8, 16, 15
MM, 8, 16, 12
MM, 9, 17, 13
MM, 9, 17, 12
MM, 10, 17, 12
MM, 10, 17, 13
MM, 10, 18, 13
MC, 1, 51
MM, 11, 14, 281
MM, 693, 607, 12
MM, 739, 577, 12
MM, 773, 556, 13
MM, 796, 542, 15
MM, 809, 534, 12
MM, 816, 530, 12
MM, 818, 529, 12
MM, 819, 528, 15
MM, 820, 528, 13
MM, 820, 528, 10
MM, 822, 528, 242
MM, 824, 528, 13
MM, 827, 528, 14
MM, 828, 528, 12
MM, 830, 528, 11
MM, 830, 528, 13
MM, 831, 528, 13
MM, 832, 528, 12
MM, 834, 534, 436
MM, 834, 545, 12
MM, 834, 555, 12
MM, 834, 563, 12
MM, 834, 568, 13
MM, 834, 571, 13
MM, 834, 573, 11
MM, 834, 574, 13
MM, 834, 576, 14
MM, 834, 577, 15
MM, 834, 578, 11
MM, 834, 578, 12
MM, 834, 579, 13
MM, 834, 579, 12
MM, 834, 580, 12
MM, 833, 580, 12
MM, 833, 580, 15
MM, 833, 580, 12
MM, 833, 581, 15
MM, 833, 581, 13
MM, 833, 581, 11
MM, 833, 581, 11
MM, 832, 582, 13
MM, 832, 582, 15
MM, 832, 582, 13
MM, 832, 582, 12
MM, 832, 582, 151
MM, 832, 583, 12
MM, 832, 584, 15
MM, 52, 0, 13
MM, 51, 2, 12
MM, 49, 6, 14
MM, 48, 10, 11
MM, 46, 14, 12
MM, 45, 16, 12
MM, 45, 17, 13
MM, 44, 19, 14
MM, 43, 20, 12
MM, 43, 20, 14
MM, 43, 20, 14
MM, 43, 21, 11
MM, 43, 21, 12
MM, 43, 21, 12
MM, 43, 21, 13
MM, 42, 22, 13
MM, 42, 22, 14
MM, 42, 22, 13
MM, 42, 22, 13
MM, 42, 23, 18
MM, 42, 23, 19
MM, 42, 24, 13
MM, 42, 24, 13
MM, 42, 25, 12
MM, 42, 25, 12
