********************************************************************************
LOGGING TIME: 20180908_195159
CLIENT IP: 127.0.1.1
USERNAME: abhilash
OS: Linux
**********************************Emotional database********************************************************************************
MM, 2, 37, 1537598292310
MM, 759, 607, 16
MM, 718, 577, 10
MM, 26, 15, 13
MM, 24, 26, 11
MM, 623, 501, 13
MM, 604, 484, 14
MM, 346, 86, 13
MM, 340, 80, 13
MM, 338, 78, 13
MM, 338, 78, 12
MM, 338, 74, 190
MM, 337, 66, 12
MM, 321, 44, 16
MM, 291, 7, 12
MM, 511, 362, 12
MM, 243, 79, 13
MM, 229, 63, 12
MM, 222, 56, 13
MM, 220, 53, 11
MM, 220, 53, 13
MM, 219, 53, 14
MM, 218, 53, 154
MM, 217, 53, 11
MM, 213, 53, 12
MM, 209, 53, 12
MM, 204, 53, 15
MM, 198, 53, 14
MM, 194, 53, 12
MM, 190, 53, 13
MM, 187, 53, 12
MM, 184, 53, 11
MM, 180, 53, 13
MM, 178, 53, 14
MM, 177, 51, 12
MM, 175, 50, 14
MM, 175, 50, 13
MM, 174, 49, 11
MM, 173, 49, 12
MM, 173, 45, 232
MM, 168, 20, 12
MM, 382, 225, 11
MM, 326, 141, 27
MM, 311, 120, 14
MM, 302, 108, 11
MM, 297, 102, 13
MM, 296, 100, 13
MM, 295, 99, 13
MM, 295, 99, 12
MM, 294, 99, 11
MM, 294, 98, 13
MM, 294, 98, 14
MM, 293, 98, 13
MM, 293, 98, 13
MM, 293, 98, 13
MM, 292, 98, 11
MM, 292, 98, 25
MM, 292, 97, 76
MM, 292, 95, 14
MM, 292, 92, 15
MM, 290, 69, 73
MM, 290, 68, 15
MM, 290, 68, 39
MM, 290, 92, 114
MM, 290, 127, 11
MM, 325, 243, 40
MM, 86, 13, 12
MM, 92, 32, 13
MM, 96, 44, 14
MM, 97, 48, 12
MM, 97, 50, 12
MM, 97, 51, 11
MM, 97, 51, 41
MM, 97, 50, 49
MM, 97, 47, 12
MM, 97, 44, 13
MM, 97, 41, 15
MM, 97, 39, 12
MM, 97, 38, 12
MM, 97, 37, 13
MM, 97, 36, 11
MM, 97, 38, 80
MM, 97, 40, 11
MM, 97, 42, 12
MM, 97, 43, 12
MM, 97, 44, 13
MM, 97, 45, 13
MM, 97, 45, 13
MM, 97, 45, 13
MC, 1, 33
MM, 97, 43, 20189
MM, 112, 40, 1785
MM, 609, 239, 21
MM, 935, 209, 25
MM, 921, 250, 321
MM, 895, 256, 12
MM, 620, 0, 13
MM, 595, 2, 11
MM, 575, 3, 13
MM, 558, 3, 11
MM, 544, 3, 13
MM, 535, 3, 15
MM, 530, 3, 13
MM, 526, 3, 12
MM, 522, 3, 15
MM, 518, 4, 11
MM, 514, 5, 11
MM, 508, 6, 12
MM, 503, 6, 13
MM, 498, 7, 15
MM, 493, 8, 12
MM, 490, 9, 13
MM, 486, 10, 12
MM, 483, 12, 13
MM, 481, 14, 11
MM, 478, 16, 13
MM, 476, 19, 15
MM, 473, 21, 12
MM, 470, 24, 14
MM, 466, 28, 11
MM, 460, 31, 13
MM, 455, 34, 12
MM, 451, 36, 14
MM, 446, 38, 12
MM, 442, 40, 12
MM, 439, 41, 14
MM, 435, 42, 13
MM, 433, 43, 12
MM, 430, 43, 13
MM, 428, 43, 12
MM, 426, 44, 13
MM, 425, 44, 11
MM, 423, 44, 13
MM, 421, 44, 14
MM, 419, 44, 14
MM, 417, 44, 12
MM, 415, 44, 12
MM, 413, 44, 12
MM, 411, 44, 13
MM, 409, 44, 16
MM, 407, 44, 12
MM, 406, 44, 12
MM, 405, 44, 12
MM, 403, 44, 12
MM, 402, 44, 12
MM, 401, 44, 13
MM, 400, 44, 12
MM, 399, 44, 16
MM, 398, 44, 13
MM, 398, 44, 13
MM, 397, 44, 11
MM, 397, 44, 13
MM, 396, 44, 13
MM, 395, 44, 11
MM, 394, 44, 18
MM, 394, 44, 8
MM, 393, 44, 13
MM, 393, 44, 11
MM, 392, 44, 14
MM, 392, 44, 12
MM, 392, 44, 14
MM, 391, 44, 13
MM, 391, 44, 13
MM, 390, 44, 14
MM, 390, 44, 11
MM, 390, 44, 23
MM, 389, 44, 27
MM, 389, 44, 26
MM, 389, 44, 25
MM, 388, 44, 24
MM, 388, 44, 29
MM, 388, 44, 12
MM, 387, 44, 25
MM, 387, 44, 23
MM, 386, 44, 27
MM, 386, 44, 15
MM, 386, 43, 13
MM, 385, 43, 11
MM, 385, 43, 13
MM, 385, 43, 11
MM, 385, 43, 12
MM, 385, 42, 15
MM, 384, 42, 13
MM, 384, 42, 13
MM, 384, 42, 15
MM, 384, 42, 11
MM, 384, 41, 11
MM, 384, 41, 12
MM, 383, 41, 13
MM, 383, 41, 15
MM, 383, 41, 12
MM, 383, 41, 13
MM, 382, 41, 24
MM, 382, 41, 39
MC, 1, 60
MM, 384, 41, 1249
MM, 392, 40, 15
MM, 414, 33, 12
MM, 443, 24, 15
MM, 468, 16, 11
MM, 488, 10, 12
MM, 501, 5, 13
MM, 508, 3, 11
MM, 510, 2, 13
MM, 511, 1, 14
MM, 511, 1, 13
MM, 512, 1, 13
MM, 512, 1, 14
MM, 512, 0, 12
MM, 512, 0, 11
MM, 512, 0, 12
MM, 512, 0, 12
MM, 512, 0, 2089
MM, 511, 0, 14
MM, 511, 0, 12
MM, 511, 2, 660
MM, 511, 6, 13
MM, 511, 13, 14
MM, 511, 23, 13
MM, 511, 34, 13
MM, 511, 48, 12
MM, 507, 64, 13
MM, 494, 81, 12
MM, 725, 361, 12
MM, 703, 380, 12
MM, 434, 9, 15
MM, 413, 24, 13
MM, 396, 36, 13
MM, 382, 46, 12
MM, 372, 53, 11
MM, 366, 58, 13
MM, 363, 59, 13
MM, 361, 61, 14
MM, 360, 61, 12
MM, 359, 61, 13
MM, 358, 62, 14
MM, 358, 62, 11
MM, 357, 62, 12
MM, 356, 62, 12
MM, 356, 62, 16
MM, 355, 62, 12
MC, 1, 127
MM, 350, 65, 407
MM, 341, 70, 14
MM, 326, 79, 13
MM, 313, 87, 11
MM, 551, 482, 13
MM, 542, 487, 12
MM, 532, 492, 12
MM, 525, 495, 13
MM, 21, 0, 14
MM, 17, 0, 12
MM, 14, 0, 16
MM, 11, 0, 11
MM, 8, 0, 12
MM, 6, 0, 12
MM, 4, 0, 12
MM, 2, 0, 15
MM, 0, 0, 12
MM, 497, 497, 12
MM, 495, 497, 13
MM, 33, 0, 14
MM, 28, 3, 12
MM, 18, 10, 11
MM, 4, 20, 13
MM, 32, 29, 15
MM, 437, 533, 12
MM, 11, 2, 13
MM, 2, 3, 12
MM, 410, 537, 12
MM, 34, 3, 12
MM, 32, 3, 12
MM, 29, 3, 14
MM, 27, 3, 14
MM, 26, 3, 13
MM, 25, 3, 13
MM, 24, 3, 12
MM, 23, 3, 12
MM, 22, 3, 13
MM, 21, 3, 12
MM, 20, 2, 15
MM, 19, 1, 12
MM, 18, 1, 12
MM, 389, 533, 13
MM, 388, 531, 12
MM, 387, 529, 12
MM, 14, 30, 13
MM, 13, 29, 16
MM, 13, 27, 12
MM, 12, 26, 12
MM, 12, 26, 12
MM, 12, 25, 13
MM, 12, 24, 11
MM, 12, 24, 13
MM, 12, 24, 12
MM, 12, 23, 16
MM, 12, 23, 13
MM, 12, 23, 13
MM, 12, 22, 11
MM, 12, 22, 12
MM, 12, 22, 13
MM, 12, 22, 12
MM, 12, 21, 66
MM, 16, 21, 63
MM, 23, 21, 13
MM, 33, 21, 12
MM, 414, 518, 14
MM, 6, 21, 12
MM, 11, 21, 12
MM, 14, 21, 12
MM, 16, 21, 14
MM, 17, 21, 14
MM, 17, 21, 11
MM, 18, 21, 13
MM, 18, 21, 13
MM, 18, 21, 83
MM, 19, 21, 20
MM, 19, 21, 12
MM, 21, 21, 13
MM, 22, 21, 12
MM, 23, 21, 12
MM, 26, 21, 13
MM, 30, 21, 11
MM, 34, 20, 13
MM, 454, 516, 13
MM, 4, 18, 14
MM, 10, 17, 12
MM, 14, 17, 14
MM, 18, 17, 13
MM, 22, 17, 12
MM, 24, 17, 11
MM, 25, 17, 12
MM, 27, 17, 16
MM, 28, 17, 12
MM, 29, 17, 13
MM, 29, 17, 12
MM, 30, 17, 14
MM, 31, 17, 11
MM, 31, 17, 12
MM, 32, 17, 13
MM, 33, 17, 14
MM, 35, 17, 12
MM, 494, 514, 13
MM, 496, 514, 13
MM, 498, 515, 11
MM, 2, 19, 13
MM, 4, 19, 13
MM, 6, 20, 12
MM, 7, 20, 15
MM, 9, 21, 13
MM, 10, 21, 12
MM, 11, 21, 12
MM, 12, 21, 12
MM, 13, 21, 13
MM, 14, 21, 12
MM, 15, 21, 15
MM, 16, 21, 13
MM, 16, 21, 12
MM, 17, 21, 13
MM, 17, 21, 24
MM, 17, 21, 12
MM, 18, 21, 29
MM, 18, 21, 62
MM, 18, 21, 14
MM, 18, 21, 26
MM, 18, 21, 12
MM, 18, 22, 12
MM, 18, 22, 12
MM, 19, 23, 11
MM, 20, 24, 14
MM, 22, 26, 13
MM, 23, 27, 13
MM, 24, 28, 13
MM, 26, 30, 15
MM, 527, 528, 11
MM, 530, 531, 11
MM, 533, 533, 12
MM, 2, 2, 13
MM, 6, 5, 15
MM, 13, 11, 12
MM, 23, 18, 13
MM, 570, 560, 12
MM, 580, 567, 13
MM, 2, 1, 12
MM, 7, 3, 12
MM, 13, 6, 14
MM, 17, 8, 14
MM, 19, 9, 14
MM, 22, 10, 10
MM, 24, 11, 14
MM, 26, 11, 11
MM, 28, 12, 13
MM, 616, 584, 13
MM, 619, 584, 12
MM, 0, 13, 15
MM, 4, 14, 12
MM, 9, 15, 19
MM, 20, 16, 19
MM, 25, 18, 13
MM, 29, 19, 15
MM, 33, 20, 11
MM, 658, 593, 11
MM, 661, 594, 12
MM, 0, 24, 13
MM, 2, 26, 15
MM, 3, 26, 13
MM, 4, 27, 12
MM, 5, 28, 12
MM, 6, 30, 15
MM, 670, 602, 12
MM, 670, 603, 11
MM, 671, 605, 12
MM, 672, 606, 13
MM, 16, 0, 14
MM, 16, 1, 13
MM, 17, 3, 12
MM, 17, 4, 12
MM, 17, 6, 14
MM, 18, 7, 11
MM, 18, 8, 13
MM, 18, 9, 12
MM, 19, 10, 15
MM, 19, 11, 12
MM, 19, 11, 13
MM, 19, 12, 12
MM, 19, 13, 11
MM, 19, 14, 14
MM, 20, 14, 12
MM, 20, 14, 14
MM, 20, 15, 13
MM, 20, 15, 13
MM, 20, 16, 13
MM, 20, 16, 11
MC, 1, 11
MM, 20, 16, 2
MM, 20, 16, 12
MM, 20, 16, 16
MM, 20, 17, 12
MM, 20, 17, 25
MM, 20, 17, 12
MM, 20, 18, 11
MM, 20, 18, 14
MM, 13, 19, 14
MM, 5, 20, 14
MM, 31, 22, 12
MM, 18, 25, 12
MM, 0, 30, 13
MM, 599, 645, 11
MM, 580, 653, 13
MM, 157, 14, 12
MM, 140, 20, 14
MM, 126, 25, 13
MM, 115, 28, 14
MM, 108, 30, 13
MM, 509, 676, 12
MM, 508, 676, 11
MM, 507, 677, 12
MM, 506, 677, 16
MM, 506, 677, 12
MM, 505, 677, 191
MM, 505, 676, 37
MM, 101, 29, 13
MM, 101, 28, 11
MM, 101, 26, 13
MM, 101, 25, 13
MM, 101, 23, 14
MM, 101, 22, 13
MM, 101, 20, 13
MM, 101, 19, 18
MM, 100, 16, 19
MM, 99, 16, 14
MM, 99, 15, 14
MM, 99, 15, 11
MM, 99, 15, 11
MM, 99, 14, 12
MM, 99, 14, 15
MM, 99, 14, 15
MM, 99, 13, 11
MM, 99, 13, 12
MM, 99, 11, 13
MM, 99, 10, 14
MM, 99, 8, 11
MM, 102, 4, 12
MM, 513, 642, 13
MM, 33, 25, 13
MM, 2, 15, 13
MM, 11, 7, 13
MM, 18, 1, 13
MM, 555, 605, 11
MM, 559, 602, 13
MM, 19, 28, 13
MM, 21, 27, 12
MM, 23, 26, 15
MM, 24, 25, 13
MM, 25, 24, 12
MM, 26, 23, 12
MM, 27, 22, 12
MM, 28, 22, 13
MM, 29, 21, 16
MM, 30, 20, 11
MM, 31, 19, 13
MM, 31, 19, 12
MM, 32, 17, 13
MM, 34, 16, 11
MM, 35, 13, 13
MM, 579, 582, 12
MM, 581, 580, 16
MM, 582, 578, 12
MM, 583, 576, 12
MM, 0, 3, 13
MM, 2, 1, 12
MM, 589, 569, 12
MM, 592, 567, 13
MM, 20, 30, 14
MM, 23, 28, 12
MM, 27, 25, 14
MM, 32, 23, 13
MM, 35, 21, 11
MM, 614, 553, 12
MM, 0, 17, 12
MM, 2, 16, 13
MM, 3, 15, 15
MM, 5, 15, 12
MM, 5, 14, 13
MM, 6, 14, 15
MM, 6, 14, 11
MM, 7, 14, 11
MM, 7, 14, 13
MM, 7, 14, 26
MM, 8, 14, 26
MM, 8, 14, 25
MM, 8, 14, 11
MM, 9, 14, 13
MM, 9, 14, 15
MM, 9, 14, 13
MM, 10, 14, 12
MM, 10, 14, 13
MM, 10, 14, 11
MM, 10, 14, 12
MM, 11, 14, 26
MC, 1, 26
MM, 11, 14, 64
MM, 11, 16, 11
MM, 11, 18, 13
MM, 8, 20, 15
MM, 4, 23, 12
MM, 616, 560, 13
MM, 611, 564, 19
MM, 16, 0, 19
MM, 11, 5, 13
MM, 5, 10, 13
MM, 584, 585, 11
MM, 34, 19, 13
MM, 29, 24, 12
MM, 24, 28, 15
MM, 562, 602, 14
MM, 557, 606, 11
MM, 21, 1, 13
MM, 18, 4, 12
MM, 16, 6, 13
MM, 14, 8, 11
MM, 12, 9, 13
MM, 11, 10, 15
MM, 11, 10, 13
MM, 10, 11, 12
MM, 9, 11, 13
MM, 9, 11, 11
MM, 8, 11, 12
MM, 8, 11, 13
MM, 8, 12, 13
MM, 8, 12, 14
MM, 7, 12, 12
MM, 6, 12, 14
MM, 6, 13, 12
MM, 6, 13, 12
MC, 1, 13
MM, 5, 13, 15
MM, 5, 14, 13
MM, 5, 14, 11
MM, 5, 14, 13
MM, 4, 15, 13
MM, 3, 16, 11
MM, 2, 18, 13
MM, 531, 629, 12
MM, 528, 632, 14
MM, 526, 635, 14
MM, 33, 30, 13
MM, 519, 640, 12
MM, 516, 643, 12
MM, 109, 0, 11
MM, 106, 2, 13
MM, 103, 4, 15
MM, 100, 6, 12
MM, 98, 7, 13
MM, 96, 8, 15
MM, 95, 9, 11
MM, 94, 9, 11
MM, 93, 10, 13
MM, 92, 10, 12
MM, 91, 10, 15
MM, 91, 10, 13
MM, 90, 10, 12
MM, 90, 10, 12
MM, 89, 10, 15
MC, 1, 11
MM, 89, 10, 1
MM, 88, 10, 10
MM, 87, 10, 13
MM, 86, 11, 12
MM, 85, 11, 15
MM, 83, 11, 13
MM, 80, 11, 12
MM, 75, 11, 12
MM, 70, 11, 13
MM, 64, 11, 13
MM, 57, 11, 12
MM, 51, 11, 14
MM, 45, 10, 13
MM, 40, 8, 12
MM, 35, 7, 13
MM, 29, 6, 12
MM, 24, 5, 13
MM, 20, 3, 11
MM, 15, 2, 14
MM, 12, 1, 14
MM, 8, 0, 12
MM, 408, 643, 13
MM, 406, 642, 14
MM, 403, 641, 11
MM, 401, 640, 12
MM, 399, 639, 13
MM, 28, 30, 16
MM, 28, 30, 11
MM, 27, 29, 13
MM, 27, 29, 12
MM, 27, 29, 13
MM, 27, 28, 18
MM, 27, 27, 20
MM, 27, 27, 13
MM, 27, 27, 12
MM, 27, 26, 11
MM, 27, 26, 13
MM, 27, 25, 15
MM, 27, 25, 13
MM, 27, 24, 14
MM, 27, 24, 11
MM, 27, 24, 13
MM, 30, 23, 11
MM, 32, 23, 13
MM, 403, 630, 13
MM, 405, 630, 12
MM, 406, 630, 15
MM, 408, 630, 12
MM, 0, 22, 13
MM, 0, 21, 12
MM, 1, 21, 12
MM, 1, 21, 13
MM, 2, 21, 16
MM, 2, 21, 11
MM, 3, 21, 12
MM, 3, 21, 12
MM, 3, 21, 13
MM, 4, 21, 13
MM, 4, 21, 11
MM, 5, 21, 13
MM, 5, 21, 28
MM, 5, 21, 24
MM, 5, 21, 13
MM, 6, 21, 12
MC, 1, 39
MM, 6, 21, 15
MM, 6, 20, 11
MM, 6, 20, 12
MM, 6, 18, 13
MM, 6, 17, 11
MM, 6, 15, 13
MM, 6, 13, 15
MM, 6, 11, 12
MM, 6, 9, 13
MM, 2, 7, 14
MM, 408, 613, 12
MM, 405, 612, 11
MM, 32, 2, 12
MM, 29, 1, 15
MM, 394, 606, 14
MM, 389, 604, 11
MM, 4, 30, 13
MM, 379, 599, 12
MM, 375, 597, 15
MM, 33, 24, 11
MM, 30, 23, 11
MM, 27, 22, 13
MM, 24, 21, 14
MM, 22, 21, 12
MM, 20, 20, 13
MM, 19, 20, 14
MM, 17, 20, 11
MM, 16, 20, 12
MM, 15, 20, 13
MM, 14, 20, 12
MM, 13, 20, 15
MM, 13, 20, 13
MM, 12, 20, 12
MM, 12, 20, 13
MM, 12, 20, 64
MC, 1, 11
MM, 13, 20, 51
MM, 21, 20, 13
MM, 32, 20, 16
MM, 3, 20, 11
MM, 22, 21, 12
MM, 1, 24, 12
MM, 21, 26, 13
MM, 459, 599, 19
MM, 484, 602, 20
MM, 492, 603, 13
MM, 496, 604, 12
MM, 498, 604, 12
MM, 500, 605, 12
MM, 501, 605, 15
MM, 503, 606, 12
MM, 505, 606, 14
MM, 506, 606, 11
MM, 508, 607, 14
MM, 510, 607, 12
MM, 22, 0, 12
MM, 25, 0, 12
MM, 28, 1, 13
MM, 30, 1, 14
MM, 33, 2, 13
MM, 526, 611, 12
MM, 529, 611, 14
MM, 531, 612, 11
MM, 2, 5, 12
MM, 6, 6, 13
MM, 9, 7, 12
MM, 11, 8, 15
MM, 13, 9, 12
MM, 14, 10, 13
MM, 15, 11, 13
MM, 16, 12, 11
MM, 16, 12, 13
MM, 17, 12, 15
MM, 17, 13, 13
MM, 18, 13, 12
MM, 18, 13, 12
MM, 18, 13, 13
MM, 18, 14, 12
MM, 18, 14, 12
MM, 19, 14, 27
MC, 1, 38
MM, 19, 14, 24
MM, 17, 14, 39
MM, 12, 14, 13
MM, 7, 14, 14
MM, 531, 621, 13
MM, 34, 11, 12
MM, 24, 9, 11
MM, 14, 8, 13
MM, 3, 7, 15
MM, 30, 6, 12
MM, 18, 5, 13
MM, 6, 5, 12
MM, 444, 613, 15
MM, 26, 5, 12
MM, 19, 5, 11
MM, 14, 5, 12
MM, 10, 5, 12
MM, 8, 5, 14
MM, 6, 5, 13
MM, 4, 5, 13
MM, 1, 5, 13
MM, 408, 613, 12
MM, 405, 613, 12
MM, 33, 5, 12
MM, 29, 5, 15
MM, 26, 3, 12
MM, 23, 0, 12
MM, 389, 606, 14
MM, 386, 604, 12
MM, 383, 602, 12
MM, 0, 29, 12
MM, 378, 598, 13
MM, 376, 597, 14
MM, 374, 596, 12
MM, 34, 25, 14
MM, 32, 24, 14
MM, 30, 24, 11
MM, 28, 24, 12
MM, 26, 24, 12
MM, 24, 23, 13
MM, 20, 23, 12
MM, 17, 22, 15
MM, 15, 21, 13
MM, 13, 21, 13
MM, 12, 20, 18
MM, 11, 20, 19
MC, 1, 14
MM, 11, 20, 12
MM, 11, 20, 12
MM, 11, 19, 12
MM, 11, 19, 12
MM, 11, 19, 15
MM, 11, 18, 14
MM, 11, 18, 11
MM, 11, 18, 13
MM, 11, 18, 13
MM, 17, 17, 12
MM, 27, 17, 12
MM, 2, 16, 12
MM, 22, 13, 15
MM, 2, 12, 13
MM, 19, 11, 12
MM, 31, 11, 14
MM, 460, 582, 11
MM, 2, 11, 12
MM, 4, 11, 12
MM, 5, 11, 13
MM, 6, 11, 14
MM, 6, 11, 12
MM, 6, 11, 15
MM, 7, 11, 12
MM, 7, 11, 24
MM, 7, 11, 39
MM, 8, 11, 27
MM, 6, 11, 112
MM, 2, 11, 13
MM, 462, 582, 14
MM, 459, 582, 13
MM, 35, 11, 12
MM, 32, 11, 16
MM, 30, 11, 11
MM, 28, 11, 12
MM, 26, 11, 11
MM, 25, 11, 13
MM, 24, 11, 16
MM, 24, 11, 9
MM, 23, 11, 14
MC, 1, 128
MM, 22, 11, 101
MM, 20, 11, 11
MM, 17, 11, 14
MM, 13, 11, 12
MM, 8, 11, 15
MM, 3, 11, 12
MM, 419, 582, 12
MM, 415, 582, 14
MM, 31, 11, 13
MM, 27, 11, 11
MM, 24, 11, 12
MM, 21, 11, 12
MM, 18, 11, 16
MM, 16, 10, 12
MM, 14, 10, 12
MM, 12, 9, 14
MM, 10, 9, 18
MM, 8, 9, 19
MM, 6, 9, 13
MM, 5, 9, 14
MM, 3, 9, 12
MM, 1, 9, 11
MM, 379, 580, 13
MM, 377, 581, 14
MM, 375, 582, 14
MM, 35, 12, 11
MM, 32, 14, 12
MM, 30, 15, 14
MM, 28, 15, 13
MM, 25, 16, 12
MM, 23, 16, 11
MM, 20, 16, 13
MM, 18, 16, 14
MM, 17, 16, 12
MM, 16, 16, 13
MM, 14, 16, 14
MM, 14, 16, 11
MM, 14, 16, 12
MC, 1, 13
MM, 14, 16, 510
MM, 15, 16, 13
MM, 18, 16, 13
MM, 22, 16, 13
MM, 29, 16, 12
MM, 379, 593, 11
MM, 13, 27, 14
MM, 405, 604, 14
MM, 6, 0, 12
MM, 13, 4, 13
MM, 20, 7, 13
MM, 26, 10, 11
MM, 28, 11, 12
MM, 30, 11, 14
MM, 31, 11, 14
MM, 32, 12, 12
MM, 32, 12, 13
MM, 33, 12, 14
MM, 34, 12, 11
MM, 444, 620, 13
MM, 445, 620, 11
MM, 447, 620, 13
MM, 0, 12, 12
MM, 3, 12, 15
MM, 7, 11, 13
MM, 12, 10, 13
MM, 16, 10, 19
MM, 23, 10, 19
MM, 26, 10, 12
MM, 28, 10, 14
MM, 29, 10, 12
MM, 30, 10, 11
MM, 30, 11, 14
MM, 30, 12, 13
MM, 30, 12, 14
MM, 30, 12, 13
MM, 30, 10, 101
MM, 29, 9, 13
MM, 27, 7, 12
MM, 26, 6, 11
MM, 25, 5, 13
MM, 24, 4, 13
MM, 23, 4, 14
MM, 23, 4, 13
MM, 23, 4, 25
MM, 23, 5, 77
MM, 26, 7, 12
MM, 31, 7, 13
MM, 488, 617, 11
MM, 9, 9, 12
MM, 21, 10, 15
MM, 31, 10, 15
MM, 531, 618, 12
MM, 5, 10, 12
MM, 10, 10, 12
MM, 13, 10, 12
MM, 15, 11, 12
MM, 17, 11, 13
MM, 19, 11, 13
MM, 21, 11, 13
MM, 23, 11, 15
MM, 25, 11, 12
MM, 28, 11, 12
MM, 30, 11, 11
MM, 33, 11, 14
MM, 568, 619, 15
MM, 570, 619, 11
MM, 0, 11, 12
MM, 5, 11, 13
MM, 9, 11, 14
MM, 14, 11, 12
MM, 19, 11, 12
MM, 23, 11, 12
MM, 28, 11, 13
MM, 31, 11, 13
MM, 35, 11, 14
MM, 613, 619, 12
MM, 616, 619, 12
MM, 0, 11, 14
MM, 1, 11, 11
MM, 3, 11, 12
MM, 5, 11, 13
MM, 6, 11, 15
MM, 7, 11, 12
MM, 8, 11, 13
MM, 10, 11, 12
MM, 10, 11, 12
MM, 11, 11, 13
MM, 12, 11, 13
MM, 12, 11, 13
MM, 12, 11, 13
MM, 12, 11, 13
MM, 13, 11, 14
MM, 13, 11, 23
MM, 13, 11, 12
MM, 13, 11, 13
MM, 13, 12, 13
MM, 13, 13, 14
MM, 13, 14, 12
MC, 1, 0
MM, 13, 15, 14
MM, 9, 18, 19
MM, 29, 29, 19
MM, 573, 650, 12
MM, 140, 17, 14
MM, 111, 30, 11
MM, 490, 682, 12
MM, 467, 688, 13
MM, 450, 692, 14
MM, 439, 694, 14
MM, 431, 695, 11
MM, 425, 696, 13
MM, 423, 696, 12
MM, 421, 696, 14
MM, 420, 696, 11
MM, 420, 696, 13
MM, 419, 696, 12
MM, 419, 696, 15
MM, 419, 696, 25
MM, 419, 694, 76
MM, 419, 691, 13
MM, 419, 689, 13
MM, 419, 687, 11
MM, 420, 686, 13
MM, 421, 684, 12
MM, 424, 683, 16
MM, 425, 682, 12
MM, 426, 682, 12
MM, 428, 681, 12
MM, 430, 680, 13
MM, 431, 679, 11
MM, 432, 679, 14
MM, 434, 677, 14
MM, 435, 677, 14
MM, 32, 30, 12
MM, 33, 29, 12
MM, 34, 28, 13
MM, 35, 27, 11
MM, 36, 26, 13
MM, 36, 26, 12
MM, 36, 26, 42
MM, 36, 26, 11
MM, 36, 25, 12
MM, 36, 25, 12
MM, 36, 24, 13
MC, 1, 15
MM, 36, 24, 12
MM, 36, 24, 12
MM, 36, 24, 12
MM, 36, 23, 15
MM, 36, 23, 12
MM, 36, 23, 11
MM, 37, 22, 12
MM, 37, 21, 13
MM, 38, 19, 15
MM, 40, 18, 12
MM, 42, 15, 13
MM, 45, 13, 12
MM, 48, 9, 13
MM, 52, 4, 12
MM, 462, 641, 12
MM, 18, 24, 15
MM, 23, 16, 12
MM, 26, 10, 12
MM, 28, 5, 13
MM, 29, 0, 12
MM, 480, 603, 11
MM, 17, 27, 14
MM, 17, 21, 13
MM, 17, 14, 14
MM, 18, 6, 12
MM, 483, 569, 13
MM, 27, 30, 14
MM, 28, 26, 12
MM, 29, 24, 11
MM, 29, 23, 13
MM, 30, 23, 13
MM, 30, 23, 12
MM, 31, 23, 14
MM, 31, 23, 13
MM, 32, 23, 13
MM, 490, 557, 19
MM, 492, 557, 19
MM, 493, 557, 13
MM, 494, 557, 13
MM, 495, 557, 12
MM, 1, 22, 12
MM, 1, 21, 12
MM, 2, 21, 14
MM, 3, 20, 15
MM, 4, 20, 11
MM, 4, 19, 12
MM, 4, 19, 13
MM, 4, 19, 13
MM, 5, 19, 13
MM, 5, 19, 24
MM, 5, 19, 14
MM, 6, 19, 25
MM, 6, 19, 13
MC, 1, 49
MM, 6, 19, 15
MM, 6, 19, 13
MM, 6, 19, 25
MM, 7, 19, 11
MM, 9, 21, 13
MM, 11, 24, 16
MM, 16, 28, 11
MM, 518, 567, 13
MM, 25, 1, 12
MM, 31, 4, 13
MM, 35, 6, 12
MM, 538, 579, 12
MM, 540, 580, 15
MM, 541, 581, 13
MM, 542, 581, 13
MM, 542, 581, 11
MM, 0, 10, 13
MM, 0, 11, 13
MM, 0, 11, 11
MM, 0, 11, 13
MM, 0, 11, 14
MM, 0, 11, 12
MM, 0, 11, 15
MM, 1, 11, 25
MM, 1, 12, 11
MM, 1, 12, 12
MM, 2, 13, 17
MM, 3, 13, 9
MM, 5, 15, 14
MM, 6, 16, 12
MM, 8, 17, 14
MM, 9, 18, 12
MM, 11, 19, 12
MM, 11, 19, 13
MM, 12, 20, 12
MM, 12, 20, 12
MM, 12, 20, 15
MM, 12, 20, 12
MC, 1, 50
MM, 10, 20, 27
MM, 4, 20, 12
MM, 538, 589, 13
MM, 30, 15, 12
MM, 22, 13, 13
MM, 13, 10, 12
MM, 4, 7, 13
MM, 497, 574, 12
MM, 488, 570, 15
MM, 478, 566, 12
MM, 11, 29, 14
MM, 3, 27, 11
MM, 454, 560, 14
MM, 33, 25, 11
MM, 30, 24, 12
MM, 28, 24, 13
MM, 26, 24, 12
MM, 25, 24, 15
MM, 25, 23, 13
MM, 24, 23, 19
MM, 24, 23, 110
MM, 24, 23, 11
MM, 24, 23, 39
MM, 24, 23, 12
MM, 24, 22, 23
MC, 1, 13
MM, 24, 22, 2
MM, 24, 22, 12
MM, 27, 22, 50
MM, 29, 23, 13
MM, 32, 26, 12
MM, 451, 564, 14
MM, 455, 570, 13
MM, 458, 577, 13
MM, 459, 584, 13
MM, 461, 590, 11
MM, 0, 25, 14
MM, 464, 602, 12
MM, 464, 607, 14
MM, 15, 4, 12
MM, 16, 9, 13
MM, 16, 13, 13
MM, 17, 17, 12
MM, 19, 20, 11
MM, 20, 24, 14
MM, 23, 28, 16
MM, 476, 641, 11
MM, 75, 0, 13
MM, 78, 4, 12
MM, 81, 8, 12
MM, 82, 11, 12
MM, 83, 13, 12
MM, 84, 14, 15
MM, 85, 15, 12
MM, 85, 15, 15
MM, 86, 15, 12
MM, 86, 15, 24
MM, 86, 15, 11
MM, 87, 15, 26
MM, 87, 15, 14
MC, 1, 0
MM, 87, 15, 13
MM, 87, 15, 14
MM, 88, 15, 12
MM, 89, 15, 12
MM, 90, 15, 11
MM, 92, 15, 13
MM, 95, 15, 14
MM, 101, 13, 13
MM, 108, 11, 13
MM, 120, 7, 12
MM, 135, 3, 13
MM, 554, 644, 12
MM, 565, 641, 12
MM, 572, 639, 13
MM, 3, 30, 14
MM, 6, 29, 13
MM, 8, 28, 13
MM, 9, 28, 12
MM, 9, 28, 11
MM, 9, 28, 13
MM, 9, 27, 67
MM, 9, 27, 23
MM, 9, 26, 12
MM, 9, 26, 12
MM, 9, 26, 14
MM, 9, 25, 13
MM, 9, 25, 13
MM, 9, 25, 14
MM, 9, 24, 18
MM, 9, 24, 20
MM, 9, 24, 13
MM, 9, 23, 12
MM, 9, 23, 12
MM, 9, 23, 11
MM, 9, 23, 14
MM, 9, 23, 14
MM, 9, 22, 14
MM, 9, 22, 12
MM, 9, 22, 12
MM, 9, 22, 12
MM, 9, 22, 14
MM, 9, 21, 11
MM, 9, 21, 12
MM, 9, 21, 13
MM, 9, 21, 27
MM, 9, 20, 13
MM, 9, 20, 12
MM, 9, 20, 12
MM, 9, 20, 12
MM, 9, 19, 13
MM, 10, 19, 14
MC, 1, 90
MM, 10, 19, 61
MM, 11, 19, 27
MM, 12, 19, 14
MM, 13, 18, 13
MM, 15, 16, 12
MM, 18, 13, 13
MM, 22, 9, 12
MM, 27, 4, 12
MM, 606, 606, 13
MM, 25, 30, 13
MM, 28, 27, 13
MM, 30, 24, 14
MM, 616, 594, 12
MM, 617, 593, 12
MM, 618, 592, 12
MM, 618, 592, 12
MM, 618, 592, 12
MM, 618, 591, 15
MM, 619, 591, 229
MM, 5, 18, 12
MM, 12, 14, 12
MM, 23, 9, 14
MM, 32, 5, 12
MM, 660, 574, 13
MM, 1, 2, 13
MM, 4, 1, 13
MM, 6, 0, 14
MM, 671, 570, 11
MM, 672, 570, 12
MM, 673, 570, 12
MM, 675, 570, 13
MM, 675, 570, 13
MM, 676, 570, 14
MM, 676, 570, 13
MM, 676, 570, 13
MM, 677, 570, 19
MM, 678, 570, 19
MM, 678, 570, 13
MM, 678, 569, 13
MM, 678, 569, 11
MM, 678, 568, 13
MM, 678, 567, 12
MM, 678, 565, 14
MM, 24, 29, 14
MM, 24, 27, 11
MM, 24, 24, 14
MM, 24, 22, 12
MM, 24, 20, 13
MM, 24, 19, 11
MM, 24, 18, 13
MM, 23, 17, 12
MM, 21, 16, 15
MM, 19, 16, 12
MM, 18, 16, 13
MC, 1, 12
MM, 15, 16, 12
MM, 13, 16, 14
MM, 11, 16, 12
MM, 9, 16, 14
MM, 7, 16, 12
MM, 4, 16, 13
MM, 0, 16, 13
MM, 649, 551, 11
MM, 23, 19, 13
MM, 9, 21, 16
MM, 29, 24, 12
MM, 573, 561, 12
MM, 6, 27, 13
MM, 21, 28, 12
MM, 4, 28, 12
MM, 30, 29, 11
MM, 19, 29, 14
MM, 11, 29, 14
MM, 7, 29, 14
MM, 5, 29, 12
MM, 4, 29, 12
MM, 3, 29, 13
MM, 2, 29, 11
MM, 1, 29, 13
MM, 0, 29, 15
MM, 456, 563, 12
MM, 454, 563, 12
MM, 452, 563, 15
MM, 34, 29, 12
MM, 31, 29, 11
MM, 28, 29, 12
MM, 25, 29, 13
MM, 437, 565, 15
MM, 435, 567, 13
MM, 11, 1, 12
MM, 7, 6, 12
MM, 3, 12, 15
MM, 0, 17, 12
MM, 418, 592, 11
MM, 416, 594, 12
MM, 34, 25, 12
MM, 32, 26, 15
MM, 30, 27, 12
MM, 29, 27, 13
MM, 28, 27, 12
MM, 28, 27, 13
MM, 28, 27, 12
MM, 28, 27, 141
MM, 28, 25, 13
MM, 28, 22, 14
MM, 28, 19, 11
MM, 28, 17, 12
MM, 28, 15, 12
MM, 28, 14, 13
MC, 1, 0
MM, 28, 13, 13
MM, 28, 12, 14
MM, 28, 11, 12
MM, 28, 11, 13
MM, 28, 10, 20
MM, 28, 10, 19
MM, 31, 9, 12
MM, 415, 580, 14
MM, 0, 9, 12
MM, 7, 9, 11
MM, 14, 9, 13
MM, 21, 9, 14
MM, 28, 8, 14
MM, 34, 7, 12
MM, 460, 577, 12
MM, 1, 5, 13
MM, 5, 4, 13
MM, 9, 3, 12
MM, 12, 3, 11
MM, 16, 2, 13
MM, 19, 2, 15
MM, 23, 2, 12
MM, 27, 2, 14
MM, 29, 1, 12
MM, 496, 571, 11
MM, 499, 571, 12
MM, 501, 570, 14
MM, 503, 569, 14
MM, 505, 568, 12
MM, 507, 567, 13
MM, 508, 567, 13
MM, 509, 566, 12
MM, 510, 565, 11
MM, 16, 30, 14
MM, 17, 29, 12
MM, 18, 28, 14
MM, 19, 27, 13
MM, 19, 26, 13
MM, 19, 24, 13
MM, 19, 22, 11
MM, 19, 21, 12
MM, 19, 19, 15
MM, 19, 18, 14
MM, 19, 16, 13
MM, 19, 15, 12
MM, 19, 15, 12
MM, 19, 15, 12
MC, 1, 11
MM, 19, 15, 67
MM, 19, 18, 12
MM, 19, 22, 12
MM, 19, 27, 11
MM, 515, 568, 13
MM, 14, 4, 15
MM, 14, 12, 12
MM, 14, 20, 13
MM, 515, 602, 14
MM, 25, 7, 12
MM, 25, 17, 12
MM, 25, 26, 11
MM, 515, 639, 14
MM, 515, 643, 13
MM, 515, 644, 13
MM, 515, 644, 13
MM, 515, 644, 12
MM, 111, 0, 227
MM, 111, 1, 15
MM, 111, 2, 11
MM, 111, 3, 15
MM, 111, 4, 13
MM, 111, 5, 13
MM, 111, 6, 18
MM, 111, 9, 20
MM, 111, 10, 12
MM, 112, 11, 13
MM, 113, 12, 12
MM, 113, 13, 11
MM, 114, 13, 14
MM, 115, 13, 13
MM, 115, 14, 14
MC, 1, 11
MM, 116, 14, 1
MM, 117, 14, 13
MM, 118, 14, 12
MM, 120, 14, 13
MM, 124, 14, 12
MM, 130, 14, 12
MM, 139, 11, 13
MM, 156, 2, 13
MM, 19, 19, 13
MM, 21, 27, 14
MM, 25, 2, 12
MM, 27, 20, 11
MM, 746, 540, 14
MM, 762, 530, 13
MM, 770, 525, 13
MM, 774, 522, 13
MM, 776, 521, 13
MM, 776, 521, 13
MM, 777, 520, 11
MM, 777, 520, 12
MM, 777, 520, 53
MM, 777, 519, 12
MM, 777, 519, 13
MM, 777, 518, 11
MM, 777, 517, 13
MM, 777, 516, 14
MM, 777, 515, 15
MM, 777, 515, 12
MM, 777, 515, 12
MM, 776, 515, 49
MM, 772, 517, 15
MM, 767, 520, 12
MM, 762, 523, 14
MM, 759, 525, 12
MM, 756, 527, 12
MM, 753, 528, 12
MM, 750, 530, 11
MM, 747, 531, 14
MM, 745, 532, 12
MM, 742, 533, 15
MM, 740, 533, 12
MM, 738, 534, 16
MM, 737, 534, 10
MM, 736, 535, 12
MM, 735, 535, 12
MM, 734, 536, 13
MM, 733, 537, 14
MM, 35, 3, 13
MM, 34, 4, 12
MM, 34, 4, 13
MM, 33, 5, 14
MM, 32, 6, 10
MM, 31, 6, 13
MM, 30, 7, 12
MM, 29, 7, 15
MM, 28, 8, 12
MM, 27, 8, 13
MM, 25, 9, 12
MM, 24, 10, 12
MM, 23, 10, 14
MM, 22, 11, 12
MM, 21, 11, 14
MM, 20, 12, 12
MM, 20, 12, 14
MM, 20, 12, 14
MM, 19, 12, 86
MM, 19, 12, 14
MM, 16, 12, 19
MM, 693, 547, 19
MM, 15, 17, 13
MM, 23, 21, 13
MM, 613, 557, 11
MM, 20, 24, 12
MM, 4, 24, 13
MM, 570, 558, 15
MM, 32, 24, 14
MM, 29, 24, 11
MM, 27, 24, 12
MM, 25, 24, 13
MM, 24, 24, 13
MM, 24, 24, 11
MM, 24, 24, 13
MM, 24, 24, 102
MM, 26, 23, 14
MM, 31, 22, 12
MM, 2, 20, 13
MM, 34, 12, 13
MM, 653, 537, 11
MM, 687, 531, 13
MM, 0, 30, 12
MM, 14, 27, 16
MM, 21, 26, 12
MM, 24, 26, 12
MM, 25, 26, 12
MM, 26, 25, 13
MM, 26, 25, 11
MM, 27, 25, 14
MM, 27, 25, 28
MM, 27, 25, 12
MM, 27, 26, 126
MM, 27, 27, 12
MM, 27, 27, 13
MM, 25, 27, 15
MM, 22, 28, 9
MM, 19, 28, 15
MM, 17, 29, 12
MM, 15, 29, 15
MM, 13, 29, 13
MM, 12, 30, 10
MM, 12, 30, 12
MM, 11, 30, 13
MM, 11, 30, 15
MM, 11, 30, 126
MM, 720, 528, 12
MM, 720, 528, 13
MM, 720, 529, 12
MM, 720, 529, 13
MM, 720, 530, 14
MM, 720, 531, 12
MM, 721, 532, 14
MM, 722, 533, 14
MM, 26, 1, 10
MM, 26, 2, 12
MM, 26, 4, 12
MM, 26, 6, 14
MM, 26, 7, 12
MM, 26, 9, 15
MM, 26, 10, 12
MM, 26, 11, 13
MM, 26, 12, 19
MM, 26, 13, 19
MM, 26, 14, 13
MM, 26, 14, 13
MM, 26, 14, 12
MM, 26, 14, 12
MM, 26, 14, 12
MC, 1, 52
MM, 24, 15, 50
MM, 18, 15, 15
MM, 9, 15, 13
MM, 691, 549, 12
MM, 20, 15, 12
MM, 1, 15, 12
MM, 19, 15, 13
MM, 3, 15, 12
MM, 34, 15, 13
MM, 26, 15, 14
MM, 21, 15, 12
MM, 17, 15, 14
MM, 15, 15, 13
MM, 13, 15, 11
MM, 11, 15, 13
MM, 9, 15, 15
MM, 5, 17, 10
MM, 1, 19, 15
MM, 572, 555, 12
MM, 32, 23, 13
MM, 26, 25, 13
MM, 19, 28, 11
MM, 12, 30, 12
MM, 4, 30, 15
MM, 531, 564, 13
MM, 28, 30, 13
MM, 22, 30, 12
MM, 17, 30, 12
MM, 13, 30, 13
MM, 10, 30, 11
MM, 7, 30, 13
MM, 5, 30, 15
MM, 2, 30, 12
MM, 495, 564, 14
MM, 492, 564, 13
MM, 490, 564, 12
MM, 488, 565, 12
MM, 486, 565, 11
MM, 485, 566, 13
MM, 483, 566, 12
MM, 481, 566, 15
MM, 480, 566, 12
MM, 479, 566, 15
MM, 478, 566, 12
MM, 477, 566, 12
MM, 477, 566, 11
MM, 477, 566, 13
MM, 476, 566, 14
MM, 476, 566, 13
MM, 476, 565, 12
MM, 19, 29, 13
MM, 19, 28, 14
MM, 19, 26, 11
MM, 19, 24, 12
MM, 19, 23, 12
MM, 19, 22, 15
MM, 19, 21, 13
MM, 19, 19, 13
MM, 19, 18, 12
MM, 19, 17, 11
MM, 19, 16, 13
MM, 19, 15, 13
MM, 19, 15, 14
MM, 19, 14, 12
MM, 19, 14, 13
MC, 1, 14
MM, 19, 13, 12
MM, 19, 13, 12
MM, 19, 13, 12
MM, 19, 12, 12
MM, 19, 12, 13
MM, 19, 12, 14
MM, 21, 12, 12
MM, 24, 12, 15
MM, 29, 12, 18
MM, 4, 12, 19
MM, 14, 11, 13
MM, 25, 10, 13
MM, 531, 543, 12
MM, 5, 7, 11
MM, 13, 6, 13
MM, 21, 6, 14
MM, 28, 5, 14
MM, 569, 539, 12
MM, 0, 5, 12
MM, 6, 5, 13
MM, 13, 5, 13
MM, 20, 5, 12
MM, 26, 5, 12
MM, 33, 5, 12
MM, 615, 539, 15
MM, 4, 5, 13
MM, 10, 5, 13
MM, 15, 5, 12
MM, 19, 5, 11
MM, 23, 5, 12
MM, 26, 5, 14
MM, 27, 5, 14
MM, 29, 5, 12
MM, 648, 539, 13
MM, 649, 539, 14
MM, 650, 538, 11
MM, 651, 538, 12
MM, 652, 538, 12
MM, 652, 537, 16
MM, 653, 537, 12
MM, 1, 3, 12
MM, 1, 3, 13
MM, 2, 3, 13
MM, 2, 3, 11
MM, 3, 3, 13
MM, 4, 3, 14
MM, 5, 3, 14
MM, 6, 3, 12
MM, 7, 3, 12
MM, 8, 3, 14
MM, 8, 3, 12
MM, 9, 3, 11
MM, 9, 3, 13
MM, 10, 3, 14
MM, 10, 3, 13
MM, 10, 3, 14
MM, 10, 3, 12
MC, 1, 12
MM, 11, 3, 12
MM, 11, 3, 24
MM, 11, 3, 15
MM, 11, 3, 12
MM, 12, 4, 13
MM, 12, 5, 14
MM, 12, 5, 13
MM, 12, 5, 11
MM, 12, 6, 11
MM, 12, 8, 14
MM, 12, 9, 14
MM, 12, 11, 12
MM, 10, 12, 14
MM, 5, 13, 12
MM, 651, 548, 12
MM, 25, 15, 12
MM, 14, 16, 12
MM, 2, 18, 15
MM, 33, 19, 12
MM, 19, 21, 13
MM, 6, 22, 13
MM, 569, 558, 12
MM, 23, 26, 12
MM, 15, 28, 12
MM, 8, 29, 14
MM, 2, 30, 13
MM, 534, 565, 13
MM, 530, 566, 13
MM, 528, 566, 14
MM, 525, 567, 11
MM, 523, 568, 12
MM, 520, 569, 12
MM, 517, 569, 13
MM, 514, 569, 15
MM, 510, 569, 12
MM, 507, 570, 13
MM, 502, 570, 13
MM, 499, 571, 19
MM, 28, 2, 19
MM, 24, 2, 12
MM, 21, 3, 14
MM, 18, 3, 12
MM, 15, 4, 11
MM, 12, 5, 14
MM, 10, 6, 13
MM, 8, 7, 14
MM, 5, 8, 11
MM, 3, 9, 13
MM, 1, 10, 13
MM, 461, 582, 14
MM, 459, 583, 12
MM, 458, 584, 11
MM, 35, 14, 12
MM, 33, 15, 13
MM, 31, 15, 15
MM, 30, 15, 13
MM, 29, 15, 12
MM, 28, 15, 12
MM, 27, 15, 12
MM, 26, 15, 12
MM, 26, 15, 14
MM, 25, 15, 13
MM, 25, 15, 14
MM, 24, 15, 12
MM, 24, 15, 13
MM, 24, 15, 11
MM, 24, 15, 12
MM, 23, 15, 26
MC, 1, 89
MM, 23, 15, 16
MM, 23, 15, 11
MM, 23, 14, 13
MM, 23, 14, 13
MM, 23, 13, 11
MM, 23, 12, 13
MM, 23, 11, 12
MM, 24, 9, 14
MM, 28, 8, 14
MM, 32, 7, 13
MM, 457, 577, 12
MM, 462, 575, 12
MM, 3, 3, 11
MM, 7, 2, 13
MM, 11, 0, 13
MM, 477, 570, 15
MM, 481, 569, 12
MM, 486, 568, 14
MM, 490, 567, 12
MM, 494, 566, 12
MM, 498, 566, 12
MM, 502, 566, 12
MM, 507, 565, 13
MM, 512, 565, 15
MM, 22, 30, 12
MM, 27, 30, 12
MM, 32, 29, 15
MM, 532, 563, 11
MM, 0, 28, 11
MM, 3, 28, 13
MM, 6, 27, 12
MM, 9, 27, 15
MM, 12, 26, 12
MM, 15, 26, 13
MM, 17, 25, 12
MM, 20, 25, 13
MM, 22, 24, 13
MM, 23, 24, 12
MM, 24, 24, 14
MM, 25, 23, 13
MM, 26, 23, 14
MM, 28, 22, 10
MM, 29, 22, 14
MM, 30, 21, 11
MM, 31, 20, 13
MM, 32, 19, 13
MM, 569, 553, 12
MM, 570, 552, 15
MM, 571, 551, 12
MM, 573, 550, 19
MM, 1, 15, 19
MM, 3, 14, 13
MM, 4, 13, 15
MM, 5, 13, 11
MM, 6, 12, 11
MM, 7, 12, 13
MM, 8, 11, 12
MM, 9, 11, 15
MM, 10, 11, 13
MM, 10, 11, 12
MM, 10, 11, 12
MM, 11, 10, 16
MM, 11, 10, 21
MM, 12, 10, 25
MM, 12, 10, 28
MC, 1, 50
MM, 12, 11, 64
MM, 12, 14, 12
MM, 12, 16, 13
MM, 11, 18, 11
MM, 7, 20, 14
MM, 2, 22, 14
MM, 572, 557, 12
MM, 31, 25, 13
MM, 26, 26, 13
MM, 20, 26, 11
MM, 14, 27, 13
MM, 8, 29, 16
MM, 3, 30, 12
MM, 532, 566, 12
MM, 527, 568, 12
MM, 21, 0, 13
MM, 16, 3, 12
MM, 13, 5, 12
MM, 9, 8, 15
MM, 6, 10, 12
MM, 3, 12, 14
MM, 0, 14, 12
MM, 498, 587, 12
MM, 495, 590, 13
MM, 28, 21, 12
MM, 24, 23, 12
MM, 20, 26, 12
MM, 13, 29, 15
MM, 468, 603, 12
MM, 461, 606, 15
MM, 4, 2, 11
MM, 447, 614, 13
MM, 34, 9, 12
MM, 30, 12, 12
MM, 28, 15, 12
MM, 26, 17, 15
MM, 24, 20, 12
MM, 23, 21, 13
MM, 22, 23, 14
MM, 21, 24, 12
MM, 21, 25, 11
MM, 19, 26, 13
MM, 19, 26, 14
MM, 18, 27, 12
MM, 18, 27, 13
MM, 18, 27, 13
MM, 17, 27, 12
MM, 17, 27, 25
MM, 16, 27, 13
MM, 16, 27, 14
MM, 16, 27, 26
MM, 16, 26, 36
MM, 16, 25, 13
MM, 16, 23, 12
MM, 16, 21, 12
MM, 16, 19, 15
MM, 16, 17, 13
MM, 16, 15, 19
MC, 1, 4
MM, 16, 11, 15
MM, 16, 10, 12
MM, 16, 8, 16
MM, 17, 6, 11
MM, 18, 5, 12
MM, 19, 3, 11
MM, 21, 1, 14
MM, 432, 607, 15
MM, 434, 605, 11
MM, 436, 603, 12
MM, 438, 602, 13
MM, 20, 28, 14
MM, 22, 26, 13
MM, 26, 23, 11
MM, 28, 21, 11
MM, 31, 19, 14
MM, 34, 17, 13
MM, 458, 586, 14
MM, 460, 585, 12
MM, 0, 13, 13
MM, 1, 12, 12
MM, 3, 11, 12
MM, 4, 10, 12
MM, 6, 9, 13
MM, 7, 8, 14
MM, 8, 8, 13
MM, 9, 7, 13
MM, 11, 6, 12
MM, 12, 5, 11
MM, 13, 4, 15
MM, 15, 2, 12
MM, 17, 0, 13
MM, 482, 569, 13
MM, 484, 567, 13
MM, 486, 565, 13
MM, 31, 29, 11
MM, 32, 28, 12
MM, 491, 560, 13
MM, 492, 559, 15
MM, 493, 558, 12
MM, 495, 557, 14
MM, 0, 22, 12
MM, 2, 21, 12
MM, 3, 20, 11
MM, 5, 20, 13
MM, 7, 19, 14
MM, 9, 19, 15
MM, 10, 18, 12
MM, 12, 18, 12
MM, 13, 17, 13
MM, 14, 16, 11
MM, 15, 15, 12
MM, 15, 14, 13
MM, 15, 14, 14
MM, 16, 14, 13
MM, 17, 14, 14
MM, 17, 14, 24
MC, 1, 24
MM, 18, 14, 28
MM, 18, 14, 13
MM, 18, 14, 12
MM, 19, 14, 14
MM, 21, 14, 11
MM, 23, 14, 11
MM, 26, 14, 14
MM, 29, 14, 13
MM, 529, 548, 13
MM, 533, 548, 13
MM, 1, 14, 12
MM, 4, 14, 12
MM, 8, 14, 13
MM, 12, 14, 12
MM, 16, 14, 13
MM, 19, 14, 14
MM, 23, 14, 14
MM, 26, 14, 14
MM, 29, 14, 10
MM, 32, 14, 13
MM, 570, 548, 12
MM, 574, 548, 13
MM, 3, 14, 13
MM, 7, 14, 12
MM, 12, 14, 14
MM, 16, 14, 13
MM, 21, 13, 18
MM, 32, 12, 20
MM, 612, 545, 12
MM, 0, 11, 15
MM, 5, 11, 11
MM, 10, 10, 12
MM, 14, 10, 12
MM, 18, 10, 13
MM, 20, 10, 15
MM, 22, 9, 12
MM, 23, 9, 12
MM, 24, 9, 13
MM, 24, 9, 15
MM, 25, 9, 11
MM, 25, 9, 11
MM, 26, 9, 25
MM, 26, 9, 104
MC, 1, 49
MM, 23, 9, 38
MM, 20, 10, 14
MM, 17, 11, 12
MM, 14, 12, 13
MM, 11, 13, 13
MM, 7, 15, 12
MM, 1, 17, 12
MM, 611, 553, 16
MM, 28, 22, 12
MM, 18, 25, 12
MM, 6, 29, 13
MM, 570, 566, 12
MM, 559, 569, 12
MM, 5, 1, 11
MM, 540, 573, 14
MM, 31, 5, 14
MM, 25, 7, 14
MM, 21, 10, 12
MM, 17, 13, 12
MM, 13, 15, 13
MM, 11, 18, 12
MM, 7, 20, 12
MM, 2, 23, 13
MM, 498, 597, 14
MM, 30, 30, 12
MM, 489, 603, 16
MM, 484, 606, 12
MM, 30, 0, 12
MM, 27, 2, 10
MM, 24, 3, 13
MM, 22, 4, 15
MM, 22, 5, 12
MM, 21, 5, 12
MM, 20, 5, 14
MM, 20, 6, 13
MM, 20, 6, 13
MM, 20, 7, 11
MM, 20, 7, 12
MM, 20, 7, 12
MM, 20, 8, 14
MM, 20, 8, 13
MM, 19, 9, 14
MM, 19, 10, 12
MM, 19, 11, 12
MM, 18, 12, 12
MM, 18, 13, 12
MM, 17, 13, 15
MM, 17, 13, 13
MM, 17, 13, 14
MM, 16, 13, 24
MC, 1, 37
MM, 16, 10, 77
MM, 16, 8, 13
MM, 16, 6, 14
MM, 15, 2, 12
MM, 462, 605, 12
MM, 460, 600, 11
MM, 457, 594, 14
MM, 34, 18, 15
MM, 31, 13, 9
MM, 30, 10, 14
MM, 28, 7, 13
MM, 27, 4, 14
MM, 26, 3, 13
MM, 25, 1, 11
MM, 25, 0, 11
MM, 445, 569, 14
MM, 445, 568, 15
MM, 444, 567, 12
MM, 444, 565, 13
MM, 28, 30, 12
MM, 28, 29, 12
MM, 28, 28, 12
MM, 27, 27, 12
MM, 27, 25, 15
MM, 27, 25, 12
MM, 27, 24, 13
MM, 27, 23, 13
MM, 27, 23, 12
MM, 27, 22, 12
MM, 27, 22, 12
MM, 27, 22, 14
MM, 27, 22, 13
MC, 1, 26
MM, 27, 22, 152
MM, 27, 26, 15
MM, 28, 29, 12
MM, 449, 569, 12
MM, 33, 4, 13
MM, 460, 583, 11
MM, 4, 20, 12
MM, 10, 28, 14
MM, 478, 606, 13
MM, 32, 3, 13
MM, 485, 616, 15
MM, 488, 620, 12
MM, 0, 15, 12
MM, 1, 19, 11
MM, 2, 22, 12
MM, 3, 24, 15
MM, 3, 26, 12
MM, 4, 27, 13
MM, 4, 29, 13
MM, 495, 639, 14
MM, 495, 640, 11
MM, 495, 642, 12
MM, 496, 643, 13
MM, 496, 644, 13
MM, 92, 0, 13
MM, 92, 2, 13
MM, 92, 3, 13
MM, 93, 5, 11
MM, 93, 6, 13
MM, 93, 7, 13
MM, 93, 8, 12
MM, 93, 8, 15
MM, 94, 8, 13
MM, 94, 8, 14
MM, 94, 9, 10
MC, 1, 24
MM, 94, 7, 166
MM, 94, 5, 15
MM, 94, 3, 14
MM, 94, 0, 11
MM, 498, 643, 12
MM, 498, 641, 13
MM, 495, 639, 14
MM, 3, 29, 11
MM, 0, 26, 12
MM, 488, 632, 13
MM, 485, 630, 14
MM, 33, 19, 12
MM, 30, 17, 13
MM, 27, 14, 13
MM, 24, 12, 11
MM, 22, 10, 13
MM, 19, 8, 13
MM, 17, 6, 12
MM, 16, 5, 15
MM, 14, 3, 13
MM, 12, 1, 12
MM, 461, 607, 12
MM, 459, 606, 12
MM, 458, 604, 13
MM, 456, 602, 16
MM, 33, 29, 11
MM, 32, 28, 13
MM, 30, 27, 12
MM, 29, 25, 13
MM, 28, 25, 12
MM, 27, 24, 12
MM, 26, 23, 15
MM, 26, 22, 13
MM, 25, 21, 13
MM, 24, 20, 11
MM, 23, 18, 13
MM, 23, 17, 12
MM, 22, 16, 12
MM, 21, 15, 13
MM, 21, 14, 14
MM, 20, 14, 12
MM, 20, 14, 15
MM, 20, 13, 12
MM, 20, 13, 12
MM, 19, 13, 13
MC, 1, 11
MM, 18, 13, 13
MM, 16, 13, 15
MM, 14, 13, 12
MM, 12, 13, 12
MM, 10, 13, 15
MM, 8, 14, 11
MM, 5, 15, 12
MM, 3, 15, 12
MM, 0, 16, 13
MM, 418, 587, 14
MM, 33, 17, 12
MM, 29, 18, 12
MM, 25, 19, 13
MM, 22, 19, 14
MM, 20, 21, 12
MM, 18, 22, 11
MM, 16, 23, 13
MM, 14, 25, 15
MM, 12, 26, 12
MM, 9, 28, 13
MM, 7, 30, 12
MM, 385, 603, 12
MM, 383, 605, 12
MM, 381, 606, 14
MM, 10, 0, 14
MM, 8, 1, 12
MM, 6, 2, 13
MM, 5, 2, 14
MM, 4, 3, 10
MM, 3, 3, 14
MM, 2, 3, 11
MM, 0, 3, 13
MM, 0, 3, 12
MM, 0, 3, 15
MM, 368, 611, 12
MM, 367, 611, 14
MM, 367, 611, 19
MM, 366, 607, 18
MM, 365, 604, 13
MM, 364, 602, 14
MM, 26, 28, 12
MM, 25, 25, 11
MM, 25, 23, 13
MM, 25, 20, 14
MM, 25, 18, 14
MM, 25, 17, 11
MM, 25, 16, 13
MM, 24, 15, 13
MM, 24, 14, 13
MM, 24, 13, 12
MM, 24, 13, 11
MM, 24, 12, 27
MC, 1, 50
MM, 34, 12, 130
MM, 23, 10, 11
MM, 27, 8, 14
MM, 18, 6, 12
MM, 5, 5, 12
MM, 22, 4, 13
MM, 32, 3, 13
MM, 538, 574, 13
MM, 541, 574, 14
MM, 0, 3, 11
MM, 1, 2, 13
MM, 2, 2, 13
MM, 3, 2, 12
MM, 3, 2, 11
MM, 3, 2, 14
MM, 3, 1, 13
MM, 4, 1, 13
MM, 4, 1, 27
MM, 4, 0, 12
MM, 4, 0, 11
MM, 4, 0, 12
MM, 547, 570, 12
MM, 547, 570, 15
MM, 547, 570, 13
MM, 547, 569, 13
MM, 547, 567, 14
MM, 547, 566, 12
MM, 12, 30, 12
MM, 12, 28, 12
MM, 12, 26, 13
MM, 12, 24, 13
MM, 12, 23, 12
MM, 12, 23, 13
MM, 12, 22, 13
MM, 12, 21, 14
MM, 12, 21, 11
MM, 12, 20, 12
MC, 1, 27
MM, 12, 20, 115
MM, 12, 20, 14
MM, 12, 20, 10
MM, 13, 20, 13
MM, 13, 20, 11
MM, 13, 20, 14
MM, 13, 20, 12
MM, 13, 22, 15
MM, 13, 24, 12
MM, 13, 27, 13
MM, 548, 565, 20
MM, 5, 2, 18
MM, 5, 7, 12
MM, 5, 12, 15
MM, 5, 16, 11
MM, 5, 21, 12
MM, 5, 28, 13
MM, 548, 605, 14
MM, 16, 4, 14
MM, 16, 11, 11
MM, 16, 17, 12
MM, 16, 23, 13
MM, 16, 27, 14
MM, 548, 639, 11
MM, 548, 643, 12
MM, 144, 1, 13
MM, 144, 3, 14
MM, 144, 4, 12
MM, 144, 5, 13
MM, 144, 6, 13
MM, 144, 6, 11
MM, 144, 7, 13
MM, 144, 7, 154
MM, 144, 7, 13
MM, 144, 7, 12
MM, 144, 8, 12
MM, 144, 8, 28
MM, 144, 8, 13
MM, 144, 8, 11
MM, 144, 9, 13
MM, 144, 10, 13
MM, 144, 11, 11
MM, 144, 13, 13
MM, 144, 13, 14
MM, 144, 13, 12
MM, 144, 14, 15
MM, 144, 14, 12
MM, 144, 14, 12
MM, 144, 14, 11
MM, 144, 14, 13
MM, 144, 15, 12
MM, 144, 15, 55
MC, 1, 151
MM, 144, 14, 49
MM, 144, 10, 13
MM, 144, 3, 12
MM, 549, 640, 13
MM, 20, 26, 14
MM, 23, 22, 12
MM, 25, 18, 14
MM, 27, 16, 14
MM, 29, 14, 11
MM, 30, 12, 12
MM, 32, 9, 12
MM, 34, 7, 13
MM, 569, 612, 12
MM, 571, 609, 15
MM, 574, 606, 12
MM, 577, 602, 13
MM, 580, 599, 19
MM, 1, 20, 19
MM, 4, 16, 13
MM, 7, 11, 13
MM, 10, 6, 12
MM, 13, 2, 12
MM, 600, 569, 12
MM, 603, 566, 15
MM, 30, 29, 14
MM, 33, 26, 11
MM, 35, 24, 13
MM, 613, 555, 13
MM, 616, 554, 12
MM, 2, 18, 12
MM, 4, 17, 12
MM, 6, 16, 15
MM, 9, 15, 12
MM, 12, 14, 13
MM, 14, 13, 14
MM, 17, 13, 11
MM, 19, 12, 12
MM, 21, 12, 12
MM, 23, 12, 13
MM, 25, 11, 14
MM, 26, 11, 12
MM, 29, 11, 15
MM, 30, 11, 12
MM, 649, 545, 11
MM, 650, 545, 13
MM, 652, 545, 15
MM, 0, 11, 12
MM, 1, 11, 12
MM, 3, 11, 13
MM, 4, 11, 13
MM, 5, 11, 12
MM, 6, 11, 12
MM, 7, 11, 12
MM, 7, 11, 14
MM, 7, 11, 15
MM, 8, 11, 13
MM, 8, 11, 24
MM, 8, 11, 11
MC, 1, 27
MM, 8, 11, 26
MM, 4, 11, 62
MM, 652, 546, 16
MM, 27, 14, 11
MM, 17, 16, 12
MM, 7, 18, 13
MM, 616, 553, 15
MM, 31, 21, 11
MM, 23, 22, 11
MM, 14, 24, 12
MM, 7, 26, 12
MM, 0, 28, 15
MM, 569, 564, 14
MM, 565, 566, 12
MM, 560, 568, 12
MM, 557, 570, 13
MM, 10, 1, 12
MM, 7, 2, 12
MM, 3, 3, 14
MM, 1, 4, 13
MM, 541, 577, 13
MM, 537, 578, 13
MM, 33, 8, 11
MM, 29, 8, 12
MM, 26, 9, 13
MM, 22, 9, 13
MM, 19, 10, 14
MM, 16, 11, 13
MM, 14, 11, 13
MM, 12, 11, 14
MM, 9, 12, 11
MM, 8, 12, 11
MM, 6, 12, 14
MM, 5, 12, 15
MM, 3, 12, 11
MM, 2, 12, 13
MM, 0, 12, 13
MM, 500, 584, 12
MM, 499, 584, 18
MM, 497, 585, 21
MM, 496, 586, 12
MM, 495, 586, 12
MM, 31, 15, 12
MM, 30, 16, 12
MM, 30, 16, 15
MM, 30, 16, 14
MM, 29, 16, 14
MM, 29, 16, 11
MC, 1, 61
MM, 29, 17, 89
MM, 29, 19, 13
MM, 29, 22, 14
MM, 29, 27, 13
MM, 492, 605, 13
MM, 2, 3, 13
MM, 2, 10, 11
MM, 2, 16, 12
MM, 2, 23, 13
MM, 3, 28, 15
MM, 494, 641, 12
MM, 90, 0, 13
MM, 90, 3, 12
MM, 90, 6, 13
MM, 91, 9, 11
MM, 91, 11, 12
MM, 91, 12, 15
MM, 91, 14, 15
MM, 91, 15, 12
MM, 91, 17, 12
MM, 91, 17, 13
MM, 91, 18, 11
MM, 91, 18, 12
MM, 91, 18, 13
MM, 91, 19, 13
MM, 91, 19, 14
MM, 91, 19, 15
MM, 91, 19, 87
MM, 91, 19, 75
MC, 1, 12
MM, 91, 19, 2
MM, 92, 19, 13
MM, 92, 19, 13
MM, 92, 17, 12
MM, 93, 14, 13
MM, 93, 10, 11
MM, 94, 4, 13
MM, 499, 641, 12
MM, 10, 22, 15
MM, 13, 12, 12
MM, 15, 1, 13
MM, 7, 25, 12
MM, 11, 13, 12
MM, 14, 3, 14
MM, 21, 30, 12
MM, 24, 21, 14
MM, 25, 13, 12
MM, 25, 6, 13
MM, 26, 0, 14
MM, 523, 530, 11
MM, 24, 30, 12
MM, 24, 28, 12
MM, 24, 25, 13
MM, 25, 24, 13
MM, 25, 23, 14
MM, 25, 22, 12
MM, 25, 21, 14
MM, 25, 20, 19
MM, 25, 20, 19
MM, 25, 22, 62
MM, 25, 25, 15
MM, 25, 28, 14
MM, 524, 528, 11
MM, 524, 530, 12
MM, 524, 533, 13
MM, 28, 1, 13
MM, 28, 3, 12
MM, 28, 5, 12
MM, 28, 7, 12
MM, 28, 9, 14
MM, 28, 11, 13
MM, 28, 13, 13
MM, 28, 14, 13
MM, 28, 16, 11
MM, 28, 17, 13
MM, 28, 18, 12
MM, 28, 19, 15
MM, 28, 19, 12
MM, 28, 20, 13
MM, 28, 20, 13
MM, 28, 20, 12
MC, 1, 101
MM, 28, 20, 27
MM, 28, 19, 15
MM, 28, 18, 11
MM, 28, 17, 13
MM, 28, 16, 12
MM, 28, 16, 12
MM, 28, 15, 12
MM, 28, 14, 12
MM, 28, 14, 14
MM, 28, 13, 12
MM, 28, 13, 17
MM, 32, 13, 11
MM, 531, 547, 12
MM, 534, 547, 11
MM, 2, 13, 13
MM, 5, 13, 16
MM, 7, 13, 11
MM, 9, 13, 12
MM, 10, 14, 13
MM, 12, 15, 14
MM, 14, 16, 12
MM, 15, 18, 12
MM, 17, 20, 11
MM, 19, 21, 13
MM, 20, 23, 14
MM, 22, 25, 13
MM, 23, 26, 13
MM, 24, 28, 12
MM, 25, 29, 13
MM, 561, 565, 12
MM, 562, 567, 12
MM, 563, 568, 13
MM, 563, 570, 14
MM, 20, 0, 13
MM, 20, 1, 13
MM, 21, 2, 12
MM, 21, 4, 11
MM, 21, 5, 13
MM, 21, 6, 13
MM, 21, 7, 14
MM, 21, 8, 13
MM, 21, 9, 13
MM, 21, 10, 14
MM, 21, 11, 11
MM, 21, 12, 12
MM, 21, 13, 12
MM, 21, 13, 12
MM, 21, 14, 14
MM, 21, 14, 13
MM, 21, 14, 13
MM, 21, 15, 14
MM, 21, 15, 18
MM, 21, 15, 32
MC, 1, 13
MM, 21, 15, 65
MM, 17, 15, 12
MM, 13, 15, 12
MM, 8, 15, 12
MM, 4, 15, 14
MM, 0, 15, 11
MM, 539, 585, 12
MM, 34, 13, 13
MM, 31, 13, 13
MM, 27, 12, 14
MM, 24, 12, 13
MM, 21, 12, 12
MM, 19, 11, 11
MM, 17, 11, 14
MM, 14, 11, 12
MM, 11, 10, 14
MM, 8, 10, 13
MM, 5, 9, 13
MM, 2, 8, 13
MM, 500, 578, 11
MM, 497, 577, 13
MM, 31, 5, 12
MM, 28, 3, 16
MM, 25, 1, 12
MM, 485, 570, 12
MM, 483, 568, 12
MM, 481, 566, 14
MM, 22, 30, 10
MM, 21, 29, 13
MM, 19, 28, 15
MM, 18, 27, 14
MM, 16, 27, 12
MM, 15, 26, 12
MM, 12, 26, 12
MM, 10, 25, 12
MM, 7, 25, 13
MM, 4, 25, 12
MM, 0, 25, 14
MM, 454, 559, 13
MM, 451, 559, 15
MM, 32, 25, 11
MM, 30, 25, 12
MM, 27, 25, 12
MM, 25, 25, 13
MM, 23, 25, 15
MM, 21, 25, 12
MM, 21, 25, 12
MM, 20, 25, 12
MM, 19, 25, 15
MM, 19, 25, 13
MM, 18, 25, 10
MM, 18, 25, 12
MM, 17, 25, 13
MM, 17, 25, 14
MM, 17, 24, 13
MM, 16, 24, 13
MM, 16, 23, 12
MM, 16, 23, 14
MM, 16, 23, 10
MC, 1, 13
MM, 16, 22, 12
MM, 16, 21, 15
MM, 16, 21, 12
MM, 16, 20, 13
MM, 16, 19, 12
MM, 16, 19, 11
MM, 16, 18, 14
MM, 16, 18, 12
MM, 17, 18, 65
MM, 19, 21, 12
MM, 22, 27, 13
MM, 441, 567, 12
MM, 22, 3, 13
MM, 25, 9, 14
MM, 26, 15, 12
MM, 27, 22, 14
MM, 28, 27, 19
MM, 2, 2, 18
MM, 3, 7, 13
MM, 5, 12, 15
MM, 6, 16, 12
MM, 7, 19, 10
MM, 8, 22, 13
MM, 9, 24, 12
MM, 9, 25, 17
MM, 10, 27, 11
MM, 10, 28, 12
MM, 10, 29, 13
MM, 11, 29, 14
MM, 11, 30, 12
MM, 11, 30, 11
MM, 11, 30, 13
MM, 462, 639, 14
MM, 462, 639, 12
MM, 462, 640, 13
MM, 462, 640, 13
MM, 462, 641, 12
MM, 462, 641, 12
MM, 462, 641, 13
MM, 462, 641, 12
MM, 462, 642, 15
MM, 463, 642, 12
MM, 463, 643, 13
MM, 463, 644, 13
MM, 60, 0, 11
MM, 60, 3, 13
MM, 61, 5, 16
MM, 61, 7, 11
MM, 61, 9, 12
MM, 62, 10, 12
MM, 62, 11, 13
MM, 62, 12, 13
MM, 62, 13, 12
MM, 63, 14, 12
MM, 63, 14, 15
MM, 63, 15, 13
MM, 63, 15, 12
MM, 63, 15, 26
MM, 63, 15, 11
MC, 1, 114
MM, 63, 14, 67
MM, 63, 12, 11
MM, 63, 10, 11
MM, 63, 6, 13
MM, 63, 2, 14
MM, 467, 642, 13
MM, 15, 28, 13
MM, 12, 24, 12
MM, 10, 19, 14
MM, 8, 14, 12
MM, 6, 11, 11
MM, 5, 8, 14
MM, 3, 5, 13
MM, 2, 3, 13
MM, 0, 1, 13
MM, 449, 608, 12
MM, 448, 607, 12
MM, 447, 606, 12
MM, 446, 604, 13
MM, 444, 603, 13
MM, 442, 602, 15
MM, 18, 29, 12
MM, 15, 27, 14
MM, 13, 25, 11
MM, 10, 23, 13
MM, 7, 21, 11
MM, 3, 18, 12
MM, 0, 15, 15
MM, 418, 583, 13
MM, 415, 580, 12
MM, 32, 7, 14
MM, 29, 4, 18
MM, 23, 0, 19
MM, 401, 568, 13
MM, 398, 566, 15
MM, 25, 30, 11
MM, 23, 29, 11
MM, 22, 28, 12
MM, 22, 26, 13
MM, 20, 25, 16
MM, 20, 23, 12
MM, 19, 22, 12
MM, 19, 20, 12
MM, 19, 18, 16
MM, 19, 16, 10
MM, 19, 15, 12
MM, 19, 13, 13
MM, 19, 12, 13
MM, 19, 12, 13
MM, 19, 11, 13
MM, 19, 11, 12
MC, 1, 127
MM, 19, 11, 88
MM, 20, 12, 13
MM, 23, 12, 16
MM, 27, 13, 12
MM, 33, 14, 12
MM, 413, 548, 13
MM, 9, 14, 12
MM, 23, 14, 12
MM, 453, 548, 13
MM, 8, 14, 14
MM, 18, 14, 12
MM, 26, 14, 14
MM, 490, 546, 12
MM, 495, 544, 12
MM, 3, 9, 12
MM, 8, 7, 12
MM, 13, 5, 13
MM, 17, 5, 15
MM, 21, 4, 12
MM, 26, 3, 12
MM, 31, 2, 15
MM, 532, 536, 13
MM, 1, 2, 10
MM, 5, 2, 12
MM, 8, 2, 13
MM, 13, 2, 14
MM, 17, 2, 13
MM, 20, 2, 12
MM, 23, 2, 13
MM, 26, 2, 13
MM, 29, 2, 11
MM, 32, 2, 13
MM, 570, 536, 12
MM, 573, 536, 15
MM, 1, 2, 12
MM, 4, 2, 13
MM, 6, 2, 12
MM, 8, 2, 11
MM, 12, 2, 14
MM, 15, 2, 12
MM, 19, 2, 15
MM, 23, 2, 12
MM, 27, 2, 13
MM, 32, 2, 14
MM, 611, 537, 11
MM, 616, 538, 12
MM, 3, 5, 13
MM, 6, 5, 12
MM, 9, 6, 13
MM, 12, 6, 14
MM, 14, 7, 12
MM, 16, 7, 14
MM, 18, 7, 19
MM, 21, 8, 19
MM, 22, 8, 12
MM, 23, 8, 15
MM, 24, 8, 11
MM, 25, 8, 11
MM, 25, 8, 13
MM, 26, 8, 15
MM, 27, 8, 14
MM, 27, 8, 11
MM, 28, 8, 12
MM, 29, 8, 13
MM, 648, 542, 13
MM, 650, 542, 12
MM, 652, 542, 12
MM, 1, 8, 12
MM, 3, 9, 14
MM, 6, 9, 14
MM, 8, 9, 13
MM, 10, 9, 12
MM, 11, 9, 11
MM, 12, 9, 13
MM, 13, 10, 12
MM, 14, 10, 15
MM, 14, 10, 12
MM, 15, 10, 13
MM, 15, 11, 13
MM, 16, 11, 24
MM, 16, 11, 52
MM, 16, 11, 13
MM, 16, 11, 13
MC, 1, 23
MM, 9, 11, 30
MM, 0, 11, 11
MM, 27, 11, 13
MM, 18, 10, 12
MM, 10, 7, 12
MM, 1, 4, 12
MM, 35, 2, 12
MM, 26, 2, 14
MM, 16, 1, 14
MM, 5, 0, 14
MM, 568, 533, 12
MM, 557, 533, 12
MM, 548, 532, 12
MM, 539, 532, 11
MM, 531, 532, 13
MM, 526, 531, 15
MM, 521, 531, 12
MM, 518, 530, 13
MM, 516, 530, 14
MM, 514, 529, 13
MM, 513, 528, 11
MM, 512, 528, 11
MM, 511, 528, 14
MM, 510, 528, 13
MM, 509, 528, 13
MM, 508, 528, 14
MM, 507, 528, 12
MM, 505, 528, 12
MM, 502, 529, 12
MM, 500, 532, 12
MM, 1, 1, 12
MM, 493, 537, 15
MM, 490, 540, 13
MM, 30, 8, 13
MM, 27, 10, 12
MM, 25, 11, 11
MM, 23, 11, 14
MM, 22, 12, 12
MM, 21, 12, 14
MM, 20, 12, 13
MM, 19, 12, 13
MM, 19, 12, 14
MM, 19, 12, 11
MM, 18, 12, 24
MM, 18, 12, 12
MM, 18, 12, 14
MC, 1, 115
MM, 18, 11, 11
MM, 18, 10, 14
MM, 18, 9, 14
MM, 18, 8, 15
MM, 18, 7, 11
MM, 24, 6, 12
MM, 0, 4, 12
MM, 23, 4, 14
MM, 7, 4, 11
MM, 28, 4, 12
MM, 6, 4, 13
MM, 20, 4, 15
MM, 31, 7, 12
MM, 613, 543, 13
MM, 1, 11, 12
MM, 3, 12, 11
MM, 4, 13, 14
MM, 5, 13, 12
MM, 6, 14, 15
MM, 7, 14, 12
MM, 8, 15, 13
MM, 9, 15, 13
MM, 10, 16, 11
MM, 11, 16, 13
MM, 12, 17, 12
MM, 14, 18, 17
MM, 16, 19, 11
MM, 18, 20, 12
MM, 20, 21, 12
MM, 21, 22, 13
MM, 23, 24, 11
MM, 24, 25, 13
MM, 25, 26, 15
MM, 26, 27, 13
MM, 26, 29, 13
MM, 27, 30, 12
MM, 644, 566, 13
MM, 644, 567, 12
MM, 644, 569, 12
MM, 645, 570, 13
MM, 23, 0, 14
MM, 23, 1, 12
MM, 23, 1, 14
MM, 23, 1, 12
MM, 23, 2, 12
MM, 23, 2, 12
MM, 23, 2, 11
MM, 23, 3, 14
MM, 23, 3, 12
MM, 23, 3, 15
MM, 23, 3, 12
MM, 23, 3, 15
MM, 23, 4, 11
MM, 23, 4, 12
MM, 23, 4, 12
MC, 1, 27
MM, 23, 1, 87
MM, 645, 568, 15
MM, 645, 565, 12
MM, 27, 28, 13
MM, 26, 25, 12
MM, 25, 22, 11
MM, 24, 19, 14
MM, 22, 17, 12
MM, 22, 16, 15
MM, 21, 14, 12
MM, 21, 13, 13
MM, 20, 12, 15
MM, 20, 12, 11
MM, 20, 11, 11
MM, 20, 11, 13
MM, 20, 11, 12
MM, 20, 11, 13
MM, 20, 10, 14
MC, 1, 77
MM, 20, 11, 24
MM, 19, 14, 12
MM, 18, 18, 13
MM, 17, 22, 15
MM, 16, 26, 14
MM, 15, 29, 11
MM, 630, 566, 12
MM, 629, 569, 13
MM, 5, 2, 13
MM, 2, 5, 12
MM, 0, 8, 12
MM, 619, 583, 12
MM, 30, 15, 15
MM, 27, 19, 13
MM, 23, 23, 13
MM, 20, 26, 12
MM, 17, 29, 11
MM, 599, 603, 13
MM, 597, 605, 12
MM, 595, 606, 15
MM, 20, 0, 12
MM, 18, 2, 13
MM, 16, 4, 13
MM, 13, 7, 12
MM, 10, 10, 12
MM, 6, 14, 12
MM, 2, 17, 17
MM, 573, 628, 11
MM, 570, 630, 12
MM, 35, 23, 13
MM, 33, 23, 13
MM, 32, 23, 11
MM, 31, 23, 12
MM, 30, 23, 15
MM, 29, 23, 15
MM, 28, 23, 11
MM, 27, 21, 12
MM, 27, 20, 14
MM, 26, 18, 11
MM, 26, 16, 12
MM, 26, 15, 12
MM, 26, 14, 15
MM, 26, 13, 12
MM, 26, 12, 15
MM, 26, 12, 12
MM, 26, 12, 12
MM, 26, 12, 11
MM, 26, 11, 13
MM, 26, 11, 16
MM, 26, 11, 50
MC, 1, 36
MM, 26, 11, 39
MM, 26, 11, 62
MM, 24, 11, 12
MM, 22, 11, 15
MM, 19, 11, 13
MM, 16, 11, 13
MM, 13, 11, 12
MM, 9, 10, 11
MM, 5, 8, 13
MM, 1, 6, 13
MM, 531, 612, 14
MM, 528, 610, 12
MM, 526, 608, 13
MM, 525, 606, 16
MM, 523, 604, 10
MM, 522, 602, 12
MM, 21, 30, 12
MM, 20, 28, 12
MM, 20, 27, 16
MM, 20, 26, 12
MM, 20, 24, 12
MM, 20, 23, 14
MM, 20, 22, 18
MM, 20, 20, 20
MM, 20, 19, 12
MM, 20, 18, 13
MM, 20, 18, 12
MM, 20, 17, 11
MM, 20, 16, 14
MC, 1, 14
MM, 20, 16, 0
MM, 20, 16, 14
MM, 20, 16, 11
MC, 2, 62
MM, 20, 16, 27
MM, 20, 19, 13
MM, 20, 21, 13
MM, 20, 24, 12
MM, 20, 27, 11
MM, 20, 30, 15
MM, 521, 604, 11
MM, 521, 607, 14
MM, 31, 2, 13
MM, 31, 5, 13
MM, 31, 8, 12
MM, 31, 12, 12
MM, 31, 15, 12
MM, 31, 19, 13
MM, 31, 22, 15
MM, 31, 24, 12
MM, 31, 27, 14
MM, 31, 28, 12
MM, 31, 30, 12
MM, 521, 640, 11
MM, 522, 640, 14
MM, 522, 641, 14
MM, 522, 642, 14
MM, 522, 642, 12
MM, 522, 643, 12
MM, 522, 643, 13
MM, 522, 643, 23
MM, 522, 643, 13
MM, 522, 643, 42
MM, 522, 643, 100
MM, 522, 643, 15
MM, 523, 643, 11
MM, 523, 643, 11
MM, 525, 643, 11
MM, 527, 643, 14
MM, 531, 639, 14
MM, 8, 25, 13
MM, 28, 14, 13
MM, 18, 0, 12
MM, 5, 20, 14
MM, 3, 4, 10
MM, 1, 27, 12
MM, 23, 15, 15
MM, 734, 541, 12
MM, 743, 537, 13
MM, 747, 535, 13
MM, 750, 534, 12
MM, 752, 534, 12
MM, 753, 533, 12
MM, 755, 533, 14
MM, 757, 533, 15
MM, 758, 533, 12
MM, 760, 533, 12
MM, 762, 533, 15
MM, 764, 533, 10
MM, 766, 533, 12
MM, 768, 533, 12
MM, 769, 533, 13
MM, 771, 533, 13
MM, 772, 533, 15
MM, 773, 533, 12
MM, 774, 533, 13
MM, 774, 533, 18
MM, 776, 533, 20
MM, 777, 532, 13
MM, 778, 532, 13
MM, 780, 531, 11
MM, 781, 530, 12
MM, 783, 529, 13
MM, 784, 528, 14
MM, 778, 527, 279
MM, 775, 528, 16
MM, 771, 531, 11
MM, 767, 534, 13
MM, 760, 539, 12
MM, 750, 545, 13
MM, 737, 553, 11
MM, 25, 28, 13
MM, 708, 572, 14
MM, 696, 581, 14
MM, 20, 18, 13
MM, 7, 25, 12
MM, 658, 602, 12
MM, 650, 606, 12
MM, 23, 2, 12
MM, 17, 4, 13
MM, 15, 5, 13
MM, 13, 6, 13
MM, 10, 6, 14
MM, 8, 7, 13
MM, 6, 8, 12
MM, 4, 9, 11
MM, 2, 10, 12
MM, 618, 619, 17
MM, 616, 620, 10
MM, 613, 621, 14
MM, 37, 15, 12
MM, 34, 16, 14
MM, 31, 17, 12
MM, 28, 18, 12
MM, 25, 19, 12
MM, 22, 20, 11
MM, 20, 21, 14
MM, 18, 21, 14
MM, 16, 22, 12
MM, 14, 23, 14
MM, 12, 24, 14
MM, 10, 25, 11
MM, 8, 26, 11
MM, 6, 27, 13
MM, 4, 28, 15
MM, 2, 29, 12
MM, 574, 639, 13
MM, 572, 640, 12
MM, 569, 641, 12
MM, 567, 642, 13
MM, 564, 643, 13
MM, 562, 643, 12
MM, 560, 643, 14
MM, 558, 643, 13
MM, 557, 644, 14
MM, 555, 644, 11
MM, 554, 644, 13
MM, 553, 644, 11
MM, 552, 644, 13
MM, 147, 0, 13
MM, 146, 0, 12
MM, 145, 0, 15
MM, 145, 0, 12
MM, 143, 1, 19
MM, 140, 4, 20
MM, 138, 6, 12
MM, 137, 7, 14
MM, 136, 8, 12
MM, 134, 9, 12
MM, 133, 9, 12
MM, 132, 10, 12
MM, 132, 10, 13
MM, 132, 11, 13
MM, 131, 11, 14
MM, 131, 11, 12
MC, 1, 63
MM, 128, 10, 255
MM, 117, 7, 12
MM, 100, 1, 12
MM, 489, 639, 16
MM, 26, 25, 12
MM, 15, 19, 13
MM, 8, 15, 12
MM, 4, 12, 12
MM, 2, 10, 12
MM, 1, 8, 13
MM, 0, 7, 14
MM, 0, 6, 14
MM, 449, 614, 12
MM, 449, 613, 12
MM, 448, 613, 13
MM, 448, 612, 12
MM, 447, 611, 12
MM, 446, 611, 12
MM, 445, 610, 15
MM, 445, 609, 12
MM, 444, 607, 15
MM, 443, 605, 11
MM, 442, 603, 12
MM, 20, 30, 13
MM, 19, 27, 12
MM, 18, 24, 12
MM, 16, 21, 15
MM, 14, 19, 12
MM, 11, 16, 13
MM, 9, 12, 14
MM, 6, 9, 12
MM, 4, 7, 11
MM, 1, 5, 13
MM, 420, 574, 14
MM, 417, 571, 12
MM, 415, 570, 13
MM, 413, 568, 14
MM, 411, 567, 11
MM, 410, 566, 12
MM, 409, 565, 12
MM, 408, 565, 13
MM, 34, 30, 15
MM, 33, 29, 12
MM, 32, 28, 14
MM, 31, 28, 12
MM, 30, 27, 13
MM, 29, 26, 11
MM, 28, 25, 12
MM, 27, 24, 13
MM, 26, 24, 13
MM, 25, 23, 14
MM, 25, 23, 13
MM, 23, 22, 19
MM, 22, 21, 19
MM, 22, 21, 13
MM, 21, 20, 14
MM, 21, 19, 12
MM, 20, 19, 12
MM, 19, 18, 11
MM, 19, 17, 13
MM, 19, 17, 16
MM, 19, 17, 9
MC, 1, 27
MM, 19, 16, 15
MM, 19, 16, 12
MM, 19, 15, 11
MM, 19, 15, 11
MM, 19, 15, 13
MM, 19, 14, 15
MM, 19, 14, 12
MM, 19, 13, 14
MM, 19, 13, 12
MM, 19, 12, 12
MM, 20, 12, 12
MM, 22, 11, 12
MM, 25, 10, 15
MM, 27, 10, 12
MM, 30, 9, 13
MM, 32, 9, 13
MM, 35, 9, 12
MM, 409, 543, 11
MM, 411, 543, 13
MM, 413, 543, 12
MM, 0, 9, 15
MM, 1, 9, 13
MM, 3, 9, 13
MM, 5, 9, 12
MM, 6, 9, 12
MM, 8, 9, 12
MM, 9, 9, 12
MM, 11, 9, 16
MM, 12, 9, 12
MM, 14, 9, 14
MM, 15, 9, 12
MM, 16, 9, 12
MM, 17, 9, 11
MM, 18, 10, 13
MM, 19, 10, 14
MM, 19, 10, 15
MM, 19, 10, 12
MC, 1, 10
MM, 19, 11, 2
MM, 20, 11, 13
MM, 20, 11, 11
MC, 2, 126
MM, 20, 11, 15
MM, 20, 12, 13
MM, 20, 12, 12
MM, 21, 12, 14
MM, 21, 12, 12
MM, 21, 12, 11
MM, 22, 13, 14
MM, 23, 14, 13
MM, 26, 15, 13
MM, 29, 17, 13
MM, 35, 20, 13
MM, 1, 23, 11
MM, 10, 27, 13
MM, 476, 565, 13
MM, 485, 568, 12
MM, 30, 0, 15
MM, 0, 3, 12
MM, 10, 5, 14
MM, 20, 7, 11
MM, 29, 9, 12
MM, 538, 581, 12
MM, 1, 10, 14
MM, 5, 11, 12
MM, 8, 11, 12
MM, 9, 11, 15
MM, 11, 11, 13
MM, 12, 11, 18
MM, 15, 11, 20
MM, 16, 11, 12
MM, 19, 11, 15
MM, 22, 11, 11
MM, 26, 11, 11
MM, 30, 11, 13
MM, 35, 11, 12
MM, 583, 582, 15
MM, 4, 11, 13
MM, 9, 10, 12
MM, 14, 10, 12
MM, 18, 10, 15
MM, 22, 9, 11
MM, 25, 9, 11
MM, 28, 9, 13
MM, 30, 9, 15
MM, 617, 579, 12
MM, 618, 579, 13
MM, 619, 579, 12
MM, 620, 579, 12
MM, 620, 579, 13
MM, 621, 579, 13
MM, 621, 579, 12
MM, 0, 8, 14
MM, 1, 8, 13
MM, 3, 8, 12
MM, 4, 8, 13
MM, 6, 8, 12
MM, 7, 8, 13
MM, 8, 8, 11
MM, 10, 8, 14
MM, 12, 8, 14
MM, 13, 8, 12
MM, 14, 8, 13
MM, 15, 8, 12
MM, 16, 8, 12
MM, 16, 8, 13
MM, 17, 9, 16
MM, 17, 9, 12
MM, 17, 9, 12
MC, 1, 12
MM, 18, 9, 13
MM, 18, 10, 11
MM, 18, 10, 13
MM, 18, 11, 12
MM, 18, 12, 15
MM, 18, 13, 14
MM, 15, 15, 12
MM, 9, 17, 12
MM, 0, 21, 13
MM, 28, 26, 11
MM, 603, 602, 13
MM, 17, 1, 12
MM, 2, 9, 15
MM, 24, 19, 12
MM, 535, 640, 15
MM, 110, 6, 11
MM, 91, 17, 12
MM, 76, 24, 13
MM, 469, 676, 12
MM, 463, 679, 12
MM, 460, 681, 15
MM, 458, 682, 12
MM, 457, 682, 13
MM, 457, 682, 14
MM, 457, 681, 164
MM, 457, 678, 14
MP, 1, 10
MR, 1, 1
MC, 1, 0
MM, 53, 28, 13
MM, 53, 26, 13
MM, 53, 24, 12
MM, 53, 22, 12
MM, 53, 21, 12
MM, 53, 19, 15
MM, 54, 18, 13
MM, 56, 16, 19
MM, 57, 14, 19
MM, 58, 13, 12
MM, 59, 12, 15
MM, 60, 11, 12
MM, 61, 10, 12
MM, 61, 8, 11
MM, 62, 7, 13
MM, 63, 7, 16
MM, 63, 6, 11
MM, 64, 6, 12
MM, 64, 6, 13
MC, 1, 89
MM, 64, 6, 190
MM, 65, 6, 14
MM, 66, 6, 12
MM, 68, 6, 12
MM, 69, 6, 12
MM, 72, 6, 16
MM, 75, 6, 12
MM, 80, 6, 12
MM, 86, 6, 14
MM, 93, 4, 12
MM, 99, 2, 12
MM, 511, 644, 11
MM, 521, 640, 13
MM, 529, 636, 14
MM, 5, 25, 15
MM, 13, 22, 12
MM, 22, 18, 12
MM, 30, 13, 13
MM, 570, 616, 11
MM, 4, 1, 12
MM, 584, 602, 13
MM, 3, 25, 14
MM, 5, 19, 13
MM, 7, 16, 14
MM, 8, 13, 12
MM, 8, 11, 12
MM, 8, 9, 12
MM, 8, 7, 12
MM, 8, 5, 12
MM, 8, 3, 15
MM, 8, 0, 13
MM, 593, 569, 12
MM, 593, 565, 15
MM, 18, 27, 11
MM, 18, 23, 12
MM, 18, 18, 13
MM, 18, 14, 13
MM, 18, 11, 13
MM, 18, 9, 13
MM, 18, 7, 12
MM, 18, 6, 12
MM, 18, 5, 13
MM, 18, 5, 13
MM, 18, 4, 12
MM, 19, 4, 129
MM, 20, 6, 13
MM, 22, 7, 18
MM, 24, 9, 20
MM, 26, 10, 12
MM, 27, 11, 15
MM, 29, 12, 11
MM, 31, 13, 11
MM, 33, 14, 12
MM, 35, 15, 13
MM, 612, 550, 17
MM, 614, 551, 11
MM, 615, 551, 12
MM, 0, 18, 12
MM, 1, 18, 15
MM, 3, 19, 12
MM, 4, 19, 10
MM, 4, 19, 13
MM, 5, 19, 12
MM, 6, 20, 15
MM, 6, 20, 13
MM, 7, 20, 12
MM, 7, 20, 12
MM, 7, 20, 13
MM, 8, 20, 25
MC, 1, 25
MM, 8, 20, 2
MM, 8, 20, 12
MM, 8, 20, 50
MM, 8, 20, 15
MM, 8, 22, 12
MM, 8, 23, 12
MM, 4, 24, 13
MM, 1, 26, 13
MM, 614, 561, 11
MM, 34, 28, 13
MM, 28, 29, 15
MM, 23, 30, 13
MM, 593, 565, 12
MM, 587, 566, 12
MM, 582, 568, 13
MM, 576, 570, 12
MM, 28, 1, 12
MM, 22, 3, 12
MM, 17, 5, 15
MM, 13, 6, 15
MM, 9, 8, 11
MM, 5, 9, 12
MM, 1, 11, 13
MM, 540, 583, 12
MM, 34, 13, 12
MM, 28, 15, 12
MM, 24, 15, 15
MM, 19, 16, 12
MM, 15, 16, 15
MM, 11, 17, 12
MM, 8, 17, 12
MM, 4, 17, 12
MM, 1, 18, 11
MM, 500, 589, 13
MM, 497, 590, 15
MM, 31, 20, 12
MM, 28, 21, 13
MM, 26, 22, 14
MM, 23, 22, 12
MM, 19, 23, 11
MM, 16, 24, 12
MM, 13, 24, 12
MM, 9, 25, 15
MM, 6, 25, 13
MM, 2, 25, 13
MM, 462, 596, 12
MM, 458, 596, 12
MM, 33, 25, 13
MM, 29, 25, 12
MM, 24, 25, 14
MM, 19, 25, 12
MM, 15, 25, 15
MM, 11, 25, 11
MM, 7, 23, 14
MM, 3, 22, 11
MM, 0, 21, 12
MM, 417, 591, 13
MM, 34, 19, 13
MM, 31, 19, 14
MM, 28, 18, 12
MM, 25, 18, 20
MM, 20, 18, 19
MM, 19, 18, 13
MM, 18, 18, 14
MM, 17, 18, 12
MM, 16, 18, 11
MM, 16, 18, 12
MM, 15, 18, 28
MC, 1, 35
MM, 16, 18, 64
MM, 20, 18, 15
MM, 28, 21, 13
MM, 419, 600, 12
MM, 30, 8, 12
MM, 10, 30, 13
MM, 74, 13, 11
MM, 86, 27, 13
MM, 497, 679, 14
MM, 499, 682, 13
MM, 500, 683, 13
MM, 501, 684, 13
MM, 501, 684, 11
MM, 501, 685, 12
MM, 502, 685, 13
MM, 502, 685, 13
MM, 502, 685, 27
MM, 503, 685, 25
MM, 503, 685, 12
MM, 504, 685, 13
MM, 504, 685, 15
MM, 504, 685, 13
MM, 505, 683, 11
MM, 506, 681, 13
MM, 507, 679, 13
MM, 507, 676, 11
MM, 103, 29, 12
MM, 103, 27, 13
MM, 103, 25, 13
MM, 103, 24, 15
MM, 103, 22, 13
MM, 103, 20, 12
MM, 103, 18, 12
MM, 103, 16, 12
MM, 103, 14, 13
MM, 103, 13, 14
MM, 103, 12, 13
MM, 103, 12, 12
MM, 103, 11, 15
MM, 103, 11, 11
MM, 103, 11, 51
MC, 1, 37
MM, 103, 11, 77
MM, 103, 11, 12
MM, 103, 10, 13
MM, 103, 9, 12
MM, 103, 6, 13
MM, 103, 2, 13
MM, 507, 642, 14
MM, 17, 30, 12
MM, 17, 26, 12
MM, 17, 22, 15
MM, 17, 19, 10
MM, 18, 15, 13
MM, 18, 13, 11
MM, 19, 9, 14
MM, 20, 5, 12
MM, 20, 1, 15
MM, 511, 604, 12
MM, 11, 28, 13
MM, 12, 23, 20
MM, 14, 13, 18
MM, 15, 8, 12
MM, 16, 5, 15
MM, 17, 1, 11
MM, 518, 569, 12
MM, 519, 566, 13
MM, 24, 30, 14
MM, 24, 28, 14
MM, 25, 27, 11
MM, 25, 26, 12
MM, 25, 25, 13
MM, 25, 24, 14
MM, 25, 24, 12
MM, 25, 23, 12
MM, 25, 22, 12
MM, 25, 21, 14
MM, 25, 19, 12
MM, 25, 18, 13
MM, 25, 16, 13
MM, 25, 14, 11
MM, 25, 13, 13
MM, 25, 12, 14
MM, 25, 11, 14
MM, 25, 11, 12
MM, 25, 11, 13
MM, 25, 11, 12
MC, 1, 89
MM, 25, 11, 49
MM, 25, 12, 16
MM, 27, 14, 13
MM, 31, 16, 11
MM, 532, 552, 13
MM, 2, 19, 13
MM, 7, 21, 11
MM, 12, 22, 13
MM, 16, 23, 14
MM, 20, 25, 12
MM, 23, 26, 15
MM, 26, 27, 13
MM, 29, 27, 12
MM, 31, 28, 11
MM, 33, 29, 12
MM, 570, 563, 12
MM, 572, 564, 15
MM, 573, 564, 13
MM, 574, 564, 12
MM, 1, 30, 14
MM, 577, 565, 13
MM, 578, 565, 12
MM, 579, 565, 11
MM, 580, 565, 13
MM, 581, 565, 14
MM, 582, 565, 13
MM, 583, 565, 12
MM, 584, 565, 13
MM, 584, 565, 13
MM, 585, 565, 12
MM, 585, 565, 11
MM, 586, 565, 13
MM, 586, 565, 15
MM, 587, 565, 12
MM, 587, 565, 13
MM, 588, 565, 13
MM, 588, 565, 11
MM, 589, 565, 13
MM, 14, 30, 12
MM, 15, 29, 15
MM, 15, 28, 12
MM, 15, 27, 13
MM, 15, 26, 14
MM, 15, 25, 11
MM, 15, 25, 13
MM, 15, 25, 11
MM, 15, 25, 13
MM, 15, 24, 12
MM, 15, 24, 15
MC, 1, 12
MM, 15, 24, 13
MM, 15, 24, 20
MM, 11, 24, 109
MM, 5, 24, 12
MM, 574, 558, 13
MM, 32, 24, 12
MM, 24, 24, 13
MM, 16, 24, 12
MM, 8, 24, 11
MM, 532, 558, 14
MM, 27, 24, 14
MM, 16, 24, 13
MM, 6, 24, 13
MM, 492, 558, 12
MM, 27, 24, 11
MM, 21, 24, 12
MM, 18, 24, 15
MM, 16, 24, 13
MM, 15, 24, 12
MM, 15, 24, 14
MM, 14, 24, 12
MM, 14, 24, 228
MM, 14, 24, 13
MM, 14, 24, 27
MM, 10, 24, 13
MM, 7, 24, 12
MM, 3, 24, 11
MM, 0, 24, 12
MM, 454, 558, 13
MM, 451, 558, 15
MM, 34, 24, 13
MM, 32, 24, 12
MM, 31, 24, 14
MM, 30, 24, 12
MM, 29, 24, 11
MM, 28, 24, 12
MM, 27, 24, 13
MM, 27, 24, 15
MM, 27, 24, 12
MM, 26, 23, 13
MM, 26, 23, 12
MM, 26, 23, 13
MM, 26, 22, 11
MM, 25, 22, 12
MC, 1, 15
MM, 25, 22, 14
MM, 25, 22, 24
MM, 24, 22, 12
MM, 23, 22, 12
MM, 21, 22, 12
MM, 19, 22, 14
MM, 16, 22, 13
MM, 13, 24, 14
MM, 10, 26, 13
MM, 7, 28, 14
MM, 419, 565, 10
MM, 416, 567, 13
MM, 414, 569, 13
MM, 31, 0, 12
MM, 29, 2, 14
MM, 27, 3, 13
MM, 26, 5, 12
MM, 23, 6, 13
MM, 22, 8, 20
MM, 19, 10, 18
MM, 17, 11, 13
MM, 16, 12, 13
MM, 16, 12, 11
MM, 15, 13, 13
MM, 15, 13, 12
MM, 14, 13, 15
MM, 14, 13, 14
MC, 1, 100
MM, 15, 13, 26
MM, 19, 11, 12
MM, 24, 9, 11
MM, 30, 7, 13
MM, 415, 576, 14
MM, 420, 575, 14
MM, 4, 3, 12
MM, 8, 2, 13
MM, 12, 2, 12
MM, 14, 2, 12
MM, 17, 2, 13
MM, 17, 2, 12
MM, 19, 2, 16
MM, 19, 2, 11
MM, 19, 2, 13
MM, 20, 2, 25
MM, 20, 2, 113
MM, 20, 3, 13
MM, 17, 4, 15
MM, 9, 6, 26
MM, 4, 7, 12
MM, 0, 7, 12
MM, 417, 579, 12
MM, 34, 8, 11
MM, 30, 8, 14
MM, 27, 8, 12
MM, 24, 8, 15
MM, 22, 8, 12
MM, 19, 8, 15
MM, 17, 8, 11
MM, 14, 8, 12
MM, 12, 8, 12
MM, 9, 8, 13
MM, 6, 8, 14
MM, 4, 8, 13
MM, 2, 8, 12
MM, 0, 8, 13
MM, 379, 579, 14
MM, 377, 579, 10
MM, 376, 579, 13
MM, 374, 579, 12
MM, 35, 8, 15
MM, 34, 8, 12
MM, 32, 8, 13
MM, 31, 8, 12
MM, 30, 8, 12
MM, 29, 8, 13
MM, 27, 8, 13
MM, 26, 9, 14
MM, 24, 9, 12
MM, 23, 9, 13
MM, 21, 9, 14
MM, 20, 9, 12
MM, 18, 9, 11
MM, 17, 9, 12
MM, 15, 9, 13
MM, 15, 9, 13
MM, 14, 9, 14
MM, 13, 9, 12
MM, 13, 9, 14
MM, 13, 9, 19
MC, 1, 19
MM, 13, 8, 62
MM, 20, 5, 15
MM, 376, 571, 14
MM, 402, 567, 11
MM, 12, 29, 12
MM, 33, 26, 13
MM, 8, 23, 13
MM, 20, 21, 12
MM, 30, 19, 12
MM, 492, 552, 12
MM, 495, 551, 14
MM, 1, 17, 12
MM, 3, 16, 14
MM, 4, 16, 12
MM, 5, 15, 12
MM, 5, 15, 13
MM, 6, 15, 12
MM, 7, 14, 15
MM, 9, 14, 12
MM, 10, 14, 13
MM, 12, 13, 13
MM, 14, 12, 12
MM, 16, 12, 12
MM, 17, 12, 12
MM, 19, 11, 16
MM, 20, 11, 12
MM, 22, 11, 12
MM, 24, 11, 13
MM, 27, 11, 12
MM, 30, 11, 12
MM, 529, 545, 12
MM, 532, 545, 15
MM, 534, 545, 15
MM, 2, 11, 11
MM, 5, 11, 12
MM, 7, 11, 13
MM, 9, 12, 12
MM, 10, 13, 12
MM, 11, 13, 12
MM, 12, 14, 14
MM, 14, 15, 13
MM, 14, 15, 15
MM, 15, 16, 12
MM, 15, 16, 12
MM, 16, 16, 11
MM, 16, 16, 13
MM, 16, 17, 16
MM, 16, 17, 11
MM, 16, 17, 12
MM, 17, 17, 12
MC, 1, 15
MM, 17, 17, 13
MM, 17, 17, 22
MM, 18, 17, 13
MM, 18, 17, 52
MM, 18, 17, 25
MM, 19, 17, 12
MM, 20, 18, 12
MM, 23, 19, 15
MM, 26, 21, 13
MM, 30, 23, 13
MM, 570, 558, 12
MM, 0, 26, 11
MM, 4, 28, 13
MM, 9, 30, 13
MM, 588, 566, 14
MM, 592, 567, 12
MM, 595, 569, 14
MM, 599, 570, 15
MM, 602, 570, 10
MM, 19, 0, 12
MM, 21, 0, 12
MM, 23, 1, 12
MM, 25, 1, 14
MM, 25, 1, 14
MM, 26, 1, 13
MM, 27, 1, 279
MM, 618, 573, 11
MM, 2, 4, 13
MM, 9, 6, 13
MM, 14, 8, 14
MM, 19, 9, 13
MM, 22, 10, 13
MM, 24, 12, 12
MM, 27, 12, 12
MM, 28, 14, 12
MM, 30, 15, 13
MM, 31, 15, 15
MM, 32, 17, 11
MM, 33, 18, 14
MM, 33, 18, 12
MM, 34, 19, 13
MM, 34, 20, 11
MM, 34, 21, 13
MM, 657, 593, 14
MM, 657, 594, 15
MM, 657, 596, 12
MM, 657, 597, 12
MM, 657, 598, 12
MM, 657, 599, 12
MM, 657, 599, 12
MM, 657, 600, 13
MM, 657, 601, 13
MM, 657, 602, 13
MM, 657, 603, 15
MM, 657, 606, 12
MM, 2, 0, 12
MM, 3, 3, 12
MM, 5, 5, 13
MM, 7, 7, 15
MM, 9, 10, 9
MM, 10, 12, 15
MM, 12, 14, 12
MM, 13, 16, 14
MM, 14, 17, 12
MM, 15, 18, 12
MM, 16, 19, 12
MM, 16, 19, 13
MM, 16, 20, 13
MM, 17, 20, 14
MM, 17, 20, 12
MM, 17, 20, 12
MM, 17, 21, 14
MC, 1, 36
MM, 18, 17, 308
MM, 695, 615, 11
MM, 721, 602, 12
MM, 741, 592, 13
MM, 752, 586, 14
MM, 759, 582, 14
MM, 763, 581, 11
MM, 765, 580, 13
MM, 766, 579, 12
MM, 767, 579, 14
MM, 767, 578, 11
MM, 767, 578, 13
MM, 767, 578, 12
MM, 767, 578, 14
MM, 767, 577, 13
MM, 767, 577, 13
MM, 768, 577, 102
MM, 768, 577, 11
MM, 769, 577, 13
MM, 769, 577, 12
MM, 770, 577, 16
MM, 772, 577, 12
MM, 774, 577, 12
MM, 778, 578, 12
MM, 783, 580, 13
MM, 787, 582, 12
MM, 792, 584, 12
MM, 17, 0, 15
MM, 22, 2, 14
MM, 27, 6, 12
MM, 32, 8, 12
MM, 34, 10, 12
MM, 37, 12, 12
MM, 39, 13, 12
MM, 40, 14, 13
MM, 41, 15, 15
MM, 41, 15, 12
MM, 42, 16, 14
MM, 42, 16, 12
MM, 42, 17, 12
MM, 42, 17, 13
MM, 42, 17, 11
MM, 42, 17, 13
