********************************************************************************
LOGGING TIME: 20180908_204149
CLIENT IP: 127.0.1.1
USERNAME: abhilash
OS: Linux
**********************************Emotional database********************************************************************************
MM, 762, 636, 1537598292272
MM, 742, 617, 12
MM, 693, 561, 12
MM, 646, 493, 12
MM, 366, 45, 13
MM, 348, 5, 16
MM, 586, 370, 12
MM, 583, 358, 12
MM, 581, 354, 12
MM, 581, 352, 13
MM, 581, 351, 11
MM, 581, 351, 14
MM, 577, 351, 190
MM, 567, 351, 16
MM, 299, 81, 11
MM, 271, 62, 13
MM, 239, 37, 13
MM, 215, 17, 15
MM, 200, 4, 11
MM, 438, 254, 11
MM, 433, 249, 12
MM, 431, 247, 13
MM, 431, 246, 15
MM, 430, 245, 12
MM, 430, 245, 12
MM, 429, 244, 13
MM, 429, 243, 13
MM, 429, 243, 11
MM, 429, 243, 13
MM, 428, 241, 14
MM, 427, 237, 13
MM, 424, 229, 13
MM, 371, 134, 62
MM, 363, 122, 15
MM, 358, 115, 12
MM, 353, 108, 12
MM, 349, 104, 14
MM, 347, 101, 11
MM, 346, 99, 13
MM, 345, 99, 332
MM, 344, 99, 11
MM, 341, 99, 12
MM, 339, 99, 13
MM, 336, 99, 13
MM, 333, 99, 15
MM, 331, 99, 12
MM, 328, 98, 13
MM, 326, 97, 12
MM, 325, 96, 11
MM, 324, 95, 14
MM, 322, 94, 16
MM, 321, 93, 12
MM, 320, 92, 12
MM, 319, 91, 12
MM, 318, 90, 12
MM, 318, 89, 12
MM, 317, 89, 12
MM, 317, 89, 15
MP, 1, 0
MR, 1, 12
MC, 1, 0
MM, 318, 89, 205
MM, 319, 89, 12
MM, 321, 93, 13
MM, 330, 111, 15
MM, 376, 230, 34
MM, 383, 246, 13
MM, 385, 252, 15
MM, 385, 254, 12
MM, 385, 255, 12
MM, 385, 251, 50
MM, 376, 235, 14
MM, 308, 131, 38
MM, 292, 105, 12
MM, 284, 88, 12
MM, 288, 96, 472
MM, 302, 112, 12
MM, 314, 128, 13
MM, 322, 139, 14
MM, 326, 146, 12
MM, 332, 221, 139
MM, 332, 232, 15
MM, 332, 240, 13
MM, 332, 246, 13
MM, 332, 250, 12
MM, 332, 251, 11
MM, 332, 252, 13
MM, 332, 253, 12
MM, 332, 253, 15
MM, 332, 254, 12
MM, 332, 254, 13
MM, 332, 254, 15
MM, 332, 254, 11
MM, 332, 255, 11
MM, 332, 257, 12
MM, 84, 2, 13
MM, 84, 11, 16
MM, 84, 25, 12
MM, 84, 41, 12
MM, 84, 54, 12
MM, 84, 62, 15
MM, 84, 67, 11
MM, 84, 71, 12
MM, 84, 74, 12
MM, 84, 76, 15
MM, 84, 77, 12
MM, 84, 77, 13
MC, 1, 75
MM, 84, 79, 22190
MM, 331, 353, 12
MM, 329, 383, 14
MM, 77, 24, 13
MM, 73, 50, 13
MM, 69, 66, 12
MM, 67, 75, 12
MM, 65, 79, 12
MM, 65, 80, 12
MM, 64, 81, 16
MM, 64, 81, 11
MM, 63, 81, 12
MM, 63, 82, 13
MM, 62, 82, 12
MM, 62, 82, 15
MM, 61, 82, 12
MM, 60, 82, 13
MM, 59, 82, 12
MM, 58, 82, 14
MM, 57, 82, 11
MM, 56, 82, 13
MM, 56, 82, 12
MM, 55, 82, 16
MM, 53, 80, 12
MC, 1, 36
MM, 53, 80, 561
MM, 53, 78, 13
MM, 53, 73, 11
MM, 54, 67, 13
MM, 62, 59, 16
MM, 72, 48, 12
MM, 83, 35, 12
MM, 90, 25, 12
MM, 96, 18, 13
MM, 98, 13, 12
MM, 99, 11, 12
MM, 99, 10, 13
MM, 99, 9, 15
MM, 99, 8, 13
MM, 99, 8, 12
MM, 94, 6, 189
MM, 338, 388, 13
MM, 332, 377, 15
MM, 329, 370, 13
MM, 327, 366, 12
MM, 325, 363, 11
MM, 324, 362, 14
MM, 324, 361, 11
MM, 324, 360, 13
MM, 324, 360, 13
MM, 324, 359, 12
MM, 324, 359, 17
MM, 323, 359, 11
MM, 323, 358, 12
MM, 323, 358, 12
MM, 323, 357, 13
MM, 322, 355, 12
MM, 321, 352, 12
MM, 319, 348, 15
MM, 317, 344, 12
MM, 67, 80, 15
MM, 64, 76, 11
MM, 61, 72, 12
MM, 58, 68, 12
MM, 56, 65, 13
MM, 54, 63, 12
MM, 53, 62, 15
MM, 52, 60, 12
MM, 51, 60, 12
MM, 51, 59, 15
MM, 51, 59, 12
MM, 50, 58, 11
MM, 50, 58, 12
MM, 50, 58, 15
MM, 50, 58, 12
MM, 50, 57, 13
MM, 50, 57, 12
MM, 50, 57, 13
MM, 50, 57, 12
MM, 50, 57, 13
MM, 50, 56, 12
MM, 50, 56, 52
MM, 50, 56, 52
MM, 50, 56, 12
MM, 50, 56, 13
MM, 50, 56, 12
MM, 50, 55, 14
MM, 50, 55, 12
MM, 50, 54, 11
MM, 50, 54, 13
MM, 50, 54, 13
MM, 50, 53, 14
MM, 50, 53, 12
MM, 50, 53, 14
MM, 50, 52, 13
MM, 50, 52, 23
MM, 50, 52, 15
MM, 50, 52, 13
MM, 50, 52, 13
MM, 50, 51, 12
MM, 50, 51, 12
MM, 50, 51, 13
MM, 50, 51, 11
MM, 50, 51, 13
MM, 50, 50, 15
MM, 50, 50, 27
MM, 50, 50, 11
MC, 1, 36
MM, 50, 49, 27
MM, 50, 49, 12
MM, 50, 49, 13
MM, 50, 49, 65
MM, 50, 49, 227
MM, 50, 49, 12
MM, 50, 50, 15
MM, 50, 50, 12
MM, 50, 50, 13
MM, 50, 50, 64
MC, 1, 317
MM, 50, 50, 179
MM, 51, 50, 15
MM, 52, 50, 12
MM, 52, 52, 12
MM, 52, 53, 11
MM, 52, 54, 12
MM, 53, 55, 15
MM, 53, 55, 12
MM, 53, 54, 104
MM, 53, 52, 10
MM, 53, 51, 13
MM, 53, 50, 13
MM, 53, 49, 13
MM, 53, 47, 11
MM, 53, 47, 13
MM, 53, 46, 14
MM, 53, 46, 13
MM, 53, 46, 19
MM, 53, 45, 19
MM, 53, 45, 12
MM, 53, 45, 16
MM, 53, 45, 12
MM, 53, 45, 11
MM, 53, 44, 11
MM, 53, 44, 13
MM, 53, 44, 17
MM, 53, 44, 11
MM, 53, 44, 12
MM, 53, 43, 13
MM, 53, 43, 26
MC, 1, 38
MM, 53, 45, 62
MM, 53, 48, 13
MM, 53, 52, 12
MM, 53, 55, 14
MM, 53, 60, 12
MM, 53, 65, 14
MM, 53, 71, 12
MM, 54, 77, 12
MM, 56, 81, 12
MM, 305, 344, 13
MM, 305, 346, 12
MM, 306, 347, 15
MM, 306, 347, 12
MM, 306, 348, 14
MM, 306, 348, 12
MM, 306, 349, 954
MM, 306, 350, 15
MM, 306, 352, 11
MM, 306, 354, 12
MM, 306, 356, 14
MM, 306, 358, 13
MM, 307, 361, 11
MM, 309, 363, 13
MM, 310, 365, 14
MM, 311, 368, 14
MM, 313, 370, 12
MM, 315, 374, 12
MM, 316, 377, 12
MM, 318, 381, 13
MM, 319, 384, 12
MM, 321, 387, 12
MM, 74, 0, 14
MM, 75, 2, 12
MM, 76, 5, 15
MM, 76, 6, 13
MM, 76, 8, 12
MM, 76, 9, 12
MM, 76, 11, 11
MM, 76, 13, 13
MM, 76, 15, 15
MM, 76, 17, 12
MM, 76, 19, 12
MM, 76, 21, 15
MM, 76, 22, 12
MM, 76, 24, 11
MM, 76, 25, 12
MM, 76, 25, 15
MM, 76, 26, 14
MM, 76, 26, 11
MM, 76, 20, 62
MC, 1, 52
MM, 83, 21, 204
MM, 92, 25, 14
MM, 104, 31, 11
MM, 112, 35, 12
MM, 118, 39, 15
MM, 121, 41, 13
MM, 123, 42, 12
MM, 125, 43, 12
MM, 126, 44, 13
MM, 127, 44, 12
MM, 128, 46, 17
MM, 130, 46, 8
MM, 132, 48, 13
MM, 134, 49, 12
MM, 136, 49, 12
MM, 138, 50, 14
MM, 140, 51, 14
MM, 142, 51, 12
MM, 144, 51, 13
MM, 146, 52, 14
MM, 148, 53, 12
MM, 151, 53, 12
MM, 154, 55, 12
MM, 157, 57, 12
MM, 160, 60, 13
MM, 164, 63, 15
MM, 169, 67, 11
MM, 174, 73, 14
MM, 181, 79, 12
MM, 186, 85, 11
MM, 190, 89, 13
MM, 441, 481, 16
MM, 443, 482, 12
MM, 444, 484, 12
MM, 445, 485, 12
MM, 445, 485, 13
MM, 446, 486, 12
MM, 447, 486, 13
MM, 448, 487, 12
MM, 449, 488, 15
MM, 450, 488, 13
MM, 452, 489, 13
MM, 454, 490, 12
MM, 456, 492, 12
MM, 459, 494, 12
MM, 462, 496, 12
MM, 9, 1, 15
MM, 12, 3, 12
MM, 15, 4, 13
MM, 19, 6, 15
MM, 22, 7, 12
MM, 25, 8, 12
MM, 27, 9, 11
MM, 29, 9, 12
MM, 31, 10, 15
MM, 33, 10, 12
MM, 34, 10, 12
MM, 493, 507, 14
MM, 495, 508, 12
MM, 497, 508, 12
MM, 0, 11, 12
MM, 2, 12, 15
MM, 3, 13, 12
MM, 5, 13, 15
MM, 6, 14, 10
MM, 7, 14, 13
MM, 8, 15, 13
MM, 9, 16, 12
MM, 10, 17, 13
MM, 11, 18, 12
MM, 12, 18, 14
MM, 12, 19, 12
MM, 12, 19, 14
MM, 12, 19, 267
MM, 18, 27, 13
MM, 6, 12, 12
MM, 31, 3, 13
MM, 19, 28, 12
MM, 10, 10, 12
MM, 27, 22, 16
MM, 655, 637, 10
MM, 661, 641, 12
MM, 663, 642, 12
MM, 665, 643, 17
MM, 666, 644, 11
MM, 667, 645, 12
MM, 668, 645, 13
MM, 670, 646, 13
MM, 672, 647, 13
MM, 674, 648, 11
MM, 676, 649, 13
MM, 678, 650, 12
MM, 679, 651, 16
MM, 681, 653, 12
MM, 683, 655, 12
MM, 685, 656, 12
MM, 686, 657, 13
MM, 687, 658, 12
MM, 688, 658, 12
MM, 688, 658, 15
MM, 689, 658, 13
MM, 689, 658, 13
MM, 689, 656, 36
MM, 689, 653, 13
MM, 689, 651, 12
MM, 689, 650, 15
MM, 689, 648, 11
MM, 689, 647, 16
MM, 689, 646, 11
MM, 689, 646, 13
MM, 689, 645, 11
MM, 688, 645, 12
MM, 688, 644, 15
MM, 687, 643, 13
MM, 686, 643, 12
MM, 685, 642, 13
MM, 684, 641, 13
MM, 682, 640, 12
MM, 680, 639, 12
MM, 22, 30, 12
MM, 20, 29, 14
MM, 19, 29, 13
MM, 18, 28, 13
MM, 17, 27, 12
MM, 16, 27, 12
MM, 15, 26, 13
MM, 14, 26, 12
MM, 14, 25, 15
MM, 13, 25, 12
MM, 13, 25, 13
MM, 12, 24, 14
MM, 12, 24, 11
MM, 12, 24, 13
MM, 11, 24, 12
MC, 1, 24
MM, 11, 23, 15
MM, 11, 23, 12
MM, 11, 23, 13
MM, 10, 23, 13
MM, 10, 23, 24
MM, 10, 23, 16
MM, 9, 23, 12
MM, 8, 23, 12
MM, 6, 23, 12
MM, 4, 23, 14
MM, 0, 23, 12
MM, 652, 631, 11
MM, 26, 23, 13
MM, 21, 23, 15
MM, 17, 23, 14
MM, 14, 23, 12
MM, 11, 23, 11
MM, 9, 23, 13
MM, 6, 23, 12
MM, 4, 22, 13
MM, 2, 21, 12
MM, 618, 628, 15
MM, 615, 627, 11
MM, 37, 18, 15
MM, 32, 17, 13
MM, 26, 15, 12
MM, 18, 14, 11
MM, 8, 11, 12
MM, 573, 616, 21
MM, 26, 3, 17
MM, 20, 1, 12
MM, 17, 0, 16
MM, 547, 607, 13
MM, 547, 606, 12
MM, 546, 606, 11
MM, 546, 606, 15
MM, 546, 603, 227
MM, 3, 29, 12
MM, 3, 26, 15
MM, 3, 24, 11
MM, 3, 22, 14
MM, 3, 19, 14
MM, 3, 17, 12
MM, 3, 14, 11
MM, 2, 12, 13
MM, 1, 10, 14
MM, 0, 8, 12
MM, 0, 7, 13
MM, 542, 577, 13
MM, 541, 575, 12
MM, 540, 575, 12
MM, 540, 574, 13
MM, 539, 572, 13
MM, 538, 571, 14
MM, 538, 569, 12
MM, 537, 568, 13
MM, 536, 566, 13
MM, 534, 565, 11
MM, 533, 563, 12
MM, 531, 561, 17
MM, 529, 559, 11
MM, 31, 22, 12
MM, 29, 19, 14
MM, 27, 16, 12
MM, 24, 14, 14
MM, 22, 11, 11
MM, 21, 9, 11
MM, 19, 7, 14
MM, 18, 6, 15
MM, 18, 5, 11
MM, 17, 4, 12
MM, 17, 4, 14
MM, 17, 5, 77
MM, 20, 10, 12
MM, 2, 30, 25
MM, 3, 2, 11
MM, 11, 9, 14
MM, 16, 13, 14
MM, 20, 16, 11
MM, 22, 18, 16
MM, 22, 19, 12
MM, 23, 20, 12
MM, 24, 20, 11
MM, 24, 21, 12
MM, 25, 21, 17
MM, 25, 21, 10
MM, 25, 22, 12
MM, 25, 22, 14
MM, 25, 22, 14
MM, 25, 22, 12
MM, 25, 22, 11
MM, 25, 22, 12
MC, 1, 91
MM, 24, 22, 13
MM, 21, 20, 12
MM, 17, 18, 12
MM, 14, 16, 12
MM, 9, 14, 13
MM, 5, 12, 14
MM, 542, 581, 12
MM, 537, 580, 15
MM, 29, 6, 13
MM, 22, 4, 12
MM, 14, 1, 11
MM, 506, 569, 12
MM, 495, 565, 12
MM, 28, 28, 15
MM, 19, 25, 13
MM, 10, 23, 13
MM, 3, 21, 13
MM, 454, 554, 12
MM, 35, 19, 11
MM, 32, 19, 13
MM, 30, 18, 14
MM, 29, 18, 13
MM, 28, 18, 13
MM, 27, 17, 12
MM, 25, 17, 12
MM, 25, 17, 13
MM, 24, 17, 12
MM, 23, 17, 12
MM, 23, 16, 15
MM, 22, 16, 12
MM, 22, 15, 14
MM, 21, 15, 24
MM, 21, 15, 78
MM, 21, 15, 12
MM, 32, 15, 63
MM, 455, 549, 13
MM, 4, 15, 13
MM, 7, 15, 12
MM, 10, 15, 13
MM, 12, 15, 13
MM, 12, 15, 13
MM, 13, 15, 14
MM, 12, 15, 100
MM, 9, 15, 15
MM, 7, 15, 12
MM, 1, 15, 36
MM, 456, 549, 14
MM, 454, 549, 13
MM, 452, 549, 13
MM, 35, 15, 12
MM, 33, 15, 13
MM, 30, 15, 12
MM, 28, 15, 12
MM, 25, 15, 13
MM, 22, 15, 14
MM, 20, 15, 13
MM, 18, 15, 13
MM, 17, 15, 12
MM, 17, 15, 13
MM, 16, 15, 13
MM, 16, 15, 11
MC, 1, 38
MM, 16, 16, 91
MM, 16, 17, 11
MM, 16, 19, 13
MM, 16, 21, 16
MM, 16, 23, 11
MM, 16, 25, 12
MM, 16, 27, 13
MM, 16, 30, 14
MM, 431, 567, 12
MM, 431, 570, 12
MM, 10, 3, 11
MM, 11, 7, 13
MM, 12, 10, 14
MM, 13, 13, 14
MM, 15, 17, 12
MM, 17, 22, 12
MM, 20, 30, 14
MM, 444, 609, 11
MM, 446, 617, 12
MM, 447, 623, 13
MM, 449, 627, 13
MM, 449, 630, 14
MM, 449, 632, 12
MM, 0, 25, 13
MM, 0, 26, 12
MM, 0, 26, 13
MM, 0, 27, 13
MM, 0, 27, 13
MM, 0, 27, 13
MM, 0, 28, 13
MM, 0, 28, 12
MM, 0, 29, 12
MM, 0, 29, 12
MM, 0, 30, 13
MM, 0, 30, 16
MM, 450, 639, 12
MM, 450, 639, 12
MM, 450, 639, 12
MM, 450, 640, 13
MM, 450, 640, 11
MM, 450, 641, 14
MM, 450, 641, 13
MM, 450, 641, 27
MM, 450, 642, 12
MM, 450, 642, 12
MM, 450, 642, 12
MM, 450, 642, 12
MM, 450, 642, 13
MM, 450, 643, 14
MM, 450, 643, 13
MM, 450, 643, 14
MM, 450, 643, 13
MM, 450, 644, 11
MM, 450, 644, 12
MM, 450, 644, 12
MM, 450, 644, 13
MM, 46, 0, 15
MM, 46, 0, 12
MM, 46, 1, 12
MM, 46, 1, 15
MM, 46, 2, 11
MM, 46, 2, 12
MM, 46, 3, 12
MC, 1, 27
MM, 46, 3, 12
MM, 45, 3, 25
MM, 45, 3, 13
MM, 44, 3, 12
MM, 44, 3, 12
MM, 43, 3, 16
MM, 42, 3, 12
MM, 41, 3, 14
MM, 39, 2, 11
MM, 37, 0, 13
MM, 438, 642, 12
MM, 435, 639, 13
MM, 23, 28, 13
MM, 19, 25, 13
MM, 15, 21, 12
MM, 10, 17, 14
MM, 5, 12, 18
MM, 405, 613, 19
MM, 31, 2, 14
MM, 396, 607, 14
MM, 393, 605, 11
MM, 389, 603, 11
MM, 6, 30, 12
MM, 3, 29, 15
MM, 1, 28, 13
MM, 379, 597, 13
MM, 378, 597, 12
MM, 376, 596, 13
MM, 375, 596, 15
MM, 374, 596, 10
MM, 374, 596, 12
MM, 35, 24, 12
MM, 34, 24, 15
MM, 33, 24, 12
MM, 32, 24, 13
MM, 32, 24, 12
MM, 30, 23, 12
MM, 29, 23, 13
MM, 28, 23, 13
MM, 27, 22, 12
MM, 26, 22, 15
MM, 24, 21, 12
MM, 23, 20, 13
MM, 22, 20, 12
MM, 21, 20, 12
MM, 21, 19, 12
MM, 20, 19, 17
MM, 20, 19, 11
MM, 20, 18, 12
MM, 19, 18, 13
MM, 19, 18, 12
MC, 1, 12
MM, 19, 18, 65
MM, 19, 17, 12
MM, 20, 16, 13
MM, 25, 14, 12
MM, 31, 12, 12
MM, 375, 580, 15
MM, 1, 7, 12
MM, 6, 6, 14
MM, 10, 4, 13
MM, 13, 2, 12
MM, 15, 1, 11
MM, 18, 0, 12
MM, 401, 569, 13
MM, 404, 568, 15
MM, 407, 567, 12
MM, 411, 566, 13
MM, 413, 565, 15
MM, 2, 30, 12
MM, 5, 29, 10
MM, 9, 28, 13
MM, 12, 27, 12
MM, 15, 27, 15
MM, 17, 26, 12
MM, 19, 26, 12
MM, 21, 25, 14
MM, 23, 25, 12
MM, 24, 25, 12
MM, 26, 24, 12
MM, 27, 24, 15
MM, 28, 24, 12
MM, 30, 23, 13
MM, 30, 23, 12
MM, 32, 23, 12
MM, 32, 22, 13
MM, 33, 22, 12
MM, 34, 22, 13
MM, 35, 22, 15
MM, 452, 556, 11
MM, 453, 556, 14
MM, 453, 556, 13
MM, 454, 556, 12
MM, 455, 556, 12
MM, 0, 22, 12
MM, 2, 22, 13
MM, 4, 22, 13
MM, 6, 22, 13
MM, 8, 22, 13
MM, 9, 22, 13
MM, 11, 22, 19
MM, 12, 22, 19
MM, 13, 22, 13
MM, 13, 22, 13
MM, 14, 22, 24
MC, 1, 52
MM, 14, 21, 25
MM, 12, 21, 13
MM, 7, 21, 12
MM, 3, 21, 12
MM, 456, 554, 15
MM, 452, 554, 12
MM, 34, 20, 13
MM, 30, 20, 13
MM, 25, 20, 12
MM, 22, 20, 12
MM, 18, 20, 12
MM, 15, 20, 13
MM, 14, 20, 14
MM, 12, 20, 13
MM, 11, 20, 12
MM, 12, 20, 139
MM, 18, 22, 42
MM, 20, 24, 12
MM, 22, 26, 11
MM, 24, 29, 12
MM, 442, 567, 13
MM, 24, 2, 14
MM, 26, 7, 12
MM, 28, 11, 13
MM, 30, 15, 15
MM, 31, 17, 12
MM, 32, 20, 11
MM, 33, 21, 12
MM, 33, 22, 12
MM, 33, 23, 17
MM, 34, 24, 11
MM, 35, 26, 12
MM, 35, 28, 13
MM, 457, 602, 14
MM, 458, 605, 12
MM, 9, 0, 11
MM, 10, 4, 12
MM, 10, 7, 15
MM, 11, 10, 11
MM, 11, 13, 15
MM, 11, 15, 12
MM, 11, 18, 12
MM, 11, 20, 12
MM, 11, 21, 13
MM, 11, 23, 13
MM, 11, 24, 13
MM, 11, 25, 12
MM, 11, 26, 14
MM, 12, 28, 13
MM, 12, 29, 11
MM, 12, 30, 13
MM, 13, 30, 12
MM, 463, 639, 13
MM, 463, 640, 13
MM, 463, 640, 14
MM, 463, 640, 13
MM, 463, 641, 14
MM, 463, 641, 10
MM, 463, 641, 12
MM, 463, 641, 17
MM, 463, 642, 11
MM, 463, 642, 12
MM, 463, 642, 13
MM, 463, 642, 13
MM, 463, 642, 12
MM, 463, 643, 17
MM, 463, 644, 21
MM, 463, 644, 12
MM, 59, 0, 16
MM, 59, 0, 9
MM, 59, 1, 15
MM, 59, 1, 12
MM, 59, 2, 13
MM, 59, 2, 15
MM, 59, 3, 10
MM, 59, 4, 13
MM, 59, 4, 11
MM, 59, 5, 13
MM, 59, 5, 13
MM, 59, 5, 14
MM, 59, 6, 12
MM, 59, 6, 14
MM, 59, 6, 12
MM, 59, 6, 12
MM, 59, 7, 12
MM, 59, 7, 167
MC, 1, 12
MM, 58, 7, 24
MM, 58, 7, 15
MM, 58, 7, 13
MM, 58, 6, 38
MM, 58, 5, 11
MM, 58, 5, 13
MM, 58, 4, 14
MM, 58, 2, 13
MM, 58, 0, 13
MM, 462, 643, 12
MM, 462, 641, 14
MM, 12, 29, 11
MM, 12, 27, 12
MM, 12, 24, 12
MM, 12, 21, 15
MM, 11, 19, 14
MM, 10, 17, 11
MM, 8, 15, 14
MM, 7, 13, 11
MM, 5, 11, 13
MM, 2, 9, 12
MM, 448, 614, 12
MM, 34, 4, 13
MM, 30, 2, 14
MM, 27, 1, 13
MM, 433, 607, 13
MM, 429, 607, 12
MM, 426, 606, 12
MM, 424, 606, 12
MM, 421, 606, 13
MM, 418, 606, 14
MM, 416, 605, 13
MM, 414, 605, 13
MM, 412, 605, 13
MM, 410, 605, 11
MM, 409, 605, 13
MM, 408, 605, 16
MM, 407, 605, 12
MM, 406, 604, 12
MM, 405, 604, 12
MM, 404, 604, 13
MM, 404, 604, 12
MM, 403, 604, 14
MM, 403, 603, 12
MM, 402, 603, 13
MM, 402, 603, 27
MM, 402, 603, 12
MM, 402, 602, 12
MM, 402, 602, 12
MM, 401, 602, 12
MM, 21, 30, 16
MM, 21, 30, 10
MM, 21, 29, 12
MM, 20, 29, 12
MM, 20, 28, 14
MM, 19, 27, 12
MM, 18, 26, 15
MM, 17, 24, 12
MM, 15, 23, 13
MM, 13, 20, 14
MM, 12, 19, 10
MM, 11, 17, 13
MM, 10, 16, 12
MM, 9, 15, 17
MM, 9, 14, 11
MM, 9, 14, 12
MM, 9, 13, 13
MM, 9, 13, 12
MM, 9, 13, 12
MM, 9, 12, 12
MM, 9, 12, 13
MM, 9, 12, 16
MM, 9, 12, 12
MM, 9, 12, 12
MM, 9, 12, 12
MM, 9, 11, 13
MM, 9, 11, 12
MM, 9, 11, 12
MM, 9, 11, 14
MC, 1, 27
MM, 11, 11, 76
MM, 13, 11, 12
MM, 16, 10, 12
MM, 19, 9, 15
MM, 21, 8, 11
MM, 24, 6, 12
MM, 27, 3, 12
MM, 30, 0, 15
MM, 413, 569, 12
MM, 416, 567, 13
MM, 4, 30, 12
MM, 7, 29, 12
MM, 9, 27, 13
MM, 11, 26, 13
MM, 11, 25, 12
MM, 13, 24, 15
MM, 13, 24, 12
MM, 14, 23, 14
MM, 14, 23, 11
MM, 14, 23, 12
MM, 15, 23, 13
MM, 15, 22, 13
MM, 15, 22, 76
MM, 15, 22, 12
MM, 16, 22, 13
MM, 16, 25, 16
MM, 16, 29, 11
MM, 432, 568, 12
MM, 11, 0, 13
MM, 11, 3, 12
MM, 11, 4, 12
MM, 11, 5, 12
MC, 1, 28
MM, 11, 7, 14
MM, 11, 7, 12
MM, 11, 8, 12
MM, 11, 8, 90
MM, 11, 9, 12
MM, 12, 10, 12
MM, 12, 11, 12
MM, 13, 14, 13
MM, 14, 16, 16
MM, 16, 18, 9
MM, 17, 21, 13
MM, 19, 23, 12
MM, 20, 25, 16
MM, 22, 26, 12
MM, 23, 27, 12
MM, 24, 29, 12
MM, 26, 29, 14
MM, 27, 30, 12
MM, 450, 602, 12
MM, 451, 603, 12
MM, 452, 604, 16
MM, 454, 605, 12
MM, 455, 607, 12
MM, 7, 1, 12
MM, 9, 3, 13
MM, 10, 5, 12
MM, 12, 6, 13
MM, 13, 8, 12
MM, 14, 9, 15
MM, 15, 11, 13
MM, 16, 11, 13
MM, 16, 12, 12
MM, 17, 13, 12
MM, 18, 14, 12
MM, 19, 15, 12
MM, 19, 16, 15
MM, 20, 17, 12
MM, 20, 17, 13
MM, 21, 18, 15
MM, 21, 19, 12
MM, 22, 20, 11
MM, 23, 20, 12
MM, 23, 21, 12
MM, 23, 21, 15
MM, 24, 22, 12
MM, 24, 22, 12
MC, 1, 14
MM, 24, 22, 24
MM, 24, 20, 52
MM, 24, 16, 13
MM, 24, 12, 12
MM, 24, 8, 12
MM, 24, 5, 12
MM, 24, 4, 13
MM, 24, 2, 15
MM, 24, 1, 11
MM, 24, 0, 14
MM, 474, 607, 13
MM, 474, 606, 12
MM, 474, 605, 12
MM, 474, 605, 12
MM, 474, 604, 13
MM, 474, 604, 12
MM, 474, 603, 15
MM, 474, 603, 12
MM, 474, 602, 14
MM, 11, 30, 12
MM, 12, 29, 11
MM, 19, 28, 13
MM, 496, 597, 15
MM, 23, 22, 13
MM, 24, 17, 12
MM, 29, 12, 12
MM, 657, 579, 13
MM, 29, 5, 12
MM, 715, 574, 12
MM, 729, 574, 15
MM, 736, 574, 11
MM, 738, 574, 16
MM, 740, 574, 12
MM, 740, 574, 12
MM, 741, 574, 12
MM, 741, 573, 11
MM, 742, 573, 12
MM, 743, 573, 16
MM, 745, 573, 12
MM, 749, 571, 13
MM, 754, 569, 14
MM, 761, 567, 12
MM, 768, 566, 12
MM, 775, 566, 11
MM, 782, 566, 13
MM, 788, 566, 21
MM, 798, 566, 17
MM, 803, 566, 12
MM, 807, 566, 17
MM, 811, 566, 11
MM, 814, 566, 12
MM, 816, 565, 13
MM, 816, 564, 13
MM, 817, 562, 11
MM, 818, 561, 13
MM, 819, 559, 12
MM, 819, 558, 15
MM, 819, 557, 13
MM, 819, 557, 14
MM, 819, 556, 12
MM, 819, 556, 12
MM, 819, 555, 12
MM, 819, 555, 11
MM, 819, 555, 14
MM, 819, 554, 14
MM, 819, 554, 13
MM, 819, 553, 14
MM, 819, 553, 12
MM, 819, 552, 12
MM, 819, 551, 11
MM, 819, 550, 13
MM, 819, 549, 14
MM, 819, 547, 12
MM, 819, 545, 13
MM, 819, 543, 13
MM, 819, 540, 13
MM, 819, 537, 12
MM, 819, 534, 11
MM, 819, 530, 14
MM, 756, 517, 471
MM, 18, 24, 14
MM, 26, 27, 12
MM, 32, 29, 13
MM, 3, 29, 14
MM, 18, 30, 12
MM, 577, 528, 11
MM, 554, 528, 12
MM, 535, 529, 15
MM, 519, 529, 13
MM, 504, 531, 12
MM, 492, 532, 13
MM, 26, 0, 13
MM, 18, 1, 13
MM, 12, 3, 12
MM, 7, 5, 12
MM, 3, 6, 13
MM, 0, 6, 13
MM, 455, 541, 19
MM, 453, 542, 18
MM, 452, 542, 13
MM, 452, 542, 16
MM, 451, 542, 24
MM, 451, 542, 62
MM, 451, 542, 14
MM, 451, 542, 14
MM, 35, 9, 12
MM, 34, 9, 12
MM, 32, 10, 11
MM, 30, 10, 13
MM, 28, 11, 14
MM, 26, 11, 14
MM, 24, 11, 12
MM, 23, 11, 12
MM, 21, 11, 14
MM, 20, 11, 11
MM, 20, 11, 11
MM, 19, 11, 14
MC, 1, 50
MM, 19, 12, 39
MM, 19, 12, 14
MM, 19, 14, 13
MM, 19, 15, 13
MM, 22, 17, 12
MM, 24, 19, 12
MM, 26, 23, 12
MM, 29, 30, 12
MM, 25, 1, 16
MM, 26, 8, 12
MM, 27, 14, 13
MM, 28, 19, 12
MM, 29, 22, 13
MM, 29, 25, 11
MM, 29, 27, 12
MM, 29, 28, 15
MM, 30, 29, 14
MM, 30, 29, 13
MM, 30, 30, 12
MM, 30, 30, 12
MM, 30, 30, 12
MM, 30, 30, 12
MM, 452, 602, 12
MM, 452, 602, 15
MM, 452, 602, 12
MM, 452, 602, 15
MM, 453, 603, 12
MM, 453, 604, 12
MM, 454, 606, 12
MM, 4, 0, 12
MM, 5, 2, 13
MM, 5, 4, 14
MM, 6, 5, 12
MM, 6, 7, 14
MM, 7, 8, 14
MM, 7, 9, 11
MM, 8, 10, 11
MM, 8, 11, 13
MM, 9, 12, 14
MM, 9, 12, 12
MM, 9, 13, 14
MM, 10, 13, 12
MM, 10, 14, 12
MC, 1, 26
MM, 11, 14, 12
MM, 11, 11, 90
MM, 11, 5, 12
MM, 461, 604, 12
MM, 460, 589, 14
MM, 32, 2, 13
MM, 31, 23, 19
MM, 434, 530, 19
MM, 13, 22, 13
MM, 9, 13, 14
MM, 6, 7, 12
MM, 5, 4, 11
MM, 4, 3, 12
MM, 3, 2, 15
MM, 3, 2, 14
MM, 3, 1, 11
MM, 3, 2, 76
MM, 3, 5, 13
MM, 3, 8, 13
MM, 3, 10, 13
MM, 3, 12, 12
MM, 3, 15, 12
MM, 3, 17, 13
MM, 3, 19, 13
MM, 3, 21, 12
MM, 3, 22, 15
MM, 3, 24, 12
MM, 3, 25, 13
MM, 3, 26, 12
MM, 3, 28, 11
MM, 3, 30, 13
MM, 418, 528, 17
MM, 418, 530, 10
MM, 418, 532, 13
MM, 4, 0, 13
MM, 5, 2, 12
MM, 5, 4, 12
MM, 7, 5, 13
MM, 8, 7, 12
MM, 9, 8, 16
MM, 10, 10, 12
MM, 11, 11, 12
MM, 11, 12, 12
MM, 12, 13, 13
MM, 13, 13, 12
MM, 13, 14, 12
MM, 13, 15, 14
MM, 14, 16, 13
MM, 14, 17, 14
MM, 14, 17, 13
MM, 15, 18, 11
MM, 15, 18, 12
MM, 16, 19, 12
MM, 16, 19, 13
MM, 16, 19, 15
MM, 16, 19, 25
MM, 17, 19, 15
MM, 17, 19, 11
MM, 18, 19, 11
MM, 19, 19, 12
MM, 20, 19, 13
MC, 1, 15
MM, 22, 19, 12
MM, 23, 19, 12
MM, 25, 19, 13
MM, 28, 19, 13
MM, 31, 21, 11
MM, 34, 23, 13
MM, 453, 559, 15
MM, 456, 561, 12
MM, 3, 29, 13
MM, 465, 566, 12
MM, 470, 570, 12
MM, 12, 2, 12
MM, 18, 6, 13
MM, 23, 10, 13
MM, 28, 13, 15
MM, 31, 15, 11
MM, 498, 589, 14
MM, 0, 20, 13
MM, 2, 22, 11
MM, 5, 24, 13
MM, 7, 26, 12
MM, 9, 28, 12
MM, 512, 602, 14
MM, 515, 604, 14
MM, 517, 606, 12
MM, 29, 0, 13
MM, 30, 1, 19
MM, 33, 4, 19
MM, 35, 5, 12
MM, 526, 615, 14
MM, 527, 616, 11
MM, 528, 617, 13
MM, 530, 618, 12
MM, 531, 619, 15
MM, 0, 12, 14
MM, 2, 13, 11
MM, 3, 14, 12
MM, 5, 15, 12
MM, 7, 16, 14
MM, 9, 16, 11
MM, 10, 17, 13
MM, 12, 18, 15
MM, 12, 18, 12
MM, 14, 19, 13
MM, 14, 19, 13
MM, 14, 19, 11
MM, 14, 19, 13
MM, 15, 19, 12
MC, 1, 53
MM, 14, 19, 52
MM, 9, 19, 13
MM, 4, 19, 11
MM, 0, 19, 12
MM, 529, 628, 14
MM, 526, 629, 11
MM, 34, 22, 13
MM, 32, 23, 12
MM, 29, 25, 15
MM, 27, 27, 13
MM, 25, 29, 13
MM, 23, 30, 12
MM, 510, 639, 12
MM, 508, 640, 12
MM, 507, 641, 12
MM, 506, 641, 15
MM, 505, 641, 12
MM, 504, 641, 13
MM, 504, 641, 15
MM, 503, 641, 12
MM, 503, 641, 11
MM, 503, 641, 12
MP, 1, 25
MR, 1, 54
MC, 1, 0
MM, 501, 641, 12
MM, 501, 641, 23
MM, 501, 641, 40
MM, 500, 641, 25
MM, 499, 641, 12
MM, 498, 641, 13
MM, 496, 641, 12
MM, 495, 641, 14
MM, 493, 641, 12
MM, 492, 641, 14
MM, 490, 641, 13
MM, 488, 641, 11
MM, 487, 641, 12
MM, 485, 642, 13
MM, 483, 643, 13
MM, 480, 644, 14
MM, 74, 0, 12
MM, 71, 1, 14
MM, 69, 3, 14
MM, 66, 5, 10
MM, 63, 6, 12
MM, 60, 8, 16
MM, 58, 10, 12
MM, 55, 12, 12
MM, 53, 14, 12
MM, 50, 16, 14
MM, 48, 17, 12
MM, 46, 18, 17
MM, 42, 22, 45
MM, 41, 22, 13
MM, 40, 23, 13
MM, 40, 23, 14
MM, 39, 23, 12
MM, 39, 24, 15
MM, 39, 24, 11
MM, 38, 24, 13
MM, 38, 24, 11
MM, 38, 24, 26
MM, 37, 24, 14
MM, 37, 24, 12
MM, 36, 24, 13
MM, 36, 24, 13
MM, 36, 23, 12
MM, 35, 22, 12
MM, 35, 20, 12
MM, 34, 18, 16
MM, 33, 16, 12
MM, 32, 14, 12
MM, 31, 11, 13
MM, 30, 8, 13
MM, 30, 6, 11
MM, 29, 4, 12
MM, 28, 2, 15
MM, 28, 0, 14
MM, 432, 644, 12
MM, 432, 642, 12
MM, 432, 641, 13
MM, 432, 639, 12
MM, 23, 30, 12
MM, 23, 29, 12
MM, 23, 28, 15
MM, 23, 27, 12
MM, 23, 25, 15
MM, 23, 24, 12
MM, 23, 22, 12
MM, 23, 21, 11
MM, 23, 19, 12
MM, 23, 18, 15
MM, 23, 16, 12
MM, 23, 14, 13
MM, 22, 13, 13
MM, 22, 12, 13
MM, 22, 11, 12
MM, 22, 11, 12
MM, 22, 11, 12
MC, 1, 90
MM, 28, 11, 51
MM, 447, 619, 14
MM, 18, 11, 12
MM, 8, 4, 12
MM, 529, 602, 12
MM, 14, 21, 12
MM, 581, 584, 15
MM, 16, 7, 12
MM, 619, 572, 14
MM, 633, 567, 13
MM, 25, 28, 11
MM, 649, 560, 13
MM, 653, 559, 15
MM, 2, 24, 12
MM, 3, 23, 12
MM, 4, 23, 12
MM, 5, 23, 14
MM, 6, 22, 12
MM, 6, 22, 13
MM, 6, 22, 12
MM, 6, 22, 14
MM, 7, 21, 14
MM, 8, 20, 12
MM, 9, 20, 12
MM, 11, 18, 12
MM, 13, 18, 13
MM, 14, 17, 11
MM, 15, 16, 17
MM, 16, 16, 11
MM, 17, 16, 11
MM, 18, 15, 12
MM, 19, 15, 13
MM, 19, 15, 13
MM, 19, 15, 14
MM, 19, 15, 26
MM, 19, 14, 14
MM, 19, 14, 11
MM, 19, 14, 11
MC, 1, 40
MM, 18, 14, 12
MM, 15, 14, 14
MM, 12, 14, 12
MM, 9, 14, 12
MM, 6, 15, 12
MM, 3, 17, 13
MM, 653, 553, 15
MM, 649, 555, 12
MM, 28, 24, 13
MM, 24, 27, 12
MM, 637, 565, 13
MM, 632, 570, 11
MM, 5, 4, 13
MM, 0, 11, 14
MM, 618, 587, 13
MM, 29, 21, 14
MM, 26, 25, 12
MM, 24, 28, 12
MM, 607, 602, 12
MM, 604, 604, 12
MM, 601, 607, 12
MM, 25, 0, 14
MM, 22, 2, 13
MM, 20, 3, 13
MM, 17, 5, 15
MM, 14, 8, 11
MM, 11, 10, 11
MM, 7, 12, 13
MM, 2, 15, 14
MM, 571, 625, 13
MM, 34, 18, 13
MM, 30, 20, 12
MM, 26, 21, 12
MM, 22, 21, 13
MM, 20, 21, 13
MM, 18, 21, 12
MM, 16, 21, 14
MM, 15, 21, 13
MM, 14, 21, 14
MM, 13, 21, 11
MM, 13, 20, 12
MM, 13, 18, 12
MM, 13, 17, 13
MC, 1, 12
MM, 13, 15, 13
MM, 13, 14, 15
MM, 13, 13, 12
MM, 13, 12, 13
MM, 13, 11, 12
MM, 13, 10, 11
MM, 13, 8, 14
MM, 13, 7, 12
MM, 13, 6, 14
MM, 13, 5, 13
MM, 13, 3, 13
MM, 13, 2, 12
MM, 13, 1, 12
MM, 545, 607, 12
MM, 545, 605, 15
MM, 545, 602, 13
MM, 0, 28, 14
MM, 540, 596, 11
MM, 538, 593, 12
MM, 34, 19, 13
MM, 33, 17, 12
MM, 30, 14, 13
MM, 27, 11, 12
MM, 22, 9, 15
MM, 19, 7, 14
MM, 15, 5, 11
MM, 12, 3, 13
MM, 9, 2, 12
MM, 6, 1, 12
MM, 3, 0, 12
MM, 501, 570, 18
MM, 498, 569, 9
MM, 496, 569, 12
MM, 494, 568, 12
MM, 492, 568, 17
MM, 492, 567, 11
MM, 491, 567, 12
MM, 491, 566, 13
MM, 490, 566, 12
MM, 490, 565, 14
MM, 490, 563, 11
MM, 490, 562, 12
MM, 490, 560, 13
MM, 490, 559, 12
MM, 490, 557, 15
MM, 490, 555, 12
MM, 490, 553, 13
MM, 490, 553, 12
MM, 490, 552, 12
MM, 490, 551, 13
MM, 492, 551, 12
MM, 494, 551, 16
MM, 0, 17, 13
MM, 2, 17, 11
MM, 4, 17, 12
MM, 6, 17, 13
MM, 7, 17, 12
MM, 9, 17, 12
MM, 11, 17, 15
MM, 11, 17, 12
MM, 12, 17, 15
MM, 13, 17, 12
MM, 14, 17, 12
MM, 14, 18, 11
MM, 15, 18, 12
MM, 15, 18, 16
MM, 15, 18, 24
MM, 16, 18, 27
MM, 16, 18, 23
MM, 16, 18, 27
MM, 17, 18, 12
MC, 1, 13
MM, 17, 18, 0
MM, 18, 18, 13
MM, 19, 18, 12
MM, 21, 18, 12
MM, 23, 18, 13
MM, 28, 18, 12
MM, 530, 552, 15
MM, 1, 17, 12
MM, 7, 16, 15
MM, 11, 15, 10
MM, 16, 14, 14
MM, 20, 14, 11
MM, 24, 13, 13
MM, 27, 12, 13
MM, 31, 11, 14
MM, 569, 545, 12
MM, 573, 544, 13
MM, 1, 10, 13
MM, 5, 10, 12
MM, 8, 10, 12
MM, 11, 10, 12
MM, 14, 10, 16
MM, 18, 10, 12
MM, 21, 10, 12
MM, 23, 10, 12
MM, 25, 10, 13
MM, 27, 10, 12
MM, 29, 10, 13
MM, 31, 10, 14
MM, 33, 10, 13
MM, 35, 10, 13
MM, 611, 544, 12
MM, 613, 544, 13
MM, 614, 544, 12
MM, 615, 544, 12
MM, 616, 544, 12
MM, 0, 10, 15
MM, 1, 10, 12
MM, 2, 10, 16
MM, 3, 10, 10
MM, 3, 10, 12
MM, 4, 10, 12
MM, 4, 10, 13
MM, 4, 10, 12
MM, 5, 10, 26
MM, 5, 10, 12
MM, 5, 10, 28
MM, 6, 10, 24
MM, 6, 10, 25
MM, 6, 10, 26
MC, 1, 40
MM, 6, 11, 12
MM, 7, 12, 12
MM, 7, 13, 13
MM, 7, 14, 12
MM, 7, 16, 12
MM, 7, 18, 15
MM, 7, 20, 11
MM, 7, 22, 15
MM, 6, 25, 12
MM, 1, 27, 12
MM, 612, 564, 13
MM, 606, 567, 11
MM, 599, 570, 13
MM, 8, 4, 14
MM, 3, 7, 12
MM, 584, 582, 13
MM, 580, 586, 15
MM, 34, 18, 12
MM, 31, 22, 11
MM, 28, 25, 12
MM, 26, 28, 15
MM, 566, 602, 11
MM, 564, 605, 14
MM, 563, 606, 11
MM, 30, 0, 14
MM, 29, 1, 12
MM, 28, 2, 12
MM, 28, 2, 13
MM, 27, 3, 14
MM, 27, 3, 12
MM, 27, 4, 13
MM, 27, 4, 14
MM, 27, 4, 11
MM, 27, 4, 12
MM, 27, 4, 13
MM, 27, 5, 15
MM, 27, 5, 12
MM, 27, 6, 12
MM, 26, 6, 13
MM, 26, 6, 14
MM, 26, 7, 12
MM, 25, 8, 11
MM, 25, 8, 12
MM, 24, 9, 17
MM, 23, 10, 11
MM, 22, 10, 12
MM, 21, 10, 13
MM, 21, 10, 13
MM, 20, 10, 12
MM, 19, 10, 12
MM, 19, 10, 12
MC, 1, 13
MM, 19, 10, 4
MM, 18, 10, 11
MM, 18, 10, 12
MM, 17, 10, 13
MM, 15, 10, 13
MM, 14, 10, 11
MM, 11, 10, 12
MM, 7, 6, 15
MM, 532, 607, 12
MM, 18, 24, 15
MM, 2, 12, 13
MM, 23, 0, 11
MM, 14, 26, 12
MM, 3, 18, 12
MM, 451, 547, 12
MM, 29, 10, 15
MM, 25, 9, 12
MM, 22, 9, 13
MM, 21, 8, 15
MM, 19, 8, 12
MM, 18, 8, 11
MM, 17, 8, 12
MM, 16, 8, 12
MM, 15, 8, 21
MM, 13, 8, 18
MM, 12, 8, 14
MM, 12, 8, 14
MM, 10, 8, 12
MM, 10, 8, 13
MM, 10, 8, 12
MM, 9, 8, 12
MM, 9, 8, 12
MM, 8, 8, 12
MC, 1, 66
MM, 9, 10, 23
MM, 15, 13, 14
MM, 24, 18, 14
MM, 34, 25, 12
MM, 459, 565, 13
MM, 4, 0, 14
MM, 10, 4, 12
MM, 15, 7, 11
MM, 19, 9, 12
MM, 21, 11, 15
MM, 23, 12, 11
MM, 23, 13, 15
MM, 24, 13, 12
MM, 25, 13, 12
MM, 25, 14, 12
MM, 25, 14, 13
MM, 26, 15, 12
MM, 27, 15, 14
MM, 29, 17, 13
MM, 31, 19, 13
MM, 497, 591, 13
MM, 500, 594, 11
MM, 3, 25, 13
MM, 5, 27, 12
MM, 8, 29, 13
MM, 511, 602, 13
MM, 513, 603, 14
MM, 515, 605, 13
MM, 516, 607, 12
MM, 28, 1, 11
MM, 30, 2, 14
MM, 32, 5, 16
MM, 33, 8, 11
MM, 35, 10, 13
MM, 526, 620, 12
MM, 528, 622, 12
MM, 529, 624, 12
MM, 530, 625, 13
MM, 531, 626, 13
MM, 0, 19, 13
MM, 1, 20, 14
MM, 2, 20, 13
MM, 2, 20, 12
MM, 2, 20, 12
MM, 3, 20, 140
MM, 3, 20, 26
MM, 3, 20, 26
MM, 4, 20, 11
MM, 4, 20, 25
MM, 5, 20, 28
MM, 5, 20, 12
MM, 5, 20, 13
MM, 5, 20, 12
MM, 5, 20, 13
MM, 5, 19, 11
MC, 1, 40
MM, 5, 16, 19
MM, 5, 11, 19
MM, 5, 8, 12
MM, 5, 5, 15
MM, 4, 2, 12
MM, 534, 607, 12
MM, 533, 605, 11
MM, 531, 603, 13
MM, 29, 30, 16
MM, 27, 27, 11
MM, 26, 25, 12
MM, 24, 23, 13
MM, 22, 19, 15
MM, 20, 15, 12
MM, 18, 11, 11
MM, 16, 6, 11
MM, 13, 2, 14
MM, 513, 570, 14
MM, 511, 567, 12
MM, 13, 30, 13
MM, 12, 27, 13
MM, 11, 26, 14
MM, 10, 24, 10
MM, 10, 24, 12
MM, 9, 23, 15
MM, 9, 22, 12
MM, 9, 22, 13
MM, 8, 22, 13
MM, 8, 21, 12
MM, 8, 21, 12
MM, 8, 21, 12
MM, 8, 21, 14
MM, 7, 21, 26
MM, 7, 21, 13
MC, 1, 37
MM, 5, 21, 16
MM, 3, 21, 11
MM, 0, 21, 13
MM, 493, 555, 12
MM, 31, 24, 13
MM, 26, 26, 12
MM, 21, 29, 11
MM, 473, 566, 14
MM, 468, 568, 13
MM, 465, 570, 14
MM, 461, 571, 13
MM, 35, 2, 12
MM, 30, 4, 12
MM, 25, 6, 13
MM, 21, 8, 12
MM, 16, 10, 12
MM, 12, 12, 13
MM, 8, 14, 14
MM, 5, 16, 14
MM, 2, 17, 13
MM, 419, 589, 12
MM, 416, 589, 12
MM, 33, 19, 12
MM, 30, 19, 12
MM, 27, 19, 13
MM, 25, 19, 15
MM, 23, 19, 12
MM, 22, 19, 15
MM, 21, 19, 11
MM, 21, 19, 12
MM, 21, 19, 12
MC, 1, 52
MM, 23, 19, 26
MM, 26, 19, 11
MM, 30, 19, 12
MM, 33, 21, 13
MM, 417, 594, 15
MM, 0, 26, 14
MM, 425, 602, 10
MM, 22, 3, 13
MM, 28, 13, 13
MM, 34, 23, 13
MM, 448, 639, 11
MM, 47, 1, 12
MM, 48, 5, 16
MM, 50, 7, 12
MM, 51, 9, 18
MM, 51, 11, 21
MM, 52, 12, 12
MM, 53, 13, 14
MM, 53, 14, 12
MM, 53, 14, 12
MM, 53, 14, 11
MM, 53, 14, 12
MM, 53, 14, 143
MM, 53, 13, 12
MC, 1, 12
MM, 53, 10, 14
MM, 51, 9, 11
MM, 48, 7, 13
MM, 45, 5, 12
MM, 41, 3, 14
MM, 37, 1, 13
MM, 437, 644, 12
MM, 432, 642, 13
MM, 17, 30, 12
MM, 11, 26, 12
MM, 5, 22, 13
MM, 407, 625, 15
MM, 31, 13, 12
MM, 25, 9, 12
MM, 19, 6, 14
MM, 15, 3, 11
MM, 11, 0, 12
MM, 377, 606, 13
MM, 376, 604, 16
MM, 374, 603, 12
MM, 373, 602, 12
MM, 35, 30, 12
MM, 34, 29, 13
MM, 33, 28, 11
MM, 33, 27, 14
MM, 33, 26, 14
MM, 32, 24, 13
MM, 30, 21, 13
MM, 30, 19, 12
MM, 29, 17, 12
MM, 28, 15, 12
MM, 27, 14, 13
MM, 27, 13, 12
MM, 27, 13, 15
MC, 1, 75
MM, 28, 15, 26
MM, 33, 18, 12
MM, 1, 22, 13
MM, 15, 25, 15
MM, 32, 28, 12
MM, 10, 30, 11
MM, 448, 604, 13
MM, 461, 605, 14
MM, 474, 606, 11
MM, 482, 607, 13
MM, 488, 608, 13
MM, 2, 0, 13
MM, 5, 0, 12
MM, 7, 1, 12
MM, 10, 1, 13
MM, 12, 1, 14
MM, 14, 1, 13
MM, 16, 1, 14
MM, 18, 1, 10
MM, 20, 2, 14
MM, 22, 2, 12
MM, 23, 2, 12
MM, 25, 2, 12
MM, 27, 2, 14
MM, 28, 2, 14
MM, 30, 3, 12
MM, 32, 3, 20
MM, 527, 612, 18
MM, 530, 613, 13
MM, 1, 6, 15
MM, 5, 7, 12
MM, 10, 8, 11
MM, 15, 9, 12
MM, 20, 10, 12
MM, 25, 12, 17
MM, 28, 13, 11
MM, 31, 14, 12
MM, 33, 15, 12
MM, 35, 16, 15
MM, 35, 16, 12
MM, 568, 624, 11
MM, 568, 624, 27
MP, 1, 75
MR, 1, 0
MC, 1, 0
MM, 568, 624, 12
MM, 32, 14, 15
MM, 28, 13, 12
MM, 23, 12, 13
MM, 18, 11, 13
MM, 11, 9, 11
MM, 4, 7, 12
MM, 529, 613, 17
MM, 33, 3, 11
MM, 27, 1, 12
MM, 22, 0, 12
MM, 508, 607, 14
MM, 506, 606, 12
MM, 504, 605, 11
MM, 502, 605, 14
MM, 500, 604, 16
MM, 498, 604, 11
MM, 496, 604, 12
MM, 493, 604, 13
MM, 490, 604, 13
MM, 487, 604, 11
MM, 484, 604, 12
MM, 481, 604, 15
MM, 478, 603, 12
MM, 475, 603, 15
MM, 472, 602, 12
MM, 5, 30, 12
MM, 2, 30, 12
MM, 0, 29, 11
MM, 461, 599, 14
MM, 458, 598, 12
MM, 35, 26, 14
MM, 33, 25, 12
MM, 32, 24, 15
MM, 30, 23, 12
MM, 29, 22, 12
MM, 28, 21, 11
MM, 28, 21, 14
MM, 27, 20, 14
MM, 26, 20, 12
MM, 26, 20, 13
MM, 26, 19, 13
MM, 26, 19, 12
MM, 26, 19, 12
MM, 26, 19, 12
MM, 26, 19, 13
MM, 26, 18, 14
MM, 26, 18, 13
MM, 26, 18, 13
MM, 27, 18, 64
MM, 32, 19, 12
MM, 458, 592, 13
MM, 2, 25, 14
MM, 9, 27, 11
MM, 15, 29, 12
MM, 484, 602, 12
MM, 489, 603, 12
MM, 493, 604, 14
MM, 499, 606, 14
MM, 503, 607, 12
MM, 18, 1, 14
MM, 22, 2, 18
MM, 31, 4, 20
MM, 35, 5, 12
MM, 529, 614, 13
MM, 0, 6, 12
MM, 3, 7, 12
MM, 4, 7, 13
MM, 5, 8, 13
MM, 7, 8, 14
MM, 7, 8, 12
MM, 7, 8, 13
MM, 7, 8, 13
MM, 8, 8, 12
MM, 8, 8, 12
MM, 9, 8, 25
MM, 9, 8, 14
MM, 9, 8, 26
MM, 10, 8, 12
MM, 12, 8, 12
MM, 15, 8, 12
MM, 17, 8, 13
MM, 20, 8, 14
MM, 23, 8, 12
MM, 25, 8, 14
MM, 26, 9, 13
MM, 28, 9, 11
MM, 28, 9, 14
MM, 29, 9, 15
MM, 30, 9, 11
MM, 30, 9, 12
MM, 30, 9, 13
MM, 31, 9, 49
MC, 1, 77
MM, 29, 9, 27
MM, 25, 9, 12
MM, 20, 9, 13
MM, 15, 9, 14
MM, 9, 8, 13
MM, 3, 8, 11
MM, 527, 614, 11
MM, 30, 5, 14
MM, 19, 2, 16
MM, 9, 0, 11
MM, 490, 605, 13
MM, 481, 604, 11
MM, 475, 602, 15
MM, 6, 29, 12
MM, 3, 28, 11
MM, 0, 27, 12
MM, 461, 598, 12
MM, 460, 597, 15
MM, 458, 597, 13
MM, 457, 596, 13
MM, 34, 24, 12
MM, 33, 24, 13
MM, 32, 23, 11
MM, 31, 22, 13
MM, 30, 21, 14
MM, 28, 19, 12
MM, 27, 18, 14
MM, 26, 17, 12
MM, 25, 16, 12
MM, 25, 15, 12
MM, 24, 14, 13
MM, 24, 14, 13
MC, 1, 64
MM, 24, 14, 12
MM, 25, 16, 13
MM, 27, 18, 16
MM, 29, 20, 11
MM, 32, 22, 13
MM, 34, 25, 13
MM, 457, 599, 12
MM, 460, 603, 20
MM, 13, 1, 19
MM, 14, 3, 11
MM, 14, 5, 14
MM, 15, 7, 11
MM, 16, 9, 12
MM, 16, 10, 15
MM, 17, 12, 13
MM, 17, 15, 15
MM, 18, 18, 10
MM, 18, 21, 13
MM, 18, 24, 12
MM, 19, 26, 14
MM, 19, 27, 11
MM, 19, 29, 12
MM, 19, 30, 14
MM, 469, 639, 13
MM, 469, 640, 13
MM, 469, 640, 13
MM, 469, 641, 11
MM, 469, 641, 12
MM, 469, 641, 13
MM, 469, 641, 13
MM, 469, 641, 52
MP, 1, 40
MR, 1, 13
MC, 1, 0
MM, 469, 642, 280
MM, 469, 642, 36
MM, 469, 642, 15
MM, 469, 642, 11
MM, 469, 642, 12
MM, 469, 643, 12
MM, 469, 643, 14
MM, 469, 643, 13
MM, 469, 643, 13
MM, 469, 643, 12
MM, 469, 644, 12
MM, 469, 644, 13
MM, 469, 644, 12
MM, 65, 0, 12
MM, 66, 1, 15
MM, 66, 3, 13
MM, 67, 5, 12
MM, 68, 6, 13
MM, 68, 8, 12
MM, 69, 10, 12
MM, 69, 11, 17
MM, 70, 12, 11
MM, 70, 13, 11
MM, 71, 14, 14
MM, 71, 14, 12
MM, 71, 15, 15
MM, 71, 15, 9
MM, 71, 16, 12
MM, 71, 16, 17
MM, 71, 16, 12
MM, 71, 17, 12
MM, 71, 17, 12
MM, 72, 17, 13
MM, 72, 17, 12
MM, 72, 17, 18
MC, 1, 20
MM, 72, 18, 92
MM, 72, 18, 10
MM, 72, 18, 13
MM, 72, 18, 12
MM, 73, 18, 12
MM, 73, 18, 13
MM, 73, 16, 14
MM, 74, 14, 13
MM, 75, 11, 13
MM, 75, 9, 12
MM, 75, 6, 12
MM, 75, 3, 13
MM, 479, 644, 16
MM, 479, 641, 12
MM, 29, 29, 12
MM, 29, 26, 12
MM, 29, 23, 13
MM, 28, 21, 12
MM, 27, 19, 11
MM, 25, 17, 14
MM, 23, 16, 14
MM, 22, 14, 14
MM, 20, 12, 12
MM, 19, 11, 12
MM, 18, 10, 12
MM, 17, 8, 13
MM, 16, 6, 12
MM, 14, 4, 12
MM, 12, 1, 14
MM, 461, 605, 13
MM, 459, 602, 14
MM, 458, 599, 13
MM, 457, 597, 11
MM, 457, 596, 12
MM, 457, 594, 12
MM, 457, 593, 13
MM, 35, 21, 15
MM, 35, 21, 12
MM, 35, 20, 13
MM, 34, 20, 14
MM, 34, 20, 23
MM, 34, 20, 27
MM, 33, 20, 25
MM, 33, 20, 25
MM, 33, 20, 14
MM, 33, 20, 11
MM, 33, 20, 12
MM, 32, 20, 13
MM, 32, 20, 344
MM, 32, 19, 12
MM, 32, 19, 18
MM, 32, 19, 9
MM, 32, 18, 12
MM, 32, 18, 12
MM, 32, 18, 25
MM, 33, 18, 27
MM, 35, 18, 13
MM, 457, 589, 14
MM, 458, 589, 11
MM, 460, 589, 12
MM, 461, 589, 13
MM, 0, 18, 12
MM, 1, 18, 13
MM, 2, 18, 14
MM, 3, 18, 12
MM, 4, 18, 13
MM, 5, 18, 13
MM, 6, 18, 12
MM, 6, 18, 12
MM, 7, 18, 16
MM, 8, 18, 12
MM, 9, 18, 12
MM, 9, 18, 12
MM, 10, 18, 13
MM, 11, 18, 12
MM, 11, 18, 13
MM, 11, 18, 12
MM, 12, 18, 15
MM, 12, 18, 13
MM, 13, 18, 13
MM, 13, 18, 11
MM, 14, 18, 12
MM, 14, 18, 13
MM, 15, 18, 12
MC, 1, 27
MM, 18, 18, 13
MM, 21, 18, 15
MM, 26, 18, 12
MM, 495, 589, 11
MM, 2, 17, 11
MM, 12, 15, 13
MM, 21, 14, 15
MM, 31, 13, 12
MM, 540, 583, 12
MM, 5, 10, 13
MM, 13, 9, 13
MM, 19, 7, 12
MM, 25, 5, 12
MM, 31, 4, 15
MM, 579, 573, 12
MM, 0, 1, 14
MM, 3, 0, 11
MM, 6, 0, 13
MM, 593, 570, 13
MM, 595, 569, 12
MM, 596, 569, 13
MM, 597, 568, 12
MM, 597, 568, 14
MM, 598, 568, 12
MM, 598, 568, 13
MM, 598, 567, 13
MM, 598, 567, 12
MM, 598, 567, 12
MM, 598, 567, 13
MM, 598, 567, 358
MM, 598, 566, 12
MM, 598, 566, 13
MM, 598, 566, 13
MM, 598, 566, 14
MM, 598, 566, 418
MM, 598, 565, 14
MM, 598, 565, 12
MM, 598, 565, 13
MM, 598, 565, 497
MM, 23, 30, 12
MM, 25, 29, 12
MM, 29, 27, 12
MM, 32, 25, 12
MM, 611, 557, 15
MM, 614, 555, 11
MM, 0, 20, 14
MM, 2, 19, 15
MM, 4, 18, 11
MM, 6, 18, 12
MM, 8, 17, 13
MM, 9, 16, 13
MM, 10, 16, 12
MM, 11, 15, 13
MM, 12, 15, 11
MM, 13, 15, 16
MM, 14, 14, 14
MM, 15, 14, 11
MM, 15, 14, 12
MM, 16, 13, 13
MM, 17, 13, 12
MM, 18, 13, 12
MM, 20, 12, 12
MM, 21, 12, 15
MM, 21, 12, 12
MM, 21, 12, 14
MM, 22, 12, 13
MM, 22, 11, 12
MM, 22, 11, 12
MM, 22, 11, 11
MM, 22, 10, 13
MM, 22, 9, 14
MM, 23, 9, 12
MM, 23, 8, 14
MM, 23, 8, 14
MM, 23, 7, 12
MM, 23, 7, 11
MM, 23, 6, 12
MM, 23, 6, 15
MM, 23, 6, 11
MM, 23, 6, 140
MM, 23, 8, 13
MM, 23, 9, 12
MM, 23, 10, 13
MM, 22, 11, 13
MM, 21, 11, 14
MM, 20, 12, 13
MM, 20, 13, 14
MM, 19, 14, 11
MM, 19, 14, 12
MM, 19, 14, 12
MM, 18, 14, 16
MM, 18, 14, 11
MM, 18, 14, 13
MM, 18, 14, 13
MM, 18, 14, 12
MM, 17, 14, 12
MM, 17, 14, 13
MM, 17, 14, 52
MM, 16, 14, 12
MC, 1, 51
MM, 16, 14, 39
MM, 16, 14, 24
MM, 16, 14, 12
MM, 15, 14, 13
MM, 13, 14, 15
MM, 11, 15, 12
MM, 8, 18, 12
MM, 5, 21, 15
MM, 1, 26, 12
MM, 614, 565, 11
MM, 25, 0, 12
MM, 21, 6, 13
MM, 17, 11, 21
MM, 12, 19, 16
MM, 9, 22, 16
MM, 7, 26, 12
MM, 5, 30, 14
MM, 589, 604, 12
MM, 587, 606, 12
MM, 12, 0, 12
MM, 11, 2, 12
MM, 11, 4, 13
MM, 11, 5, 14
MM, 10, 6, 12
MM, 9, 7, 14
MM, 8, 8, 13
MM, 8, 9, 12
MM, 7, 9, 12
MM, 6, 9, 12
MM, 5, 10, 12
MM, 4, 10, 15
MM, 2, 11, 12
MM, 1, 12, 13
MM, 572, 621, 15
MM, 569, 622, 11
MM, 33, 15, 11
MM, 29, 16, 12
MM, 25, 17, 13
MM, 20, 17, 15
MM, 14, 18, 13
MM, 8, 18, 12
MM, 3, 19, 12
MM, 530, 628, 13
MM, 526, 628, 11
MM, 32, 21, 14
MM, 28, 22, 14
MM, 23, 22, 12
MM, 18, 23, 13
MM, 12, 24, 13
MM, 5, 25, 11
MM, 489, 633, 12
MM, 33, 25, 14
MM, 27, 25, 12
MM, 20, 25, 14
MM, 14, 25, 13
MM, 9, 25, 12
MM, 5, 25, 13
MM, 3, 24, 12
MM, 1, 23, 12
MM, 0, 22, 16
MM, 0, 22, 13
MM, 0, 21, 12
MM, 449, 628, 12
MM, 449, 628, 12
MM, 449, 628, 12
MM, 449, 627, 14
MM, 449, 627, 12
MM, 449, 627, 14
MM, 449, 627, 13
MM, 449, 626, 13
MM, 449, 626, 12
MM, 449, 626, 12
MM, 449, 625, 12
MM, 449, 625, 13
MM, 449, 624, 12
MM, 449, 623, 15
MM, 1, 15, 12
MM, 2, 14, 15
MM, 4, 14, 11
MM, 6, 13, 12
MM, 8, 13, 12
MM, 10, 13, 12
MM, 12, 13, 15
MM, 14, 13, 12
MM, 15, 13, 13
MM, 16, 13, 13
MM, 17, 13, 13
MM, 18, 13, 12
MM, 18, 13, 12
MM, 19, 13, 12
MM, 19, 13, 14
MM, 20, 13, 25
MC, 1, 128
MM, 20, 12, 12
MM, 20, 11, 16
MM, 19, 10, 12
MM, 17, 9, 12
MM, 15, 7, 11
MM, 13, 5, 12
MM, 11, 3, 17
MM, 9, 1, 9
MM, 456, 606, 14
MM, 452, 604, 11
MM, 449, 602, 16
MM, 25, 28, 12
MM, 21, 26, 12
MM, 17, 23, 11
MM, 13, 21, 12
MM, 10, 18, 15
MM, 6, 16, 13
MM, 3, 14, 12
MM, 0, 12, 13
MM, 420, 581, 13
MM, 418, 578, 12
MM, 417, 576, 12
MM, 416, 575, 12
MM, 416, 574, 14
MM, 416, 573, 12
MM, 416, 573, 15
MM, 416, 572, 12
MM, 416, 572, 11
MM, 416, 572, 13
MM, 416, 572, 12
MM, 416, 571, 15
MM, 416, 571, 12
MM, 416, 571, 13
MM, 416, 571, 13
MM, 416, 570, 12
MM, 416, 570, 12
MM, 417, 569, 12
MM, 418, 568, 16
MM, 418, 568, 12
MM, 419, 567, 12
MM, 420, 566, 13
MM, 421, 565, 13
MM, 7, 30, 11
MM, 7, 30, 12
MM, 8, 29, 15
MM, 9, 29, 14
MM, 9, 28, 12
MM, 9, 28, 12
MM, 9, 27, 13
MM, 10, 27, 12
MM, 10, 27, 12
MM, 10, 27, 12
MM, 10, 27, 15
MM, 10, 27, 12
MM, 11, 26, 15
MM, 11, 26, 11
MM, 11, 26, 13
MM, 12, 26, 12
MM, 12, 26, 11
MM, 12, 25, 13
MM, 12, 25, 14
MM, 13, 25, 12
MM, 13, 25, 14
MM, 13, 25, 14
MM, 14, 24, 12
MM, 14, 24, 11
MM, 14, 24, 13
MM, 14, 24, 14
MM, 14, 24, 12
MM, 15, 24, 13
MM, 15, 23, 13
MM, 15, 23, 12
MM, 15, 23, 12
MM, 16, 23, 13
MM, 16, 22, 12
MM, 16, 22, 15
MM, 16, 22, 12
MM, 16, 22, 14
MM, 16, 22, 11
MM, 16, 22, 14
MM, 16, 21, 11
MM, 16, 21, 12
MM, 16, 21, 320
MC, 1, 267
MM, 16, 23, 13
MM, 16, 25, 13
MM, 16, 28, 11
MM, 16, 30, 12
MM, 431, 567, 15
MM, 10, 0, 12
MM, 11, 4, 15
MM, 12, 9, 12
MM, 13, 14, 12
MM, 15, 20, 12
MM, 18, 26, 12
MM, 441, 606, 12
MM, 444, 615, 15
MM, 447, 624, 12
MM, 0, 24, 14
MM, 454, 640, 14
MM, 53, 1, 12
MM, 56, 7, 11
MM, 58, 11, 11
MM, 60, 14, 13
MM, 62, 15, 14
MM, 63, 16, 12
MM, 64, 17, 14
MM, 65, 17, 13
MM, 65, 17, 12
MM, 66, 18, 12
MM, 66, 18, 12
MM, 66, 18, 12
MM, 67, 19, 15
MM, 67, 19, 13
MM, 67, 19, 13
MM, 68, 19, 12
MM, 68, 19, 12
MM, 68, 19, 12
MM, 69, 19, 14
MM, 69, 19, 14
MM, 69, 19, 26
MM, 70, 19, 24
MM, 70, 19, 25
MM, 71, 19, 12
MM, 71, 19, 14
MM, 72, 19, 12
MM, 73, 19, 14
MM, 73, 19, 12
MM, 74, 19, 18
MM, 75, 19, 20
MM, 75, 19, 13
MM, 75, 19, 25
MM, 76, 19, 12
MM, 76, 19, 14
MC, 1, 27
MM, 76, 19, 36
MM, 77, 18, 12
MM, 78, 17, 13
MM, 82, 15, 13
MM, 87, 12, 14
MM, 95, 6, 12
MM, 510, 644, 13
MM, 32, 28, 13
MM, 1, 20, 11
MM, 12, 13, 13
MM, 20, 7, 16
MM, 26, 2, 11
MM, 564, 606, 12
MM, 27, 28, 14
MM, 32, 20, 12
MM, 579, 582, 12
MM, 583, 574, 12
MM, 587, 567, 13
MM, 14, 28, 16
MM, 15, 25, 11
MM, 17, 23, 12
MM, 18, 21, 13
MM, 19, 20, 13
MM, 20, 19, 11
MM, 21, 18, 13
MM, 23, 17, 14
MM, 25, 16, 12
MM, 28, 15, 15
MM, 31, 14, 13
MM, 35, 13, 11
MM, 615, 547, 12
MM, 3, 13, 12
MM, 7, 13, 12
MM, 11, 13, 15
MM, 14, 13, 12
MM, 17, 13, 13
MM, 19, 13, 14
MM, 21, 13, 12
MM, 22, 13, 11
MM, 24, 13, 13
MM, 24, 13, 14
MM, 25, 13, 14
MM, 26, 13, 11
MM, 27, 13, 13
MM, 28, 13, 13
MM, 29, 13, 13
MM, 30, 13, 12
MM, 649, 547, 11
MM, 650, 547, 14
MM, 651, 547, 14
MM, 653, 547, 12
MM, 0, 13, 14
MM, 2, 13, 12
MM, 3, 12, 11
MM, 3, 12, 13
MM, 4, 12, 12
MM, 4, 12, 15
MM, 5, 12, 12
MM, 5, 12, 26
MM, 5, 12, 24
MC, 1, 91
MM, 5, 12, 23
MM, 651, 548, 16
MM, 24, 17, 12
MM, 9, 23, 12
MM, 31, 30, 13
MM, 0, 1, 12
MM, 22, 10, 12
MM, 4, 18, 17
MM, 28, 25, 10
MM, 512, 603, 12
MM, 9, 0, 11
MM, 488, 613, 15
MM, 32, 7, 11
MM, 28, 8, 15
MM, 26, 9, 12
MM, 24, 10, 13
MM, 23, 10, 14
MM, 22, 10, 11
MM, 20, 11, 12
MM, 17, 12, 12
MM, 14, 13, 13
MM, 11, 13, 13
MM, 8, 14, 13
MM, 5, 14, 13
MM, 1, 14, 13
MM, 448, 622, 13
MM, 445, 622, 11
MM, 34, 14, 13
MM, 32, 14, 16
MM, 31, 14, 13
MM, 31, 14, 10
MM, 30, 14, 13
MM, 30, 14, 14
MM, 29, 14, 11
MM, 29, 14, 12
MM, 29, 15, 12
MM, 28, 15, 15
MM, 28, 15, 14
MM, 27, 15, 13
MM, 26, 15, 12
MM, 25, 16, 11
MM, 23, 16, 13
MM, 22, 16, 13
MM, 22, 17, 13
MM, 21, 17, 13
MM, 20, 17, 13
MM, 20, 17, 15
MM, 20, 17, 22
MC, 1, 101
MM, 20, 16, 40
MM, 20, 15, 15
MM, 20, 15, 10
MM, 20, 14, 13
MM, 20, 13, 12
MM, 21, 11, 13
MM, 22, 9, 12
MM, 23, 7, 12
MM, 23, 5, 15
MM, 24, 3, 13
MM, 24, 1, 12
MM, 434, 607, 13
MM, 434, 605, 12
MM, 434, 603, 12
MM, 434, 602, 12
MM, 14, 29, 13
MM, 14, 28, 15
MM, 14, 27, 12
MM, 14, 26, 13
MM, 14, 25, 12
MM, 14, 24, 11
MM, 14, 23, 14
MM, 14, 22, 16
MM, 14, 21, 12
MM, 14, 21, 12
MM, 14, 20, 12
MM, 14, 19, 13
MM, 14, 18, 12
MM, 14, 17, 13
MM, 14, 16, 12
MM, 14, 15, 13
MM, 14, 14, 14
MM, 14, 12, 13
MM, 13, 11, 12
MM, 11, 10, 12
MM, 9, 8, 12
MM, 6, 7, 12
MM, 4, 5, 16
MM, 2, 3, 11
MM, 0, 2, 12
MM, 419, 571, 13
MM, 418, 570, 12
MM, 416, 569, 14
MM, 415, 567, 13
MM, 414, 566, 13
MM, 413, 564, 12
MM, 413, 564, 14
MM, 411, 563, 11
MM, 410, 562, 12
MM, 409, 562, 13
MM, 36, 28, 16
MM, 35, 28, 12
MM, 35, 27, 12
MM, 35, 27, 12
MM, 34, 27, 13
MM, 34, 26, 11
MM, 34, 24, 13
MM, 34, 23, 15
MM, 34, 22, 13
MM, 34, 21, 13
MM, 33, 20, 12
MM, 33, 20, 12
MM, 33, 19, 12
MM, 32, 18, 12
MM, 32, 18, 13
MM, 32, 17, 15
MM, 32, 17, 11
MM, 32, 16, 16
MM, 32, 16, 11
MM, 32, 15, 12
MM, 32, 15, 12
MM, 32, 15, 52
MM, 35, 15, 12
MM, 409, 549, 14
MM, 411, 549, 11
MM, 413, 549, 12
MM, 414, 550, 13
MM, 1, 16, 15
MM, 2, 17, 12
MM, 3, 17, 12
MM, 3, 17, 13
MM, 4, 17, 11
MM, 4, 17, 13
MM, 4, 18, 13
MM, 5, 18, 27
MM, 5, 18, 27
MC, 1, 60
MM, 5, 18, 15
MM, 5, 18, 12
MM, 5, 19, 13
MM, 5, 21, 13
MM, 5, 23, 12
MM, 1, 25, 13
MM, 412, 562, 15
MM, 406, 565, 12
MM, 400, 567, 12
MM, 394, 569, 12
MM, 9, 1, 13
MM, 3, 2, 12
MM, 379, 575, 12
MM, 376, 576, 13
MM, 34, 7, 15
MM, 32, 8, 13
MM, 30, 10, 13
MM, 28, 12, 11
MM, 27, 13, 12
MM, 25, 15, 13
MM, 24, 16, 12
MM, 23, 17, 12
MM, 22, 17, 16
MM, 22, 18, 11
MM, 21, 18, 15
MM, 21, 18, 12
MM, 20, 18, 12
MM, 20, 18, 11
MC, 1, 79
MM, 20, 15, 13
MM, 22, 13, 12
MM, 26, 11, 12
MM, 32, 10, 12
MM, 379, 580, 12
MM, 12, 8, 13
MM, 25, 8, 12
MM, 420, 579, 13
MM, 14, 8, 16
MM, 29, 8, 12
MM, 462, 579, 12
MM, 11, 8, 12
MM, 22, 8, 13
MM, 31, 8, 12
MM, 1, 8, 12
MM, 9, 8, 15
MM, 18, 10, 12
MM, 29, 12, 14
MM, 539, 583, 12
MM, 6, 13, 12
MM, 14, 14, 12
MM, 20, 15, 12
MM, 25, 16, 13
MM, 30, 17, 15
MM, 34, 18, 12
MM, 581, 591, 12
MM, 584, 591, 15
MM, 1, 22, 11
MM, 3, 23, 12
MM, 4, 24, 12
MM, 5, 25, 15
MM, 5, 26, 12
MM, 5, 27, 13
MM, 5, 28, 12
MM, 5, 30, 12
MM, 590, 603, 14
MM, 590, 605, 11
MM, 585, 607, 13
MM, 7, 1, 15
MM, 2, 2, 12
MM, 573, 610, 12
MM, 570, 610, 13
MM, 35, 2, 12
MM, 32, 2, 12
MM, 30, 2, 17
MM, 28, 2, 11
MM, 26, 2, 12
MM, 25, 2, 13
MM, 25, 2, 12
MM, 24, 2, 14
MM, 24, 2, 11
MM, 24, 2, 13
MM, 23, 2, 12
MM, 23, 2, 12
MC, 1, 118
MM, 23, 2, 76
MM, 23, 2, 12
MM, 21, 2, 15
MM, 19, 2, 11
MM, 15, 2, 13
MM, 9, 2, 11
MM, 1, 3, 12
MM, 34, 4, 16
MM, 24, 4, 11
MM, 14, 4, 12
MM, 4, 4, 13
MM, 484, 612, 15
MM, 25, 4, 12
MM, 18, 4, 10
MM, 11, 4, 13
MM, 5, 2, 15
MM, 1, 0, 17
MM, 443, 605, 19
MM, 439, 603, 14
MM, 436, 602, 14
MM, 13, 30, 12
MM, 11, 29, 12
MM, 9, 27, 13
MM, 7, 27, 12
MM, 6, 26, 12
MM, 5, 25, 12
MM, 4, 25, 15
MM, 3, 25, 12
MM, 1, 24, 14
MM, 0, 24, 13
MM, 420, 594, 12
MM, 418, 594, 12
MM, 416, 593, 12
MM, 415, 592, 12
MM, 34, 20, 15
MM, 33, 20, 12
MM, 32, 19, 13
MM, 31, 19, 14
MM, 30, 18, 12
MM, 30, 18, 23
MC, 1, 90
MM, 30, 18, 27
MM, 34, 20, 12
MM, 419, 594, 13
MM, 2, 27, 13
MM, 427, 603, 11
MM, 22, 0, 12
MM, 26, 4, 17
MM, 29, 7, 11
MM, 32, 10, 12
MM, 444, 621, 13
MM, 446, 622, 13
MM, 448, 624, 12
MM, 0, 18, 12
MM, 2, 19, 12
MM, 4, 20, 17
MM, 6, 22, 11
MM, 7, 23, 12
MM, 8, 24, 13
MM, 10, 26, 13
MM, 11, 27, 11
MM, 12, 29, 13
MM, 464, 639, 12
MM, 465, 640, 15
MM, 466, 641, 13
MM, 467, 642, 14
MM, 468, 643, 10
MM, 469, 644, 13
MM, 65, 1, 13
MM, 66, 2, 11
MM, 67, 3, 13
MM, 68, 4, 14
MM, 69, 5, 13
MM, 69, 7, 15
MM, 70, 8, 12
MM, 71, 10, 12
MM, 72, 11, 11
MM, 72, 13, 12
MM, 73, 14, 15
MM, 73, 14, 11
MM, 74, 15, 15
MM, 74, 16, 11
MM, 74, 16, 14
MM, 74, 17, 12
MM, 75, 17, 11
MM, 76, 17, 13
MM, 77, 17, 14
MC, 1, 14
MM, 81, 17, 11
MM, 85, 17, 13
MM, 90, 17, 13
MM, 96, 13, 13
MM, 105, 6, 12
MM, 522, 641, 12
MM, 1, 23, 12
MM, 13, 15, 15
MM, 23, 7, 19
MM, 32, 23, 17
MM, 0, 11, 15
MM, 9, 0, 14
MM, 26, 28, 12
MM, 30, 22, 12
MM, 35, 18, 12
MM, 614, 549, 12
MM, 0, 12, 12
MM, 2, 11, 15
MM, 4, 10, 13
MM, 5, 9, 13
MM, 7, 9, 14
MM, 9, 8, 12
MM, 11, 7, 11
MM, 13, 6, 11
MM, 15, 5, 14
MM, 15, 5, 15
MM, 16, 4, 12
MM, 17, 4, 12
MM, 18, 4, 13
MM, 18, 4, 12
MM, 18, 3, 24
MM, 18, 3, 27
MM, 18, 5, 76
MM, 18, 7, 14
MM, 18, 9, 12
MM, 18, 10, 14
MM, 18, 12, 12
MM, 17, 13, 12
MM, 15, 14, 13
MM, 14, 16, 15
MM, 12, 16, 11
MC, 1, 38
MM, 8, 18, 12
MM, 7, 18, 12
MM, 6, 19, 12
MM, 5, 19, 15
MM, 3, 21, 14
MM, 0, 22, 13
MM, 614, 558, 12
MM, 35, 26, 12
MM, 29, 29, 11
MM, 599, 566, 13
MM, 594, 568, 12
MM, 4, 0, 15
MM, 583, 574, 12
MM, 35, 5, 15
MM, 31, 7, 12
MM, 27, 8, 12
MM, 23, 10, 11
MM, 19, 13, 13
MM, 16, 15, 14
MM, 12, 17, 12
MM, 10, 18, 13
MM, 8, 20, 13
MM, 7, 20, 13
MM, 7, 21, 12
MM, 6, 22, 11
MM, 5, 23, 14
MM, 5, 23, 14
MM, 5, 24, 13
MM, 5, 24, 12
MM, 5, 25, 13
MM, 5, 26, 11
MM, 5, 26, 13
MM, 5, 28, 12
MM, 5, 29, 15
MM, 548, 602, 12
MM, 548, 603, 13
MM, 548, 604, 15
MM, 548, 605, 10
MM, 548, 607, 13
MM, 16, 0, 11
MM, 16, 1, 15
MM, 16, 2, 11
MM, 16, 3, 14
MM, 16, 4, 12
MM, 16, 5, 14
MM, 16, 7, 19
MM, 16, 9, 18
MM, 16, 10, 13
MM, 16, 11, 15
MM, 16, 12, 12
MM, 16, 13, 11
MM, 16, 13, 12
MM, 16, 13, 12
MM, 16, 14, 17
MM, 16, 14, 11
MC, 1, 51
MM, 16, 15, 11
MM, 16, 16, 13
MM, 16, 16, 14
MM, 16, 17, 13
MM, 16, 19, 13
MM, 14, 21, 12
MM, 11, 22, 12
MM, 9, 24, 13
MM, 6, 27, 12
MM, 3, 29, 12
MM, 533, 639, 15
MM, 531, 641, 13
MM, 529, 644, 12
MM, 123, 1, 13
MM, 121, 3, 11
MM, 120, 5, 13
MM, 118, 6, 16
MM, 117, 8, 11
MM, 115, 9, 12
MM, 114, 10, 13
MM, 113, 12, 13
MM, 112, 12, 12
MM, 111, 13, 12
MM, 110, 14, 13
MM, 110, 15, 15
MM, 109, 15, 13
MM, 108, 15, 12
MM, 108, 15, 12
MM, 108, 16, 13
MM, 108, 16, 11
MM, 107, 16, 13
MM, 107, 16, 14
MM, 107, 16, 13
MM, 107, 16, 38
MC, 1, 36
MM, 107, 8, 13
MM, 511, 642, 14
MM, 21, 23, 13
MM, 21, 14, 14
MM, 21, 6, 12
MM, 511, 607, 12
MM, 10, 30, 11
MM, 10, 26, 14
MM, 10, 22, 15
MM, 10, 19, 12
MM, 10, 17, 12
MM, 10, 16, 13
MM, 10, 14, 13
MM, 10, 12, 11
MM, 10, 10, 12
MM, 10, 8, 13
MM, 10, 7, 15
MM, 10, 5, 12
MM, 9, 3, 13
MM, 8, 2, 12
MM, 508, 570, 11
MM, 507, 569, 13
MM, 506, 567, 13
MM, 506, 566, 14
MM, 9, 30, 13
MM, 9, 29, 13
MM, 9, 28, 14
MM, 9, 26, 11
MM, 9, 25, 12
MM, 9, 24, 12
MM, 9, 23, 13
MM, 9, 23, 13
MM, 9, 22, 15
MM, 9, 21, 11
MM, 9, 21, 14
MM, 9, 21, 18
MM, 9, 20, 20
MC, 1, 91
MM, 10, 20, 10
MM, 11, 23, 13
MM, 12, 26, 13
MM, 14, 29, 13
MM, 511, 566, 11
MM, 512, 568, 12
MM, 513, 570, 15
MM, 14, 0, 13
MM, 16, 2, 12
MM, 18, 3, 13
MM, 21, 5, 12
MM, 24, 6, 12
MM, 27, 6, 13
MM, 29, 7, 13
MM, 31, 7, 15
MM, 34, 8, 12
MM, 538, 579, 12
MM, 541, 580, 13
MM, 0, 9, 12
MM, 2, 9, 12
MM, 4, 10, 16
MM, 5, 10, 12
MM, 7, 10, 12
MM, 7, 10, 12
MM, 8, 10, 13
MM, 8, 10, 12
MM, 8, 10, 11
MM, 9, 10, 14
MM, 9, 10, 14
MM, 10, 10, 13
MM, 10, 10, 25
MM, 10, 10, 12
MM, 11, 10, 25
MM, 11, 10, 15
MC, 1, 86
MM, 9, 10, 41
MM, 4, 9, 12
MM, 541, 577, 15
MM, 35, 4, 11
MM, 527, 570, 11
MM, 517, 565, 12
MM, 11, 27, 13
MM, 1, 22, 15
MM, 31, 20, 12
MM, 21, 16, 13
MM, 13, 14, 12
MM, 6, 12, 13
MM, 0, 11, 11
MM, 453, 544, 14
MM, 34, 9, 14
MM, 30, 8, 12
MM, 27, 7, 13
MM, 25, 7, 12
MM, 24, 7, 12
MM, 23, 7, 12
MM, 22, 7, 14
MM, 22, 7, 26
MM, 23, 14, 179
MM, 25, 16, 11
MM, 26, 19, 13
MM, 28, 22, 13
MM, 30, 25, 12
MM, 31, 29, 15
MM, 447, 566, 12
MM, 27, 0, 14
MM, 28, 5, 11
MM, 30, 12, 13
MM, 32, 22, 12
MM, 455, 606, 13
MM, 7, 10, 13
MM, 8, 19, 14
MM, 10, 27, 11
MM, 461, 642, 14
MM, 58, 3, 12
MM, 59, 9, 12
MM, 59, 12, 12
MM, 59, 14, 13
MM, 60, 15, 16
MM, 60, 16, 11
MM, 61, 16, 12
MM, 61, 17, 13
MM, 61, 17, 13
MM, 61, 18, 11
MM, 61, 19, 12
MM, 62, 19, 16
MM, 62, 20, 13
MM, 62, 20, 13
MM, 62, 21, 12
MM, 62, 21, 11
MM, 62, 21, 13
MM, 62, 22, 12
MM, 62, 22, 12
MM, 62, 23, 16
MM, 62, 23, 11
MM, 62, 24, 15
MM, 62, 24, 12
MC, 1, 63
MM, 62, 22, 12
MM, 62, 18, 13
MM, 62, 13, 15
MM, 62, 8, 11
MM, 62, 3, 11
MM, 465, 644, 12
MM, 463, 640, 16
MM, 9, 28, 13
MM, 6, 22, 12
MM, 1, 16, 12
MM, 446, 618, 12
MM, 32, 6, 15
MM, 27, 1, 12
MM, 431, 604, 11
MM, 6, 30, 12
MM, 2, 26, 15
MM, 420, 593, 12
MM, 417, 587, 13
MM, 416, 583, 12
MM, 34, 8, 12
MM, 32, 5, 13
MM, 31, 1, 13
MM, 409, 570, 12
MM, 409, 569, 15
MM, 408, 567, 12
MM, 407, 566, 12
MM, 406, 565, 13
MM, 34, 30, 12
MM, 33, 29, 12
MM, 33, 28, 17
MM, 32, 27, 11
MM, 32, 26, 11
MM, 32, 26, 13
MM, 31, 25, 13
MM, 31, 25, 15
MM, 31, 24, 10
MM, 31, 24, 12
MM, 31, 24, 16
MM, 31, 24, 12
MC, 1, 67
MM, 31, 24, 45
MM, 410, 561, 13
MM, 14, 30, 15
MM, 452, 566, 12
MM, 472, 566, 12
MM, 488, 566, 15
MM, 501, 566, 11
MM, 514, 566, 13
MM, 526, 566, 11
MM, 3, 30, 12
MM, 13, 27, 14
MM, 24, 24, 14
MM, 33, 22, 12
MM, 1, 20, 13
MM, 9, 19, 13
MM, 15, 19, 11
MM, 21, 18, 13
MM, 26, 18, 12
MM, 30, 18, 16
MM, 34, 18, 12
MM, 611, 552, 12
MM, 614, 552, 12
MM, 1, 18, 14
MM, 4, 18, 11
MM, 7, 18, 13
MM, 10, 18, 14
MM, 13, 18, 14
MM, 15, 18, 13
MM, 18, 17, 11
MM, 20, 17, 14
MM, 23, 16, 11
MM, 25, 16, 12
MM, 28, 15, 12
MM, 30, 15, 15
MM, 648, 549, 14
MM, 649, 548, 13
MM, 650, 548, 12
MM, 651, 548, 12
MM, 651, 547, 11
MM, 652, 547, 12
MM, 652, 547, 27
MM, 652, 547, 89
MM, 653, 547, 25
MM, 653, 547, 14
MM, 0, 13, 13
MM, 2, 13, 12
MM, 4, 13, 12
MM, 5, 13, 12
MM, 7, 13, 12
MM, 8, 13, 15
MM, 8, 13, 12
MM, 9, 13, 14
MM, 9, 13, 12
MM, 10, 13, 12
MC, 1, 101
MM, 8, 13, 103
MM, 4, 13, 14
MM, 652, 547, 13
MM, 29, 13, 13
MM, 20, 13, 12
MM, 8, 12, 13
MM, 35, 11, 12
MM, 17, 11, 11
MM, 574, 545, 17
MM, 23, 11, 10
MM, 8, 11, 12
MM, 529, 545, 12
MM, 23, 11, 14
MM, 15, 11, 14
MM, 11, 11, 12
MM, 9, 11, 12
MM, 7, 11, 14
MM, 6, 11, 14
MM, 5, 11, 10
MM, 5, 11, 12
MM, 4, 11, 13
MM, 4, 11, 16
MM, 4, 11, 11
MM, 4, 11, 12
MM, 3, 11, 14
MM, 3, 11, 12
MM, 3, 11, 12
MM, 2, 11, 25
MM, 2, 11, 14
MM, 1, 11, 13
MM, 495, 545, 12
MM, 494, 545, 13
MM, 492, 545, 13
MM, 490, 545, 11
MM, 31, 11, 13
MM, 29, 11, 14
MM, 27, 11, 12
MM, 26, 11, 15
MM, 25, 11, 12
MM, 24, 11, 12
MM, 23, 11, 12
MM, 23, 12, 12
MC, 1, 39
MM, 23, 12, 50
MM, 494, 547, 13
MM, 30, 18, 14
MM, 28, 26, 13
MM, 599, 568, 13
MM, 11, 4, 12
MM, 661, 581, 12
MM, 20, 16, 12
MM, 698, 590, 13
MM, 708, 593, 13
MM, 714, 594, 14
MM, 716, 595, 12
MM, 718, 595, 15
MM, 719, 595, 12
MM, 720, 595, 12
MM, 720, 595, 11
MM, 721, 595, 14
MM, 721, 595, 101
MM, 716, 595, 12
MM, 710, 595, 14
MM, 705, 595, 13
MM, 700, 594, 13
MM, 695, 592, 12
MM, 28, 19, 12
MM, 25, 18, 12
MM, 22, 16, 15
MM, 20, 15, 13
MM, 18, 14, 14
MM, 16, 13, 11
MM, 15, 12, 12
MM, 14, 12, 13
MM, 13, 11, 12
MM, 11, 11, 12
MM, 11, 11, 13
MM, 10, 11, 14
MM, 9, 10, 14
MM, 9, 10, 13
MM, 9, 10, 12
MC, 1, 63
MM, 8, 10, 40
MM, 7, 10, 11
MM, 5, 10, 13
MM, 0, 10, 13
MM, 657, 581, 12
MM, 25, 10, 14
MM, 10, 10, 11
MM, 27, 10, 12
MM, 10, 10, 13
MM, 580, 581, 12
MM, 26, 10, 14
MM, 19, 10, 13
MM, 12, 10, 13
MM, 7, 10, 13
MM, 3, 10, 11
MM, 1, 10, 13
MM, 542, 581, 14
MM, 540, 581, 13
MM, 538, 581, 14
MM, 35, 10, 12
MM, 32, 10, 12
MM, 29, 10, 12
MM, 26, 10, 12
MM, 22, 10, 12
MM, 18, 10, 15
MM, 14, 10, 12
MM, 11, 10, 15
MM, 8, 10, 12
MM, 5, 10, 12
MM, 4, 10, 11
MM, 2, 10, 12
MM, 0, 11, 16
MM, 499, 582, 12
MM, 497, 583, 12
MM, 495, 584, 13
MM, 30, 14, 14
MM, 28, 14, 11
MM, 26, 15, 12
MM, 24, 15, 12
MM, 21, 15, 15
MM, 18, 15, 12
MM, 16, 16, 13
MM, 14, 16, 12
MM, 11, 16, 12
MM, 9, 17, 13
MM, 6, 17, 12
MM, 4, 18, 14
MM, 2, 18, 14
MM, 462, 590, 12
MM, 460, 591, 15
MM, 458, 591, 10
MM, 34, 21, 13
MM, 31, 22, 11
MM, 29, 22, 14
MM, 26, 23, 12
MM, 24, 23, 15
MM, 22, 23, 12
MM, 20, 23, 13
MM, 19, 23, 12
MM, 19, 23, 13
MM, 18, 23, 12
MM, 17, 23, 12
MM, 17, 23, 16
MM, 17, 23, 24
MC, 1, 64
MM, 17, 22, 13
MM, 17, 21, 13
MM, 17, 21, 12
MM, 18, 20, 12
MM, 23, 20, 13
MM, 29, 20, 11
MM, 460, 591, 13
MM, 6, 20, 15
MM, 17, 20, 12
MM, 28, 20, 14
MM, 2, 22, 12
MM, 12, 23, 12
MM, 21, 25, 13
MM, 29, 26, 12
MM, 538, 599, 12
MM, 2, 29, 16
MM, 551, 602, 11
MM, 555, 603, 11
MM, 560, 604, 12
MM, 564, 605, 17
MM, 567, 606, 11
MM, 570, 608, 12
MM, 573, 609, 13
MM, 1, 2, 13
MM, 3, 3, 14
MM, 5, 4, 11
MM, 7, 5, 11
MM, 9, 5, 14
MM, 11, 6, 15
MM, 14, 6, 11
MM, 17, 7, 12
MM, 20, 7, 14
MM, 24, 8, 12
MM, 28, 8, 12
MM, 33, 8, 12
MM, 613, 616, 15
MM, 0, 8, 14
MM, 6, 8, 13
MM, 10, 8, 12
MM, 15, 8, 11
MM, 18, 8, 13
MM, 21, 8, 11
MM, 23, 8, 14
MM, 24, 8, 14
MM, 25, 8, 12
MM, 25, 8, 15
MM, 26, 8, 12
MM, 27, 8, 12
MM, 27, 8, 11
MM, 28, 8, 12
MM, 29, 8, 15
MM, 29, 8, 12
MM, 31, 8, 13
MM, 651, 616, 13
MM, 652, 617, 13
MM, 654, 617, 12
MM, 656, 617, 11
MM, 0, 10, 13
MM, 2, 10, 14
MM, 3, 10, 13
MM, 5, 10, 13
MM, 6, 11, 12
MM, 7, 11, 12
MM, 8, 11, 13
MM, 9, 12, 12
MM, 10, 12, 15
MM, 10, 13, 11
MM, 11, 13, 15
MM, 11, 14, 13
MM, 12, 14, 12
MM, 12, 15, 12
MM, 13, 15, 11
MM, 13, 16, 13
MM, 13, 16, 13
MM, 13, 16, 14
MM, 13, 17, 13
MM, 13, 17, 13
MM, 14, 17, 12
MM, 14, 18, 12
MM, 15, 18, 12
MM, 15, 18, 17
MM, 15, 19, 11
MM, 16, 19, 12
MM, 16, 20, 13
MM, 16, 20, 12
MC, 1, 24
MM, 16, 20, 524
MM, 16, 19, 12
MM, 18, 18, 11
MM, 23, 17, 14
MM, 28, 16, 13
MM, 689, 623, 13
MM, 693, 622, 13
MM, 697, 621, 15
MM, 700, 621, 11
MM, 702, 620, 11
MM, 704, 619, 12
MM, 706, 619, 13
MM, 707, 618, 15
MM, 708, 618, 13
MM, 708, 618, 12
MM, 709, 618, 12
MM, 709, 618, 918
MM, 710, 618, 12
MM, 713, 618, 12
MM, 717, 618, 12
MM, 723, 617, 12
MM, 730, 617, 15
MM, 737, 617, 12
MM, 743, 617, 13
MM, 748, 617, 12
MM, 752, 617, 14
MM, 754, 617, 11
MM, 756, 617, 12
MM, 757, 617, 13
MM, 758, 617, 15
MM, 759, 617, 11
MM, 760, 617, 14
MM, 760, 617, 11
MM, 761, 617, 13
MM, 761, 617, 13
MM, 762, 617, 13
MM, 762, 617, 14
MM, 763, 617, 12
MM, 764, 617, 13
MM, 764, 616, 12
MM, 765, 616, 12
MM, 765, 616, 12
MM, 766, 616, 13
MM, 766, 615, 16
MM, 766, 615, 12
MM, 767, 615, 12
MM, 767, 615, 12
MM, 768, 614, 13
MM, 768, 614, 13
MM, 769, 614, 11
MM, 769, 613, 12
MM, 770, 613, 17
MM, 770, 612, 12
MM, 770, 612, 12
MM, 770, 611, 12
MM, 770, 610, 13
MM, 770, 610, 12
MM, 770, 610, 11
MM, 771, 609, 14
MM, 771, 609, 14
MM, 771, 608, 13
MM, 771, 608, 13
MM, 772, 608, 12
MM, 772, 607, 12
MM, 772, 607, 12
MM, 772, 607, 12
MM, 772, 607, 16
MM, 772, 606, 11
MM, 773, 606, 13
MM, 773, 606, 15
MM, 773, 605, 12
MM, 773, 605, 11
MM, 773, 605, 11
MM, 773, 605, 14
MM, 773, 605, 15
MM, 773, 605, 12
MM, 773, 604, 242
MM, 773, 604, 12
MM, 773, 604, 14
MM, 773, 604, 12
MM, 773, 603, 12
MM, 773, 603, 12
MM, 773, 602, 13
MM, 774, 602, 39
MM, 775, 602, 12
MM, 776, 602, 15
MM, 778, 602, 12
MM, 2, 16, 11
MM, 5, 17, 12
MM, 7, 18, 15
MM, 10, 19, 12
MM, 12, 19, 13
MM, 13, 19, 12
MM, 15, 19, 12
MM, 17, 19, 13
MM, 18, 19, 12
MM, 19, 20, 13
MM, 20, 20, 14
MM, 21, 20, 13
MM, 21, 20, 13
MM, 22, 20, 13
MM, 22, 20, 23
MM, 22, 20, 13
