**********************************
LOGGING TIME: 20180908_184558
CLIENT IP: 127.0.1.1
USERNAME: abhilash
OS: Linux
*********************Neutral database**********************************
MM, 206, 63, 1537598292119
MM, 175, 30, 660
MM, 169, 26, 12
MM, 164, 23, 13
MM, 159, 21, 11
MM, 156, 20, 14
MM, 154, 19, 12
MM, 151, 17, 14
MM, 148, 16, 13
MM, 145, 15, 11
MM, 142, 14, 15
MM, 138, 13, 12
MM, 135, 12, 12
MM, 131, 11, 12
MM, 129, 10, 12
MM, 127, 9, 14
MM, 125, 8, 14
MM, 123, 7, 12
MM, 121, 6, 13
MM, 120, 5, 13
MM, 118, 3, 11
MM, 116, 2, 12
MM, 115, 1, 16
MM, 114, 0, 13
MM, 103, 0, 8218
MM, 103, 1, 15
MM, 103, 1, 13
MM, 103, 2, 14
MM, 103, 2, 11
MM, 103, 3, 12
MM, 103, 3, 13
MM, 103, 3, 14
MM, 103, 3, 10
MM, 103, 4, 14
MM, 103, 4, 14
MC, 1, 152
MM, 100, 4, 1695
MM, 87, 4, 13
MM, 81, 4, 14
MM, 81, 4, 1793
MM, 90, 4, 12
MM, 110, 4, 13
MM, 131, 10, 12
MM, 152, 17, 16
MM, 168, 23, 11
MP, 1, 1035
MR, 1, 21
MC, 1, 0
MM, 61, 30, 1275
MM, 61, 30, 11
MM, 61, 30, 14
MM, 60, 30, 14
MM, 60, 30, 12
MM, 60, 29, 12
MM, 60, 29, 14
MM, 59, 29, 23
MM, 59, 29, 26
MM, 58, 29, 27
MM, 59, 29, 1133
MM, 61, 29, 12
MM, 63, 29, 12
MM, 66, 29, 15
MM, 69, 29, 12
MM, 72, 29, 15
MM, 75, 29, 12
MM, 79, 29, 12
MM, 82, 29, 11
MM, 85, 29, 13
MM, 88, 29, 14
MM, 90, 29, 12
MM, 91, 29, 13
MM, 93, 29, 13
MM, 93, 29, 14
MM, 94, 29, 11
MM, 94, 29, 12
MM, 97, 28, 217
MM, 114, 27, 13
MM, 148, 27, 14
MM, 16, 25, 12
MM, 55, 25, 13
MM, 122, 1, 6788
MM, 134, 14, 13
MM, 140, 21, 12
MM, 141, 23, 13
MM, 142, 24, 13
MM, 159, 1, 204
MM, 173, 17, 13
MC, 1, 1285
MM, 44, 6, 20664
MM, 163, 14, 23
MM, 155, 9, 14
MM, 155, 8, 13
MM, 155, 11, 1882
MM, 53, 4, 435
MM, 54, 12, 11
MM, 54, 17, 11
MM, 54, 19, 13
MM, 54, 21, 14
MM, 54, 22, 13
MM, 54, 22, 13
MM, 54, 23, 15
MM, 54, 23, 11
MM, 54, 23, 11
MC, 1, 178
MM, 54, 31, 258
MM, 54, 51, 12
MM, 21, 10, 12
MM, 19, 0, 242
MM, 19, 2, 19
MM, 30, 14, 17
MM, 16, 3, 28
MM, 29, 13, 12
MM, 35, 17, 12
MM, 38, 19, 13
MM, 39, 20, 12
MM, 12, 19, 203
MM, 31, 18, 15
MM, 6, 18, 24
MM, 12, 18, 14
MM, 15, 18, 12
MM, 16, 18, 12
MM, 17, 18, 12
MM, 17, 18, 13
MM, 24, 18, 166
MM, 32, 18, 15
MM, 41, 18, 12
MM, 3, 17, 13
MM, 13, 17, 13
MM, 20, 16, 12
MM, 24, 16, 12
MM, 26, 16, 12
MM, 27, 15, 12
MM, 28, 15, 16
MM, 28, 15, 12
MM, 28, 15, 12
MM, 28, 14, 14
MM, 28, 14, 13
MM, 28, 14, 11
MM, 28, 14, 12
MM, 28, 13, 12
MM, 28, 13, 15
MM, 28, 13, 12
MM, 28, 13, 50
MC, 1, 115
MM, 27, 13, 141
MM, 15, 12, 31
MM, 20, 11, 19
MM, 7, 2, 318
MM, 6, 5, 13
MM, 5, 6, 12
MM, 5, 7, 16
MM, 4, 8, 13
MM, 3, 9, 12
MM, 2, 9, 11
MM, 0, 9, 13
MM, 43, 9, 52
MM, 41, 9, 13
MM, 38, 9, 13
MM, 36, 9, 12
MM, 34, 9, 12
MM, 32, 9, 12
MM, 31, 9, 13
MM, 30, 9, 13
MM, 29, 9, 13
MM, 29, 9, 13
MM, 28, 9, 14
MC, 1, 150
MM, 28, 10, 243
MM, 28, 12, 14
MM, 28, 13, 12
MM, 28, 16, 13
MM, 28, 21, 13
MM, 28, 29, 13
MM, 12, 1, 13
MM, 10, 10, 11
MM, 9, 18, 13
MM, 7, 24, 11
MM, 7, 28, 17
MM, 6, 31, 11
MM, 7, 0, 76
MM, 6, 1, 12
MM, 6, 2, 15
MM, 6, 3, 11
MM, 5, 4, 11
MM, 5, 6, 14
MM, 5, 8, 15
MM, 4, 11, 11
MM, 4, 14, 12
MM, 4, 16, 14
MM, 3, 19, 13
MM, 2, 22, 11
MM, 2, 25, 12
MM, 1, 28, 15
MM, 0, 31, 13
MM, 138, 0, 50
MM, 138, 2, 11
MM, 138, 4, 13
MM, 138, 6, 14
MM, 138, 8, 12
MM, 138, 10, 15
MM, 138, 11, 13
MM, 138, 13, 12
MM, 138, 13, 11
MM, 138, 14, 12
MM, 138, 14, 15
MC, 1, 74
MM, 138, 14, 841
MM, 138, 13, 15
MM, 138, 11, 11
MM, 138, 9, 15
MM, 138, 6, 12
MM, 138, 2, 12
MM, 43, 22, 90
MM, 37, 19, 11
MM, 29, 15, 12
MM, 21, 10, 13
MM, 13, 5, 15
MM, 6, 1, 11
MM, 42, 30, 38
MM, 39, 29, 13
MM, 37, 28, 13
MM, 36, 28, 13
MM, 35, 28, 13
MM, 35, 28, 12
MM, 35, 28, 13
MM, 34, 28, 102
MM, 34, 28, 24
MM, 33, 28, 13
MM, 33, 28, 16
MM, 33, 28, 13
MM, 32, 28, 10
MM, 31, 28, 13
MM, 31, 28, 12
MC, 1, 204
MM, 15, 21, 179
MM, 33, 9, 12
MP, 1, 635
MR, 1, 15
MC, 1, 0
MM, 0, 17, 356
MM, 0, 17, 12
MM, 1, 17, 26
MC, 1, 37
MM, 8, 17, 307
MM, 20, 17, 14
MM, 43, 17, 12
MM, 13, 17, 12
MM, 28, 17, 13
MM, 36, 19, 12
MM, 41, 21, 12
MM, 42, 21, 17
MM, 42, 22, 150
MM, 42, 22, 12
MM, 42, 23, 13
MM, 42, 24, 15
MM, 43, 25, 12
MM, 4, 30, 27
MM, 26, 2, 35
MM, 31, 4, 12
MM, 34, 5, 16
MM, 35, 6, 12
MM, 37, 6, 12
MM, 37, 7, 12
MM, 37, 7, 15
MM, 38, 7, 11
MM, 39, 7, 24
MM, 39, 7, 27
MM, 39, 7, 25
MM, 40, 7, 65
MM, 40, 7, 24
MM, 40, 7, 13
MM, 41, 7, 25
MM, 41, 7, 12
MM, 41, 7, 16
MM, 42, 7, 12
MM, 42, 7, 12
MM, 43, 7, 12
MM, 0, 7, 179
MM, 0, 7, 27
MM, 0, 7, 61
MM, 3, 7, 230
MM, 6, 7, 14
MM, 8, 7, 13
MM, 10, 7, 12
MM, 11, 7, 12
MM, 12, 7, 12
MM, 13, 7, 13
MM, 14, 7, 14
MM, 15, 7, 11
MM, 15, 7, 14
MM, 15, 7, 14
MC, 1, 88
MM, 17, 5, 228
MM, 1, 0, 12
MM, 24, 29, 14
MM, 36, 28, 39
MM, 0, 4, 1030
MM, 0, 7, 14
MM, 33, 16, 39
MM, 30, 19, 13
MM, 28, 21, 12
MM, 26, 23, 12
MM, 25, 24, 13
MM, 24, 24, 12
MM, 23, 25, 12
MM, 23, 25, 15
MM, 23, 25, 12
MC, 1, 272
MM, 21, 25, 325
MM, 16, 25, 13
MM, 7, 25, 12
MM, 35, 25, 15
MM, 20, 23, 12
MM, 7, 17, 13
MM, 37, 5, 24
MM, 33, 1, 14
MM, 30, 0, 11
MP, 1, 295
MR, 1, 1
MC, 1, 0
MM, 24, 0, 74
MM, 24, 1, 15
MM, 24, 2, 12
MM, 24, 3, 12
MM, 24, 4, 13
MM, 24, 4, 14
MM, 24, 5, 11
MM, 24, 5, 12
MM, 24, 5, 13
MM, 24, 6, 15
MM, 24, 6, 12
MM, 24, 6, 12
MM, 24, 6, 13
MM, 24, 6, 12
MM, 24, 7, 14
MM, 24, 7, 11
MM, 24, 7, 12
MM, 24, 7, 15
MM, 24, 8, 31
MC, 1, 173
MM, 20, 8, 254
MM, 6, 8, 12
MM, 33, 8, 13
MM, 13, 8, 12
MC, 1, 1555
MM, 14, 13, 228
MM, 29, 13, 17
MM, 37, 13, 10
MM, 42, 13, 12
MM, 1, 13, 78
MM, 3, 13, 13
MM, 6, 13, 11
MM, 9, 14, 12
MM, 12, 16, 12
MM, 15, 17, 13
MM, 17, 18, 12
MM, 20, 19, 15
MM, 23, 19, 12
MM, 27, 19, 13
MM, 32, 19, 13
MM, 38, 19, 11
MM, 3, 19, 29
MM, 9, 18, 12
MM, 13, 17, 12
MM, 16, 16, 11
MM, 18, 15, 14
MM, 20, 15, 12
MM, 21, 15, 12
MM, 21, 15, 15
MM, 22, 15, 12
MM, 22, 15, 14
MM, 22, 14, 100
MM, 22, 14, 15
MM, 22, 14, 12
MM, 22, 14, 11
MM, 22, 14, 12
MM, 22, 13, 15
MM, 22, 13, 12
MC, 1, 50
MM, 21, 13, 78
MM, 18, 13, 11
MM, 13, 13, 13
MM, 7, 13, 13
MM, 28, 14, 27
MM, 8, 18, 12
MM, 41, 19, 12
MM, 26, 20, 13
MM, 17, 20, 12
MM, 12, 20, 13
MM, 10, 20, 12
MM, 8, 20, 16
MM, 8, 20, 12
MM, 7, 20, 11
MM, 7, 20, 13
MM, 7, 20, 13
MM, 7, 20, 101
MM, 6, 20, 12
MM, 5, 20, 13
MM, 4, 20, 15
MM, 2, 20, 12
MC, 1, 256
MC, 1, 610
MM, 9, 23, 89
MM, 39, 27, 12
MM, 106, 32, 12
MM, 118, 40, 446
MM, 117, 39, 14
MM, 116, 38, 13
MM, 115, 38, 13
MM, 115, 37, 12
MM, 114, 37, 13
MM, 114, 37, 12
MM, 114, 37, 12
MM, 113, 36, 12
MM, 113, 36, 15
MM, 112, 36, 13
MM, 112, 35, 13
MM, 111, 34, 12
MM, 111, 33, 11
MM, 110, 33, 14
MM, 109, 32, 13
MM, 109, 32, 13
MM, 109, 31, 12
MM, 108, 31, 13
MM, 108, 30, 13
MM, 108, 30, 12
MM, 107, 30, 12
MM, 107, 29, 28
MC, 1, 37
MM, 107, 25, 205
MM, 107, 18, 11
MM, 107, 9, 12
MM, 12, 27, 27
MM, 7, 19, 12
MM, 4, 13, 13
MM, 1, 10, 15
MM, 42, 3, 62
MM, 41, 2, 13
MM, 39, 2, 13
MM, 37, 1, 12
MM, 35, 1, 12
MM, 33, 1, 13
MM, 32, 1, 13
MM, 31, 0, 13
MM, 29, 0, 12
MM, 28, 0, 14
MM, 27, 0, 12
MM, 25, 0, 13
MM, 23, 0, 12
MM, 22, 0, 12
MM, 20, 0, 13
MM, 18, 0, 13
MM, 15, 0, 14
MM, 13, 0, 12
MM, 11, 0, 19
MM, 6, 0, 20
MM, 43, 27, 153
MM, 43, 25, 11
MM, 42, 24, 12
MM, 41, 22, 15
MM, 41, 21, 12
MM, 40, 19, 13
MM, 40, 18, 13
MM, 39, 18, 12
MM, 39, 17, 12
MM, 39, 16, 13
MM, 38, 16, 13
MM, 38, 16, 14
MM, 38, 16, 12
MC, 1, 150
MM, 38, 16, 131
MM, 35, 17, 13
MM, 24, 18, 12
MM, 7, 19, 12
MM, 42, 19, 12
MM, 30, 20, 12
MM, 20, 20, 15
MM, 13, 20, 12
MM, 9, 20, 12
MM, 7, 20, 15
MM, 6, 20, 13
MM, 4, 20, 11
MM, 3, 20, 12
MM, 3, 20, 12
MM, 3, 20, 15
MM, 2, 20, 11
MM, 2, 20, 27
MM, 2, 20, 90
MM, 2, 20, 11
MM, 1, 20, 12
MM, 1, 20, 13
MM, 1, 20, 12
MM, 1, 20, 14
MC, 1, 91
MM, 1, 20, 12
MM, 0, 20, 12
MM, 0, 20, 13
MM, 0, 20, 12
MM, 0, 20, 18
MM, 16, 16, 313
MM, 13, 15, 25
MM, 12, 1, 13
MM, 26, 17, 929
MM, 36, 0, 28
MM, 18, 1, 24
MM, 4, 1, 12
MM, 42, 1, 53
MM, 39, 1, 13
MM, 37, 0, 12
MM, 19, 31, 114
MM, 16, 31, 12
MM, 12, 30, 12
MM, 9, 29, 13
MM, 4, 27, 15
MM, 43, 23, 24
MM, 37, 21, 15
MM, 32, 20, 11
MM, 29, 18, 12
MM, 25, 17, 12
MM, 22, 16, 15
MM, 19, 16, 12
MM, 17, 15, 13
MM, 15, 15, 12
MM, 12, 15, 12
MM, 11, 15, 13
MM, 8, 14, 13
MM, 7, 14, 12
MM, 5, 14, 15
MM, 4, 14, 11
MM, 2, 14, 15
MM, 1, 13, 11
MM, 0, 13, 13
MM, 43, 12, 64
MM, 41, 11, 12
MM, 39, 11, 13
MM, 37, 10, 12
MM, 35, 9, 12
MM, 33, 8, 13
MM, 31, 8, 16
MM, 30, 7, 12
MM, 29, 7, 12
MM, 27, 6, 12
MM, 27, 6, 13
MM, 26, 5, 12
MM, 26, 5, 12
MC, 1, 116
MM, 26, 5, 126
MM, 30, 5, 16
MM, 39, 5, 13
MM, 7, 6, 11
MM, 40, 9, 12
MM, 34, 12, 13
MM, 28, 15, 12
MM, 15, 16, 13
MM, 46, 16, 12
MM, 15, 16, 12
MM, 26, 16, 17
MM, 31, 16, 12
MM, 32, 16, 12
MM, 32, 16, 12
MM, 31, 13, 77
MM, 24, 10, 13
MM, 14, 3, 12
MM, 9, 29, 24
MM, 4, 23, 12
MM, 1, 10, 357
MM, 4, 10, 13
MM, 6, 10, 16
MM, 8, 10, 13
MM, 10, 10, 11
MM, 11, 11, 12
MM, 12, 11, 13
MM, 12, 11, 12
MM, 13, 11, 12
MM, 13, 11, 13
MM, 13, 12, 14
MM, 14, 12, 14
MM, 14, 12, 13
MM, 15, 12, 12
MM, 15, 12, 11
MM, 16, 12, 13
MM, 16, 13, 12
MM, 16, 13, 14
MM, 16, 13, 13
MM, 16, 13, 12
MC, 1, 63
MM, 17, 13, 193
MM, 17, 13, 12
MM, 17, 14, 37
MM, 17, 16, 14
MM, 17, 18, 13
MM, 17, 20, 12
MM, 17, 22, 16
MM, 17, 25, 11
MM, 17, 30, 11
MM, 4, 6, 25
MM, 3, 12, 14
MM, 2, 18, 12
MM, 0, 22, 13
MM, 43, 24, 126
MM, 41, 30, 13
MM, 129, 1, 39
MM, 128, 3, 13
MM, 128, 4, 13
MM, 127, 5, 11
MM, 127, 6, 13
MM, 126, 7, 16
MM, 126, 8, 13
MM, 126, 9, 12
MM, 126, 9, 12
MM, 126, 10, 12
MM, 126, 10, 12
MM, 126, 11, 12
MM, 126, 11, 15
MM, 126, 11, 12
MM, 126, 11, 14
MM, 126, 12, 61
MM, 126, 12, 15
MM, 126, 12, 11
MM, 126, 13, 14
MM, 126, 13, 14
MC, 1, 87
MM, 126, 12, 140
MM, 126, 5, 13
MM, 4, 27, 13
MM, 28, 8, 12
MM, 18, 16, 28
MM, 33, 7, 11
MM, 42, 1, 12
MM, 14, 31, 153
MM, 14, 31, 11
MM, 14, 31, 14
MM, 14, 30, 14
MM, 14, 29, 14
MM, 14, 28, 11
MM, 14, 28, 13
MM, 14, 27, 13
MM, 14, 26, 12
MM, 14, 26, 12
MM, 14, 25, 12
MM, 14, 24, 15
MM, 14, 24, 11
MM, 14, 23, 14
MM, 14, 21, 13
MM, 14, 20, 12
MM, 14, 20, 12
MM, 14, 19, 12
MM, 14, 19, 14
MM, 14, 18, 14
MM, 14, 17, 12
MM, 14, 16, 14
MM, 14, 16, 11
MM, 14, 15, 12
MM, 14, 15, 13
MC, 1, 77
MM, 14, 16, 140
MM, 9, 19, 12
MM, 31, 29, 15
MM, 28, 7, 13
MM, 43, 22, 11
MM, 40, 2, 24
MM, 29, 3, 17
MM, 25, 4, 11
MM, 23, 4, 12
MM, 22, 4, 13
MM, 21, 4, 14
MM, 20, 4, 12
MM, 20, 4, 11
MM, 20, 4, 12
MM, 20, 3, 27
MM, 20, 2, 13
MM, 20, 1, 13
MM, 20, 1, 12
MM, 20, 0, 12
MM, 11, 31, 65
MM, 6, 29, 13
MM, 42, 25, 24
MM, 35, 23, 12
MM, 28, 22, 13
MM, 22, 21, 14
MM, 18, 21, 12
MM, 14, 20, 14
MM, 12, 20, 14
MM, 10, 19, 10
MM, 8, 19, 13
MM, 7, 19, 15
MM, 7, 19, 13
MM, 6, 19, 11
MM, 6, 19, 12
MM, 5, 19, 14
MM, 5, 19, 29
MM, 5, 19, 21
MM, 4, 19, 12
MM, 3, 19, 13
MM, 3, 19, 13
MM, 2, 19, 14
MM, 1, 19, 12
MM, 43, 16, 51
MM, 40, 15, 12
MM, 37, 14, 12
MM, 35, 13, 12
MM, 33, 12, 15
MM, 31, 12, 12
MM, 30, 11, 13
MM, 29, 11, 13
MM, 28, 11, 12
MM, 28, 11, 12
MC, 1, 91
MM, 29, 11, 115
MM, 30, 11, 12
MM, 32, 11, 12
MM, 34, 11, 16
MM, 36, 13, 12
MM, 39, 16, 11
MM, 43, 19, 11
MM, 0, 29, 39
MM, 2, 31, 14
MM, 8, 1, 49
MM, 9, 3, 15
MM, 9, 5, 12
MM, 10, 7, 14
MM, 10, 8, 12
MM, 11, 10, 12
MM, 12, 12, 13
MM, 13, 13, 12
MM, 15, 15, 13
MM, 15, 17, 12
MM, 17, 19, 14
MM, 18, 20, 12
MM, 20, 22, 13
MM, 21, 23, 14
MM, 22, 25, 11
MM, 23, 26, 12
MM, 24, 28, 13
MM, 25, 29, 13
MM, 26, 30, 14
MM, 23, 0, 62
MM, 25, 3, 16
MM, 26, 6, 12
MM, 28, 8, 12
MM, 29, 10, 12
MM, 30, 12, 14
MM, 31, 13, 11
MM, 32, 14, 13
MM, 33, 15, 12
MM, 33, 16, 15
MM, 33, 16, 13
MM, 33, 16, 12
MM, 34, 17, 13
MC, 1, 103
MM, 34, 16, 138
MM, 33, 15, 13
MM, 32, 13, 13
MM, 29, 10, 11
MM, 25, 4, 13
MM, 24, 30, 27
MM, 19, 25, 13
MM, 13, 20, 12
MM, 8, 16, 12
MM, 3, 13, 13
MM, 43, 6, 51
MM, 42, 5, 15
MM, 42, 4, 13
MM, 40, 3, 11
MM, 40, 2, 11
MM, 39, 2, 13
MM, 39, 1, 14
MM, 38, 1, 12
MM, 38, 0, 13
MM, 38, 0, 13
MM, 37, 0, 13
MM, 34, 31, 50
MM, 33, 29, 13
MM, 31, 27, 13
MM, 30, 24, 13
MM, 29, 22, 12
MM, 27, 20, 12
MM, 26, 18, 12
MM, 24, 16, 15
MM, 22, 15, 12
MM, 20, 13, 13
MM, 19, 12, 14
MM, 18, 12, 11
MM, 17, 11, 13
MM, 17, 11, 12
MM, 16, 11, 13
MC, 1, 88
MM, 18, 11, 143
MM, 10, 7, 12
MM, 4, 0, 636
MM, 4, 1, 12
MM, 3, 2, 14
MM, 2, 3, 12
MM, 1, 3, 14
MM, 0, 4, 12
MM, 43, 8, 141
MC, 1, 127
MM, 43, 12, 90
MM, 43, 20, 12
MM, 1, 12, 24
MM, 38, 25, 15
MM, 21, 3, 23
MM, 15, 8, 12
MM, 12, 10, 15
MM, 10, 12, 13
MM, 9, 13, 12
MM, 9, 13, 12
MM, 8, 13, 13
MM, 8, 13, 14
MM, 8, 14, 11
MM, 8, 14, 13
MM, 8, 14, 12
MM, 8, 14, 15
MM, 8, 14, 18
MM, 8, 15, 20
MM, 8, 15, 12
MM, 8, 15, 15
MM, 8, 16, 12
MM, 8, 16, 12
MM, 8, 16, 23
MC, 1, 103
MM, 3, 18, 230
MM, 42, 20, 12
MM, 28, 22, 14
MM, 17, 23, 11
MM, 6, 23, 13
MM, 40, 23, 28
MM, 34, 23, 12
MM, 30, 23, 12
MM, 27, 22, 12
MM, 24, 20, 12
MM, 21, 18, 13
MM, 18, 16, 12
MM, 16, 14, 15
MM, 13, 12, 13
MM, 10, 9, 13
MM, 8, 8, 12
MM, 6, 6, 12
MM, 4, 5, 12
MM, 2, 4, 12
MM, 1, 3, 13
MM, 0, 2, 15
MM, 43, 30, 102
MM, 42, 28, 12
MM, 42, 27, 12
MM, 40, 26, 15
MM, 40, 25, 12
MM, 39, 24, 11
MM, 39, 23, 12
MM, 38, 22, 15
MM, 37, 22, 12
MM, 37, 21, 12
MM, 37, 21, 13
MM, 36, 21, 12
MM, 36, 20, 13
MM, 36, 20, 12
MM, 35, 20, 14
MC, 1, 90
MM, 35, 21, 127
MM, 28, 22, 11
MM, 0, 26, 13
MM, 23, 28, 15
MM, 1, 30, 14
MM, 37, 31, 10
MM, 26, 31, 14
MM, 21, 31, 11
MM, 19, 31, 14
MM, 17, 31, 11
MM, 16, 31, 13
MM, 16, 31, 15
MM, 15, 31, 12
MM, 15, 31, 12
MM, 15, 31, 13
MM, 15, 31, 12
MM, 14, 31, 12
MM, 13, 31, 13
MM, 12, 31, 13
MM, 11, 31, 14
MM, 10, 31, 12
MM, 9, 31, 13
MM, 8, 31, 12
MM, 7, 31, 13
MM, 7, 31, 12
MM, 7, 31, 40
MM, 7, 31, 12
MM, 7, 31, 13
MM, 7, 31, 12
MM, 7, 30, 12
MM, 7, 30, 28
MC, 1, 37
MM, 7, 28, 166
MM, 11, 25, 12
MM, 32, 19, 13
MM, 25, 11, 14
MM, 16, 5, 11
MM, 17, 4, 25
MM, 26, 4, 15
MM, 29, 4, 12
MM, 31, 4, 12
MM, 31, 4, 13
MM, 36, 2, 178
MM, 3, 13, 37
MM, 26, 5, 13
MM, 41, 0, 16
MM, 3, 0, 251
MM, 43, 8, 27
MM, 39, 10, 12
MM, 36, 12, 13
MM, 35, 13, 12
MM, 33, 13, 13
MM, 31, 14, 16
MM, 31, 14, 12
MM, 30, 14, 12
MM, 29, 14, 12
MM, 29, 14, 12
MM, 28, 14, 13
MM, 28, 14, 12
MM, 27, 14, 14
MM, 27, 14, 13
MM, 26, 14, 26
MM, 26, 14, 24
MC, 1, 90
MM, 26, 19, 141
MM, 11, 1, 12
MM, 9, 25, 25
MM, 145, 6, 13
MM, 144, 16, 12
MM, 143, 22, 13
MM, 143, 24, 13
MM, 142, 25, 13
MM, 142, 27, 13
MM, 141, 28, 12
MM, 141, 28, 12
MM, 141, 29, 13
MM, 141, 29, 12
MM, 141, 30, 13
MM, 140, 30, 15
MM, 140, 30, 13
MM, 140, 30, 12
MM, 140, 30, 12
MM, 139, 30, 51
MM, 139, 30, 14
MM, 138, 30, 13
MM, 138, 30, 12
MM, 138, 30, 11
MM, 137, 30, 13
MM, 137, 29, 12
MM, 137, 28, 13
MM, 137, 28, 14
MM, 137, 27, 13
MM, 137, 27, 13
MM, 137, 26, 13
MM, 136, 26, 12
MM, 136, 26, 12
MM, 136, 26, 11
MC, 1, 13
MM, 136, 25, 15
MM, 136, 25, 281
MM, 136, 25, 12
MM, 136, 25, 12
MM, 136, 23, 12
MM, 136, 21, 13
MM, 132, 18, 14
MM, 125, 13, 12
MM, 114, 5, 13
MM, 2, 24, 26
MM, 41, 12, 23
MM, 39, 9, 15
MM, 37, 8, 12
MM, 37, 8, 13
MM, 35, 8, 219
MM, 25, 8, 9
MM, 5, 6, 12
MM, 39, 1, 17
MM, 9, 28, 24
MM, 42, 19, 24
MM, 39, 17, 13
MM, 36, 16, 11
MM, 36, 16, 14
MM, 30, 15, 217
MM, 24, 11, 13
MM, 17, 7, 13
MM, 9, 3, 13
MM, 21, 2, 293
MM, 21, 5, 12
MM, 21, 7, 13
MM, 21, 8, 12
MM, 21, 9, 13
MM, 21, 10, 12
MM, 21, 10, 12
MM, 21, 10, 15
MC, 1, 137
MM, 22, 10, 168
MM, 39, 13, 13
MM, 31, 21, 13
MM, 29, 27, 12
MM, 21, 31, 11
MM, 36, 0, 332
MM, 37, 0, 16
MM, 37, 1, 10
MM, 37, 1, 14
MM, 38, 1, 11
MM, 39, 1, 14
MM, 40, 1, 11
MM, 42, 2, 13
MM, 1, 3, 45
MM, 8, 5, 20
MM, 10, 5, 13
MM, 12, 6, 14
MM, 14, 6, 12
MM, 15, 7, 11
MM, 16, 7, 12
MM, 17, 7, 15
MM, 18, 8, 14
MM, 18, 8, 11
MM, 19, 9, 12
MM, 20, 9, 13
MM, 20, 10, 14
MM, 21, 10, 12
MM, 21, 11, 11
MM, 21, 11, 13
MM, 22, 11, 14
MM, 22, 11, 12
MC, 1, 101
MM, 22, 11, 140
MM, 22, 12, 15
MM, 22, 12, 13
MM, 22, 14, 13
MM, 18, 14, 11
MM, 7, 14, 13
MM, 31, 14, 24
MM, 20, 14, 13
MM, 10, 12, 14
MM, 0, 9, 12
MM, 42, 6, 15
MM, 34, 3, 13
MM, 28, 0, 12
MM, 8, 31, 62
MM, 4, 30, 12
MM, 1, 29, 15
MM, 43, 26, 48
MM, 41, 25, 15
MM, 40, 25, 13
MM, 38, 25, 13
MM, 37, 24, 12
MM, 36, 24, 12
MM, 35, 23, 12
MM, 34, 23, 13
MM, 33, 22, 14
MM, 33, 22, 12
MM, 32, 21, 13
MM, 32, 21, 13
MM, 31, 21, 12
MM, 31, 20, 12
MM, 30, 20, 13
MM, 30, 20, 13
MM, 30, 20, 13
MC, 1, 140
MM, 33, 20, 205
MM, 37, 23, 12
MM, 6, 1, 38
MM, 11, 7, 12
MM, 16, 12, 12
MM, 19, 17, 16
MM, 22, 21, 12
MM, 24, 24, 11
MM, 26, 27, 14
MM, 29, 29, 13
MM, 31, 31, 11
MM, 80, 0, 65
MM, 80, 1, 13
MM, 81, 1, 12
MM, 82, 2, 12
MM, 83, 3, 12
MM, 84, 3, 15
MM, 85, 4, 12
MM, 85, 4, 15
MM, 85, 5, 12
MM, 86, 5, 12
MM, 87, 5, 11
MM, 87, 6, 12
MM, 87, 6, 15
MM, 88, 6, 12
MM, 88, 7, 13
MM, 89, 7, 13
MM, 89, 7, 13
MM, 89, 8, 12
MM, 90, 8, 12
MM, 90, 8, 12
MM, 90, 9, 15
MM, 90, 9, 14
MM, 91, 9, 11
MM, 91, 9, 12
MM, 91, 10, 14
MM, 91, 10, 12
MM, 92, 11, 12
MM, 92, 11, 12
MM, 93, 12, 15
MM, 94, 13, 12
MM, 94, 15, 12
MM, 95, 16, 15
MM, 95, 17, 11
MM, 96, 18, 12
MM, 96, 19, 13
MM, 97, 19, 12
MM, 97, 20, 14
MM, 98, 20, 13
MM, 98, 21, 13
MM, 98, 21, 13
MM, 99, 22, 11
MM, 99, 22, 12
MM, 99, 22, 16
MM, 99, 22, 13
MM, 100, 22, 12
MM, 100, 23, 12
MM, 100, 23, 13
MM, 100, 23, 12
MC, 1, 396
MM, 100, 22, 279
MM, 100, 19, 12
MM, 107, 12, 13
MM, 125, 1, 14
MM, 9, 25, 11
MM, 29, 12, 13
MM, 42, 4, 13
MM, 8, 31, 369
MM, 9, 30, 12
MM, 10, 28, 15
MM, 11, 27, 12
MM, 13, 26, 12
MM, 13, 25, 15
MM, 15, 24, 13
MM, 16, 23, 11
MM, 16, 22, 11
MM, 17, 21, 13
MM, 18, 20, 20
MM, 20, 17, 19
MM, 21, 16, 14
MM, 22, 15, 14
MM, 22, 14, 12
MM, 23, 12, 12
MM, 24, 10, 12
MM, 25, 8, 14
MM, 26, 5, 11
MM, 27, 3, 12
MM, 28, 0, 13
MM, 0, 24, 116
MM, 1, 24, 12
MM, 1, 23, 15
MM, 1, 23, 12
MM, 2, 23, 13
MM, 2, 23, 10
MM, 2, 22, 13
MM, 2, 22, 15
MM, 3, 22, 11
MM, 3, 22, 26
MM, 4, 22, 26
MM, 4, 22, 23
MM, 4, 22, 27
MM, 5, 22, 26
MM, 5, 22, 12
MM, 5, 22, 24
MM, 6, 22, 28
MC, 1, 89
MM, 6, 24, 204
MM, 3, 28, 13
MM, 25, 5, 24
MM, 19, 10, 12
MM, 15, 13, 13
MM, 13, 15, 15
MM, 12, 17, 12
MM, 10, 18, 12
MM, 9, 19, 15
MM, 8, 21, 11
MM, 6, 22, 12
MM, 5, 24, 12
MM, 3, 25, 15
MM, 1, 27, 13
MM, 40, 0, 101
MM, 37, 3, 18
MM, 29, 12, 21
MM, 21, 24, 12
MM, 149, 0, 13
MM, 140, 11, 13
MM, 135, 19, 12
MM, 130, 24, 12
MM, 127, 28, 12
MM, 125, 32, 13
MM, 123, 34, 12
MM, 121, 36, 15
MM, 120, 37, 12
MM, 119, 38, 15
MM, 119, 39, 11
MM, 118, 39, 12
MM, 118, 40, 11
MM, 118, 40, 14
MM, 117, 40, 14
MM, 117, 40, 12
MM, 117, 40, 13
MM, 117, 40, 26
MM, 116, 40, 11
MM, 116, 40, 12
MM, 116, 40, 27
MM, 116, 40, 13
MM, 115, 40, 13
MM, 115, 40, 89
MM, 115, 39, 13
MM, 115, 38, 12
MM, 115, 37, 12
MM, 115, 36, 16
MM, 115, 35, 11
MM, 115, 34, 13
MM, 115, 33, 12
MM, 115, 32, 12
MM, 115, 31, 13
MM, 115, 30, 12
MM, 115, 29, 12
MM, 115, 28, 15
MM, 115, 27, 13
MM, 115, 27, 14
MM, 115, 26, 12
MM, 115, 26, 11
MM, 115, 25, 12
MM, 115, 25, 13
MM, 114, 25, 15
MM, 114, 24, 11
MM, 114, 24, 13
MM, 114, 24, 15
MM, 114, 24, 12
MM, 114, 24, 12
MC, 1, 101
MM, 114, 23, 168
MM, 114, 20, 10
MM, 114, 16, 13
MM, 115, 12, 12
MM, 118, 7, 14
MM, 121, 3, 11
MM, 39, 28, 41
MM, 41, 24, 17
MM, 0, 8, 135
MM, 1, 6, 12
MM, 2, 5, 13
MM, 2, 3, 12
MM, 3, 1, 12
MM, 3, 29, 53
MM, 4, 27, 12
MM, 4, 25, 11
MM, 5, 24, 15
MM, 5, 23, 11
MM, 5, 23, 12
MM, 5, 23, 14
MM, 5, 22, 26
MM, 6, 22, 140
MC, 1, 75
MM, 6, 23, 154
MM, 45, 24, 14
MM, 13, 28, 12
MM, 18, 7, 39
MM, 33, 11, 26
MM, 21, 13, 11
MM, 9, 15, 12
MM, 0, 16, 13
MM, 39, 17, 27
MM, 36, 17, 12
MM, 33, 17, 12
MM, 30, 17, 13
MM, 27, 17, 13
MM, 24, 17, 12
MM, 22, 17, 12
MM, 20, 17, 16
MM, 18, 17, 11
MM, 17, 16, 13
MM, 15, 15, 13
MM, 15, 15, 13
MM, 14, 14, 13
MM, 14, 13, 11
MM, 13, 12, 13
MM, 13, 10, 16
MM, 12, 9, 11
MM, 12, 7, 12
MM, 12, 6, 12
MM, 12, 5, 13
MM, 12, 3, 12
MM, 12, 2, 17
MM, 12, 1, 10
MM, 12, 0, 12
MM, 12, 31, 92
MM, 12, 29, 10
MM, 12, 29, 12
MM, 12, 28, 12
MM, 12, 27, 13
MM, 12, 27, 13
MM, 12, 26, 14
MM, 12, 26, 12
MM, 12, 26, 13
MM, 12, 26, 13
MM, 12, 25, 11
MM, 12, 25, 13
MM, 12, 25, 28
MM, 12, 25, 12
MC, 1, 139
MM, 15, 23, 154
MM, 34, 15, 12
MM, 12, 3, 12
MC, 1, 930
MC, 1, 942
MM, 20, 20, 177
MM, 25, 7, 15
MM, 141, 40, 584
MM, 141, 38, 16
MM, 141, 37, 10
MM, 141, 36, 13
MM, 141, 35, 12
MM, 141, 34, 13
MM, 141, 33, 12
MM, 141, 32, 13
MM, 141, 32, 14
MM, 141, 32, 13
MM, 141, 31, 18
MM, 141, 31, 21
MM, 141, 31, 12
MM, 141, 31, 13
MM, 141, 31, 13
MM, 141, 30, 11
MM, 141, 30, 12
MM, 141, 30, 12
MC, 1, 155
MM, 144, 28, 165
MM, 161, 18, 13
MM, 186, 5, 13
MM, 25, 30, 24
MM, 32, 28, 12
MM, 34, 27, 17
MM, 35, 26, 12
MM, 36, 26, 11
MM, 36, 26, 13
MM, 37, 26, 13
MM, 37, 26, 50
MM, 34, 26, 130
MM, 32, 26, 12
MM, 30, 26, 11
MM, 29, 26, 12
MM, 28, 26, 12
MM, 28, 26, 15
MM, 28, 25, 12
MM, 27, 23, 14
MM, 27, 21, 12
MM, 27, 19, 12
MM, 27, 18, 12
MM, 27, 16, 13
MM, 27, 16, 14
MM, 27, 15, 12
MM, 27, 15, 12
MM, 27, 14, 15
MM, 27, 14, 11
MC, 1, 63
MM, 31, 7, 180
MM, 12, 9, 36
MM, 20, 0, 15
MM, 1, 24, 344
MM, 1, 24, 11
MM, 2, 23, 12
MM, 3, 23, 15
MM, 4, 23, 12
MM, 4, 23, 15
MM, 4, 23, 12
MM, 5, 23, 12
MM, 5, 23, 12
MM, 6, 23, 12
MM, 6, 23, 12
MM, 6, 23, 15
MM, 6, 23, 25
MC, 1, 139
MM, 4, 23, 128
MM, 34, 25, 12
MM, 28, 3, 26
MM, 6, 12, 12
MM, 38, 19, 13
MM, 24, 24, 15
MM, 16, 27, 13
MM, 11, 29, 11
MM, 8, 30, 12
MM, 7, 31, 14
MM, 5, 31, 12
MM, 6, 1, 164
MM, 10, 3, 17
MM, 14, 5, 11
MM, 17, 7, 12
MM, 19, 8, 12
MM, 21, 9, 14
MM, 22, 10, 13
MM, 23, 11, 12
MM, 24, 13, 11
MM, 24, 14, 14
MM, 25, 15, 15
MM, 25, 16, 11
MM, 25, 16, 12
MM, 25, 17, 13
MM, 25, 17, 14
MM, 25, 17, 11
MC, 1, 191
MM, 25, 18, 51
MM, 25, 18, 14
MM, 25, 18, 13
MM, 25, 19, 12
MM, 25, 20, 11
MM, 25, 21, 13
MM, 24, 21, 14
MM, 18, 21, 12
MM, 13, 21, 13
MM, 8, 21, 13
MM, 3, 21, 12
MM, 43, 17, 26
MM, 37, 14, 14
MM, 32, 11, 12
MM, 26, 7, 12
MM, 22, 4, 15
MM, 16, 1, 11
MM, 0, 30, 50
MM, 42, 26, 64
MM, 41, 25, 12
MM, 39, 25, 16
MM, 38, 25, 12
MM, 36, 25, 12
MM, 33, 25, 12
MM, 30, 25, 13
MM, 26, 25, 13
MM, 22, 25, 11
MM, 16, 25, 13
MM, 10, 25, 14
MM, 4, 25, 14
MM, 41, 25, 36
MM, 39, 24, 13
MM, 37, 24, 12
MM, 36, 24, 13
MM, 35, 23, 15
MM, 34, 23, 12
MM, 33, 23, 14
MM, 33, 22, 12
MM, 32, 22, 12
MM, 31, 21, 12
MM, 31, 21, 12
MM, 30, 20, 21
MM, 29, 20, 18
MM, 29, 20, 12
MM, 28, 19, 15
MM, 28, 19, 13
MM, 28, 19, 12
MC, 1, 102
MM, 28, 20, 151
MM, 28, 21, 14
MM, 21, 23, 12
MM, 10, 24, 13
MM, 39, 25, 26
MM, 33, 25, 12
MM, 28, 25, 12
MM, 25, 25, 15
MM, 22, 25, 12
MM, 21, 25, 12
MM, 18, 25, 13
MM, 17, 25, 12
MM, 14, 25, 11
MM, 12, 25, 14
MM, 9, 25, 12
MM, 6, 25, 15
MM, 3, 25, 12
MM, 1, 25, 13
MM, 43, 24, 53
MM, 42, 24, 12
MM, 41, 23, 12
MM, 40, 23, 12
MM, 39, 23, 12
MM, 39, 22, 13
MM, 38, 22, 14
MM, 37, 21, 12
MM, 36, 21, 14
MM, 35, 21, 12
MM, 35, 20, 14
MM, 34, 20, 11
MC, 1, 177
MM, 35, 20, 115
MM, 32, 20, 26
MM, 27, 19, 13
MM, 20, 12, 12
MM, 2, 7, 14
MM, 24, 3, 12
MM, 35, 2, 19
MM, 41, 1, 19
MM, 42, 1, 13
MM, 42, 1, 15
MM, 42, 1, 12
MM, 42, 1, 203
MM, 42, 0, 12
MM, 2, 31, 88
MM, 3, 30, 13
MM, 3, 30, 12
MM, 3, 29, 13
MM, 4, 29, 15
MM, 4, 28, 11
MM, 5, 27, 14
MM, 6, 27, 12
MM, 6, 26, 12
MM, 6, 26, 12
MM, 6, 26, 16
MM, 7, 25, 13
MM, 7, 25, 12
MM, 7, 25, 11
MM, 8, 25, 13
MM, 8, 24, 12
MM, 8, 24, 13
MM, 8, 24, 12
MM, 8, 24, 15
MM, 9, 24, 13
MC, 1, 124
MM, 5, 24, 284
MM, 0, 24, 11
MM, 34, 4, 318
MM, 21, 10, 13
MM, 9, 15, 13
MM, 2, 17, 12
MM, 43, 19, 25
MM, 42, 19, 13
MM, 41, 19, 15
MM, 40, 19, 11
MM, 40, 19, 179
MM, 40, 19, 14
MM, 40, 19, 12
MM, 40, 19, 11
MM, 39, 19, 13
MM, 39, 18, 12
MM, 39, 18, 14
MC, 1, 103
MM, 43, 18, 203
MM, 10, 18, 12
MM, 13, 18, 13
MM, 24, 18, 12
MM, 21, 18, 12
MM, 8, 18, 13
MM, 32, 19, 15
MM, 42, 21, 13
MM, 4, 24, 214
MM, 17, 27, 13
MM, 37, 31, 15
MM, 20, 2, 25
MM, 30, 5, 13
MM, 36, 8, 11
MM, 39, 9, 13
MM, 41, 10, 12
MM, 42, 10, 12
MM, 43, 10, 13
MM, 43, 10, 15
MM, 43, 10, 12
MM, 43, 11, 139
MM, 43, 11, 14
MM, 43, 11, 12
MM, 43, 11, 14
MM, 43, 12, 13
MM, 43, 12, 12
MM, 43, 12, 12
MM, 41, 12, 25
MM, 39, 12, 14
MM, 36, 12, 11
MM, 33, 12, 14
MM, 31, 12, 14
MM, 28, 12, 12
MM, 27, 12, 11
MM, 25, 12, 13
MM, 24, 12, 14
MM, 23, 12, 13
MM, 22, 12, 13
MM, 21, 12, 12
MM, 21, 12, 12
MM, 20, 12, 26
MC, 1, 151
MM, 23, 11, 296
MM, 40, 9, 12
MM, 28, 1, 994
MM, 25, 4, 24
MM, 37, 29, 40
MM, 28, 24, 11
MM, 26, 22, 12
MM, 25, 21, 13
MM, 25, 20, 14
MM, 25, 20, 12
MM, 25, 20, 11
MM, 25, 20, 12
MM, 25, 20, 15
MM, 25, 19, 419
MM, 21, 16, 14
MM, 14, 12, 12
MM, 9, 8, 12
MM, 5, 6, 14
MM, 2, 4, 12
MM, 0, 3, 12
MM, 33, 65, 102
MM, 30, 63, 14
MM, 27, 60, 13
MM, 24, 57, 13
MM, 20, 54, 12
MM, 17, 51, 12
MM, 15, 49, 12
MM, 13, 48, 13
MM, 12, 47, 13
MM, 11, 45, 14
MM, 10, 45, 12
MM, 10, 44, 15
MM, 9, 44, 12
MM, 9, 43, 12
MM, 9, 43, 11
MM, 9, 43, 13
MM, 9, 43, 15
MM, 9, 43, 11
MM, 8, 42, 13
MM, 8, 42, 12
MM, 8, 42, 15
MM, 8, 42, 12
MM, 8, 42, 11
MM, 7, 41, 12
MM, 7, 41, 77
MM, 7, 41, 25
MM, 7, 41, 15
MM, 7, 41, 12
MM, 6, 41, 14
MM, 6, 40, 11
MM, 6, 40, 13
MM, 6, 40, 12
MM, 6, 40, 13
MM, 6, 40, 39
MM, 6, 40, 12
MM, 6, 39, 20
MM, 5, 39, 31
MC, 1, 115
MM, 5, 41, 228
MM, 5, 42, 16
MM, 6, 44, 12
MM, 7, 45, 12
MM, 9, 46, 12
MM, 11, 48, 13
MM, 14, 51, 11
MM, 17, 53, 14
MM, 20, 56, 14
MM, 23, 58, 13
MM, 25, 61, 13
MM, 28, 64, 12
MM, 30, 66, 12
MM, 39, 0, 345
MM, 39, 0, 12
MM, 39, 1, 12
MM, 40, 1, 13
MM, 41, 2, 11
MM, 41, 2, 14
MM, 42, 3, 12
MM, 43, 4, 16
MM, 0, 7, 51
MM, 2, 7, 10
MM, 5, 7, 12
MM, 9, 8, 16
MM, 13, 8, 13
MM, 18, 9, 12
MM, 21, 9, 11
MM, 26, 9, 13
MM, 31, 10, 12
MM, 36, 10, 17
MM, 41, 11, 10
MM, 3, 11, 37
MM, 6, 12, 13
MM, 8, 12, 13
MM, 10, 12, 12
MM, 12, 12, 13
MM, 13, 12, 15
MM, 14, 12, 12
MM, 15, 12, 11
MM, 16, 12, 12
MM, 17, 12, 13
MM, 18, 12, 13
MM, 19, 12, 14
MM, 20, 12, 12
MM, 20, 13, 14
MM, 21, 13, 11
MM, 21, 13, 12
MM, 21, 13, 13
MM, 22, 13, 16
MM, 22, 13, 12
MM, 22, 13, 24
MM, 23, 13, 25
MM, 23, 13, 12
MC, 1, 41
MM, 27, 14, 392
MM, 36, 18, 14
MM, 12, 15, 50
MM, 30, 20, 12
MM, 6, 28, 27
MM, 12, 29, 13
MM, 16, 30, 12
MM, 17, 31, 12
MM, 18, 31, 12
MM, 19, 31, 242
MM, 19, 31, 16
MM, 19, 30, 12
MM, 28, 29, 13
MM, 7, 27, 12
MM, 8, 26, 13
MM, 18, 26, 24
MM, 31, 26, 12
MM, 38, 30, 12871
MM, 32, 25, 15
MM, 25, 20, 13
MM, 19, 17, 13
MM, 14, 14, 12
MM, 10, 13, 12
MM, 8, 12, 12
MM, 8, 12, 13
MM, 7, 12, 12
MM, 7, 12, 141
MM, 7, 12, 15
MM, 8, 13, 12
MM, 9, 13, 11
MM, 10, 13, 12
MM, 11, 13, 15
MM, 11, 13, 12
MM, 11, 13, 12
MM, 11, 13, 14
MM, 12, 13, 11
MM, 12, 13, 13
MM, 13, 13, 13
MM, 13, 13, 12
MM, 14, 13, 15
MM, 14, 13, 12
MM, 14, 13, 25
MM, 14, 13, 13
MC, 1, 75
MM, 27, 14, 192
MM, 40, 17, 12
MM, 16, 0, 101
MM, 25, 3, 15
MM, 35, 7, 13
MM, 2, 16, 24
MM, 7, 20, 13
MM, 11, 22, 11
MM, 13, 25, 14
MM, 14, 26, 12
MM, 15, 26, 16
MM, 16, 27, 12
MM, 16, 28, 12
MM, 16, 28, 13
MM, 17, 29, 11
MM, 17, 30, 12
MM, 18, 31, 15
MM, 10, 0, 39
MM, 14, 6, 11
MM, 19, 12, 13
MM, 25, 20, 12
MM, 28, 25, 13
MM, 32, 28, 15
MM, 34, 31, 11
MM, 2, 0, 50
MM, 8, 2, 13
MM, 13, 5, 16
MM, 20, 7, 10
MM, 28, 9, 13
MM, 34, 11, 13
MM, 40, 13, 14
MM, 0, 17, 36
MM, 1, 17, 14
MM, 2, 17, 13
MM, 3, 18, 13
MM, 3, 18, 12
MM, 4, 18, 12
MM, 5, 19, 12
MM, 5, 19, 14
MM, 6, 19, 12
MM, 6, 19, 14
MM, 7, 19, 12
MM, 8, 19, 13
MM, 8, 19, 13
MM, 9, 19, 11
MM, 10, 19, 12
MM, 10, 19, 14
MM, 11, 19, 14
MM, 12, 19, 12
MM, 12, 19, 13
MM, 12, 19, 28
MM, 13, 19, 38
MC, 1, 123
MM, 11, 19, 269
MM, 5, 19, 13
MM, 42, 25, 11
MM, 216, 13, 53
MM, 206, 16, 12
MM, 198, 19, 13
MM, 190, 20, 12
MM, 183, 21, 12
MM, 177, 22, 15
MM, 172, 22, 12
MM, 168, 23, 13
MM, 164, 23, 14
MM, 161, 24, 13
MM, 159, 24, 11
MM, 156, 24, 11
MM, 154, 24, 13
MM, 152, 25, 14
MM, 149, 25, 12
MM, 146, 25, 14
MM, 144, 25, 13
MM, 142, 25, 12
MM, 140, 25, 12
MM, 139, 25, 12
MM, 138, 25, 15
MM, 138, 25, 12
MM, 137, 25, 14
MM, 137, 25, 11
MC, 1, 167
MM, 138, 25, 176
MM, 146, 22, 14
MM, 159, 14, 14
MM, 175, 8, 12
MM, 189, 2, 12
MM, 22, 31, 64
MM, 23, 31, 11
MM, 23, 30, 13
MM, 24, 30, 12
MM, 24, 30, 16
MM, 24, 29, 11
MM, 25, 28, 13
MM, 25, 28, 13
MM, 25, 27, 14
MM, 25, 26, 11
MM, 25, 25, 12
MM, 25, 24, 12
MM, 26, 23, 16
MM, 27, 22, 11
MM, 27, 20, 13
MM, 27, 19, 13
MM, 27, 18, 13
MM, 27, 17, 11
MM, 27, 16, 13
MM, 27, 16, 14
MM, 27, 16, 13
MM, 27, 15, 13
MM, 27, 15, 12
MM, 27, 15, 13
MM, 27, 15, 12
MM, 27, 15, 12
MC, 1, 54
MM, 26, 15, 149
MM, 23, 8, 15
MM, 9, 12, 12
MM, 9, 7, 13
MM, 257, 63, 38
MM, 255, 58, 12
MM, 254, 56, 14
MM, 254, 55, 12
MM, 254, 54, 12
MM, 254, 54, 15
MM, 254, 54, 12
MM, 254, 54, 191
MM, 254, 58, 12
MM, 253, 65, 12
MM, 11, 1, 421
MM, 10, 3, 12
MM, 10, 4, 13
MM, 10, 5, 12
MM, 10, 6, 15
MM, 9, 7, 11
MM, 9, 8, 16
MM, 9, 8, 11
MM, 9, 9, 12
MM, 9, 9, 12
MM, 9, 10, 12
MM, 9, 10, 15
MM, 9, 10, 12
MC, 1, 114
MM, 9, 12, 155
MM, 9, 20, 12
MM, 39, 11, 37
MM, 32, 28, 14
MM, 115, 6, 23
MM, 113, 10, 16
MM, 112, 13, 12
MM, 111, 15, 12
MM, 110, 17, 12
MM, 108, 19, 12
MM, 107, 20, 13
MM, 106, 22, 12
MM, 105, 23, 15
MM, 105, 24, 12
MM, 104, 25, 14
MM, 103, 26, 12
MM, 103, 27, 12
MM, 102, 28, 12
MM, 102, 28, 13
MM, 101, 29, 12
MM, 100, 29, 15
MM, 100, 30, 12
MM, 100, 30, 12
MM, 100, 30, 15
MM, 99, 31, 11
MM, 98, 31, 12
MM, 98, 31, 12
MM, 98, 31, 15
MM, 98, 31, 14
MM, 97, 31, 23
MM, 97, 31, 28
MM, 97, 31, 22
MC, 1, 13
MM, 96, 31, 0
MM, 96, 31, 33
MM, 96, 30, 248
MM, 96, 26, 12
MM, 94, 21, 14
MM, 90, 15, 11
MM, 87, 9, 12
MM, 83, 4, 16
MM, 37, 29, 37
MM, 35, 26, 12
MM, 34, 24, 12
MM, 33, 23, 13
MM, 33, 22, 13
MM, 32, 21, 15
MM, 32, 20, 11
MM, 32, 19, 14
MM, 32, 18, 12
MM, 32, 17, 12
MM, 32, 16, 12
MM, 32, 15, 16
MM, 32, 13, 12
MM, 32, 11, 12
MM, 32, 6, 12
MM, 32, 0, 12
MM, 32, 28, 25
MM, 32, 26, 13
MM, 32, 24, 15
MM, 32, 22, 12
MM, 32, 22, 14
MM, 32, 21, 12
MM, 31, 21, 11
MM, 31, 21, 13
MM, 31, 20, 12
MM, 31, 20, 12
MM, 31, 20, 16
MC, 1, 161
MM, 28, 20, 105
MM, 16, 20, 14
MM, 25, 20, 24
MM, 8, 20, 14
MM, 37, 20, 24
MM, 31, 20, 12
MM, 27, 20, 14
MM, 24, 20, 11
MM, 22, 20, 16
MM, 20, 20, 11
MM, 18, 20, 13
MM, 15, 20, 18
MM, 9, 20, 20
MM, 6, 20, 13
MM, 3, 20, 14
MM, 0, 20, 11
MM, 43, 20, 53
MM, 41, 20, 11
MM, 40, 20, 12
MM, 39, 20, 13
MM, 38, 20, 14
MM, 38, 20, 11
MM, 36, 20, 12
MM, 36, 20, 13
MM, 35, 20, 15
MM, 34, 20, 12
MM, 33, 20, 13
MM, 33, 20, 12
MM, 32, 20, 12
MM, 32, 20, 13
MC, 1, 76
MM, 34, 20, 128
MM, 39, 20, 14
MM, 2, 25, 13
MM, 4, 4, 24
MM, 27, 10, 12
MM, 6, 17, 27
MM, 12, 19, 13
MM, 14, 19, 12
MM, 15, 19, 14
MM, 16, 19, 13
MM, 16, 19, 11
MM, 16, 19, 11
MC, 1, 280
MM, 19, 19, 192
MM, 36, 19, 18
MM, 26, 11, 8
MM, 15, 1, 13
MM, 8, 27, 25
MM, 16, 25, 13
MM, 20, 24, 13
MM, 21, 23, 13
MM, 22, 23, 12
MM, 22, 23, 15
MM, 23, 19, 202
MM, 28, 16, 12
MM, 36, 11, 12
MM, 7, 1, 27
MM, 6, 31, 241
MM, 7, 30, 13
MM, 8, 29, 13
MM, 8, 28, 13
MM, 9, 28, 12
MM, 10, 27, 15
MM, 11, 27, 11
MM, 11, 26, 13
MM, 12, 25, 12
MM, 12, 25, 12
MM, 12, 25, 13
MM, 13, 24, 13
MM, 13, 24, 14
MM, 13, 23, 11
MM, 14, 23, 14
MM, 14, 23, 13
MM, 14, 23, 11
MM, 14, 22, 12
MC, 1, 142
MM, 11, 22, 128
MM, 4, 22, 11
MM, 30, 22, 28
MM, 24, 22, 11
MM, 19, 22, 12
MM, 15, 22, 16
MM, 12, 22, 12
MM, 10, 22, 11
MM, 7, 21, 13
MM, 5, 20, 12
MM, 4, 19, 14
MM, 1, 18, 12
MM, 0, 18, 12
MM, 43, 15, 52
MM, 41, 15, 12
MM, 39, 15, 14
MM, 38, 14, 12
MM, 37, 14, 12
MM, 36, 14, 12
MM, 36, 14, 15
MM, 35, 13, 13
MM, 34, 13, 13
MC, 1, 75
MM, 31, 13, 140
MM, 21, 13, 12
MM, 10, 11, 12
MM, 35, 7, 27
MM, 27, 5, 12
MM, 22, 4, 15
MM, 19, 4, 10
MM, 16, 4, 13
MM, 14, 4, 13
MM, 12, 4, 12
MM, 10, 4, 14
MM, 7, 3, 13
MM, 4, 3, 12
MM, 1, 3, 14
MC, 1, 481
MM, 28, 24, 179
MM, 26, 5, 28
MM, 11, 13, 24
MM, 16, 14, 15
MM, 19, 15, 12
MM, 20, 15, 11
MM, 21, 15, 12
MM, 22, 15, 15
MM, 23, 15, 12
MM, 24, 15, 13
MM, 25, 15, 12
MM, 25, 15, 12
MM, 26, 14, 13
MM, 28, 12, 13
MM, 29, 10, 12
MM, 31, 8, 15
MM, 33, 6, 11
MM, 34, 5, 14
MM, 35, 3, 12
MM, 36, 2, 12
MM, 37, 1, 12
MM, 37, 0, 13
MM, 8, 29, 39
MM, 5, 23, 13
MM, 32, 10, 24
MM, 26, 4, 13
MM, 22, 2, 16
MM, 20, 0, 12
MP, 1, 264
MR, 1, 42
MC, 1, 0
MM, 13, 0, 100
MM, 13, 1, 12
MM, 13, 2, 14
MM, 13, 2, 12
MM, 13, 2, 13
MM, 13, 3, 12
MM, 13, 3, 14
MM, 13, 3, 12
MM, 13, 3, 19
MM, 13, 4, 20
MM, 13, 4, 12
MM, 13, 4, 28
MM, 13, 4, 10
MM, 13, 5, 12
MM, 13, 5, 28
MM, 13, 5, 10
MM, 13, 6, 14
MM, 14, 6, 12
MM, 14, 7, 15
MM, 14, 8, 13
MM, 15, 8, 11
MM, 15, 9, 12
MM, 15, 10, 12
MM, 16, 10, 15
MM, 16, 11, 12
MM, 16, 11, 12
MM, 17, 11, 14
MM, 17, 11, 12
MC, 1, 50
MM, 17, 12, 230
MM, 17, 13, 12
MM, 10, 14, 12
MM, 1, 15, 15
MM, 40, 16, 14
MM, 28, 16, 12
MM, 19, 17, 12
MM, 12, 17, 12
MM, 5, 17, 12
MM, 43, 17, 28
MM, 38, 17, 11
MM, 33, 17, 13
MM, 28, 17, 15
MM, 23, 17, 11
MM, 18, 17, 13
MM, 14, 17, 11
MM, 11, 17, 12
MM, 6, 17, 15
MM, 3, 17, 12
MC, 1, 432
MC, 1, 763
MM, 40, 5, 231
MM, 0, 31, 25
MM, 3, 2, 16
MM, 6, 8, 10
MM, 9, 13, 12
MM, 12, 18, 12
MM, 14, 25, 13
MM, 59, 1, 28
MM, 61, 9, 11
MM, 63, 15, 14
MM, 65, 21, 13
MM, 67, 25, 11
MM, 68, 29, 12
MM, 68, 31, 12
MM, 68, 33, 14
MM, 69, 34, 12
MM, 69, 35, 14
MM, 69, 36, 13
MM, 69, 37, 12
MM, 69, 37, 13
MM, 69, 37, 12
MM, 69, 37, 142
MM, 69, 35, 13
MM, 69, 33, 12
MM, 69, 32, 12
MM, 69, 31, 12
MM, 69, 30, 12
MM, 69, 29, 15
MM, 69, 28, 12
MM, 69, 28, 13
MM, 69, 28, 14
MC, 1, 202
MM, 69, 26, 244
MM, 69, 24, 12
MM, 69, 20, 12
MM, 69, 14, 12
MM, 69, 6, 13
MM, 25, 30, 25
MM, 24, 23, 12
MM, 24, 18, 15
MM, 23, 14, 13
MM, 22, 11, 13
MM, 22, 10, 12
MM, 22, 8, 11
MM, 21, 8, 19
MM, 20, 7, 6
MM, 19, 6, 15
MM, 17, 5, 11
MM, 15, 4, 12
MM, 13, 3, 13
MM, 10, 2, 16
MM, 7, 1, 12
MM, 4, 0, 11
MM, 1, 0, 13
MM, 30, 31, 127
MM, 28, 30, 12
MM, 27, 28, 13
MM, 26, 26, 14
MM, 25, 24, 13
MM, 24, 23, 14
MM, 23, 21, 11
MM, 23, 20, 12
MM, 22, 19, 13
MM, 22, 19, 12
MM, 22, 18, 15
MM, 21, 18, 12
MM, 21, 18, 12
MM, 21, 18, 16
MM, 21, 17, 11
MC, 1, 87
MM, 18, 18, 241
MM, 4, 19, 14
MM, 30, 19, 13
MM, 11, 19, 13
MM, 38, 19, 25
MM, 30, 19, 12
MM, 25, 19, 13
MM, 21, 19, 16
MM, 19, 18, 12
MM, 17, 18, 12
MM, 15, 17, 12
MM, 13, 17, 12
MM, 12, 16, 13
MM, 10, 16, 12
MM, 9, 15, 12
MM, 7, 15, 15
MM, 6, 15, 13
MM, 5, 15, 13
MM, 4, 15, 12
MM, 4, 14, 12
MM, 3, 14, 12
MC, 1, 193
MM, 3, 14, 253
MM, 3, 13, 12
MM, 10, 11, 14
MM, 37, 6, 13
MM, 1, 19, 459
MM, 1, 19, 12
MM, 2, 19, 14
MM, 2, 19, 13
MM, 3, 19, 12
MM, 4, 19, 12
MM, 5, 19, 11
MM, 5, 19, 13
MM, 6, 19, 14
MM, 7, 19, 13
MM, 7, 19, 13
MM, 8, 19, 13
MM, 8, 19, 13
MM, 8, 19, 11
MM, 9, 19, 12
MM, 9, 19, 29
MC, 1, 380
MM, 9, 20, 243
MM, 9, 23, 12
MM, 9, 29, 11
MM, 44, 7, 26
MM, 43, 16, 12
MM, 40, 23, 15
MM, 39, 29, 12
MM, 36, 1, 39
MM, 35, 3, 12
MM, 35, 4, 11
MM, 34, 5, 14
MM, 33, 7, 12
MM, 33, 8, 14
MM, 32, 9, 12
MM, 32, 10, 15
MM, 32, 12, 13
MM, 31, 12, 11
MM, 31, 13, 11
MM, 31, 14, 13
MM, 31, 14, 14
MM, 30, 15, 12
MM, 30, 16, 14
MM, 30, 17, 13
MM, 30, 18, 13
MM, 30, 19, 11
MM, 30, 20, 12
MM, 30, 22, 15
MM, 29, 24, 11
MM, 29, 26, 13
MM, 29, 28, 14
MM, 29, 31, 12
MM, 119, 1, 36
MM, 119, 4, 15
MM, 119, 6, 12
MM, 119, 8, 13
MM, 119, 9, 14
MM, 119, 10, 12
MM, 119, 11, 12
MM, 119, 12, 12
MM, 119, 13, 13
MM, 119, 14, 12
MM, 119, 15, 14
MM, 119, 15, 13
MM, 119, 16, 13
MM, 119, 16, 19
MM, 119, 16, 19
MM, 119, 16, 13
MC, 1, 178
MM, 120, 16, 241
MM, 128, 15, 12
MM, 141, 10, 15
MM, 155, 4, 13
MM, 42, 28, 37
MM, 9, 20, 204
MM, 9, 11, 11
MM, 9, 4, 13
MM, 9, 0, 14
MM, 10, 0, 382
MM, 11, 1, 12
MM, 12, 3, 12
MM, 12, 4, 13
MM, 12, 5, 15
MM, 13, 6, 11
MM, 13, 6, 14
MM, 13, 7, 14
MM, 13, 7, 11
MM, 14, 7, 24
MC, 1, 256
MM, 6, 7, 141
MM, 37, 14, 12
MM, 2, 27, 12
MM, 41, 6, 26
MM, 23, 11, 13
MM, 9, 14, 11
MM, 41, 18, 27
MM, 36, 18, 13
MM, 32, 18, 14
MM, 29, 19, 10
MM, 26, 19, 14
MM, 24, 19, 12
MM, 22, 19, 12
MM, 19, 20, 13
MM, 17, 20, 12
MM, 15, 20, 15
MM, 13, 20, 12
MM, 11, 20, 12
MM, 9, 20, 14
MM, 5, 20, 11
MM, 0, 20, 13
MM, 40, 20, 27
MM, 35, 20, 12
MM, 30, 21, 12
MM, 26, 21, 13
MM, 20, 21, 12
MM, 16, 21, 13
MM, 11, 21, 15
MM, 7, 21, 12
MM, 3, 21, 14
MM, 1, 21, 12
MM, 43, 20, 64
MM, 42, 20, 12
MM, 41, 19, 13
MM, 41, 19, 13
MM, 40, 19, 12
MM, 39, 18, 12
MM, 39, 18, 12
MM, 39, 18, 12
MM, 38, 18, 16
MM, 38, 17, 10
MM, 38, 17, 13
MM, 37, 17, 28
MC, 1, 228
MM, 39, 17, 279
MM, 41, 17, 13
MM, 1, 17, 25
MM, 7, 19, 12
MM, 13, 22, 13
MM, 19, 25, 15
MM, 25, 29, 11
MM, 37, 0, 29
MM, 40, 4, 10
MM, 1, 13, 64
MM, 1, 14, 12
MM, 2, 14, 13
MM, 3, 15, 12
MM, 4, 16, 12
MM, 6, 17, 15
MM, 7, 18, 13
MM, 8, 20, 13
MM, 10, 21, 12
MM, 11, 23, 12
MM, 13, 24, 12
MM, 14, 27, 13
MM, 17, 31, 12
MM, 62, 2, 42
MM, 63, 5, 11
MM, 64, 7, 12
MM, 65, 8, 12
MM, 65, 9, 12
MM, 66, 10, 16
MM, 66, 11, 11
MM, 66, 13, 13
MM, 66, 14, 12
MM, 66, 15, 15
MM, 66, 15, 11
MM, 67, 16, 12
MM, 67, 16, 12
MM, 67, 17, 15
MM, 67, 17, 18
MM, 67, 18, 18
MM, 67, 18, 14
MM, 67, 18, 14
MC, 1, 175
MM, 67, 18, 218
MM, 65, 18, 13
MM, 62, 16, 12
MM, 59, 11, 13
MM, 54, 5, 12
MM, 50, 0, 16
MM, 3, 29, 23
MM, 41, 15, 38
MM, 36, 9, 13
MM, 31, 4, 14
MM, 27, 0, 13
MM, 19, 29, 25
MM, 15, 26, 11
MM, 13, 23, 13
MM, 10, 21, 13
MM, 9, 20, 12
MM, 8, 19, 15
MM, 7, 18, 12
MM, 7, 18, 14
MM, 6, 18, 12
MM, 6, 18, 12
MM, 6, 18, 12
MM, 6, 18, 13
MM, 5, 18, 12
MM, 4, 18, 15
MM, 2, 18, 12
MM, 0, 18, 12
MM, 43, 18, 50
MM, 42, 18, 15
MM, 41, 19, 12
MM, 40, 20, 12
MM, 38, 20, 14
MM, 37, 20, 11
MM, 36, 20, 13
MM, 35, 20, 13
MM, 34, 20, 12
MM, 33, 20, 15
MC, 1, 254
MM, 35, 20, 151
MM, 39, 18, 13
MM, 0, 15, 12
MM, 20, 12, 16
MM, 14, 6, 24
MM, 30, 4, 12
MM, 41, 4, 13
MM, 1, 3, 28
MM, 2, 3, 12
MM, 2, 3, 12
MM, 11, 2, 178
MM, 23, 0, 12
MM, 11, 31, 38
MM, 33, 30, 12
MM, 1, 29, 13
MM, 12, 28, 15
MM, 18, 28, 12
MM, 20, 28, 12
MM, 21, 28, 12
MM, 22, 27, 15
MM, 22, 27, 11
MM, 23, 27, 12
MM, 23, 27, 13
MM, 23, 27, 15
MM, 23, 26, 11
MM, 23, 26, 14
MM, 23, 25, 11
MM, 23, 25, 13
MM, 23, 23, 13
MM, 23, 21, 13
MM, 21, 19, 13
MM, 18, 16, 13
MM, 13, 13, 12
MM, 7, 10, 13
MM, 1, 8, 12
MM, 40, 5, 25
MM, 38, 4, 15
MM, 36, 4, 12
MM, 34, 4, 13
MM, 33, 3, 12
MM, 32, 3, 12
MM, 32, 3, 15
MM, 31, 3, 10
MM, 31, 3, 12
MM, 31, 3, 16
MM, 31, 3, 13
MC, 1, 252
MM, 31, 3, 254
MM, 26, 7, 14
MM, 19, 13, 12
MM, 13, 17, 14
MM, 7, 21, 14
MM, 4, 24, 12
MM, 1, 25, 11
MM, 27, 1, 156
MM, 27, 3, 10
MM, 27, 5, 13
MM, 26, 7, 12
MM, 26, 9, 13
MM, 26, 11, 13
MM, 26, 13, 12
MM, 26, 15, 14
MM, 25, 17, 13
MM, 25, 19, 12
MM, 25, 21, 13
MM, 25, 25, 11
MM, 25, 28, 13
MM, 25, 31, 13
MM, 28, 1, 52
MM, 28, 3, 12
MM, 27, 4, 12
MM, 27, 6, 15
MM, 27, 7, 14
MM, 26, 8, 13
MM, 26, 8, 11
MM, 26, 8, 12
MM, 25, 9, 13
MM, 25, 9, 11
MM, 25, 9, 14
MM, 25, 9, 40
MM, 24, 9, 13
MM, 23, 9, 12
MC, 1, 125
MM, 23, 10, 141
MM, 20, 13, 12
MM, 9, 15, 12
MM, 30, 16, 28
MM, 15, 16, 14
MM, 1, 16, 12
MM, 39, 12, 11
MM, 30, 7, 12
MM, 23, 4, 13
MM, 20, 1, 14
MM, 14, 31, 52
MM, 13, 30, 11
MM, 13, 29, 12
MM, 12, 28, 12
MM, 12, 28, 15
MM, 12, 28, 13
MM, 12, 27, 12
MM, 12, 27, 13
MM, 12, 27, 12
MM, 12, 27, 12
MM, 12, 26, 12
MM, 12, 26, 15
MM, 12, 26, 12
MM, 12, 26, 13
MM, 12, 26, 14
MM, 12, 25, 11
MM, 10, 25, 12
MM, 8, 25, 12
MM, 6, 24, 14
MM, 2, 23, 14
MM, 43, 22, 26
MM, 38, 21, 13
MM, 35, 20, 11
MM, 32, 20, 12
MM, 29, 19, 13
MM, 28, 19, 12
MM, 27, 19, 13
MM, 27, 18, 13
MM, 26, 18, 14
MM, 26, 18, 13
MC, 1, 128
MM, 24, 18, 166
MM, 15, 19, 11
MM, 33, 22, 25
MM, 21, 22, 20
MM, 4, 22, 18
MM, 43, 22, 28
MM, 39, 22, 12
MM, 35, 22, 12
MM, 32, 22, 12
MM, 28, 22, 13
MM, 25, 22, 12
MM, 22, 22, 12
MM, 19, 22, 15
MM, 17, 22, 12
MM, 14, 22, 14
MM, 13, 22, 12
MM, 11, 22, 12
MM, 11, 21, 13
MM, 10, 21, 11
MM, 9, 21, 14
MM, 9, 21, 14
MM, 9, 20, 12
MM, 9, 20, 12
MM, 9, 20, 15
MM, 9, 20, 12
MC, 1, 100
MM, 9, 19, 179
MM, 9, 19, 12
MM, 18, 17, 12
MM, 36, 14, 16
MM, 10, 11, 12
MM, 33, 9, 12
MM, 1, 9, 12
MM, 14, 8, 14
MM, 20, 8, 11
MM, 25, 8, 13
MM, 26, 8, 12
MM, 27, 7, 15
MM, 28, 7, 13
MM, 28, 7, 25
MM, 28, 7, 12
MM, 37, 7, 165
MM, 8, 7, 13
MM, 43, 7, 13
MM, 19, 7, 12
MM, 37, 7, 12
MM, 0, 7, 41
MM, 1, 7, 11
MM, 2, 7, 12
MM, 2, 7, 13
MM, 2, 7, 103
MM, 2, 6, 12
MM, 2, 6, 16
MM, 2, 6, 11
MM, 2, 5, 11
MM, 2, 5, 12
MM, 2, 4, 13
MM, 2, 4, 15
MM, 2, 4, 13
MM, 2, 4, 11
MM, 2, 3, 13
MM, 2, 3, 15
MM, 2, 3, 11
MM, 2, 3, 254
MM, 2, 2, 66
MM, 2, 0, 12
MM, 15, 29, 36
MM, 15, 26, 12
MM, 15, 24, 13
MM, 15, 23, 14
MM, 16, 21, 13
MM, 16, 20, 13
MM, 17, 19, 13
MM, 17, 19, 12
MM, 18, 18, 12
MM, 18, 18, 12
MM, 18, 17, 13
MM, 18, 16, 14
MM, 18, 16, 12
MM, 18, 16, 13
MM, 19, 15, 14
MM, 19, 15, 13
MM, 19, 15, 11
MM, 19, 15, 11
MM, 19, 14, 14
MC, 1, 88
MM, 19, 14, 275
MM, 19, 20, 32
MM, 19, 31, 14
MM, 6, 12, 11
MM, 128, 8, 54
MM, 126, 18, 11
MM, 123, 25, 12
MM, 122, 29, 13
MM, 121, 31, 13
MM, 120, 32, 11
MM, 120, 33, 12
MM, 119, 34, 15
MM, 119, 35, 13
MM, 118, 36, 12
MM, 118, 36, 14
MM, 118, 37, 11
MM, 117, 37, 12
MM, 116, 38, 13
MM, 116, 39, 13
MM, 115, 39, 15
MM, 114, 39, 11
MM, 113, 39, 14
MM, 112, 39, 11
MM, 111, 39, 13
MM, 111, 39, 12
MM, 110, 39, 16
MM, 110, 39, 13
MM, 110, 39, 11
MM, 109, 39, 12
MM, 109, 39, 13
MM, 109, 39, 12
MM, 108, 39, 25
MM, 108, 39, 28
MM, 108, 39, 25
MM, 107, 39, 12
MM, 107, 38, 12
MM, 107, 38, 12
MM, 107, 37, 14
MM, 107, 37, 13
MM, 107, 37, 12
MM, 107, 37, 15
MM, 107, 37, 12
MM, 107, 36, 11
MM, 107, 36, 12
MM, 107, 36, 13
MM, 107, 36, 28
MM, 107, 36, 11
MM, 107, 35, 13
MC, 1, 342
MM, 107, 31, 348
MM, 104, 25, 12
MM, 94, 15, 12
MM, 85, 7, 12
MM, 76, 1, 12
MM, 21, 31, 25
MM, 16, 29, 13
MM, 11, 27, 15
MM, 7, 26, 12
MM, 4, 25, 13
MM, 0, 24, 12
MM, 42, 21, 25
MM, 38, 19, 12
MM, 33, 17, 14
MM, 29, 14, 11
MM, 25, 12, 14
MM, 20, 9, 14
MM, 15, 7, 13
MM, 11, 5, 11
MM, 6, 4, 11
MM, 2, 3, 14
MM, 40, 1, 39
MM, 36, 1, 13
MM, 30, 0, 14
MM, 25, 0, 10
MM, 41, 31, 116
MM, 38, 30, 12
MM, 37, 29, 13
MM, 35, 29, 12
MM, 34, 28, 14
MM, 33, 28, 13
MM, 33, 28, 11
MM, 32, 28, 12
MM, 32, 27, 13
MC, 1, 192
MM, 39, 27, 155
MM, 3, 27, 11
MM, 32, 27, 12
MM, 12, 27, 13
MM, 39, 27, 13
MM, 11, 27, 14
MM, 33, 27, 11
MM, 0, 27, 12
MM, 16, 27, 12
MM, 30, 28, 16
MM, 40, 30, 12
MM, 2, 31, 38
MM, 4, 31, 11
MM, 39, 0, 191
MM, 40, 1, 13
MM, 40, 2, 14
MM, 40, 3, 12
MM, 40, 5, 14
MM, 40, 7, 12
MM, 40, 9, 13
MM, 40, 11, 12
MM, 40, 12, 12
MM, 39, 14, 12
MM, 35, 15, 15
MM, 32, 15, 13
MM, 29, 16, 13
MM, 27, 16, 12
MM, 25, 16, 11
MM, 24, 16, 13
MM, 23, 16, 14
MM, 23, 16, 13
MM, 23, 16, 12
MM, 22, 16, 13
MM, 22, 16, 15
MM, 22, 16, 11
MM, 21, 16, 12
MC, 1, 101
MM, 14, 16, 156
MM, 5, 14, 12
MM, 42, 9, 11
MM, 25, 0, 12
MM, 10, 30, 13
MM, 37, 13, 26
MM, 30, 8, 12
MM, 26, 5, 16
MM, 24, 4, 12
MM, 23, 3, 12
MM, 21, 2, 11
MM, 21, 2, 12
MM, 20, 2, 21
MM, 19, 1, 18
MM, 18, 1, 12
MM, 17, 1, 16
MM, 15, 1, 12
MM, 12, 1, 12
MM, 8, 1, 13
MM, 5, 1, 12
MM, 1, 1, 12
MM, 42, 1, 40
MM, 40, 1, 14
MM, 39, 2, 12
MM, 37, 4, 12
MM, 35, 6, 12
MM, 34, 8, 13
MM, 33, 9, 11
MM, 32, 11, 14
MM, 31, 13, 14
MM, 30, 14, 12
MM, 30, 16, 14
MM, 29, 17, 13
MM, 29, 18, 12
MM, 29, 19, 11
MM, 29, 19, 12
MM, 29, 19, 15
MM, 28, 19, 52
MC, 1, 88
MM, 29, 19, 191
MM, 30, 19, 13
MM, 31, 19, 11
MM, 34, 19, 12
MM, 37, 20, 15
MM, 40, 23, 13
MM, 43, 25, 12
MM, 4, 0, 37
MM, 7, 4, 12
MM, 9, 6, 15
MM, 10, 8, 12
MM, 11, 9, 14
MM, 12, 11, 12
MM, 13, 12, 12
MM, 13, 13, 13
MM, 14, 14, 12
MM, 15, 15, 12
MM, 16, 17, 14
MM, 16, 18, 12
MM, 17, 20, 13
MM, 18, 21, 14
MM, 19, 23, 13
MM, 20, 24, 11
MM, 20, 26, 12
MM, 21, 27, 15
MM, 22, 29, 14
MM, 23, 30, 11
MM, 23, 31, 13
MM, 67, 0, 49
MM, 68, 1, 15
MM, 68, 2, 11
MM, 69, 2, 19
MM, 69, 4, 20
MM, 70, 4, 13
MM, 70, 5, 14
MM, 70, 5, 13
MM, 70, 5, 12
MM, 70, 6, 11
MM, 71, 6, 12
MM, 71, 6, 17
MM, 71, 6, 11
MM, 71, 6, 11
MM, 71, 6, 115
MM, 71, 7, 13
MM, 71, 7, 13
MM, 71, 7, 12
MM, 71, 7, 12
MM, 72, 7, 15
MM, 72, 8, 11
MM, 72, 8, 13
MM, 72, 8, 13
MC, 1, 178
MM, 72, 8, 280
MM, 72, 7, 13
MM, 72, 4, 14
MM, 29, 20, 23
MM, 4, 15, 27
MM, 28, 3, 12
MM, 15, 28, 27
MM, 17, 27, 11
MC, 1, 432
MM, 17, 27, 192
MM, 32, 10, 52
MM, 23, 22, 13
MM, 16, 30, 13
MM, 192, 4, 23
MM, 184, 10, 14
MM, 177, 15, 12
MM, 171, 20, 12
MM, 165, 25, 15
MM, 161, 30, 11
MM, 158, 33, 16
MM, 156, 35, 11
MM, 154, 36, 13
MM, 153, 37, 11
MM, 152, 38, 12
MM, 151, 38, 16
MM, 149, 38, 12
MM, 148, 38, 12
MM, 147, 38, 12
MM, 146, 38, 15
MM, 146, 38, 12
MM, 145, 37, 11
MM, 144, 35, 12
MM, 144, 34, 15
MM, 143, 33, 12
MM, 143, 32, 13
MM, 143, 32, 12
MM, 143, 31, 12
MM, 143, 30, 13
MM, 142, 29, 13
MM, 142, 29, 12
MM, 142, 28, 15
MM, 142, 28, 11
MM, 142, 27, 13
MM, 141, 27, 13
MM, 141, 27, 12
MM, 141, 27, 12
MM, 140, 26, 13
MM, 140, 26, 15
MM, 140, 26, 12
MM, 140, 26, 12
MM, 140, 25, 13
MM, 140, 25, 15
MM, 139, 25, 9
MM, 139, 25, 13
MM, 139, 25, 16
MM, 139, 24, 12
MM, 139, 24, 12
MM, 139, 24, 12
MC, 1, 128
MM, 139, 20, 180
MM, 139, 2, 12
MM, 42, 12, 36
MM, 39, 3, 13
MM, 39, 0, 281
MM, 42, 2, 11
MM, 46, 4, 12
MM, 1, 7, 27
MM, 4, 8, 15
MM, 7, 9, 11
MM, 8, 10, 12
MM, 10, 10, 13
MM, 11, 11, 13
MM, 11, 11, 13
MM, 12, 11, 12
MM, 13, 12, 14
MM, 13, 12, 12
MM, 14, 12, 12
MM, 14, 13, 14
MC, 1, 153
MM, 14, 14, 115
MM, 9, 15, 12
MM, 25, 19, 25
MM, 6, 21, 12
MM, 39, 23, 16
MM, 23, 25, 10
MM, 8, 25, 12
MM, 35, 25, 25
MM, 26, 25, 13
MM, 18, 25, 15
MM, 11, 25, 11
MM, 3, 25, 14
MM, 38, 25, 24
MM, 31, 25, 13
MM, 25, 24, 12
MM, 22, 24, 12
MM, 19, 24, 13
MM, 16, 24, 15
MM, 14, 24, 12
MM, 11, 24, 12
MM, 8, 24, 13
MM, 5, 24, 12
MM, 3, 24, 13
MM, 0, 24, 16
MM, 43, 24, 36
MM, 41, 24, 12
MM, 37, 24, 13
MM, 34, 24, 12
MM, 30, 24, 14
MM, 27, 24, 13
MM, 24, 24, 13
MM, 21, 24, 13
MM, 20, 24, 12
MM, 18, 24, 12
MM, 18, 24, 12
MM, 18, 23, 13
MM, 18, 23, 15
MC, 1, 86
MM, 21, 23, 143
MM, 33, 23, 11
MM, 10, 21, 13
MM, 40, 13, 13
MM, 14, 8, 11
MM, 33, 4, 16
MM, 42, 3, 12
MM, 0, 2, 37
MM, 1, 2, 11
MM, 1, 2, 167
MM, 3, 2, 13
MM, 8, 2, 12
MC, 1, 383
MC, 1, 675
MM, 4, 17, 215
MM, 15, 29, 12
MM, 25, 1, 41
MM, 26, 2, 12
MM, 27, 3, 13
MM, 28, 4, 12
MM, 28, 4, 12
MM, 28, 5, 12
MM, 28, 6, 16
MM, 28, 7, 12
MM, 28, 9, 14
MM, 28, 11, 12
MM, 28, 15, 11
MM, 28, 18, 13
MM, 28, 21, 12
MM, 28, 25, 12
MM, 28, 28, 15
MM, 28, 30, 12
MM, 68, 0, 50
MM, 68, 1, 12
MM, 68, 3, 16
MM, 68, 4, 12
MM, 68, 5, 12
MM, 68, 6, 12
MM, 68, 7, 15
MM, 68, 8, 11
MM, 67, 8, 12
MM, 67, 9, 12
MM, 66, 10, 14
MM, 66, 11, 13
MM, 66, 11, 13
MM, 65, 12, 13
MM, 65, 12, 12
MM, 65, 12, 13
MM, 65, 12, 11
MM, 65, 13, 15
MM, 65, 13, 37
MM, 64, 13, 24
MC, 1, 131
MM, 64, 12, 189
MM, 68, 10, 13
MM, 79, 7, 13
MM, 96, 3, 15
MM, 112, 1, 11
MM, 21, 31, 230
MM, 24, 28, 12
MM, 30, 26, 11
MM, 41, 19, 12
MM, 6, 13, 17
MM, 18, 8, 11
MM, 29, 4, 12
MM, 38, 2, 12
MM, 4, 0, 293
MM, 4, 2, 13
MM, 4, 4, 12
MM, 4, 5, 12
MM, 3, 7, 13
MM, 42, 9, 40
MM, 39, 9, 12
MM, 35, 9, 13
MM, 32, 9, 12
MM, 29, 9, 12
MM, 26, 9, 14
MM, 24, 9, 14
MM, 22, 9, 13
MM, 19, 9, 12
MM, 17, 9, 12
MM, 16, 9, 12
MM, 15, 9, 12
MM, 14, 9, 14
MM, 12, 9, 12
MM, 11, 9, 15
MM, 11, 9, 12
MM, 11, 9, 14
MM, 10, 9, 12
MM, 10, 9, 11
MM, 10, 9, 13
MC, 1, 65
MM, 10, 9, 253
MM, 11, 5, 13
MM, 28, 30, 32
MM, 4, 18, 32
MM, 10, 15, 14
MM, 13, 14, 13
MM, 15, 13, 11
MM, 16, 12, 12
MM, 17, 12, 12
MM, 17, 11, 16
MM, 19, 9, 13
MM, 20, 6, 11
MM, 23, 2, 13
MM, 0, 28, 77
MM, 0, 28, 12
MM, 0, 27, 12
MM, 0, 27, 13
MM, 1, 27, 13
MM, 1, 27, 23
MM, 1, 26, 15
MM, 1, 26, 13
MM, 1, 26, 12
MM, 1, 26, 13
MM, 2, 26, 12
MM, 2, 26, 12
MM, 2, 25, 41
MM, 2, 25, 11
MM, 2, 25, 14
MM, 2, 25, 12
MM, 3, 24, 12
MM, 3, 24, 12
MM, 4, 24, 16
MM, 4, 24, 13
MM, 5, 24, 12
MM, 5, 24, 11
MM, 5, 24, 13
MM, 6, 24, 12
MC, 1, 52
MM, 0, 25, 253
MM, 28, 30, 13
MM, 20, 6, 27
MM, 33, 18, 25
MM, 21, 23, 12
MM, 14, 26, 13
MM, 9, 28, 13
MM, 7, 29, 13
MM, 6, 29, 13
MM, 5, 30, 12
MM, 4, 30, 15
MM, 3, 30, 11
MM, 2, 30, 12
MM, 1, 30, 12
MM, 0, 30, 13
MM, 0, 0, 168
MM, 0, 1, 13
MM, 0, 2, 11
MM, 0, 3, 14
MM, 0, 4, 11
MM, 0, 5, 14
MM, 0, 6, 11
MM, 0, 6, 12
MM, 0, 7, 15
MM, 1, 7, 11
MM, 2, 8, 14
MM, 2, 8, 13
MM, 3, 9, 12
MM, 3, 9, 12
MM, 4, 9, 12
MM, 4, 10, 14
MM, 5, 10, 14
MM, 5, 10, 12
MM, 5, 10, 14
MM, 6, 10, 11
MM, 6, 11, 12
MM, 7, 11, 13
MM, 7, 11, 27
MM, 7, 11, 25
MC, 1, 77
MM, 4, 11, 216
MM, 43, 11, 13
MM, 26, 10, 12
MM, 10, 8, 11
MM, 23, 28, 54
MM, 19, 25, 11
MM, 16, 22, 12
MM, 15, 20, 13
MM, 13, 19, 14
MM, 12, 17, 13
MM, 10, 16, 12
MM, 9, 14, 13
MM, 8, 14, 13
MM, 7, 13, 12
MM, 7, 13, 12
MM, 6, 12, 12
MM, 6, 12, 16
MM, 6, 12, 12
MM, 6, 12, 12
MM, 5, 11, 13
MM, 5, 11, 13
MM, 5, 11, 13
MM, 5, 11, 11
MM, 5, 11, 128
MM, 4, 11, 12
MM, 1, 11, 12
MM, 42, 12, 39
MM, 38, 12, 14
MM, 35, 12, 15
MM, 32, 13, 10
MM, 29, 13, 12
MM, 27, 13, 12
MM, 25, 13, 12
MM, 23, 13, 16
MM, 22, 13, 12
MM, 21, 13, 12
MM, 21, 13, 13
MM, 20, 13, 13
MM, 20, 13, 11
MM, 20, 13, 13
MC, 1, 91
MM, 13, 13, 241
MM, 3, 13, 13
MM, 38, 15, 12
MM, 26, 15, 13
MM, 17, 15, 12
MM, 10, 15, 14
MM, 4, 15, 12
MM, 43, 15, 39
MM, 41, 15, 12
MM, 39, 15, 12
MM, 38, 15, 13
MM, 37, 15, 13
MM, 36, 15, 14
MM, 35, 15, 12
MM, 34, 15, 13
MM, 33, 15, 13
MM, 33, 15, 11
MM, 32, 15, 12
MM, 32, 15, 17
MM, 31, 15, 11
MM, 30, 15, 12
MM, 30, 15, 12
MM, 30, 15, 14
MM, 29, 15, 12
MM, 29, 15, 12
MM, 29, 15, 27
MC, 1, 75
MM, 29, 15, 180
MM, 32, 15, 38
MM, 1, 13, 12
MM, 39, 4, 12
MM, 0, 26, 90
MM, 3, 26, 12
MM, 5, 26, 12
MM, 6, 26, 15
MM, 7, 26, 13
MM, 8, 26, 13
MM, 9, 26, 12
MM, 10, 26, 12
MM, 11, 26, 12
MM, 13, 26, 12
MM, 13, 26, 15
MM, 15, 26, 12
MM, 15, 26, 12
MM, 16, 26, 16
MM, 16, 26, 12
MM, 17, 26, 11
MM, 17, 26, 12
MM, 17, 26, 27
MM, 18, 26, 24
MM, 18, 26, 26
MM, 19, 26, 24
MC, 1, 141
MM, 12, 31, 180
MM, 30, 5, 12
MM, 3, 1, 37
MM, 40, 4, 12
MM, 33, 6, 15
MM, 28, 6, 12
MM, 25, 6, 14
MM, 21, 6, 12
MM, 18, 6, 12
MM, 15, 6, 12
MM, 12, 6, 13
MM, 9, 6, 12
MM, 8, 6, 15
MM, 5, 6, 12
MM, 4, 6, 12
MM, 2, 6, 15
MM, 0, 5, 13
MM, 43, 2, 22
MM, 39, 0, 13
MM, 27, 31, 53
MM, 25, 29, 13
MM, 22, 27, 13
MM, 20, 26, 12
MM, 19, 25, 11
MM, 18, 24, 13
MM, 17, 23, 12
MM, 17, 23, 13
MM, 16, 22, 15
MM, 16, 22, 12
MM, 15, 21, 13
MM, 15, 21, 13
MM, 15, 21, 12
MM, 15, 21, 12
MM, 15, 20, 12
MM, 15, 20, 28
MM, 15, 20, 11
MM, 15, 20, 13
MC, 1, 90
MM, 15, 20, 304
MM, 26, 20, 13
MM, 6, 20, 12
MM, 3, 20, 12
MM, 37, 20, 29
MM, 14, 20, 13
MM, 34, 24, 11
MM, 2, 30, 25
MM, 4, 31, 12
MM, 5, 31, 12
MM, 19, 0, 156
MM, 23, 2, 11
MM, 27, 3, 12
MM, 31, 4, 13
MM, 34, 5, 13
MM, 37, 6, 14
MM, 39, 7, 12
MM, 40, 7, 12
MM, 41, 7, 13
MM, 41, 8, 14
MM, 42, 8, 10
MM, 43, 8, 14
MM, 43, 8, 26
MM, 0, 17, 166
MM, 1, 17, 14
MM, 2, 18, 12
MM, 3, 19, 11
MM, 4, 20, 12
MM, 4, 20, 13
MM, 5, 21, 15
MM, 6, 22, 12
MM, 7, 22, 13
MM, 8, 23, 12
MM, 10, 24, 13
MM, 11, 25, 11
MM, 13, 25, 14
MM, 14, 26, 13
MM, 17, 26, 13
MM, 19, 27, 12
MM, 22, 28, 14
MM, 26, 28, 11
MM, 30, 29, 12
MM, 35, 29, 14
MM, 39, 29, 12
MM, 43, 29, 13
MM, 0, 29, 26
MM, 3, 29, 13
MM, 4, 29, 12
MM, 6, 29, 12
MM, 8, 29, 16
MM, 8, 29, 13
MM, 9, 29, 12
MM, 10, 29, 11
MM, 10, 29, 13
MM, 11, 29, 12
MM, 11, 29, 12
MM, 11, 29, 13
MM, 12, 29, 15
MM, 12, 29, 13
MM, 12, 29, 13
MM, 12, 29, 12
MM, 12, 29, 12
MM, 13, 29, 12
MM, 13, 29, 12
MM, 14, 29, 15
MM, 14, 29, 25
MM, 15, 29, 26
MM, 15, 29, 23
MM, 15, 29, 27
MM, 15, 29, 13
MM, 15, 29, 13
MM, 16, 29, 12
MM, 16, 29, 14
MM, 16, 29, 88
MC, 1, 111
MM, 16, 28, 640
MM, 17, 25, 12
MM, 24, 21, 14
MM, 33, 19, 12
MM, 42, 17, 13
MM, 42, 11, 1566
MM, 33, 5, 12
MM, 7, 27, 28
MM, 40, 13, 23
MM, 34, 9, 12
MM, 30, 6, 12
MM, 28, 3, 15
MM, 26, 2, 12
MM, 26, 2, 12
MM, 25, 1, 15
MM, 24, 1, 13
MM, 24, 0, 12
MM, 24, 0, 12
MM, 24, 0, 13
MM, 25, 0, 826
MM, 25, 0, 14
MM, 25, 0, 14
MM, 26, 0, 12
MM, 27, 0, 11
MM, 29, 0, 12
MM, 32, 0, 15
MM, 35, 0, 14
MM, 39, 0, 11
MM, 0, 0, 24
MM, 5, 0, 15
MM, 10, 0, 12
MM, 14, 0, 11
MM, 18, 0, 13
MM, 21, 0, 15
MM, 25, 0, 17
MM, 30, 0, 21
MM, 31, 0, 12
MM, 33, 0, 14
MM, 34, 0, 12
MM, 35, 1, 12
MM, 36, 1, 13
MM, 37, 1, 1987
MM, 40, 1, 12
MM, 44, 1, 12
MM, 46, 1, 12
MM, 467, 19, 190356
MM, 102, 37, 660
MM, 101, 36, 13
MM, 101, 35, 13
MM, 100, 34, 12
MM, 100, 33, 16
MM, 99, 33, 12
MM, 98, 32, 12
MM, 98, 32, 11
MM, 97, 31, 13
MM, 96, 31, 14
MM, 95, 31, 12
MM, 94, 31, 13
MM, 93, 31, 13
MM, 92, 30, 13
MM, 91, 30, 12
MM, 91, 30, 11
MM, 90, 30, 14
MM, 89, 30, 14
MM, 89, 30, 12
MM, 88, 30, 14
MM, 87, 30, 11
MM, 87, 30, 12
