**********************************
LOGGING TIME: 20180908_190540
CLIENT IP: 127.0.1.1
USERNAME: abhilash
OS: Linux
*********************Neutral database**********************************
MM, 11, 55, 1537598291998
MM, 142, 23, 558
MM, 130, 13, 15
MM, 121, 5, 11
MM, 111, 0, 14
MM, 93, 9, 7032
MM, 70, 3, 434
MM, 70, 6, 10
MM, 70, 8, 12
MM, 70, 9, 13
MM, 70, 10, 15
MM, 70, 10, 12
MM, 70, 11, 13
MM, 70, 11, 12
MM, 70, 12, 13
MM, 70, 12, 12
MM, 70, 12, 12
MM, 70, 13, 15
MM, 70, 13, 12
MM, 70, 14, 13
MM, 70, 14, 12
MM, 70, 14, 12
MM, 70, 14, 12
MM, 70, 15, 14
MM, 70, 15, 12
MM, 70, 15, 15
MM, 70, 15, 25
MC, 1, 111
MM, 74, 21, 1084
MM, 106, 10, 27
MM, 122, 30, 14
MM, 139, 29, 279
MM, 137, 26, 13
MM, 137, 25, 11
MM, 136, 24, 12
MM, 136, 23, 15
MM, 135, 23, 14
MM, 135, 23, 13
MM, 135, 22, 12
MC, 1, 239
MM, 138, 22, 2497
MM, 142, 22, 13
MM, 146, 22, 14
MM, 151, 22, 12
MM, 158, 22, 11
MM, 167, 22, 12
MM, 178, 22, 12
MM, 4, 20, 15
MM, 15, 20, 13
MM, 25, 20, 12
MM, 34, 20, 13
MM, 39, 20, 12
MM, 42, 20, 12
MM, 43, 20, 12
MM, 45, 20, 15
MM, 45, 20, 12
MM, 46, 20, 14
MM, 46, 20, 24
MM, 46, 20, 38
MM, 46, 20, 307
MM, 46, 23, 12
MM, 42, 0, 12946
MM, 42, 2, 16
MM, 42, 4, 12
MM, 42, 6, 12
MM, 42, 9, 12
MM, 42, 14, 15
MM, 42, 17, 11
MM, 42, 21, 12
MM, 42, 26, 12
MM, 34, 2, 78
MM, 33, 6, 11
MM, 32, 13, 13
MC, 1, 727
MM, 102, 0, 25192
MM, 102, 2, 11
MM, 102, 4, 15
MM, 102, 5, 12
MM, 102, 8, 12
MM, 102, 10, 12
MM, 102, 12, 11
MM, 102, 14, 14
MM, 102, 16, 14
MM, 102, 17, 13
MM, 102, 18, 12
MM, 102, 18, 15
MM, 102, 18, 11
MC, 1, 36
MM, 102, 19, 435
MM, 102, 21, 12
MM, 102, 23, 12
MM, 102, 25, 12
MM, 102, 28, 15
MM, 102, 30, 13
MM, 102, 33, 14
MM, 103, 35, 12
MM, 105, 37, 12
MM, 107, 39, 11
MM, 111, 42, 12
MM, 117, 45, 17
MM, 123, 49, 10
MM, 129, 52, 13
MM, 132, 54, 13
MM, 135, 56, 14
MM, 136, 57, 12
MM, 136, 57, 11
MM, 138, 57, 207
MM, 142, 58, 12
MM, 146, 59, 12
MM, 151, 60, 11
MM, 154, 61, 12
MM, 158, 62, 15
MM, 161, 64, 13
MM, 164, 66, 13
MM, 166, 67, 12
MM, 41, 12, 102
MM, 14, 18, 11
MM, 42, 21, 13
MM, 25, 21, 13
MM, 13, 21, 14
MM, 2, 21, 12
MM, 41, 21, 26
MM, 38, 21, 12
MM, 35, 21, 12
MM, 33, 21, 16
MM, 31, 21, 12
MM, 27, 21, 12
MM, 23, 21, 12
MM, 18, 21, 14
MM, 13, 21, 12
MM, 8, 21, 11
MM, 4, 21, 13
MM, 1, 20, 14
MM, 0, 17, 129
MM, 5, 17, 12
MM, 11, 17, 13
MM, 18, 17, 12
MM, 25, 17, 12
MM, 30, 17, 12
MM, 35, 17, 12
MM, 39, 18, 15
MM, 41, 19, 11
MM, 43, 19, 16
MM, 0, 21, 88
MM, 1, 22, 12
MM, 2, 22, 13
MM, 3, 22, 12
MM, 5, 23, 12
MM, 5, 23, 13
MM, 7, 24, 13
MM, 8, 25, 15
MM, 9, 25, 11
MM, 10, 25, 13
MM, 11, 26, 12
MM, 12, 26, 12
MM, 13, 26, 13
MM, 13, 26, 13
MM, 14, 27, 14
MM, 14, 27, 13
MM, 14, 27, 39
MM, 14, 27, 73
MC, 1, 103
MM, 19, 23, 165
MM, 40, 18, 13
MM, 366, 65, 39
MM, 430, 61, 13
MM, 467, 61, 13
MM, 487, 61, 12
MM, 495, 61, 11
MM, 497, 61, 14
MC, 1, 791
MM, 27, 13, 228
MM, 17, 13, 16
MM, 40, 24, 595
MM, 7, 31, 281
MM, 7, 29, 12
MM, 7, 28, 12
MM, 7, 26, 13
MM, 7, 25, 13
MM, 7, 23, 13
MM, 7, 22, 13
MM, 7, 21, 13
MM, 7, 19, 13
MM, 7, 18, 11
MM, 7, 17, 12
MM, 8, 16, 16
MM, 8, 15, 13
MM, 9, 15, 12
MM, 9, 15, 12
MM, 9, 14, 13
MM, 9, 14, 12
MM, 9, 14, 12
MM, 9, 14, 15
MM, 9, 14, 11
MC, 1, 115
MM, 3, 14, 306
MM, 43, 14, 13
MM, 27, 14, 11
MM, 10, 18, 13
MM, 43, 24, 16
MM, 197, 1, 23
MM, 180, 9, 14
MM, 166, 15, 12
MM, 155, 19, 12
MM, 148, 23, 12
MM, 145, 24, 15
MM, 143, 25, 14
MM, 142, 25, 11
MM, 142, 25, 12
MM, 142, 25, 13
MM, 142, 25, 50
MM, 142, 24, 167
MM, 141, 23, 11
MM, 140, 21, 15
MM, 138, 19, 12
MM, 136, 17, 14
MM, 132, 14, 11
MM, 125, 9, 11
MM, 7, 20, 26
MM, 40, 2, 14
MM, 28, 25, 12
MM, 20, 16, 14
MM, 15, 9, 13
MM, 11, 5, 11
MM, 10, 4, 12
MM, 9, 3, 15
MM, 9, 2, 13
MM, 9, 2, 13
MM, 9, 2, 13
MM, 9, 2, 11
MM, 9, 2, 13
MM, 9, 1, 11
MM, 9, 1, 14
MM, 9, 1, 41
MM, 9, 0, 12
MC, 1, 417
MM, 2, 1, 246
MM, 14, 5, 12
MM, 22, 9, 12
MM, 28, 12, 11
MM, 30, 14, 12
MM, 32, 14, 21
MM, 33, 16, 18
MM, 33, 16, 12
MM, 33, 16, 15
MM, 33, 17, 13
MM, 33, 17, 12
MM, 33, 17, 13
MM, 33, 17, 13
MM, 33, 18, 11
MM, 33, 18, 25
MM, 33, 18, 15
MM, 33, 18, 13
MM, 33, 18, 12
MM, 33, 18, 12
MM, 33, 19, 14
MC, 1, 50
MM, 33, 19, 52
MM, 33, 19, 11
MM, 32, 19, 65
MM, 27, 19, 13
MM, 12, 19, 12
MM, 43, 19, 11
MM, 21, 19, 12
MM, 0, 18, 15
MM, 34, 15, 12
MM, 20, 12, 13
MM, 9, 10, 13
MM, 2, 8, 12
MM, 42, 5, 52
MM, 41, 5, 12
MM, 38, 5, 14
MM, 36, 5, 12
MM, 33, 4, 11
MM, 30, 4, 14
MM, 26, 3, 12
MM, 22, 2, 14
MM, 19, 2, 12
MM, 16, 1, 14
MM, 13, 0, 13
MC, 1, 227
MM, 19, 7, 218
MM, 24, 15, 18
MM, 43, 3, 32
MM, 0, 10, 16
MM, 6, 16, 11
MM, 11, 20, 12
MM, 15, 23, 13
MM, 17, 25, 11
MM, 19, 26, 13
MM, 20, 27, 12
MM, 21, 28, 15
MM, 22, 29, 12
MM, 22, 29, 15
MM, 23, 30, 11
MM, 23, 31, 13
MM, 24, 31, 11
MM, 67, 0, 90
MM, 68, 1, 12
MM, 68, 3, 12
MM, 68, 4, 15
MM, 69, 5, 12
MM, 69, 5, 13
MM, 69, 6, 13
MM, 69, 7, 11
MM, 70, 8, 13
MM, 70, 9, 12
MM, 71, 10, 15
MM, 72, 11, 12
MM, 72, 12, 13
MM, 73, 13, 13
MM, 73, 14, 11
MM, 74, 14, 13
MM, 74, 14, 16
MM, 74, 15, 12
MM, 75, 15, 12
MM, 75, 16, 12
MM, 75, 16, 13
MM, 75, 16, 12
MC, 1, 102
MM, 75, 16, 51
MM, 75, 13, 16
MM, 75, 10, 11
MM, 75, 7, 12
MM, 74, 4, 11
MM, 72, 2, 13
MM, 71, 0, 15
MM, 28, 31, 51
MM, 27, 28, 12
MM, 27, 24, 11
MM, 26, 20, 12
MM, 26, 15, 15
MM, 26, 10, 12
MM, 26, 5, 13
MM, 26, 21, 25
MM, 42, 0, 64
MM, 134, 66, 26
MM, 134, 64, 12
MM, 134, 64, 12
MM, 133, 64, 12
MM, 133, 64, 13
MM, 133, 64, 181
MM, 133, 65, 12
MM, 133, 67, 12
MM, 36, 0, 50
MM, 39, 3, 15
MM, 43, 7, 12
MC, 1, 585
MM, 1, 21, 241
MM, 7, 21, 12
MM, 12, 22, 14
MM, 16, 23, 13
MM, 19, 24, 13
MM, 21, 25, 13
MM, 23, 25, 19
MM, 25, 25, 19
MM, 25, 26, 12
MM, 26, 26, 14
MM, 26, 25, 240
MM, 26, 25, 15
MM, 26, 25, 12
MM, 26, 24, 13
MM, 26, 24, 13
MM, 26, 24, 11
MM, 26, 23, 12
MM, 26, 23, 16
MM, 26, 23, 13
MM, 26, 22, 12
MM, 26, 22, 12
MM, 26, 21, 12
MM, 26, 21, 12
MM, 26, 21, 13
MM, 26, 21, 15
MM, 26, 20, 11
MM, 26, 20, 15
MM, 26, 20, 12
MM, 26, 20, 24
MM, 26, 20, 12
MM, 26, 19, 12
MM, 26, 19, 219
MM, 27, 19, 12
MM, 27, 20, 13
MM, 28, 20, 12
MM, 28, 21, 12
MM, 28, 21, 13
MC, 1, 331
MM, 30, 21, 52
MM, 36, 21, 13
MM, 21, 21, 26
MM, 29, 21, 24
MM, 19, 21, 12
MM, 3, 23, 13
MM, 25, 24, 15
MM, 34, 21, 319
MM, 30, 20, 10
MM, 26, 20, 13
MM, 22, 19, 12
MM, 19, 18, 15
MM, 17, 18, 12
MM, 16, 18, 12
MM, 14, 17, 14
MM, 13, 17, 13
MM, 12, 17, 11
MM, 12, 16, 12
MM, 11, 16, 15
MM, 11, 16, 12
MM, 11, 16, 15
MM, 11, 16, 10
MC, 1, 65
MM, 10, 16, 74
MM, 10, 15, 12
MM, 8, 15, 14
MM, 5, 15, 13
MM, 1, 15, 13
MM, 33, 15, 26
MM, 28, 15, 12
MM, 24, 15, 12
MM, 19, 15, 15
MM, 15, 15, 13
MM, 10, 15, 12
MM, 7, 15, 12
MM, 4, 14, 14
MM, 2, 14, 11
MM, 0, 14, 12
MM, 35, 13, 65
MM, 34, 13, 12
MM, 33, 13, 14
MM, 31, 12, 11
MM, 30, 12, 17
MM, 28, 12, 10
MM, 26, 12, 12
MM, 24, 12, 12
MM, 23, 11, 13
MM, 22, 11, 12
MM, 21, 11, 15
MM, 21, 11, 12
MM, 21, 11, 13
MM, 20, 10, 15
MM, 20, 10, 22
MM, 20, 10, 12
MC, 1, 28
MM, 19, 10, 24
MM, 19, 10, 14
MM, 18, 10, 12
MM, 16, 10, 12
MM, 13, 10, 12
MM, 9, 10, 15
MM, 4, 12, 13
MM, 41, 18, 25
MM, 30, 24, 13
MM, 16, 31, 11
MM, 40, 0, 12
MM, 31, 5, 15
MM, 23, 10, 12
MM, 17, 14, 15
MM, 12, 16, 12
MM, 9, 18, 12
MM, 5, 20, 12
MM, 1, 22, 12
MM, 45, 26, 39
MM, 40, 28, 13
MM, 34, 30, 14
MM, 15, 2, 35
MM, 7, 5, 15
MM, 0, 8, 12
MM, 43, 10, 13
MM, 37, 11, 13
MM, 31, 12, 12
MM, 27, 13, 12
MM, 25, 13, 13
MM, 23, 13, 13
MM, 22, 13, 14
MM, 20, 13, 12
MM, 19, 13, 15
MM, 18, 13, 11
MM, 16, 13, 13
MM, 15, 13, 11
MM, 13, 13, 12
MM, 11, 12, 14
MM, 8, 11, 14
MM, 5, 10, 11
MM, 3, 9, 14
MM, 0, 8, 13
MM, 43, 6, 36
MM, 41, 6, 16
MM, 39, 5, 11
MM, 38, 5, 12
MM, 36, 5, 15
MM, 35, 5, 12
MM, 34, 5, 11
MM, 33, 5, 13
MM, 33, 5, 14
MM, 32, 5, 14
MM, 31, 5, 12
MM, 30, 5, 12
MM, 30, 5, 13
MM, 29, 5, 12
MM, 29, 5, 12
MM, 28, 5, 12
MM, 28, 5, 15
MM, 28, 5, 12
MM, 27, 5, 15
MM, 27, 5, 12
MM, 27, 5, 12
MM, 27, 5, 12
MC, 1, 63
MM, 27, 5, 15
MM, 26, 5, 12
MM, 26, 5, 12
MM, 25, 5, 12
MM, 25, 5, 14
MM, 24, 5, 12
MM, 23, 5, 13
MM, 21, 5, 11
MM, 18, 5, 13
MM, 15, 5, 15
MM, 12, 5, 13
MM, 8, 5, 12
MM, 3, 5, 12
MM, 40, 5, 37
MM, 37, 4, 15
MM, 34, 3, 11
MM, 32, 2, 16
MM, 30, 1, 12
MM, 28, 0, 12
MM, 27, 0, 12
MM, 15, 31, 90
MM, 13, 30, 11
MM, 10, 29, 12
MM, 8, 28, 15
MM, 6, 27, 11
MM, 4, 26, 15
MM, 1, 25, 11
MM, 0, 24, 13
MM, 43, 22, 63
MM, 42, 21, 14
MM, 41, 21, 13
MM, 40, 21, 11
MM, 40, 20, 12
MM, 39, 20, 13
MM, 38, 20, 13
MM, 37, 19, 14
MM, 37, 19, 13
MM, 36, 19, 13
MM, 35, 18, 14
MM, 34, 18, 10
MM, 33, 17, 12
MM, 32, 16, 13
MM, 31, 15, 16
MM, 30, 13, 11
MM, 29, 12, 12
MM, 28, 10, 14
MM, 28, 9, 12
MM, 27, 8, 12
MM, 27, 7, 12
MM, 27, 7, 12
MM, 27, 7, 17
MC, 1, 46
MM, 28, 7, 116
MM, 31, 7, 12
MM, 37, 10, 15
MM, 9, 18, 26
MM, 25, 23, 14
MM, 42, 28, 12
MM, 22, 1, 22
MM, 33, 5, 14
MM, 15, 11, 38
MM, 22, 11, 14
MM, 30, 11, 14
MM, 37, 11, 13
MM, 3, 11, 23
MM, 11, 11, 13
MM, 19, 10, 12
MM, 25, 7, 12
MM, 30, 4, 15
MM, 34, 1, 13
MM, 0, 24, 50
MM, 6, 19, 11
MM, 11, 15, 14
MM, 16, 12, 14
MM, 21, 9, 13
MM, 26, 7, 12
MM, 32, 4, 14
MM, 38, 3, 12
MM, 3, 0, 23
MM, 34, 0, 281
MM, 38, 0, 16
MM, 42, 0, 12
MM, 0, 1, 24
MM, 3, 2, 13
MM, 5, 2, 11
MM, 7, 2, 13
MM, 8, 2, 12
MM, 9, 2, 15
MM, 10, 2, 13
MM, 11, 3, 14
MM, 11, 3, 12
MM, 12, 3, 12
MM, 12, 4, 12
MM, 13, 5, 11
MM, 13, 5, 14
MM, 13, 6, 14
MM, 14, 7, 12
MM, 14, 7, 15
MM, 14, 8, 12
MM, 14, 8, 12
MM, 14, 9, 11
MM, 15, 9, 12
MM, 15, 9, 15
MM, 15, 9, 11
MM, 15, 9, 15
MM, 15, 10, 25
MC, 1, 12
MM, 15, 10, 0
MM, 15, 10, 11
MM, 15, 10, 14
MM, 15, 10, 14
MM, 15, 11, 14
MM, 15, 11, 10
MM, 15, 11, 13
MM, 15, 12, 13
MM, 15, 12, 12
MM, 15, 13, 13
MM, 15, 14, 13
MM, 15, 15, 13
MM, 11, 16, 12
MM, 6, 17, 20
MM, 39, 23, 32
MM, 28, 28, 15
MM, 27, 15, 34
MM, 12, 24, 13
MM, 1, 30, 16
MM, 175, 2, 23
MM, 169, 6, 13
MM, 165, 9, 15
MM, 161, 13, 12
MM, 159, 15, 12
MM, 156, 17, 11
MM, 154, 18, 13
MM, 153, 20, 14
MM, 151, 21, 14
MM, 150, 22, 12
MM, 149, 23, 12
MM, 148, 23, 13
MM, 147, 25, 12
MM, 146, 25, 11
MM, 146, 26, 14
MM, 145, 26, 14
MM, 145, 27, 12
MM, 144, 27, 13
MM, 144, 27, 13
MM, 144, 27, 11
MM, 144, 27, 13
MM, 144, 27, 77
MC, 1, 52
MM, 144, 27, 76
MM, 144, 26, 14
MM, 144, 25, 13
MM, 144, 24, 12
MM, 144, 23, 12
MM, 144, 22, 12
MM, 148, 19, 12
MM, 153, 16, 12
MM, 163, 10, 15
MM, 180, 2, 13
MM, 9, 31, 14
MM, 26, 23, 12
MM, 40, 17, 12
MM, 5, 9, 24
MM, 9, 6, 12
MM, 11, 5, 15
MM, 13, 4, 13
MM, 14, 3, 12
MM, 15, 2, 15
MM, 16, 1, 11
MM, 16, 0, 11
MM, 20, 30, 65
MM, 21, 28, 12
MM, 23, 26, 12
MM, 24, 24, 14
MM, 26, 22, 12
MM, 29, 20, 14
MM, 32, 18, 12
MM, 35, 16, 15
MM, 38, 14, 11
MM, 40, 13, 13
MM, 42, 12, 11
MM, 1, 9, 66
MM, 3, 9, 18
MM, 7, 9, 18
MM, 10, 9, 15
MM, 12, 9, 13
MM, 14, 9, 12
MM, 15, 9, 11
MM, 17, 9, 13
MM, 18, 9, 14
MM, 19, 9, 14
MM, 20, 9, 11
MM, 20, 9, 13
MM, 21, 9, 13
MM, 21, 9, 13
MM, 21, 9, 12
MM, 21, 9, 11
MM, 21, 10, 12
MM, 21, 10, 15
MM, 21, 11, 12
MM, 21, 11, 13
MC, 1, 112
MM, 9, 11, 219
MM, 39, 11, 14
MM, 6, 11, 11
MM, 26, 12, 16
MM, 16, 13, 24
MM, 30, 14, 23
MM, 17, 14, 17
MM, 7, 14, 11
MM, 0, 14, 12
MM, 41, 14, 27
MM, 37, 14, 12
MM, 34, 14, 12
MM, 30, 14, 11
MM, 28, 14, 12
MM, 24, 14, 15
MM, 21, 14, 12
MM, 17, 14, 13
MM, 13, 14, 13
MM, 9, 14, 14
MM, 5, 14, 11
MM, 3, 13, 12
MM, 0, 11, 12
MM, 42, 4, 53
MM, 41, 2, 11
MC, 1, 333
MM, 11, 0, 267
MM, 10, 0, 12
MM, 9, 0, 14
MM, 8, 1, 12
MM, 7, 1, 12
MM, 6, 2, 12
MM, 5, 2, 15
MM, 4, 3, 14
MM, 2, 3, 12
MM, 0, 4, 13
MM, 43, 6, 50
MM, 42, 7, 12
MM, 40, 7, 13
MM, 39, 8, 15
MM, 38, 8, 12
MM, 36, 8, 11
MM, 35, 9, 12
MM, 34, 9, 12
MM, 33, 10, 17
MM, 32, 10, 11
MM, 31, 11, 12
MM, 30, 11, 13
MM, 29, 12, 14
MM, 29, 12, 12
MM, 28, 12, 11
MM, 27, 12, 12
MM, 27, 12, 15
MM, 27, 12, 11
MM, 26, 12, 15
MM, 26, 12, 11
MC, 1, 23
MM, 26, 12, 2
MM, 25, 12, 13
MM, 31, 12, 89
MM, 39, 12, 12
MM, 1, 12, 13
MM, 9, 13, 13
MM, 15, 14, 14
MM, 19, 15, 13
MM, 21, 15, 14
MM, 22, 16, 11
MM, 23, 16, 11
MM, 24, 16, 13
MM, 24, 16, 16
MM, 25, 16, 11
MM, 25, 16, 26
MM, 25, 16, 12
MM, 26, 16, 39
MM, 26, 16, 12
MM, 27, 16, 12
MM, 28, 16, 12
MM, 28, 16, 12
MM, 29, 16, 15
MM, 31, 16, 13
MM, 34, 16, 14
MM, 37, 16, 11
MM, 40, 16, 14
MM, 0, 16, 36
MM, 3, 15, 13
MM, 6, 15, 14
MM, 9, 15, 12
MM, 11, 15, 13
MM, 13, 15, 13
MM, 15, 15, 11
MM, 16, 15, 13
MM, 17, 15, 16
MM, 18, 15, 11
MM, 18, 15, 12
MM, 18, 15, 14
MM, 19, 15, 12
MM, 19, 15, 12
MM, 19, 15, 12
MM, 20, 15, 12
MM, 20, 15, 17
MM, 20, 15, 11
MM, 21, 15, 12
MC, 1, 13
MM, 21, 15, 13
MM, 21, 15, 11
MM, 21, 15, 13
MM, 21, 15, 41
MM, 21, 16, 13
MM, 21, 16, 11
MM, 21, 17, 12
MM, 21, 18, 12
MM, 22, 19, 12
MM, 22, 22, 15
MM, 23, 25, 13
MM, 24, 29, 13
MM, 30, 2, 25
MM, 32, 8, 11
MM, 35, 12, 13
MM, 36, 14, 14
MM, 37, 17, 14
MM, 39, 19, 11
MM, 40, 21, 13
MM, 41, 23, 13
MM, 43, 25, 13
MM, 43, 0, 64
MM, 45, 2, 12
MM, 46, 4, 13
MM, 47, 6, 11
MM, 49, 8, 13
MM, 49, 9, 12
MM, 50, 10, 15
MM, 50, 10, 12
MM, 51, 11, 14
MM, 51, 11, 12
MM, 51, 12, 12
MM, 51, 12, 12
MM, 51, 12, 12
MM, 52, 12, 16
MM, 52, 12, 12
MM, 52, 12, 11
MM, 52, 13, 15
MM, 52, 13, 12
MM, 52, 13, 13
MM, 53, 14, 11
MM, 53, 14, 12
MM, 53, 15, 16
MM, 53, 15, 12
MM, 53, 16, 12
MC, 1, 63
MM, 53, 16, 1
MM, 54, 16, 24
MM, 54, 16, 12
MM, 54, 16, 14
MM, 55, 16, 14
MM, 56, 16, 11
MM, 57, 16, 15
MM, 60, 15, 13
MM, 67, 10, 11
MM, 3, 28, 50
MM, 1, 3, 13
MM, 441, 67, 117
MM, 443, 66, 11
MM, 445, 66, 12
MM, 447, 66, 12
MM, 449, 66, 15
MM, 451, 65, 11
MM, 452, 65, 15
MM, 454, 65, 13
MM, 456, 65, 12
MM, 457, 65, 12
MM, 459, 65, 11
MM, 461, 65, 13
MM, 461, 65, 14
MM, 463, 65, 12
MM, 463, 67, 14
MM, 13, 0, 546
MM, 13, 0, 14
MM, 13, 1, 14
MM, 13, 1, 13
MM, 13, 1, 12
MM, 13, 2, 12
MM, 13, 2, 12
MM, 13, 3, 12
MM, 13, 3, 16
MM, 13, 3, 11
MM, 13, 4, 11
MM, 13, 5, 13
MM, 13, 5, 12
MM, 13, 6, 13
MM, 13, 6, 13
MM, 13, 7, 14
MM, 13, 7, 13
MM, 13, 7, 14
MM, 13, 8, 11
MM, 13, 8, 11
MC, 1, 142
MM, 11, 8, 218
MM, 34, 16, 11
MM, 21, 8, 24
MM, 29, 18, 14
MM, 45, 24, 13
MM, 13, 26, 14
MM, 39, 27, 12
MM, 21, 27, 11
MM, 9, 27, 14
MM, 3, 27, 12
MM, 0, 27, 12
MM, 42, 27, 52
MM, 41, 27, 13
MM, 39, 27, 11
MM, 38, 27, 13
MM, 35, 27, 13
MM, 33, 27, 14
MM, 29, 26, 13
MM, 27, 25, 13
MM, 25, 24, 12
MM, 24, 23, 12
MM, 22, 21, 12
MM, 21, 19, 17
MM, 20, 16, 11
MM, 19, 14, 12
MM, 17, 12, 13
MM, 15, 9, 13
MM, 14, 7, 12
MM, 12, 4, 11
MM, 10, 0, 13
MC, 1, 283
MM, 15, 2, 139
MM, 18, 19, 24
MM, 37, 24, 14
MM, 24, 0, 87
MM, 25, 0, 16
MM, 26, 0, 12
MM, 27, 0, 12
MM, 28, 0, 15
MM, 30, 0, 11
MM, 31, 0, 11
MM, 32, 0, 13
MM, 33, 0, 14
MM, 34, 0, 13
MM, 34, 0, 13
MM, 35, 0, 12
MM, 36, 1, 12
MM, 36, 1, 13
MM, 36, 1, 12
MM, 36, 2, 12
MM, 36, 3, 14
MM, 36, 4, 14
MM, 36, 4, 12
MM, 36, 5, 13
MM, 36, 7, 11
MM, 36, 8, 13
MM, 36, 9, 16
MM, 36, 10, 11
MM, 36, 11, 13
MM, 36, 12, 13
MM, 35, 12, 12
MM, 34, 13, 14
MM, 33, 14, 11
MM, 32, 15, 11
MM, 31, 15, 14
MM, 30, 15, 12
MM, 29, 15, 14
MM, 29, 15, 13
MM, 28, 15, 13
MM, 28, 15, 12
MM, 27, 15, 13
MM, 27, 15, 13
MM, 27, 15, 13
MC, 1, 26
MM, 26, 15, 13
MM, 25, 15, 12
MM, 24, 15, 12
MM, 23, 15, 13
MM, 20, 15, 12
MM, 17, 15, 15
MM, 12, 15, 12
MM, 6, 15, 14
MM, 0, 16, 12
MM, 38, 17, 23
MM, 31, 18, 12
MM, 23, 19, 17
MM, 15, 20, 10
MM, 7, 21, 13
MM, 0, 21, 13
MM, 38, 22, 26
MM, 33, 22, 11
MM, 28, 22, 12
MM, 25, 22, 13
MM, 22, 22, 21
MM, 15, 22, 17
MM, 12, 22, 15
MM, 9, 22, 13
MM, 6, 22, 13
MM, 4, 22, 12
MM, 1, 22, 12
MM, 42, 21, 37
MM, 40, 20, 14
MM, 37, 20, 13
MM, 35, 20, 14
MM, 34, 20, 13
MM, 32, 19, 11
MM, 31, 19, 12
MM, 30, 19, 12
MM, 29, 18, 13
MM, 28, 17, 15
MM, 28, 17, 12
MM, 27, 16, 13
MM, 26, 16, 14
MM, 26, 15, 11
MM, 26, 15, 12
MM, 26, 15, 12
MM, 26, 15, 14
MM, 26, 14, 13
MM, 26, 14, 13
MC, 1, 12
MM, 26, 13, 12
MM, 26, 13, 14
MM, 28, 12, 12
MM, 36, 10, 12
MM, 4, 4, 15
MM, 8, 27, 24
MM, 34, 19, 13
MM, 1, 12, 12
MM, 18, 7, 12
MM, 29, 3, 17
MM, 38, 0, 10
MM, 19, 31, 38
MM, 25, 28, 12
MM, 30, 26, 13
MM, 33, 24, 12
MM, 38, 22, 16
MM, 40, 21, 12
MM, 2, 15, 49
MM, 5, 14, 12
MM, 7, 13, 13
MM, 9, 12, 15
MM, 10, 12, 13
MM, 11, 11, 13
MM, 12, 11, 12
MM, 13, 11, 12
MM, 13, 11, 12
MM, 14, 11, 12
MM, 14, 10, 13
MM, 15, 10, 15
MM, 15, 10, 11
MM, 16, 10, 16
MM, 16, 10, 11
MM, 16, 10, 12
MM, 17, 10, 12
MM, 17, 10, 12
MM, 17, 10, 27
MM, 17, 10, 39
MC, 1, 9
MM, 18, 10, 27
MM, 18, 10, 28
MM, 19, 10, 12
MM, 19, 10, 12
MM, 20, 10, 13
MM, 22, 11, 13
MM, 24, 14, 11
MM, 28, 16, 13
MM, 32, 19, 12
MM, 5, 29, 52
MM, 7, 30, 13
MM, 10, 31, 15
MM, 5, 0, 73
MM, 7, 1, 15
MM, 9, 1, 12
MM, 11, 2, 15
MM, 13, 2, 11
MM, 15, 3, 12
MM, 17, 4, 12
MM, 19, 4, 12
MM, 21, 4, 15
MM, 22, 4, 13
MM, 24, 5, 12
MM, 25, 5, 12
MM, 26, 6, 14
MM, 27, 6, 11
MM, 28, 6, 13
MM, 29, 7, 12
MM, 29, 7, 14
MM, 29, 7, 13
MM, 29, 8, 13
MM, 29, 8, 12
MM, 30, 9, 12
MM, 30, 9, 12
MM, 30, 9, 13
MM, 31, 10, 15
MM, 31, 10, 12
MC, 1, 13
MM, 31, 11, 12
MM, 31, 11, 12
MM, 31, 11, 12
MM, 31, 12, 17
MM, 31, 13, 12
MM, 29, 14, 12
MM, 23, 16, 12
MM, 18, 18, 13
MM, 11, 21, 12
MM, 4, 25, 11
MM, 20, 3, 41
MM, 4, 9, 13
MM, 39, 17, 12
MM, 26, 23, 12
MM, 15, 29, 12
MM, 181, 3, 39
MM, 177, 5, 13
MM, 174, 7, 14
MM, 172, 7, 13
MM, 171, 8, 12
MM, 169, 9, 11
MM, 168, 9, 12
MM, 167, 10, 13
MM, 167, 10, 15
MM, 166, 11, 12
MM, 164, 11, 13
MM, 163, 12, 14
MM, 163, 13, 11
MM, 161, 14, 12
MM, 161, 14, 12
MM, 160, 15, 14
MM, 158, 16, 13
MM, 157, 16, 13
MM, 157, 16, 12
MM, 156, 17, 12
MM, 156, 17, 13
MM, 155, 17, 12
MM, 155, 17, 13
MM, 155, 17, 15
MM, 155, 17, 12
MC, 1, 14
MM, 154, 17, 2
MM, 154, 17, 21
MM, 154, 17, 26
MM, 153, 17, 26
MM, 152, 17, 13
MM, 150, 17, 12
MM, 148, 17, 19
MM, 142, 17, 19
MM, 137, 17, 13
MM, 133, 17, 14
MM, 128, 17, 11
MM, 124, 17, 13
MM, 120, 17, 12
MM, 115, 17, 14
MM, 109, 16, 15
MM, 105, 15, 10
MM, 100, 14, 13
MM, 96, 13, 13
MM, 92, 12, 14
MM, 89, 11, 10
MM, 85, 11, 13
MM, 81, 10, 12
MM, 78, 9, 15
MM, 74, 8, 12
MM, 71, 7, 13
MM, 68, 5, 12
MM, 65, 4, 12
MM, 63, 3, 13
MM, 60, 2, 12
MM, 59, 1, 15
MM, 6, 29, 62
MM, 5, 27, 16
MM, 3, 25, 12
MM, 1, 23, 12
MM, 0, 21, 12
MM, 43, 13, 102
MM, 43, 12, 12
MM, 42, 12, 13
MM, 42, 12, 12
MM, 41, 11, 15
MM, 41, 11, 12
MM, 39, 11, 12
MM, 39, 11, 15
MM, 38, 11, 13
MM, 37, 11, 10
MM, 37, 11, 12
MM, 36, 11, 13
MM, 35, 11, 16
MM, 34, 11, 12
MM, 33, 11, 12
MM, 32, 11, 12
MM, 30, 11, 15
MM, 30, 11, 11
MM, 29, 11, 11
MM, 28, 11, 12
MM, 27, 11, 16
MM, 26, 11, 11
MM, 25, 11, 14
MM, 25, 11, 12
MM, 25, 11, 12
MM, 24, 11, 13
MM, 24, 11, 39
MM, 24, 10, 61
MM, 24, 10, 41
MC, 1, 75
MM, 24, 10, 83
MM, 24, 10, 111
MM, 24, 10, 10
MM, 24, 9, 13
MM, 23, 9, 13
MM, 22, 8, 12
MM, 21, 7, 12
MM, 19, 5, 13
MM, 16, 4, 14
MM, 13, 2, 12
MM, 11, 0, 14
MM, 41, 30, 88
MM, 39, 30, 13
MM, 37, 29, 13
MM, 35, 28, 11
MM, 33, 27, 13
MM, 31, 25, 16
MM, 29, 24, 12
MM, 26, 22, 12
MM, 24, 20, 12
MM, 21, 18, 12
MM, 19, 17, 12
MM, 17, 15, 13
MM, 16, 15, 15
MM, 14, 14, 12
MM, 13, 13, 15
MM, 11, 12, 11
MM, 10, 12, 12
MM, 9, 12, 12
MM, 7, 12, 11
MM, 6, 12, 14
MM, 4, 12, 14
MM, 3, 11, 12
MM, 1, 11, 13
MM, 43, 11, 78
MM, 42, 11, 12
MM, 40, 11, 12
MM, 39, 11, 13
MM, 39, 11, 14
MM, 38, 11, 12
MM, 37, 11, 11
MM, 37, 11, 13
MM, 36, 11, 14
MM, 36, 11, 12
MM, 35, 11, 13
MM, 35, 12, 13
MM, 35, 12, 12
MM, 35, 12, 12
MM, 35, 12, 13
MM, 34, 12, 27
MC, 1, 49
MM, 34, 13, 142
MM, 41, 16, 12
MM, 7, 21, 13
MM, 29, 29, 13
MM, 28, 6, 29
MM, 2, 14, 8
MM, 25, 19, 14
MM, 16, 27, 23
MM, 31, 29, 14
MM, 42, 30, 14
MM, 5, 30, 25
MM, 9, 30, 14
MM, 15, 30, 12
MM, 25, 30, 11
MM, 35, 30, 13
MM, 0, 30, 25
MM, 5, 30, 15
MM, 8, 30, 11
MM, 10, 30, 14
MM, 13, 30, 12
MM, 15, 30, 11
MM, 18, 30, 14
MM, 21, 30, 15
MM, 24, 30, 13
MM, 26, 30, 11
MM, 27, 30, 12
MM, 28, 30, 13
MM, 29, 30, 12
MM, 30, 30, 13
MM, 30, 30, 27
MM, 30, 29, 26
MM, 30, 29, 12
MM, 30, 28, 12
MM, 30, 27, 12
MM, 29, 26, 12
MM, 24, 26, 15
MM, 19, 26, 12
MM, 12, 26, 13
MM, 5, 26, 15
MM, 40, 26, 23
MM, 35, 26, 12
MM, 31, 26, 12
MM, 28, 26, 15
MM, 26, 26, 12
MM, 25, 26, 12
MM, 24, 26, 14
MM, 24, 26, 12
MC, 1, 152
MM, 24, 27, 167
MM, 24, 29, 14
MM, 24, 30, 12
MM, 164, 0, 76
MM, 162, 1, 12
MM, 161, 2, 15
MM, 161, 3, 11
MM, 160, 4, 12
MM, 159, 4, 13
MM, 158, 5, 11
MM, 158, 6, 13
MM, 157, 6, 15
MM, 156, 7, 11
MM, 156, 7, 12
MM, 156, 7, 16
MM, 155, 7, 12
MM, 155, 7, 12
MM, 155, 7, 25
MM, 155, 7, 25
MM, 154, 7, 12
MM, 154, 7, 13
MC, 1, 15
MM, 154, 7, 13
MM, 153, 7, 12
MM, 153, 7, 24
MM, 153, 7, 25
MM, 152, 7, 15
MM, 152, 7, 11
MM, 151, 7, 16
MM, 150, 7, 11
MM, 147, 4, 12
MM, 40, 26, 24
MM, 28, 14, 12
MM, 15, 4, 15
MM, 42, 19, 40
MM, 37, 15, 12
MM, 31, 11, 10
MM, 28, 9, 13
MM, 25, 8, 15
MM, 23, 7, 11
MM, 22, 6, 14
MM, 20, 6, 12
MM, 18, 6, 12
MM, 17, 6, 13
MM, 16, 6, 12
MM, 14, 6, 13
MM, 13, 6, 14
MM, 12, 6, 13
MM, 11, 6, 12
MM, 10, 6, 13
MM, 9, 6, 12
MM, 8, 6, 12
MM, 7, 6, 12
MM, 5, 6, 13
MM, 4, 6, 15
MM, 2, 6, 12
MM, 0, 6, 13
MM, 41, 19, 49
MM, 40, 22, 17
MM, 38, 25, 11
MM, 37, 27, 12
MM, 36, 28, 13
MM, 35, 29, 13
MM, 35, 29, 11
MM, 35, 29, 13
MM, 35, 29, 15
MM, 34, 29, 25
MM, 34, 29, 12
MM, 34, 29, 25
MM, 33, 29, 24
MM, 33, 27, 15
MM, 33, 25, 12
MM, 33, 24, 15
MM, 33, 23, 12
MM, 33, 21, 12
MM, 33, 20, 11
MM, 33, 19, 12
MC, 1, 1
MM, 33, 19, 16
MM, 33, 18, 11
MM, 33, 17, 12
MM, 33, 17, 13
MM, 33, 16, 15
MM, 33, 15, 12
MM, 33, 14, 10
MM, 33, 13, 13
MM, 33, 12, 12
MM, 33, 11, 21
MM, 33, 8, 18
MM, 33, 7, 14
MM, 33, 5, 13
MM, 33, 3, 13
MM, 33, 2, 12
MM, 33, 0, 12
MC, 1, 534
MM, 35, 1, 243
MM, 5, 11, 12
MM, 35, 19, 12
MM, 23, 24, 15
MM, 16, 27, 12
MM, 11, 28, 13
MM, 9, 29, 12
MM, 8, 29, 14
MM, 6, 29, 12
MM, 6, 29, 11
MM, 5, 29, 13
MM, 4, 29, 15
MM, 4, 29, 13
MM, 4, 29, 12
MM, 4, 29, 12
MM, 3, 29, 13
MM, 3, 29, 13
MM, 2, 29, 11
MM, 2, 29, 13
MM, 1, 29, 27
MM, 1, 29, 38
MM, 1, 29, 62
MM, 1, 28, 12
MM, 1, 27, 17
MM, 1, 26, 12
MM, 1, 25, 12
MM, 1, 24, 12
MM, 1, 23, 15
MM, 1, 22, 11
MM, 1, 21, 12
MM, 1, 20, 12
MM, 1, 20, 12
MM, 1, 19, 15
MM, 1, 19, 13
MM, 1, 18, 12
MM, 1, 18, 12
MM, 2, 18, 14
MM, 2, 18, 11
MM, 2, 17, 13
MM, 3, 17, 12
MM, 3, 17, 15
MM, 3, 17, 12
MC, 1, 13
MM, 3, 16, 12
MM, 3, 16, 11
MM, 3, 16, 14
MM, 3, 16, 12
MM, 4, 15, 14
MM, 4, 15, 13
MM, 4, 15, 13
MM, 4, 15, 24
MM, 5, 15, 12
MM, 5, 15, 17
MM, 6, 15, 12
MM, 7, 15, 12
MM, 9, 14, 12
MM, 12, 14, 13
MM, 15, 14, 12
MM, 20, 13, 11
MM, 25, 13, 14
MM, 29, 11, 14
MM, 34, 10, 14
MM, 38, 9, 12
MM, 42, 7, 12
MM, 0, 2, 37
MM, 2, 1, 12
MM, 3, 0, 13
MC, 1, 318
MM, 21, 19, 154
MM, 115, 41, 635
MM, 114, 41, 16
MM, 112, 40, 12
MM, 111, 39, 12
MM, 110, 38, 15
MM, 109, 38, 11
MM, 108, 37, 12
MM, 107, 37, 12
MM, 106, 36, 12
MM, 106, 36, 15
MM, 105, 35, 12
MM, 105, 34, 13
MM, 105, 32, 12
MM, 104, 29, 14
MM, 104, 27, 11
MM, 103, 24, 13
MM, 103, 22, 12
MM, 102, 20, 15
MM, 102, 19, 12
MM, 102, 18, 13
MM, 102, 17, 12
MM, 102, 17, 11
MM, 101, 17, 14
MM, 101, 16, 12
MM, 101, 16, 27
MM, 100, 16, 13
MM, 100, 16, 14
MM, 99, 16, 11
MC, 1, 11
MM, 99, 16, 1
MM, 98, 16, 12
MM, 97, 16, 13
MM, 96, 16, 13
MM, 94, 16, 15
MM, 93, 16, 11
MM, 90, 16, 14
MM, 86, 16, 18
MM, 75, 17, 19
MM, 68, 17, 13
MM, 59, 18, 14
MM, 50, 18, 11
MM, 40, 19, 13
MM, 33, 20, 12
MM, 27, 20, 14
MM, 22, 20, 15
MM, 18, 20, 10
MM, 15, 20, 14
MM, 13, 17, 11
MM, 10, 15, 14
MM, 8, 12, 11
MM, 6, 11, 13
MM, 5, 9, 12
MM, 4, 7, 15
MM, 3, 6, 12
MM, 2, 5, 13
MM, 1, 4, 12
MM, 1, 2, 12
MM, 0, 1, 13
MM, 41, 26, 141
MM, 39, 24, 13
MM, 38, 23, 12
MM, 36, 22, 13
MM, 35, 21, 12
MM, 34, 20, 14
MM, 33, 20, 13
MM, 33, 20, 14
MM, 33, 19, 11
MM, 32, 19, 12
MM, 32, 19, 13
MM, 32, 19, 12
MM, 31, 19, 15
MM, 29, 18, 12
MM, 26, 17, 13
MM, 22, 16, 15
MM, 17, 15, 11
MM, 12, 13, 11
MM, 7, 11, 12
MM, 4, 9, 13
MM, 2, 7, 16
MM, 0, 6, 12
MM, 43, 23, 419
MM, 42, 22, 12
MM, 42, 21, 19
MM, 42, 21, 20
MM, 42, 22, 101
MC, 1, 239
MM, 2, 27, 270
MM, 23, 0, 13
MM, 9, 18, 14
MM, 49, 2, 25
MM, 63, 9, 12
MM, 71, 13, 13
MM, 75, 15, 14
MM, 77, 15, 12
MM, 78, 16, 11
MM, 79, 16, 12
MM, 80, 16, 15
MM, 80, 16, 12
MM, 80, 16, 25
MM, 81, 16, 25
MM, 81, 16, 13
MM, 82, 16, 12
MM, 83, 16, 15
MM, 83, 16, 12
MM, 85, 16, 13
MM, 86, 16, 12
MM, 88, 16, 12
MM, 88, 16, 13
MM, 89, 16, 16
MM, 90, 16, 11
MM, 91, 16, 12
MM, 92, 16, 13
MM, 92, 16, 12
MM, 92, 16, 15
MM, 93, 16, 10
MM, 93, 16, 13
MC, 1, 76
MM, 108, 6, 231
MM, 30, 13, 12
MM, 22, 8, 13
MM, 15, 17, 12
MM, 48, 1, 484
MM, 44, 2, 12
MM, 41, 4, 14
MM, 38, 5, 12
MM, 35, 5, 13
MM, 33, 6, 13
MM, 32, 6, 12
MM, 30, 6, 12
MM, 30, 6, 12
MM, 29, 6, 14
MM, 29, 6, 13
MM, 28, 6, 13
MM, 28, 6, 13
MM, 28, 6, 12
MM, 27, 6, 12
MC, 1, 38
MM, 20, 6, 192
MM, 8, 3, 12
MM, 22, 24, 29
MM, 3, 18, 11
MM, 40, 13, 12
MM, 34, 10, 13
MM, 31, 9, 12
MM, 31, 9, 14
MM, 30, 9, 11
MM, 29, 8, 12
MM, 32, 8, 219
MM, 35, 8, 12
MM, 39, 8, 15
MM, 43, 9, 11
MM, 0, 10, 51
MM, 1, 11, 13
MM, 2, 11, 12
MM, 3, 11, 12
MM, 3, 11, 14
MM, 4, 11, 12
MM, 4, 11, 12
MM, 4, 11, 12
MM, 4, 11, 14
MM, 5, 11, 13
MM, 5, 11, 25
MM, 5, 11, 12
MM, 6, 11, 25
MM, 6, 11, 27
MC, 1, 38
MM, 6, 12, 216
MM, 6, 15, 12
MM, 4, 20, 15
MM, 0, 25, 13
MM, 25, 2, 61
MM, 23, 4, 12
MM, 21, 6, 16
MM, 20, 7, 11
MM, 19, 9, 17
MM, 19, 10, 10
MM, 18, 10, 12
MM, 18, 11, 12
MM, 17, 12, 12
MM, 17, 13, 21
MM, 16, 15, 17
MM, 16, 17, 13
MM, 15, 18, 15
MM, 14, 20, 13
MM, 13, 23, 12
MM, 12, 26, 12
MM, 10, 28, 12
MM, 8, 31, 12
MM, 8, 0, 26
MM, 6, 3, 15
MM, 4, 5, 12
MM, 2, 7, 13
MM, 0, 9, 12
MM, 43, 14, 49
MM, 41, 16, 15
MM, 39, 16, 12
MM, 37, 17, 15
MM, 35, 18, 12
MM, 34, 18, 12
MM, 33, 19, 11
MM, 32, 19, 13
MM, 31, 19, 12
MM, 30, 19, 15
MM, 30, 19, 12
MM, 29, 19, 13
MM, 29, 19, 14
MM, 29, 19, 12
MC, 1, 85
MM, 29, 17, 156
MM, 18, 12, 13
MM, 21, 22, 26
MC, 1, 508
MM, 16, 8, 280
MM, 29, 6, 13
MM, 30, 5, 12
MM, 41, 33, 13
MM, 63, 40, 522
MM, 63, 38, 13
MM, 63, 36, 13
MM, 63, 34, 13
MM, 63, 31, 12
MM, 62, 27, 13
MM, 62, 24, 12
MM, 62, 21, 14
MM, 62, 20, 12
MM, 62, 19, 16
MM, 61, 19, 10
MM, 61, 18, 13
MM, 61, 18, 37
MM, 61, 18, 14
MM, 60, 18, 12
MC, 1, 88
MM, 60, 16, 204
MM, 22, 2, 26
MM, 32, 14, 14
MP, 1, 393
MR, 1, 28
MC, 1, 315
MM, 0, 11, 356
MM, 4, 11, 17
MM, 8, 11, 11
MM, 12, 11, 12
MM, 14, 11, 13
MM, 16, 11, 13
MM, 18, 11, 12
MM, 19, 11, 12
MM, 19, 11, 12
MM, 20, 11, 15
MM, 20, 11, 13
MM, 20, 11, 12
MM, 21, 11, 12
MM, 21, 11, 25
MM, 22, 11, 12
MM, 22, 12, 15
MM, 22, 12, 12
MM, 22, 13, 15
MM, 23, 15, 13
MM, 23, 16, 10
MM, 23, 17, 13
MM, 23, 18, 12
MM, 23, 19, 12
MM, 23, 20, 15
MM, 24, 21, 12
MM, 24, 21, 12
MM, 24, 22, 16
MM, 24, 22, 11
MM, 24, 23, 11
MM, 24, 23, 12
MM, 24, 23, 15
MM, 24, 23, 14
MM, 24, 23, 11
MM, 24, 24, 13
MM, 24, 24, 13
MM, 24, 24, 13
MM, 24, 24, 12
MM, 24, 24, 24
MM, 24, 25, 14
MM, 24, 25, 13
MM, 24, 25, 13
MM, 24, 25, 13
MM, 24, 25, 11
MM, 24, 26, 26
MM, 24, 26, 14
MM, 24, 27, 11
MM, 24, 28, 14
MM, 24, 29, 12
MM, 24, 30, 13
MM, 12, 0, 64
MM, 12, 1, 13
MM, 13, 2, 13
MM, 14, 3, 13
MM, 14, 4, 11
MM, 15, 5, 12
MM, 16, 6, 16
MM, 16, 7, 12
MM, 16, 7, 12
MM, 16, 8, 12
MM, 17, 8, 13
MM, 17, 9, 12
MM, 17, 9, 17
MM, 18, 9, 10
MM, 18, 10, 12
MM, 18, 10, 12
MM, 18, 10, 12
MM, 18, 10, 14
MM, 18, 10, 14
MM, 18, 11, 11
MM, 18, 11, 15
MC, 1, 24
MM, 18, 11, 24
MM, 13, 11, 51
MM, 8, 10, 15
MM, 3, 9, 11
MM, 44, 8, 25
MM, 36, 8, 15
MM, 23, 8, 13
MM, 2, 10, 11
MM, 27, 17, 12
MM, 2, 26, 14
MM, 14, 0, 24
MM, 2, 4, 12
MM, 38, 9, 29
MM, 36, 10, 13
MM, 34, 10, 12
MM, 33, 10, 11
MM, 31, 10, 12
MM, 30, 10, 12
MM, 30, 10, 15
MM, 28, 10, 12
MM, 27, 10, 13
MM, 26, 10, 15
MM, 25, 10, 12
MM, 23, 10, 11
MM, 21, 10, 12
MM, 18, 10, 12
MM, 16, 10, 15
MM, 14, 10, 12
MM, 12, 10, 13
MM, 9, 8, 13
MM, 6, 6, 12
MM, 3, 4, 12
MM, 34, 30, 78
MM, 32, 29, 12
MM, 30, 27, 12
MM, 28, 26, 13
MM, 27, 24, 12
MM, 26, 23, 14
MM, 25, 22, 13
MM, 24, 21, 13
MM, 23, 20, 13
MM, 22, 20, 11
MM, 21, 19, 12
MM, 20, 18, 13
MM, 20, 17, 13
MM, 20, 17, 13
MM, 19, 17, 27
MC, 1, 63
MM, 19, 17, 13
MM, 19, 17, 13
MM, 19, 16, 13
MM, 19, 16, 11
MM, 19, 15, 13
MM, 19, 15, 13
MM, 19, 14, 14
MM, 25, 12, 14
MM, 2, 4, 11
MC, 1, 522
MM, 26, 5, 432
MM, 21, 17, 12
MM, 15, 27, 12
MM, 7, 3, 29
MM, 5, 7, 13
MM, 3, 10, 12
MM, 2, 12, 11
MM, 1, 14, 12
MM, 43, 27, 102
MM, 43, 29, 13
MM, 42, 31, 21
MM, 79, 1, 29
MM, 78, 3, 16
MM, 77, 6, 12
MM, 76, 8, 12
MM, 76, 10, 13
MM, 75, 11, 13
MM, 75, 12, 11
MM, 75, 13, 13
MM, 75, 13, 12
MM, 75, 14, 12
MM, 74, 14, 17
MM, 74, 15, 11
MM, 74, 15, 13
MM, 74, 15, 12
MC, 1, 102
MM, 74, 15, 178
MM, 75, 15, 12
MM, 79, 15, 13
MM, 85, 8, 13
MM, 18, 15, 27
MM, 25, 6, 12
MM, 36, 31, 49
MM, 38, 30, 16
MM, 40, 29, 11
MM, 42, 28, 13
MM, 43, 28, 13
MM, 44, 27, 12
MM, 44, 27, 14
MM, 45, 26, 11
MM, 46, 26, 12
MM, 46, 26, 13
MM, 2, 19, 142
MM, 7, 15, 12
MM, 12, 10, 12
MM, 21, 4, 12
MM, 8, 28, 39
MM, 14, 25, 15
MM, 20, 22, 12
MM, 26, 20, 12
MM, 30, 18, 11
MM, 36, 16, 13
MM, 41, 15, 16
MM, 2, 13, 36
MM, 4, 13, 15
MM, 6, 13, 11
MM, 8, 13, 11
MM, 10, 12, 12
MM, 12, 12, 15
MM, 14, 12, 18
MM, 17, 12, 18
MM, 18, 12, 15
MM, 19, 12, 14
MM, 20, 12, 12
MM, 21, 12, 12
MM, 22, 12, 12
MM, 23, 11, 12
MM, 24, 11, 12
MM, 24, 11, 13
MM, 25, 11, 14
MM, 25, 11, 13
MM, 26, 11, 15
MM, 26, 11, 24
MC, 1, 64
MM, 26, 11, 177
MM, 26, 12, 13
MM, 26, 13, 13
MM, 22, 15, 13
MM, 6, 20, 11
MM, 26, 28, 12
MM, 42, 5, 26
MM, 11, 10, 14
MM, 34, 12, 13
MM, 10, 13, 13
MM, 41, 14, 12
MM, 26, 15, 11
MM, 14, 16, 13
MM, 6, 17, 16
MM, 0, 19, 13
MM, 37, 25, 24
MM, 29, 29, 12
MM, 9, 1, 38
MM, 4, 3, 13
MM, 43, 6, 39
MM, 40, 6, 12
MM, 38, 6, 12
MM, 37, 6, 12
MM, 36, 6, 12
MM, 36, 6, 15
MM, 36, 6, 27
MM, 36, 4, 12
MM, 36, 2, 12
MM, 36, 1, 12
MM, 2, 31, 64
MM, 6, 30, 14
MM, 9, 30, 11
MM, 11, 29, 13
MM, 12, 29, 12
MM, 14, 29, 13
MM, 15, 29, 16
MM, 16, 28, 10
MM, 17, 28, 13
MM, 17, 28, 13
MM, 18, 28, 13
MM, 18, 28, 11
MM, 18, 28, 79
MC, 1, 164
MM, 21, 28, 308
MM, 31, 28, 12
MM, 24, 1, 37
MM, 32, 4, 12
MM, 38, 7, 11
MM, 0, 13, 41
MM, 3, 16, 13
MM, 6, 18, 12
MM, 10, 21, 12
MM, 12, 23, 12
MM, 15, 26, 12
MM, 17, 28, 14
MM, 19, 29, 13
MM, 21, 31, 13
MM, 69, 0, 115
MM, 70, 2, 13
MM, 71, 3, 12
MM, 71, 5, 12
MM, 72, 6, 13
MM, 72, 8, 13
MM, 73, 10, 13
MM, 73, 11, 13
MM, 73, 12, 13
MM, 73, 13, 11
MM, 73, 14, 14
MM, 73, 14, 13
MM, 73, 15, 13
MM, 73, 15, 11
MM, 73, 16, 15
MM, 73, 16, 13
MM, 73, 16, 11
MM, 73, 16, 13
MC, 1, 95
MM, 73, 16, 197
MM, 73, 15, 14
MM, 73, 12, 12
MM, 73, 3, 14
MM, 7, 9, 23
MM, 19, 29, 26
MM, 21, 25, 14
MM, 22, 23, 13
MM, 23, 22, 13
MM, 23, 21, 12
MM, 23, 20, 12
MM, 23, 19, 12
MM, 23, 19, 12
MM, 23, 18, 16
MM, 23, 18, 12
MM, 23, 17, 12
MM, 23, 17, 13
MM, 23, 17, 13
MM, 23, 16, 11
MM, 23, 15, 12
MM, 23, 14, 15
MM, 23, 14, 14
MM, 23, 13, 13
MM, 23, 11, 12
MM, 23, 10, 12
MM, 22, 8, 12
MM, 21, 5, 12
MM, 21, 2, 12
MC, 1, 307
MM, 1, 1, 306
MM, 3, 2, 13
MM, 4, 3, 12
MM, 6, 4, 13
MM, 7, 5, 13
MM, 8, 6, 15
MM, 9, 6, 10
MM, 10, 6, 14
MM, 10, 7, 11
MM, 11, 7, 13
MM, 12, 8, 12
MM, 13, 8, 12
MM, 14, 8, 14
MM, 16, 8, 14
MM, 16, 8, 12
MM, 17, 8, 13
MM, 17, 8, 11
MM, 18, 8, 13
MM, 18, 8, 16
MM, 18, 8, 11
MC, 1, 64
MM, 19, 8, 87
MM, 19, 8, 13
MM, 19, 8, 14
MM, 21, 8, 13
MM, 23, 8, 14
MM, 26, 7, 13
MM, 29, 5, 12
MM, 33, 2, 11
MM, 11, 30, 39
MM, 14, 28, 13
MM, 17, 26, 13
MM, 19, 24, 13
MM, 21, 23, 12
MM, 23, 22, 12
MM, 26, 21, 13
MM, 28, 20, 13
MM, 30, 19, 14
MM, 33, 18, 11
MM, 35, 17, 13
MM, 39, 16, 13
MM, 42, 15, 13
MM, 1, 12, 37
MM, 3, 12, 14
MM, 5, 11, 12
MM, 7, 11, 14
MM, 8, 10, 11
MM, 10, 10, 12
MM, 10, 10, 13
MM, 11, 10, 14
MM, 12, 10, 13
MM, 12, 10, 13
MM, 13, 10, 13
MM, 13, 10, 24
MM, 13, 10, 24
MM, 14, 10, 16
MM, 14, 10, 74
MC, 1, 78
MM, 13, 10, 29
MM, 2, 10, 22
MM, 39, 10, 24
MM, 32, 10, 12
MM, 22, 10, 15
MM, 11, 10, 11
MM, 36, 10, 29
MM, 24, 10, 11
MM, 13, 10, 12
MM, 2, 10, 11
MC, 1, 396
MC, 1, 471
MM, 0, 17, 254
MM, 1, 17, 12
MM, 3, 17, 16
MM, 4, 17, 12
MM, 7, 17, 12
MM, 9, 17, 13
MM, 11, 17, 13
MM, 13, 17, 11
MM, 14, 17, 13
MM, 15, 17, 14
MM, 16, 17, 14
MM, 16, 17, 12
MM, 17, 17, 12
MM, 18, 17, 13
MM, 18, 17, 12
MM, 18, 17, 24
MM, 19, 17, 28
MM, 19, 17, 26
MC, 1, 36
MM, 19, 17, 102
MM, 20, 17, 14
MM, 21, 17, 12
MM, 23, 17, 13
MM, 26, 17, 13
MM, 30, 17, 11
MM, 34, 17, 13
MM, 39, 18, 12
MM, 43, 19, 15
MM, 2, 23, 25
MM, 7, 25, 14
MM, 11, 26, 12
MM, 14, 28, 12
MM, 17, 29, 11
MM, 19, 30, 14
MM, 21, 31, 12
MM, 23, 31, 15
MM, 22, 9, 331
MM, 43, 17, 11
MM, 6, 23, 12
MM, 14, 26, 21
MM, 18, 29, 17
MM, 20, 30, 13
MM, 21, 30, 16
MM, 21, 30, 12
MM, 21, 30, 12
MM, 22, 30, 11
MM, 22, 30, 15
MM, 23, 30, 24
MM, 23, 30, 12
MM, 23, 30, 12
MM, 25, 30, 16
MM, 26, 30, 12
MM, 27, 30, 12
MM, 29, 30, 13
MM, 32, 30, 13
MM, 34, 30, 11
MM, 35, 31, 12
MM, 37, 31, 15
MM, 13, 9, 293
MM, 135, 23, 25
MM, 3, 29, 448
MM, 12, 29, 10
MM, 23, 29, 12
MM, 35, 29, 14
MM, 45, 29, 14
MM, 55, 29, 12
MM, 63, 29, 11
MM, 70, 29, 12
MM, 76, 29, 15
MM, 79, 28, 17
MM, 82, 25, 19
MM, 83, 24, 15
MM, 83, 24, 14
MM, 83, 23, 11
MM, 94, 23, 204
MM, 120, 14, 13
MM, 11, 22, 23
MM, 36, 11, 12
MM, 2, 5, 15
MM, 9, 2, 12
MM, 12, 0, 13
MM, 12, 0, 13
MM, 13, 0, 12
MM, 13, 0, 90
MM, 13, 0, 11
MM, 14, 0, 13
MM, 15, 0, 13
MM, 16, 0, 15
MM, 17, 0, 12
MM, 18, 0, 12
MM, 18, 0, 14
MM, 18, 0, 11
MM, 19, 0, 12
MM, 19, 0, 53
MM, 20, 0, 25
MM, 16, 2, 126
MM, 10, 6, 15
MM, 2, 12, 12
MM, 43, 20, 12
MM, 36, 25, 15
MM, 30, 30, 12
MM, 205, 0, 38
MM, 202, 2, 11
MM, 199, 3, 14
MM, 196, 3, 12
MM, 194, 3, 12
MM, 191, 4, 13
MM, 189, 4, 13
MM, 186, 4, 12
MM, 184, 4, 14
MM, 182, 4, 12
MM, 181, 4, 16
MM, 180, 4, 10
MM, 179, 4, 12
MM, 178, 4, 12
MM, 178, 4, 13
MM, 177, 4, 13
MM, 177, 4, 12
MM, 177, 4, 15
MM, 176, 4, 32
MM, 176, 4, 18
MM, 176, 4, 13
MC, 1, 62
MM, 175, 4, 90
MM, 175, 4, 12
MM, 175, 4, 15
MM, 174, 4, 12
MM, 173, 4, 13
MM, 171, 4, 12
MM, 167, 2, 13
MM, 35, 16, 52
MM, 21, 8, 12
MM, 6, 0, 12
MM, 41, 31, 14
MM, 26, 25, 11
MM, 15, 21, 12
MM, 7, 18, 17
MM, 3, 17, 11
MM, 1, 16, 12
MM, 0, 9, 320
MM, 1, 9, 10
MM, 2, 9, 13
MM, 4, 9, 12
MM, 5, 9, 15
MM, 6, 9, 12
MM, 7, 9, 12
MM, 9, 9, 13
MM, 10, 9, 13
MM, 11, 9, 12
MM, 13, 9, 12
MM, 13, 9, 15
MM, 14, 9, 12
MM, 15, 9, 13
MM, 15, 9, 12
MM, 16, 9, 12
MM, 16, 9, 13
MM, 17, 9, 12
MM, 17, 10, 13
MM, 17, 10, 15
MC, 1, 126
MM, 17, 10, 64
MM, 18, 10, 13
MM, 22, 10, 12
MM, 32, 9, 12
MM, 2, 5, 12
MM, 34, 1, 15
MM, 30, 31, 355
MM, 30, 29, 15
MM, 30, 27, 11
MM, 31, 25, 15
MM, 34, 23, 12
MM, 36, 21, 12
MM, 39, 20, 13
MM, 42, 19, 11
MM, 1, 16, 39
MM, 4, 15, 13
MM, 7, 15, 15
MM, 9, 15, 12
MM, 10, 14, 11
MM, 11, 14, 12
MM, 13, 14, 12
MM, 13, 14, 17
MM, 14, 14, 11
MM, 15, 14, 12
MM, 16, 14, 12
MM, 17, 14, 15
MM, 18, 14, 12
MM, 19, 14, 11
MM, 19, 14, 12
MM, 20, 14, 15
MM, 20, 14, 12
MM, 21, 14, 13
MM, 21, 14, 13
MM, 21, 14, 12
MM, 22, 14, 12
MM, 22, 14, 25
MM, 22, 14, 15
MC, 1, 127
MM, 22, 15, 13
MM, 22, 15, 11
MM, 22, 15, 13
MM, 22, 16, 12
MM, 22, 17, 16
MM, 22, 18, 12
MM, 22, 20, 12
MM, 18, 22, 12
MM, 13, 25, 13
MM, 6, 28, 18
MM, 20, 2, 45
MM, 12, 6, 13
MM, 3, 11, 12
MM, 36, 23, 27
MM, 29, 29, 14
MM, 21, 0, 23
MM, 17, 3, 12
MM, 15, 5, 13
MM, 13, 7, 13
MM, 11, 9, 12
MM, 9, 10, 15
MM, 8, 12, 12
MM, 5, 13, 13
MM, 3, 15, 13
MM, 1, 16, 11
MM, 43, 20, 40
MM, 40, 21, 12
MM, 37, 22, 13
MM, 35, 22, 12
MM, 33, 23, 13
MM, 31, 23, 12
MM, 29, 24, 15
MM, 27, 25, 13
MM, 23, 26, 13
MM, 21, 27, 12
MM, 18, 27, 11
MM, 15, 28, 13
MM, 12, 28, 12
MM, 9, 28, 12
MM, 6, 28, 15
MM, 3, 28, 12
MM, 0, 28, 16
MM, 43, 28, 35
MM, 41, 27, 12
MM, 39, 27, 15
MM, 38, 26, 12
MM, 37, 26, 12
MM, 35, 26, 13
MM, 34, 25, 14
MM, 33, 25, 12
MM, 32, 24, 11
MM, 30, 24, 12
MM, 29, 24, 15
MM, 28, 24, 14
MM, 27, 24, 11
MM, 27, 23, 12
MM, 26, 23, 14
MM, 26, 23, 13
MM, 26, 22, 12
MM, 25, 21, 12
MM, 25, 21, 12
MM, 25, 20, 14
MM, 25, 20, 13
MC, 1, 13
MM, 25, 19, 13
MM, 25, 18, 11
MM, 25, 17, 12
MM, 25, 17, 14
MM, 25, 16, 14
MM, 25, 16, 12
MM, 25, 15, 13
MM, 25, 15, 13
MM, 25, 14, 12
MM, 25, 12, 12
MM, 25, 9, 12
MM, 25, 6, 16
MM, 24, 1, 12
MM, 22, 29, 24
MM, 20, 24, 14
MM, 19, 20, 12
MM, 17, 16, 12
MM, 16, 13, 12
MM, 15, 10, 16
MM, 14, 9, 12
MM, 12, 7, 12
MM, 12, 6, 12
MM, 11, 5, 13
MM, 9, 4, 12
MM, 8, 3, 18
MM, 7, 2, 8
MM, 6, 1, 12
MM, 6, 1, 13
MM, 5, 0, 12
MM, 4, 0, 13
MC, 1, 383
MM, 5, 15, 177
MM, 12, 23, 13
MM, 20, 31, 15
MM, 31, 4, 26
MM, 36, 9, 11
MM, 41, 14, 13
MM, 2, 25, 37
MM, 7, 29, 12
MM, 108, 0, 40
MM, 111, 3, 13
MM, 113, 5, 12
MM, 114, 6, 12
MM, 116, 7, 13
MM, 117, 8, 14
MM, 118, 9, 12
MM, 119, 11, 14
MM, 120, 12, 12
MM, 121, 13, 12
MM, 122, 14, 11
MM, 122, 15, 14
MM, 123, 15, 15
MM, 124, 16, 13
MM, 125, 17, 12
MM, 125, 18, 12
MM, 126, 19, 13
MM, 126, 19, 12
MM, 126, 20, 13
MM, 126, 20, 12
MM, 127, 21, 27
MM, 127, 21, 13
MC, 1, 290
MM, 128, 21, 77
MM, 128, 21, 13
MM, 131, 20, 12
MM, 133, 19, 13
MM, 138, 17, 15
MM, 143, 16, 12
MM, 148, 14, 14
MM, 153, 13, 12
MM, 158, 12, 12
MM, 163, 10, 12
MM, 168, 9, 12
MM, 173, 7, 15
MM, 178, 5, 13
MM, 183, 3, 12
MM, 189, 0, 12
MM, 16, 31, 38
MM, 21, 28, 12
MM, 26, 26, 14
MM, 29, 24, 12
MM, 32, 23, 14
MM, 34, 23, 12
MM, 35, 22, 11
MM, 37, 22, 14
MM, 37, 22, 12
MM, 38, 22, 15
MM, 38, 22, 12
MM, 39, 22, 13
MM, 39, 21, 37
MM, 39, 21, 12
MM, 39, 21, 13
MM, 39, 21, 13
MM, 39, 20, 15
MM, 39, 20, 11
MM, 39, 20, 14
MM, 39, 19, 11
MM, 39, 19, 13
MM, 39, 19, 13
MM, 39, 19, 15
MM, 39, 18, 12
MC, 1, 24
MM, 39, 18, 13
MM, 39, 18, 77
MM, 39, 18, 12
MM, 39, 18, 13
MM, 39, 17, 11
MM, 39, 17, 12
MM, 39, 16, 14
MM, 39, 14, 13
MM, 39, 10, 13
MM, 39, 5, 15
MM, 39, 0, 12
MM, 36, 31, 12
MM, 36, 26, 12
MM, 37, 20, 12
MM, 40, 16, 21
MM, 19, 29, 29
MM, 24, 21, 17
MM, 27, 16, 12
MM, 30, 12, 12
MM, 31, 9, 12
MM, 32, 8, 13
MM, 32, 7, 12
MM, 32, 7, 12
MM, 32, 7, 12
MM, 32, 7, 258
MM, 32, 8, 11
MM, 32, 9, 12
MM, 32, 10, 12
MM, 32, 10, 15
MM, 32, 11, 12
MM, 32, 11, 13
MM, 32, 12, 12
MM, 32, 12, 12
MM, 32, 12, 13
MM, 32, 12, 13
MM, 32, 13, 12
MM, 32, 13, 15
MM, 32, 13, 12
MM, 32, 13, 12
MM, 32, 14, 13
MM, 32, 14, 12
MM, 32, 14, 12
MM, 32, 14, 17
MM, 32, 14, 11
MC, 1, 51
MM, 32, 15, 24
MM, 32, 15, 12
MM, 32, 16, 39
MM, 32, 16, 13
MM, 32, 16, 14
MM, 32, 16, 11
MM, 32, 17, 12
MM, 32, 17, 15
MM, 32, 18, 13
MM, 32, 18, 13
MM, 32, 19, 12
MM, 32, 20, 11
MM, 32, 20, 13
MM, 33, 21, 12
MM, 0, 26, 40
MM, 5, 28, 15
MM, 8, 30, 11
MM, 0, 1, 52
MM, 3, 3, 11
MM, 4, 4, 12
MM, 5, 5, 13
MM, 6, 6, 15
MM, 6, 6, 12
MM, 7, 7, 10
MM, 7, 7, 13
MM, 7, 7, 15
MM, 8, 8, 36
MM, 8, 8, 14
MM, 9, 8, 26
MM, 9, 8, 12
MC, 1, 116
MM, 9, 8, 23
MM, 9, 8, 15
MM, 4, 8, 24
MM, 36, 6, 27
MM, 21, 2, 12
MM, 8, 29, 38
MM, 28, 26, 12
MC, 1, 573
MM, 39, 0, 204
MM, 37, 0, 19
MM, 35, 1, 20
MM, 34, 1, 11
MM, 32, 2, 16
MM, 31, 2, 12
MM, 30, 2, 12
MM, 29, 2, 11
MM, 28, 2, 12
MM, 27, 2, 17
MM, 26, 2, 9
MM, 26, 2, 14
MM, 25, 2, 12
MM, 25, 2, 27
MC, 1, 110
MM, 25, 3, 15
MM, 25, 3, 12
MM, 25, 4, 15
MM, 25, 4, 12
MM, 26, 5, 14
MM, 29, 6, 12
MM, 33, 9, 11
MM, 39, 12, 13
MM, 5, 25, 27
MM, 22, 2, 25
MM, 29, 8, 13
MM, 36, 12, 12
MM, 41, 16, 12
MM, 1, 22, 28
MM, 6, 23, 12
MM, 13, 25, 12
MM, 20, 27, 13
MM, 29, 29, 13
MM, 41, 31, 11
MM, 145, 0, 78
MM, 151, 0, 12
MM, 157, 1, 12
MM, 162, 1, 13
MM, 165, 1, 14
MM, 168, 2, 12
MM, 170, 2, 15
MM, 173, 2, 12
MM, 173, 3, 13
MM, 175, 3, 11
MM, 175, 3, 12
MM, 176, 3, 12
MM, 176, 3, 15
MM, 176, 3, 12
MM, 176, 4, 13
MM, 177, 4, 14
MM, 177, 4, 12
MM, 177, 5, 11
MM, 177, 7, 12
MM, 177, 8, 15
MM, 177, 10, 12
MM, 177, 12, 13
MM, 177, 14, 12
MM, 177, 16, 13
MM, 177, 17, 12
MM, 177, 19, 12
MM, 177, 20, 14
MM, 177, 21, 14
MM, 177, 22, 12
MM, 177, 22, 16
MM, 177, 23, 9
MM, 177, 24, 12
MM, 177, 24, 13
MM, 177, 25, 13
MM, 177, 25, 12
MM, 177, 26, 15
MM, 177, 26, 12
MM, 177, 27, 13
MM, 177, 28, 19
MM, 177, 29, 18
MM, 177, 30, 14
MM, 177, 31, 13
MM, 177, 31, 12
MM, 177, 32, 12
MM, 177, 32, 12
MM, 177, 32, 15
MC, 1, 204
MM, 177, 32, 101
MM, 177, 29, 12
MM, 179, 25, 13
MM, 185, 20, 12
MM, 198, 13, 13
MM, 216, 6, 12
MM, 19, 30, 41
MM, 27, 26, 12
MM, 30, 24, 11
MM, 32, 22, 13
MM, 33, 21, 13
MM, 34, 19, 14
MM, 35, 16, 12
MM, 37, 12, 13
MM, 38, 8, 15
MM, 38, 4, 12
MM, 40, 0, 11
MM, 38, 31, 41
MM, 39, 29, 11
MM, 40, 28, 12
MM, 40, 27, 12
MM, 40, 26, 15
MM, 40, 26, 12
MM, 41, 26, 11
MM, 41, 25, 12
MM, 41, 25, 15
MM, 41, 25, 11
MM, 41, 25, 14
MM, 41, 24, 12
MM, 41, 24, 13
MM, 41, 24, 12
MM, 41, 24, 13
MM, 42, 24, 12
MM, 42, 24, 14
MM, 42, 23, 12
MM, 43, 23, 13
MM, 0, 23, 50
MM, 2, 23, 15
MM, 4, 23, 11
MM, 6, 23, 14
MM, 8, 23, 12
MM, 9, 23, 15
MM, 11, 23, 10
MM, 12, 24, 12
MM, 13, 24, 16
MM, 14, 24, 12
MM, 14, 24, 12
MM, 14, 24, 12
MM, 15, 24, 13
MM, 15, 24, 13
MM, 16, 24, 39
MM, 16, 24, 11
MM, 16, 24, 52
MC, 1, 27
MM, 16, 23, 125
MM, 16, 22, 12
MM, 16, 21, 12
MM, 16, 20, 16
MM, 16, 19, 12
MM, 16, 19, 11
MM, 16, 17, 14
MM, 15, 16, 13
MM, 14, 15, 11
MM, 13, 14, 13
MM, 12, 12, 14
MM, 11, 10, 13
MM, 9, 7, 13
MM, 8, 4, 12
MM, 7, 1, 13
MM, 25, 30, 63
MM, 25, 30, 15
MM, 24, 29, 11
MM, 24, 29, 13
MM, 24, 28, 11
MM, 24, 28, 12
MM, 24, 27, 15
MM, 23, 27, 12
MM, 23, 26, 13
MM, 23, 26, 13
MM, 22, 26, 13
MM, 22, 25, 12
MM, 22, 25, 12
MM, 22, 24, 12
MM, 22, 24, 14
MM, 22, 24, 15
MM, 21, 24, 10
MM, 21, 24, 27
MC, 1, 51
MM, 17, 24, 12
MM, 16, 24, 12
MM, 12, 25, 13
MM, 8, 30, 13
MM, 30, 0, 12
MM, 20, 9, 12
MM, 11, 17, 13
MM, 3, 24, 15
MM, 36, 0, 37
MM, 31, 3, 12
MM, 26, 6, 12
MM, 22, 8, 16
MM, 19, 9, 12
MM, 16, 11, 12
MM, 11, 12, 12
MM, 7, 14, 13
MM, 1, 18, 13
MM, 39, 24, 25
MM, 33, 27, 12
MM, 28, 29, 15
MM, 24, 31, 13
MM, 6, 30, 214
MM, 6, 28, 12
MM, 6, 27, 13
MM, 6, 25, 15
MM, 6, 23, 12
MM, 7, 22, 13
MM, 9, 21, 13
MM, 10, 20, 11
MM, 11, 19, 12
MM, 12, 18, 16
MM, 12, 17, 13
MM, 13, 17, 11
MM, 13, 17, 12
MM, 13, 16, 14
MM, 14, 16, 12
MM, 14, 16, 12
MM, 14, 16, 12
MM, 15, 15, 15
MM, 15, 15, 14
MM, 15, 15, 12
MM, 15, 15, 12
MC, 1, 103
MM, 14, 15, 100
MM, 11, 14, 12
MM, 8, 13, 12
MM, 6, 12, 15
MM, 4, 11, 12
MM, 2, 10, 15
MM, 0, 8, 10
MM, 42, 0, 63
MM, 36, 29, 53
MM, 35, 28, 11
MM, 34, 27, 12
MM, 33, 26, 17
MM, 33, 25, 11
MM, 33, 24, 11
MM, 32, 24, 14
MM, 32, 23, 12
MM, 32, 22, 13
MM, 31, 21, 12
MM, 31, 20, 12
MM, 30, 19, 17
MM, 30, 19, 11
MM, 30, 18, 12
MM, 30, 17, 13
MM, 30, 17, 13
MM, 30, 16, 11
MM, 29, 16, 13
MM, 29, 15, 12
MM, 29, 15, 15
MM, 29, 14, 14
MM, 29, 14, 11
MM, 29, 14, 12
MM, 29, 14, 13
MC, 1, 24
MM, 29, 13, 27
MM, 29, 13, 40
MM, 30, 13, 138
MM, 33, 14, 13
MM, 37, 16, 13
MM, 44, 18, 11
MM, 6, 24, 27
MM, 14, 28, 14
MM, 22, 30, 12
MM, 6, 0, 61
MM, 12, 1, 15
MM, 18, 2, 13
MM, 23, 3, 14
MM, 28, 4, 12
MM, 31, 4, 12
MM, 35, 5, 11
MM, 38, 5, 14
MM, 40, 6, 13
MM, 43, 6, 12
MM, 1, 6, 39
MM, 4, 7, 12
MM, 6, 7, 12
MM, 9, 7, 13
MM, 11, 8, 13
MM, 14, 8, 14
MM, 16, 9, 12
MM, 18, 9, 13
MM, 20, 9, 11
MM, 20, 9, 13
MM, 21, 9, 13
MM, 22, 9, 14
MM, 23, 9, 12
MM, 23, 9, 14
MM, 23, 9, 14
MM, 24, 9, 11
MM, 24, 9, 12
MM, 25, 9, 12
MM, 26, 9, 12
MM, 26, 10, 14
MM, 27, 10, 13
MM, 28, 10, 12
MM, 29, 10, 14
MM, 31, 11, 13
MM, 34, 11, 11
MM, 37, 11, 13
MM, 39, 12, 16
MM, 42, 12, 11
MM, 0, 12, 50
MM, 1, 12, 12
MM, 1, 12, 12
MM, 1, 12, 15
MM, 2, 12, 14
MM, 3, 12, 13
MM, 3, 12, 24
MM, 3, 12, 23
MM, 4, 12, 27
MM, 4, 12, 28
MM, 4, 12, 12
MM, 5, 12, 24
MM, 5, 12, 24
MC, 1, 90
MM, 19, 9, 395
MM, 357, 66, 1836
MM, 329, 55, 11
MM, 310, 46, 12
MM, 293, 40, 12
MM, 277, 35, 12
MM, 264, 30, 12
MM, 251, 25, 15
MM, 242, 21, 12
MM, 235, 18, 14
MM, 229, 14, 13
MM, 224, 10, 13
MM, 220, 7, 11
MM, 217, 4, 11
MM, 215, 1, 14
MC, 1, 1999
MM, 334, 4, 754
MM, 366, 17, 10
MM, 391, 28, 13
MM, 405, 34, 14
MM, 410, 37, 12
MM, 412, 38, 11
MM, 413, 38, 12
MM, 413, 38, 27
MM, 413, 38, 190
MM, 413, 38, 26
MM, 423, 38, 14
MM, 437, 45, 12
MM, 452, 53, 11
MM, 462, 59, 14
MM, 468, 63, 12
MM, 472, 66, 14
MM, 474, 67, 12
MM, 59, 12, 22401
MM, 107, 22, 27
MM, 0, 29, 160606
MM, 202, 12, 777
MM, 202, 25, 14
MM, 196, 38, 11
MM, 190, 47, 12
MM, 187, 55, 12
MM, 185, 59, 13
MM, 184, 62, 13
MM, 184, 63, 13
MM, 184, 63, 13
MM, 184, 63, 13
MM, 184, 63, 19
MM, 184, 63, 211
MM, 185, 61, 13
MM, 188, 59, 13
MM, 190, 56, 11
MM, 192, 54, 12
MM, 195, 52, 17
MM, 198, 50, 11
MM, 201, 49, 12
MM, 204, 47, 12
MM, 207, 46, 13
MM, 210, 45, 13
MM, 213, 44, 12
MM, 215, 43, 12
MM, 217, 43, 15
MM, 219, 43, 13
MM, 220, 42, 12
MM, 221, 42, 12
MM, 221, 42, 14
MM, 221, 42, 179
MM, 220, 42, 11
MM, 219, 42, 12
MM, 218, 42, 13
MM, 214, 42, 14
MM, 209, 42, 14
MM, 204, 42, 11
MM, 197, 43, 13
MM, 192, 43, 13
MM, 188, 44, 13
MM, 185, 44, 12
MM, 183, 44, 12
MM, 182, 44, 12
MM, 182, 41, 63
MM, 192, 33, 14
MM, 224, 14, 12
MM, 84, 0, 1402
MM, 84, 1, 14
MM, 84, 2, 12
MM, 84, 3, 13
MM, 84, 6, 15
MM, 84, 8, 12
MM, 83, 11, 12
MM, 83, 13, 12
MM, 83, 15, 13
MM, 83, 16, 12
MM, 83, 17, 13
MM, 82, 19, 12
MM, 82, 19, 13
MM, 82, 20, 15
MM, 82, 20, 13
MM, 81, 21, 12
MM, 81, 21, 12
