**********************************
LOGGING TIME: 20161114_092140
CLIENT IP: 10.117.7.42
USERNAME: Renu
OS: Windows 10
*********************Neutral database**********************************
MM, 55, 17, 1477468752404
MM, 53, 17, 12
MM, 52, 16, 12
MM, 50, 16, 13
MM, 48, 16, 12
MM, 47, 16, 12
MM, 44, 16, 13
MM, 43, 16, 11
MM, 40, 16, 13
MM, 38, 16, 11
MM, 35, 17, 13
MM, 27, 17, 509
MM, 26, 17, 13
MM, 23, 16, 12
MM, 21, 16, 12
MM, 20, 16, 12
MM, 19, 16, 13
MM, 17, 15, 11
MM, 15, 13, 13
MM, 14, 12, 11
MM, 12, 12, 14
MM, 9, 9, 47
MM, 11, 12, 292
MC, 1, 387
MM, 12, 14, 160
MM, 13, 17, 12
MM, 97, 4, 36
MM, 101, 18, 12
MM, 111, 1, 13
MM, 43, 12, 448
MM, 49, 38, 13
MM, 52, 59, 11
MM, 11, 31, 74
MM, 12, 11, 72
MM, 15, 23, 12
MM, 15, 28, 13
MM, 10, 2, 24
MM, 11, 5, 12
MM, 11, 11, 12
MM, 11, 16, 12
MM, 11, 19, 13
MM, 11, 20, 12
MM, 10, 19, 73
MM, 9, 16, 11
MM, 8, 16, 13
MM, 7, 14, 12
MM, 6, 14, 12
MM, 4, 12, 12
MM, 2, 11, 12
MM, 1, 9, 13
MM, 41, 5, 36
MM, 39, 4, 12
MM, 37, 1, 13
MM, 38, 31, 194
MM, 38, 28, 24
MM, 37, 27, 12
MM, 36, 25, 12
MM, 36, 24, 12
MM, 35, 22, 12
MM, 34, 21, 37
MM, 33, 21, 12
MM, 32, 21, 12
MM, 32, 20, 12
MM, 30, 20, 12
MM, 29, 19, 13
MM, 28, 19, 11
MM, 29, 19, 97
MM, 29, 18, 182
MM, 29, 19, 12
MC, 1, 194
MM, 27, 19, 135
MM, 22, 19, 12
MM, 13, 19, 12
MM, 0, 19, 12
MM, 30, 19, 12
MM, 18, 19, 12
MM, 10, 19, 13
MM, 3, 19, 12
MM, 0, 19, 352
MM, 2, 19, 13
MM, 4, 19, 24
MM, 6, 18, 24
MM, 8, 17, 12
MM, 10, 17, 12
MM, 11, 17, 24
MC, 1, 473
MM, 13, 17, 134
MM, 15, 17, 12
MM, 20, 18, 12
MM, 31, 21, 13
MM, 0, 23, 12
MM, 35, 24, 12
MM, 43, 28, 12
MM, 25, 9, 25
MM, 3, 9, 12
MM, 22, 21, 12
MM, 31, 22, 12
MM, 38, 22, 12
MM, 43, 22, 13
MM, 37, 17, 266
MM, 29, 15, 12
MM, 23, 12, 13
MM, 18, 12, 12
MM, 13, 11, 12
MM, 12, 9, 12
MM, 11, 9, 13
MM, 12, 9, 158
MC, 1, 375
MM, 12, 6, 110
MM, 8, 0, 13
MM, 2, 29, 23
MM, 43, 9, 37
MM, 40, 3, 12
MC, 1, 764
MM, 14, 4, 146
MM, 26, 17, 25
MM, 31, 22, 24
MM, 32, 22, 12
MM, 34, 23, 13
MM, 34, 24, 12
MM, 37, 21, 340
MM, 34, 26, 11
MC, 1, 157
MC, 2, 195
MM, 35, 26, 694
MM, 37, 26, 11
MM, 38, 26, 12
MM, 42, 26, 13
MM, 8, 26, 24
MM, 16, 26, 12
MM, 22, 26, 12
MM, 26, 26, 12
MM, 25, 26, 97
MM, 24, 26, 13
MM, 21, 26, 12
MM, 15, 26, 12
MM, 7, 26, 12
MM, 30, 28, 24
MM, 9, 28, 13
MM, 21, 1, 36
MM, 12, 1, 12
MM, 7, 1, 12
MM, 2, 1, 13
MM, 5, 1, 73
MM, 40, 5, 521
MM, 30, 5, 12
MM, 21, 9, 13
MM, 10, 9, 12
MM, 2, 9, 12
MM, 35, 12, 12
MM, 21, 12, 12
MM, 11, 15, 13
MM, 34, 15, 23
MM, 25, 16, 13
MM, 15, 17, 12
MM, 10, 19, 12
MM, 4, 20, 12
MM, 42, 20, 37
MM, 40, 20, 12
MM, 38, 21, 12
MM, 38, 22, 12
MM, 38, 23, 97
MM, 38, 24, 24
MM, 38, 25, 12
MM, 38, 26, 12
MM, 38, 27, 12
MM, 38, 28, 14
MM, 38, 30, 11
MM, 38, 31, 13
MC, 1, 1225
MM, 3, 30, 475
MM, 7, 24, 12
MM, 8, 22, 13
MM, 9, 19, 10
MM, 9, 18, 25
MM, 9, 17, 12
MM, 9, 16, 13
MM, 9, 14, 12
MM, 9, 13, 24
MM, 9, 9, 12
MM, 9, 8, 24
MM, 9, 6, 12
MM, 9, 5, 24
MM, 9, 4, 13
MM, 9, 3, 12
MM, 9, 2, 12
MM, 9, 0, 13
MM, 17, 31, 84
MM, 17, 30, 12
MM, 17, 29, 12
MM, 18, 28, 13
MM, 19, 27, 12
MM, 19, 26, 72
MC, 1, 485
MM, 16, 26, 110
MM, 15, 26, 12
MM, 12, 26, 13
MM, 8, 26, 12
MM, 1, 26, 12
MM, 41, 26, 24
MM, 38, 26, 13
MM, 35, 26, 11
MM, 32, 26, 12
MM, 29, 26, 13
MM, 27, 26, 13
MM, 26, 26, 11
MM, 25, 26, 13
MM, 25, 25, 12
MM, 24, 25, 12
MC, 1, 460
MM, 26, 25, 123
MM, 33, 25, 12
MM, 10, 25, 24
MM, 23, 22, 24
MM, 4, 25, 13
MM, 30, 26, 12
MM, 6, 29, 24
MM, 25, 29, 12
MM, 36, 29, 12
MM, 44, 29, 12
MM, 2, 1, 268
MM, 2, 2, 12
MM, 2, 4, 12
MM, 3, 8, 12
MM, 5, 10, 12
MM, 7, 12, 12
MM, 9, 14, 12
MM, 13, 17, 13
MM, 15, 19, 12
MM, 19, 24, 12
MM, 22, 26, 12
MM, 23, 29, 12
MM, 25, 29, 12
MM, 26, 29, 37
MM, 26, 28, 84
MM, 27, 27, 243
MC, 1, 205
MM, 24, 25, 135
MM, 20, 17, 13
MM, 7, 24, 24
MC, 1, 1105
MM, 1, 3, 133
MM, 3, 4, 12
MM, 3, 6, 13
MM, 6, 7, 12
MM, 7, 9, 12
MM, 17, 16, 73
MM, 18, 17, 12
MM, 19, 17, 12
MM, 19, 18, 13
MM, 20, 18, 24
MM, 20, 19, 13
MM, 21, 19, 11
MM, 22, 19, 25
MM, 22, 20, 72
MC, 1, 363
MM, 23, 20, 99
MM, 25, 20, 12
MM, 28, 19, 12
MM, 34, 19, 12
MM, 41, 17, 12
MM, 5, 11, 24
MM, 13, 11, 12
MM, 19, 11, 13
MM, 24, 9, 12
MM, 27, 6, 12
MM, 31, 6, 12
MM, 34, 5, 12
MM, 38, 2, 13
MM, 42, 1, 12
MM, 13, 31, 97
MM, 14, 30, 12
MM, 15, 30, 12
MM, 16, 30, 24
MM, 17, 30, 12
MM, 20, 30, 25
MM, 21, 30, 12
MM, 22, 30, 12
MM, 26, 30, 12
MM, 29, 30, 13
MM, 32, 30, 12
MM, 35, 30, 12
MM, 0, 31, 61
MM, 1, 31, 12
MM, 2, 31, 24
MM, 4, 29, 12
MM, 5, 29, 25
MM, 6, 29, 12
MM, 6, 28, 11
MM, 6, 27, 73
MC, 1, 461
MM, 2, 27, 183
MM, 32, 31, 12
MM, 23, 6, 25
MM, 37, 9, 12
MM, 2, 16, 12
MM, 30, 20, 12
MM, 30, 28, 24
MM, 17, 28, 12
MM, 1, 28, 12
MM, 39, 31, 12
MM, 35, 31, 13
MM, 30, 31, 13
MM, 28, 31, 11
MM, 26, 31, 12
MM, 24, 31, 12
MM, 23, 31, 13
MM, 22, 31, 24
MM, 21, 31, 24
MM, 19, 31, 13
MM, 17, 31, 11
MM, 15, 31, 12
MM, 14, 31, 13
MM, 14, 30, 12
MM, 12, 28, 24
MM, 11, 28, 12
MM, 10, 28, 13
MM, 8, 27, 11
MM, 7, 26, 13
MM, 5, 26, 11
MM, 4, 25, 14
MM, 0, 24, 11
MM, 41, 22, 24
MM, 21, 15, 156
MC, 1, 389
MM, 23, 15, 244
MM, 26, 15, 13
MM, 31, 15, 12
MM, 43, 15, 13
MM, 11, 15, 11
MM, 41, 15, 12
MM, 35, 18, 13
MM, 7, 18, 12
MM, 35, 21, 12
MM, 44, 21, 12
MM, 0, 19, 48
MM, 2, 19, 13
MM, 3, 19, 12
MM, 5, 19, 12
MM, 6, 19, 11
MM, 8, 19, 25
MM, 9, 19, 24
MM, 10, 19, 36
MM, 11, 19, 13
MM, 12, 19, 13
MM, 13, 19, 11
MM, 14, 19, 13
MM, 16, 19, 12
MM, 17, 19, 60
MC, 1, 461
MM, 19, 19, 280
MM, 22, 19, 12
MM, 30, 19, 13
MM, 43, 19, 11
MM, 13, 19, 12
MM, 38, 19, 13
MM, 11, 19, 13
MM, 20, 17, 12
MM, 28, 17, 11
MM, 33, 17, 12
MM, 43, 17, 13
MM, 0, 17, 12
MM, 11, 17, 12
MM, 19, 17, 12
MM, 25, 17, 12
MM, 31, 17, 12
MM, 38, 19, 13
MM, 16, 27, 437
MM, 17, 27, 11
MM, 18, 27, 26
MM, 18, 25, 11
MM, 19, 25, 12
MM, 20, 25, 25
MM, 20, 24, 12
MM, 20, 23, 36
MM, 21, 23, 13
MM, 21, 22, 24
MM, 22, 21, 36
MM, 22, 20, 12
MM, 22, 19, 13
MM, 22, 18, 23
MM, 22, 19, 135
MM, 23, 19, 193
MM, 22, 19, 12
MC, 1, 193
MM, 19, 19, 499
MM, 14, 20, 13
MM, 2, 20, 12
MM, 30, 20, 11
MM, 11, 20, 13
MM, 14, 20, 12
MM, 15, 20, 12
MM, 20, 20, 12
MM, 19, 22, 25
MM, 4, 24, 12
MM, 9, 31, 1166
MM, 7, 31, 13
MM, 5, 31, 11
MM, 3, 30, 12
MM, 2, 30, 13
MM, 1, 30, 12
MM, 42, 30, 60
MM, 40, 30, 13
MM, 39, 30, 24
MM, 37, 29, 12
MM, 37, 28, 12
MM, 35, 27, 13
MM, 34, 27, 12
MM, 33, 25, 11
MM, 32, 25, 13
MM, 31, 24, 12
MM, 31, 23, 12
MM, 30, 23, 12
MM, 28, 22, 12
MM, 27, 20, 13
MM, 26, 18, 12
MM, 26, 17, 11
MC, 1, 436
MM, 27, 17, 159
MM, 29, 17, 12
MM, 37, 17, 13
MM, 42, 17, 12
MM, 0, 17, 13
MM, 12, 17, 11
MM, 27, 19, 13
MM, 38, 19, 11
MM, 43, 19, 13
MM, 0, 19, 48
MM, 2, 19, 12
MM, 3, 19, 13
MM, 7, 19, 12
MM, 9, 19, 12
MM, 10, 19, 12
MM, 11, 19, 13
MM, 12, 19, 12
MM, 14, 19, 11
MM, 17, 19, 13
MM, 19, 19, 12
MM, 21, 19, 12
MM, 23, 19, 13
MM, 24, 19, 23
MM, 24, 20, 267
MC, 1, 206
MM, 24, 21, 158
MM, 22, 23, 14
MM, 20, 24, 11
MM, 17, 26, 12
MM, 15, 27, 13
MM, 14, 27, 11
MM, 12, 28, 13
MM, 11, 30, 12
MM, 9, 31, 12
MC, 1, 691
MM, 28, 4, 268
MM, 27, 11, 13
MM, 24, 16, 12
MM, 24, 21, 12
MM, 24, 27, 12
MM, 15, 2, 36
MM, 15, 3, 12
MM, 14, 3, 13
MM, 14, 4, 12
MM, 14, 6, 48
MM, 13, 7, 24
MM, 13, 8, 12
MM, 13, 10, 37
MM, 13, 11, 12
MM, 13, 13, 12
MM, 13, 17, 109
MM, 13, 23, 170
MM, 13, 18, 12
MC, 1, 193
MM, 13, 16, 112
MM, 14, 11, 11
MM, 17, 5, 12
MM, 28, 31, 13
MM, 32, 24, 12
MM, 37, 15, 12
MM, 43, 7, 12
MM, 16, 30, 304
MM, 16, 29, 12
MM, 16, 28, 12
MM, 16, 26, 12
MM, 17, 23, 12
MM, 17, 22, 13
MM, 18, 21, 12
MM, 18, 20, 12
MM, 19, 19, 97
MC, 1, 387
MM, 21, 18, 98
MC, 1, 801
MC, 1, 1153
MM, 36, 25, 195
MM, 31, 29, 13
MM, 27, 29, 24
MM, 11, 28, 13
MM, 3, 23, 12
MM, 1, 16, 437
MM, 2, 16, 24
MM, 4, 16, 24
MM, 5, 16, 37
MM, 5, 18, 23
MC, 1, 376
MM, 7, 19, 123
MM, 10, 20, 12
MM, 18, 21, 12
MM, 37, 24, 12
MM, 4, 26, 13
MM, 4, 31, 11
MC, 1, 1031
MM, 15, 9, 293
MM, 15, 25, 24
MM, 25, 30, 12
MM, 31, 0, 37
MM, 34, 1, 13
MM, 37, 2, 11
MM, 41, 4, 13
MM, 44, 4, 11
MM, 48, 5, 12
MC, 1, 825
MM, 28, 18, 280
MM, 243, 51, 61
MM, 234, 39, 13
MM, 224, 29, 12
MM, 215, 23, 11
MM, 209, 19, 13
MM, 205, 15, 49
MM, 202, 11, 290
MM, 195, 4, 13
MC, 1, 703
MM, 104, 8, 18751
MM, 103, 16, 12
MM, 103, 26, 12
MM, 103, 34, 12
MM, 103, 42, 12
MM, 103, 48, 12
MM, 103, 55, 12
MM, 24, 1, 195
MM, 28, 4, 12
MM, 33, 6, 12
MM, 36, 9, 13
MM, 41, 13, 12
MM, 43, 13, 12
MM, 43, 12, 267
MM, 0, 1, 206
MM, 2, 1, 13
MM, 4, 1, 11
MM, 7, 1, 14
MC, 1, 1114
MM, 5, 0, 244
MM, 5, 9, 13
MM, 6, 15, 12
MM, 7, 19, 12
MM, 8, 25, 12
MM, 11, 0, 24
MM, 13, 3, 12
MM, 14, 7, 13
MM, 15, 10, 12
MM, 16, 13, 12
MM, 17, 14, 12
MM, 21, 16, 12
MM, 25, 19, 12
MM, 29, 22, 12
MM, 31, 26, 12
MM, 35, 28, 12
MM, 36, 30, 13
MM, 37, 30, 24
MM, 38, 30, 12
MM, 39, 30, 12
MM, 40, 30, 13
MM, 43, 31, 12
MM, 9, 0, 134
MM, 11, 1, 12
MM, 13, 3, 12
MM, 15, 4, 12
MM, 15, 5, 36
MM, 15, 6, 110
MM, 15, 7, 72
MM, 15, 8, 49
MM, 15, 7, 60
MM, 15, 8, 13
MC, 1, 412
MM, 14, 8, 231
MM, 11, 6, 12
MM, 9, 5, 13
MM, 4, 3, 12
MM, 31, 28, 49
MM, 22, 24, 11
MM, 20, 22, 12
MM, 17, 21, 12
MM, 15, 19, 13
MM, 14, 18, 12
MM, 12, 15, 12
MM, 9, 14, 13
MM, 6, 14, 11
MM, 6, 13, 13
MM, 4, 11, 11
MM, 4, 10, 171
MM, 3, 10, 12
MM, 3, 9, 12
MM, 2, 9, 12
MM, 2, 8, 13
MM, 1, 8, 11
MM, 1, 7, 13
MM, 0, 7, 37
MM, 43, 5, 144
MM, 42, 5, 25
MM, 41, 5, 13
MM, 40, 6, 11
MM, 39, 6, 13
MM, 36, 7, 11
MM, 36, 8, 13
MM, 34, 9, 12
MM, 33, 9, 85
MM, 33, 10, 24
MM, 32, 10, 13
MM, 31, 10, 36
MM, 31, 9, 220
MC, 1, 458
MM, 31, 7, 354
MM, 31, 4, 12
MM, 33, 1, 12
MM, 35, 31, 73
MM, 35, 30, 11
MM, 35, 29, 13
MM, 35, 28, 12
MM, 35, 25, 12
MM, 35, 21, 13
MM, 34, 19, 12
MM, 33, 16, 13
MM, 31, 12, 11
MM, 30, 8, 12
MM, 29, 7, 12
MM, 29, 6, 12
MM, 28, 5, 13
MM, 26, 7, 291
MM, 27, 6, 11
MC, 1, 194
MM, 29, 6, 87
MM, 32, 6, 12
MM, 35, 7, 12
MM, 38, 7, 12
MM, 43, 8, 12
MM, 25, 14, 24
MM, 4, 18, 25
MM, 12, 20, 12
MM, 19, 24, 13
MM, 25, 26, 12
MM, 28, 27, 12
MM, 32, 27, 12
MM, 2, 30, 35
MM, 5, 31, 13
MM, 27, 30, 279
MM, 25, 28, 12
MM, 25, 22, 13
MM, 23, 20, 12
MM, 21, 16, 11
MM, 19, 15, 13
MM, 18, 14, 13
MM, 18, 13, 12
MM, 18, 12, 11
MM, 17, 11, 12
MM, 18, 18, 280
MM, 16, 12, 10
MC, 1, 195
MM, 15, 12, 61
MM, 13, 12, 13
MM, 10, 12, 13
MM, 6, 12, 11
MM, 3, 12, 13
MM, 34, 10, 36
MM, 29, 10, 13
MM, 24, 10, 12
MM, 22, 10, 12
MM, 19, 10, 11
MM, 14, 9, 13
MM, 12, 8, 11
MM, 10, 8, 13
MM, 8, 8, 12
MM, 7, 8, 12
MM, 6, 8, 11
MM, 5, 8, 13
MM, 2, 8, 12
MM, 0, 8, 12
MM, 35, 8, 86
MM, 33, 7, 12
MM, 32, 7, 24
MM, 30, 7, 12
MM, 29, 7, 13
MM, 28, 7, 11
MM, 27, 7, 12
MM, 26, 6, 13
MM, 25, 6, 12
MM, 23, 5, 13
MM, 22, 5, 12
MM, 21, 5, 12
MM, 20, 1, 84
MM, 21, 1, 171
MM, 20, 1, 10
MC, 1, 194
MM, 19, 1, 329
MM, 16, 2, 14
MM, 10, 4, 12
MM, 4, 6, 12
MM, 40, 7, 24
MM, 28, 8, 11
MM, 15, 10, 13
MM, 4, 12, 12
MM, 30, 13, 24
MM, 19, 15, 12
MM, 12, 15, 13
MM, 10, 15, 12
MM, 6, 15, 12
MM, 5, 15, 13
MM, 4, 15, 11
MM, 2, 15, 11
MM, 0, 15, 14
MC, 1, 691
MC, 1, 935
MC, 1, 862
MM, 16, 20, 256
MM, 27, 22, 11
MM, 43, 22, 13
MM, 2, 27, 12
MM, 10, 29, 12
MM, 12, 29, 12
MM, 15, 29, 13
MM, 17, 29, 12
MM, 20, 30, 12
MM, 22, 30, 13
MM, 25, 30, 11
MM, 26, 30, 12
MM, 31, 30, 12
MM, 33, 30, 12
MM, 35, 30, 25
MM, 36, 30, 12
MM, 38, 30, 25
MM, 36, 30, 133
MM, 35, 30, 12
MM, 30, 30, 13
MM, 23, 30, 11
MM, 17, 30, 13
MM, 39, 7, 24
MM, 28, 12, 13
MM, 17, 17, 11
MM, 10, 26, 12
MM, 0, 3, 12
MM, 41, 19, 13
MM, 138, 5, 24
MM, 133, 12, 12
MM, 136, 14, 414
MM, 137, 14, 11
MM, 138, 13, 24
MM, 138, 12, 24
MM, 139, 12, 25
MM, 139, 11, 389
MM, 139, 10, 24
MM, 139, 9, 48
MM, 140, 9, 122
MM, 142, 10, 181
MM, 141, 9, 11
MC, 1, 195
MM, 142, 8, 147
MM, 145, 7, 12
MM, 152, 4, 13
MM, 15, 25, 35
MM, 26, 20, 13
MM, 35, 17, 12
MM, 15, 30, 97
MM, 18, 29, 13
MM, 22, 27, 12
MM, 27, 22, 12
MM, 30, 20, 11
MM, 32, 18, 12
MM, 34, 16, 13
MM, 38, 15, 13
MM, 39, 13, 11
MM, 40, 13, 13
MM, 41, 12, 23
MM, 41, 11, 13
MM, 41, 10, 36
MM, 42, 10, 12
MM, 42, 9, 13
MM, 43, 6, 12
MM, 4, 31, 97
MM, 5, 29, 13
MM, 7, 28, 11
MM, 8, 27, 25
MM, 9, 26, 11
MM, 10, 25, 12
MM, 10, 24, 13
MM, 11, 23, 12
MM, 11, 21, 13
MM, 13, 19, 23
MM, 13, 18, 12
MM, 13, 17, 98
MC, 1, 376
MM, 12, 17, 145
MM, 9, 17, 13
MM, 31, 20, 25
MM, 7, 26, 11
MM, 39, 9, 37
MM, 28, 11, 12
MM, 7, 16, 12
MM, 43, 17, 25
MM, 38, 17, 11
MM, 33, 17, 13
MM, 30, 17, 12
MM, 29, 17, 12
MM, 28, 17, 13
MM, 27, 17, 11
MM, 22, 17, 12
MM, 19, 17, 13
MM, 18, 17, 12
MM, 14, 17, 12
MM, 12, 17, 12
MM, 9, 16, 12
MM, 7, 16, 12
MM, 4, 16, 13
MM, 1, 16, 12
MM, 40, 14, 24
MM, 32, 14, 13
MM, 27, 14, 12
MM, 22, 14, 12
MM, 17, 14, 11
MM, 12, 12, 13
MM, 7, 11, 12
MM, 37, 11, 37
MM, 34, 11, 12
MM, 31, 11, 12
MM, 28, 11, 11
MM, 26, 11, 12
MM, 22, 11, 13
MM, 21, 11, 12
MM, 20, 11, 12
MM, 20, 9, 73
MM, 21, 9, 195
MM, 20, 9, 10
MC, 1, 194
MM, 20, 10, 111
MM, 21, 11, 12
MM, 22, 13, 12
MM, 9, 20, 85
MM, 13, 24, 13
MM, 19, 28, 11
MM, 22, 31, 13
MM, 45, 1, 121
MM, 46, 1, 12
MM, 46, 2, 12
MM, 46, 3, 12
MM, 47, 4, 13
MM, 47, 5, 158
MM, 47, 6, 48
MC, 1, 521
MM, 13, 14, 147
MM, 23, 5, 12
MM, 43, 25, 36
MM, 0, 14, 37
MM, 1, 7, 12
MM, 2, 5, 13
MM, 4, 1, 11
MC, 1, 849
MM, 2, 4, 147
MM, 3, 5, 12
MM, 5, 6, 13
MM, 7, 7, 24
MM, 8, 8, 12
MM, 8, 9, 12
MM, 10, 9, 12
MM, 11, 10, 24
MM, 13, 11, 12
MM, 13, 12, 13
MM, 14, 13, 12
MM, 17, 15, 13
MM, 18, 15, 11
MM, 18, 16, 12
MM, 19, 17, 12
MM, 20, 17, 12
MM, 21, 18, 13
MM, 22, 18, 24
MC, 1, 436
MM, 20, 18, 134
MM, 12, 17, 13
MM, 0, 13, 12
MM, 21, 31, 121
MM, 20, 31, 98
MM, 19, 31, 11
MM, 17, 31, 12
MM, 16, 31, 25
MM, 16, 30, 13
MC, 1, 812
MM, 3, 5, 244
MM, 5, 6, 12
MM, 7, 9, 12
MM, 8, 10, 12
MM, 9, 12, 13
MM, 12, 14, 12
MM, 14, 19, 12
MM, 16, 20, 11
MM, 17, 23, 12
MM, 18, 26, 13
MM, 19, 27, 12
MM, 19, 29, 12
MM, 13, 0, 74
MM, 13, 1, 23
MM, 13, 3, 12
MM, 13, 4, 12
MM, 13, 5, 13
MM, 13, 7, 12
MM, 13, 9, 12
MM, 13, 12, 12
MM, 13, 15, 13
MM, 13, 17, 12
MM, 13, 19, 12
MM, 13, 20, 12
MM, 13, 21, 12
MM, 13, 23, 11
MM, 13, 26, 13
MM, 13, 28, 12
MM, 78, 0, 73
MM, 78, 2, 12
MM, 78, 3, 25
MM, 78, 4, 352
MM, 78, 5, 48
MM, 78, 6, 24
MM, 78, 7, 13
MC, 1, 509
MM, 81, 7, 146
MM, 83, 7, 13
MM, 85, 7, 12
MM, 88, 5, 12
MM, 99, 5, 12
MM, 105, 3, 13
MM, 24, 30, 61
MM, 27, 29, 11
MM, 31, 28, 13
MM, 34, 27, 11
MM, 36, 27, 13
MM, 38, 27, 12
MM, 39, 27, 12
MM, 40, 27, 12
MM, 41, 25, 12
MM, 43, 25, 25
MM, 1, 25, 36
MM, 4, 24, 12
MM, 9, 23, 12
MM, 12, 23, 12
MM, 14, 22, 13
MM, 17, 22, 11
MM, 21, 20, 12
MM, 27, 20, 13
MM, 32, 20, 12
MM, 37, 18, 12
MM, 42, 18, 12
MM, 2, 13, 48
MM, 9, 13, 13
MM, 12, 13, 12
MM, 15, 13, 12
MM, 17, 13, 11
MM, 18, 13, 13
MM, 21, 12, 12
MM, 22, 12, 13
MM, 22, 10, 170
MM, 22, 15, 169
MM, 22, 10, 11
MC, 1, 196
MM, 24, 9, 49
MM, 26, 6, 12
MM, 32, 1, 12
MM, 9, 24, 24
MM, 19, 12, 12
MM, 25, 7, 12
MM, 29, 3, 13
MM, 34, 0, 12
MM, 3, 31, 37
MM, 8, 29, 12
MM, 15, 26, 12
MM, 17, 22, 12
MM, 19, 20, 12
MM, 23, 16, 13
MM, 24, 14, 12
MM, 25, 12, 12
MM, 25, 10, 12
MM, 28, 8, 11
MM, 29, 6, 13
MM, 29, 5, 12
MM, 31, 4, 12
MM, 31, 2, 12
MM, 30, 2, 255
MM, 30, 4, 12
MM, 29, 5, 25
MM, 29, 6, 12
MM, 28, 6, 12
MM, 28, 7, 13
MM, 26, 8, 23
MM, 26, 9, 25
MM, 25, 9, 24
MM, 25, 10, 12
MM, 25, 9, 61
MC, 1, 387
MM, 22, 9, 122
MM, 17, 9, 13
MM, 9, 9, 12
MM, 26, 9, 24
MM, 14, 9, 24
MM, 35, 14, 13
MM, 1, 19, 12
MM, 0, 0, 352
MM, 40, 6, 36
MM, 39, 8, 12
MM, 37, 9, 12
MM, 35, 9, 13
MM, 32, 9, 12
MM, 30, 10, 12
MM, 25, 10, 12
MM, 21, 10, 13
MM, 17, 10, 11
MM, 14, 10, 13
MM, 12, 10, 12
MM, 9, 10, 12
MM, 8, 10, 12
MM, 7, 10, 12
MM, 5, 10, 12
MM, 2, 10, 13
MM, 0, 10, 12
MM, 43, 10, 61
MM, 42, 10, 12
MM, 41, 10, 12
MM, 40, 10, 12
MM, 38, 10, 25
MM, 37, 10, 12
MM, 36, 10, 24
MM, 35, 10, 12
MM, 33, 10, 12
MM, 31, 10, 12
MM, 30, 10, 25
MC, 1, 472
MM, 31, 10, 147
MM, 35, 10, 13
MM, 22, 3, 23
MC, 1, 934
MM, 32, 4, 451
MM, 31, 8, 11
MM, 31, 16, 13
MM, 31, 20, 12
MM, 31, 27, 12
MM, 31, 31, 12
MM, 23, 2, 24
MM, 23, 5, 12
MM, 23, 7, 13
MM, 23, 8, 12
MM, 23, 9, 24
MM, 23, 10, 12
MM, 23, 11, 12
MM, 22, 12, 12
MM, 22, 14, 13
MM, 21, 15, 13
MM, 21, 17, 12
MM, 20, 18, 11
MM, 20, 19, 12
MM, 19, 21, 12
MM, 19, 24, 12
MM, 18, 26, 12
MM, 18, 29, 13
MM, 131, 1, 48
MM, 131, 3, 12
MM, 130, 5, 13
MM, 130, 6, 12
MM, 130, 7, 12
MM, 130, 8, 12
MM, 130, 9, 12
MM, 130, 10, 13
MM, 130, 12, 36
MM, 130, 11, 181
MM, 130, 10, 49
MC, 1, 570
MM, 133, 8, 160
MM, 138, 5, 11
MM, 147, 4, 12
MM, 13, 30, 37
MM, 21, 30, 12
MM, 30, 29, 12
MM, 34, 27, 13
MM, 36, 26, 11
MM, 37, 26, 13
MM, 39, 25, 11
MM, 41, 24, 12
MM, 42, 23, 13
MM, 0, 19, 158
MM, 1, 18, 12
MM, 2, 17, 12
MM, 4, 17, 12
MM, 4, 15, 12
MM, 6, 15, 12
MM, 7, 14, 12
MM, 9, 12, 13
MM, 11, 12, 12
MM, 12, 11, 12
MM, 13, 11, 12
MM, 15, 10, 13
MM, 15, 11, 24
MM, 15, 8, 242
MM, 15, 11, 12
MC, 1, 194
MM, 12, 11, 159
MM, 3, 8, 13
MM, 4, 6, 47
MM, 15, 1, 341
MM, 15, 4, 12
MM, 15, 6, 12
MM, 15, 7, 12
MM, 15, 8, 12
MM, 13, 8, 73
MM, 10, 8, 13
MM, 7, 8, 11
MM, 5, 8, 12
MM, 2, 8, 13
MM, 42, 8, 84
MM, 41, 9, 25
MM, 39, 9, 13
MM, 38, 9, 11
MM, 37, 9, 12
MM, 35, 9, 13
MM, 34, 9, 24
MM, 33, 9, 12
MM, 32, 9, 12
MM, 31, 9, 12
MM, 31, 10, 12
MM, 30, 10, 25
MM, 29, 10, 36
MM, 29, 11, 13
MM, 29, 12, 255
MC, 1, 205
MM, 31, 12, 146
MM, 33, 12, 12
MM, 39, 12, 13
MM, 0, 15, 24
MM, 3, 15, 12
MM, 5, 15, 12
MM, 8, 15, 13
MM, 9, 15, 24
MM, 10, 15, 37
MM, 11, 15, 12
MM, 12, 15, 35
MM, 13, 15, 13
MM, 17, 17, 12
MM, 18, 17, 13
MM, 19, 17, 23
MM, 20, 17, 61
MC, 1, 400
MM, 20, 16, 656
MM, 20, 17, 11
MC, 1, 194
MM, 22, 17, 220
MM, 24, 17, 12
MM, 29, 17, 12
MM, 38, 17, 12
MM, 3, 16, 13
MM, 24, 13, 12
MM, 43, 1, 12
MM, 12, 1, 13
MM, 9, 29, 84
MM, 41, 30, 61
MM, 1, 28, 37
MM, 4, 27, 11
MM, 7, 27, 13
MM, 10, 26, 12
MM, 11, 26, 12
MM, 13, 26, 12
MM, 15, 26, 24
MM, 16, 26, 13
MM, 18, 26, 12
MM, 19, 25, 12
MM, 20, 25, 12
MM, 23, 25, 12
MM, 25, 25, 12
MM, 28, 25, 13
MM, 29, 25, 11
MM, 30, 25, 13
MM, 31, 25, 12
MM, 33, 24, 12
MM, 36, 22, 13
MM, 37, 22, 11
MM, 39, 20, 12
MM, 41, 18, 25
MM, 42, 18, 12
MM, 43, 18, 12
MM, 1, 15, 170
MM, 2, 15, 12
MM, 3, 15, 12
MM, 4, 15, 13
MM, 5, 15, 12
MM, 6, 16, 12
MM, 7, 16, 24
MM, 8, 16, 98
MM, 7, 16, 193
MM, 8, 16, 11
MC, 1, 194
MM, 7, 16, 196
MM, 5, 16, 13
MM, 2, 17, 11
MM, 36, 19, 25
MM, 25, 21, 12
MM, 10, 22, 11
MM, 43, 25, 13
MM, 7, 2, 24
MM, 42, 10, 24
MM, 31, 14, 13
MM, 23, 16, 12
MM, 15, 20, 12
MM, 9, 24, 12
MM, 4, 25, 12
MM, 37, 31, 24
MM, 13, 0, 25
MM, 9, 0, 12
MM, 5, 1, 12
MM, 4, 2, 13
MM, 3, 2, 12
MM, 3, 3, 12
MM, 2, 3, 11
MM, 2, 4, 37
MM, 2, 6, 25
MM, 2, 9, 11
MM, 2, 10, 24
MM, 2, 11, 25
MM, 2, 12, 25
MM, 2, 13, 11
MM, 3, 14, 25
MM, 5, 16, 11
MM, 6, 17, 13
MM, 6, 19, 11
MM, 7, 19, 13
MM, 8, 19, 13
MM, 9, 20, 12
MM, 10, 20, 11
MM, 10, 21, 256
MC, 1, 229
MM, 9, 19, 74
MM, 7, 14, 13
MM, 5, 8, 12
MM, 3, 4, 11
MM, 5, 31, 37
MM, 2, 25, 13
MM, 1, 19, 11
MC, 1, 776
MM, 18, 7, 305
MM, 29, 17, 11
MM, 36, 25, 13
MM, 38, 1, 12
MM, 8, 29, 24
MM, 129, 3, 25
MM, 131, 5, 12
MM, 131, 7, 12
MM, 132, 8, 12
MM, 132, 9, 61
MM, 132, 11, 655
MM, 132, 9, 11
MC, 1, 195
MM, 133, 9, 195
MM, 134, 8, 13
MM, 138, 8, 12
MM, 142, 7, 12
MM, 152, 1, 12
MM, 7, 28, 24
MM, 21, 22, 13
MM, 38, 16, 12
MM, 19, 2, 36
MM, 5, 30, 36
MM, 15, 24, 12
MM, 25, 21, 13
MM, 32, 17, 12
MM, 40, 16, 12
MM, 1, 13, 25
MM, 2, 11, 11
MM, 4, 11, 12
MM, 7, 9, 12
MM, 10, 6, 12
MM, 12, 4, 13
MM, 16, 3, 12
MM, 20, 0, 12
MM, 0, 31, 85
MM, 1, 30, 12
MM, 2, 30, 12
MM, 4, 29, 12
MM, 5, 28, 12
MM, 6, 28, 12
MM, 6, 26, 13
MM, 8, 26, 12
MM, 9, 26, 24
MM, 10, 25, 37
MM, 10, 22, 327
MM, 10, 25, 11
MC, 1, 194
MM, 10, 26, 184
MM, 10, 27, 12
MM, 8, 29, 12
MM, 37, 0, 49
MM, 37, 1, 12
MM, 36, 1, 12
MM, 34, 3, 12
MM, 34, 4, 13
MM, 32, 5, 12
MM, 31, 7, 12
MM, 30, 9, 11
MM, 30, 10, 13
MM, 29, 10, 13
MM, 29, 11, 23
MM, 28, 11, 73
MM, 28, 13, 25
MC, 1, 399
MM, 27, 13, 122
MM, 25, 13, 13
MM, 23, 13, 12
MM, 17, 13, 12
MM, 6, 13, 12
MM, 43, 13, 12
MM, 6, 10, 13
MM, 17, 10, 11
MM, 17, 5, 13
MM, 45, 10, 12
MM, 6, 14, 12
MM, 22, 19, 12
MM, 9, 22, 13
MM, 37, 25, 12
MM, 23, 28, 12
MM, 11, 31, 12
MM, 3, 31, 12
MM, 1, 0, 60
MM, 43, 0, 25
MM, 40, 1, 12
MM, 37, 1, 12
MM, 32, 1, 13
MM, 29, 1, 11
MM, 26, 1, 12
MM, 23, 1, 49
MM, 22, 1, 13
MM, 21, 1, 12
MM, 20, 1, 11
MM, 19, 1, 12
MM, 19, 0, 13
MM, 23, 31, 97
MM, 23, 30, 24
MM, 23, 29, 49
MM, 23, 28, 61
MM, 23, 27, 24
MM, 23, 26, 24
MM, 23, 25, 24
MM, 23, 24, 25
MM, 24, 24, 97
MC, 1, 387
MM, 26, 24, 171
MM, 30, 24, 13
MM, 35, 24, 12
MM, 19, 24, 24
MM, 2, 26, 12
MM, 35, 28, 13
MM, 8, 29, 12
MM, 20, 31, 13
MM, 42, 0, 48
MM, 3, 1, 11
MM, 14, 2, 13
MM, 22, 2, 12
MM, 33, 6, 12
MM, 42, 6, 12
MM, 1, 7, 25
MM, 3, 7, 12
MM, 4, 8, 24
MM, 4, 9, 109
MM, 6, 11, 97
MM, 7, 12, 25
MM, 8, 12, 11
MM, 10, 13, 12
MM, 12, 15, 12
MM, 14, 16, 13
MM, 16, 17, 12
MM, 20, 20, 12
MM, 20, 19, 122
MC, 1, 387
MM, 20, 18, 86
MM, 18, 16, 13
MM, 13, 12, 11
MM, 7, 8, 13
MM, 38, 26, 24
MM, 19, 13, 13
MC, 1, 945
MC, 1, 959
MM, 25, 2, 329
MM, 25, 3, 12
MM, 22, 7, 13
MM, 21, 9, 12
MM, 20, 13, 24
MM, 20, 14, 12
MM, 20, 19, 12
MM, 18, 23, 13
MM, 18, 27, 12
MM, 9, 1, 36
MM, 9, 4, 13
MM, 8, 7, 11
MM, 8, 9, 12
MM, 8, 10, 13
MM, 8, 11, 12
MM, 7, 13, 12
MM, 7, 15, 12
MM, 7, 16, 24
MM, 7, 17, 13
MM, 7, 18, 12
MM, 7, 20, 36
MM, 7, 21, 36
MM, 7, 22, 25
MM, 7, 23, 12
MM, 7, 24, 13
MM, 7, 26, 24
MM, 7, 28, 12
MM, 7, 29, 25
MM, 7, 30, 11
MM, 7, 31, 12
MM, 122, 0, 134
MM, 122, 1, 36
MM, 122, 2, 134
MM, 122, 3, 24
MC, 1, 716
MM, 124, 3, 243
MM, 126, 3, 12
MM, 133, 2, 12
MM, 141, 0, 13
MM, 23, 22, 37
MM, 4, 1, 23
MM, 34, 28, 12
MM, 0, 22, 13
MM, 11, 17, 12
MM, 17, 13, 12
MM, 21, 12, 12
MM, 23, 9, 12
MM, 30, 8, 13
MM, 38, 5, 12
MM, 42, 4, 12
MM, 2, 29, 182
MM, 0, 27, 12
MM, 35, 21, 73
MM, 35, 20, 12
MM, 34, 20, 12
MM, 33, 19, 25
MM, 32, 19, 24
MM, 31, 19, 13
MM, 30, 19, 11
MM, 29, 19, 24
MM, 28, 19, 13
MM, 27, 19, 24
MM, 27, 18, 48
MM, 26, 18, 12
MM, 25, 18, 13
MM, 24, 18, 12
MM, 23, 18, 49
MM, 23, 17, 314
MC, 1, 206
MM, 21, 17, 135
MM, 17, 19, 12
MM, 14, 20, 12
MM, 10, 22, 12
MM, 3, 27, 13
MM, 33, 1, 36
MM, 25, 4, 12
MM, 17, 13, 12
MM, 11, 17, 12
MM, 39, 25, 25
MM, 33, 28, 12
MM, 27, 31, 12
MM, 23, 0, 121
MM, 23, 2, 25
MM, 23, 3, 12
MM, 23, 4, 12
MM, 22, 5, 12
MM, 22, 7, 12
MM, 22, 9, 12
MM, 22, 10, 25
MM, 22, 12, 24
MM, 22, 13, 12
MM, 22, 14, 12
MM, 22, 15, 12
MM, 22, 16, 13
MM, 22, 17, 12
MM, 22, 18, 11
MM, 22, 19, 255
MC, 1, 194
MM, 20, 20, 86
MM, 19, 20, 12
MM, 18, 21, 13
MM, 16, 23, 12
MM, 12, 25, 11
MM, 7, 30, 12
MM, 156, 0, 61
MM, 154, 1, 12
MM, 154, 2, 13
MM, 152, 2, 12
MM, 151, 3, 12
MM, 150, 5, 12
MM, 149, 5, 12
MM, 148, 6, 13
MM, 147, 7, 36
MM, 146, 7, 24
MM, 146, 8, 12
MM, 145, 10, 207
MM, 145, 12, 182
MM, 145, 11, 12
MC, 1, 193
MM, 146, 11, 232
MM, 149, 9, 12
MM, 155, 5, 13
MM, 160, 1, 12
MM, 12, 29, 24
MM, 26, 25, 12
MM, 41, 17, 12
MM, 7, 2, 25
MM, 32, 31, 24
MM, 38, 26, 12
MM, 0, 20, 25
MM, 5, 15, 12
MM, 9, 12, 12
MM, 11, 8, 11
MM, 13, 8, 13
MM, 15, 6, 12
MM, 19, 6, 12
MM, 23, 3, 12
MM, 26, 2, 12
MM, 29, 2, 12
MM, 0, 27, 364
MM, 3, 27, 13
MM, 6, 25, 12
MM, 7, 25, 24
MM, 7, 24, 98
MM, 8, 24, 133
MM, 8, 23, 194
MC, 1, 205
MM, 7, 23, 86
MM, 6, 23, 12
MM, 2, 22, 14
MM, 31, 18, 24
MM, 21, 16, 11
MM, 14, 13, 12
MM, 6, 11, 13
MM, 41, 9, 36
MM, 40, 9, 13
MM, 38, 9, 23
MM, 36, 7, 12
MM, 35, 7, 25
MM, 34, 7, 24
MM, 33, 7, 12
MM, 32, 7, 12
MM, 30, 8, 26
MM, 29, 8, 23
MC, 1, 557
MM, 29, 9, 87
MM, 27, 11, 12
MM, 23, 11, 12
MM, 20, 11, 12
MM, 12, 12, 12
MM, 0, 15, 12
MM, 37, 18, 13
MM, 24, 20, 12
MM, 5, 22, 12
MC, 1, 873
MM, 31, 0, 268
MM, 31, 4, 12
MM, 31, 8, 13
MM, 29, 11, 13
MM, 29, 13, 11
MM, 29, 14, 12
MM, 29, 15, 12
MM, 28, 16, 12
MM, 28, 17, 13
MM, 28, 18, 11
MM, 28, 20, 12
MM, 26, 21, 12
MM, 26, 26, 13
MM, 26, 29, 12
MM, 25, 31, 12
MM, 16, 1, 37
MM, 16, 4, 12
MM, 16, 7, 12
MM, 15, 7, 12
MM, 15, 8, 13
MM, 15, 9, 12
MM, 15, 10, 12
MM, 14, 12, 12
MM, 14, 14, 12
MM, 14, 16, 13
MM, 14, 22, 12
MM, 14, 25, 11
MM, 14, 28, 12
MM, 14, 30, 13
MM, 79, 0, 48
MM, 79, 2, 12
MM, 79, 4, 12
MM, 79, 5, 12
MM, 79, 6, 13
MM, 79, 9, 24
MM, 79, 10, 12
MM, 79, 12, 13
MM, 79, 13, 24
MM, 79, 12, 267
MM, 79, 11, 73
MC, 1, 617
MM, 79, 9, 124
MM, 78, 7, 11
MM, 75, 3, 12
MM, 0, 31, 25
MM, 42, 23, 24
MM, 35, 14, 13
MM, 22, 0, 11
MM, 18, 27, 13
MM, 12, 21, 11
MM, 6, 17, 13
MM, 1, 14, 12
MM, 0, 14, 12
MM, 41, 11, 61
MM, 38, 11, 11
MM, 37, 11, 13
MM, 35, 11, 13
MM, 33, 11, 11
MM, 31, 11, 13
MM, 29, 11, 12
MM, 26, 11, 12
MM, 24, 11, 12
MC, 1, 582
MM, 27, 11, 147
MM, 32, 11, 12
MM, 1, 7, 12
MM, 22, 2, 13
MM, 10, 30, 36
MM, 34, 31, 48
MM, 43, 31, 12
MM, 5, 26, 24
MM, 12, 25, 13
MM, 19, 21, 12
MM, 24, 19, 12
MM, 26, 19, 12
MM, 27, 19, 25
MM, 27, 18, 23
MM, 28, 18, 13
MM, 29, 18, 11
MM, 30, 18, 38
MM, 31, 18, 35
MM, 31, 17, 13
MM, 32, 17, 13
MM, 33, 17, 11
MM, 34, 17, 24
MM, 1, 17, 49
MM, 2, 17, 12
MM, 3, 17, 13
MM, 4, 17, 11
MM, 5, 17, 13
MM, 6, 17, 24
MM, 7, 17, 12
MM, 8, 17, 13
MM, 9, 17, 23
MM, 10, 17, 109
MM, 8, 17, 183
MM, 10, 17, 11
MC, 1, 194
MM, 10, 19, 87
MM, 11, 19, 11
MM, 12, 20, 13
MM, 13, 21, 12
MM, 14, 23, 12
MM, 16, 24, 12
MM, 20, 27, 12
MM, 21, 28, 12
MM, 22, 31, 12
MM, 17, 0, 50
MM, 21, 4, 11
MM, 21, 5, 12
MM, 21, 8, 12
MM, 22, 9, 12
MM, 22, 10, 13
MM, 23, 10, 24
MM, 23, 11, 37
MM, 23, 9, 266
MM, 23, 11, 12
MC, 1, 194
MM, 21, 13, 135
MM, 19, 13, 12
MM, 15, 13, 12
MM, 10, 13, 13
MM, 34, 12, 23
MM, 2, 1, 25
MM, 3, 1, 352
MM, 2, 1, 12
MM, 0, 2, 12
MM, 43, 5, 61
MM, 42, 6, 12
MM, 41, 6, 25
MM, 40, 6, 12
MM, 39, 6, 11
MM, 39, 7, 13
MM, 36, 7, 12
MM, 35, 7, 24
MM, 34, 7, 13
MM, 33, 7, 24
MM, 30, 3, 121
MC, 1, 375
MM, 31, 3, 159
MM, 35, 3, 12
MM, 8, 3, 25
MC, 1, 873
MM, 0, 7, 1009
MM, 0, 11, 12
MM, 0, 13, 12
MM, 0, 15, 12
MM, 40, 3, 86
MM, 40, 11, 11
MM, 40, 17, 13
MM, 40, 24, 11
MM, 40, 27, 13
MM, 105, 0, 36
MM, 105, 3, 12
MM, 105, 4, 12
MM, 105, 8, 13
MM, 105, 9, 23
MM, 107, 10, 620
MM, 106, 10, 11
MC, 1, 194
MM, 105, 10, 74
MM, 101, 7, 12
MM, 97, 4, 12
MM, 12, 30, 37
MM, 6, 26, 12
MM, 32, 16, 25
MM, 22, 11, 11
MM, 15, 10, 12
MM, 10, 6, 13
MM, 3, 0, 12
MM, 38, 24, 49
MM, 34, 22, 11
MM, 29, 20, 12
MM, 27, 19, 12
MM, 25, 18, 13
MM, 24, 18, 12
MM, 23, 18, 25
MM, 22, 18, 12
MM, 22, 17, 12
MM, 21, 17, 61
MM, 19, 17, 12
MM, 17, 15, 12
MM, 16, 15, 12
MM, 15, 14, 13
MM, 16, 14, 96
MC, 1, 414
MM, 17, 14, 36
MM, 19, 14, 12
MM, 23, 14, 12
MM, 27, 14, 12
MM, 36, 13, 13
MM, 2, 9, 12
MM, 13, 6, 12
MM, 25, 2, 12
MM, 2, 16, 170
MM, 4, 16, 12
MM, 5, 16, 12
MM, 6, 16, 13
MM, 8, 16, 12
MM, 9, 16, 24
MM, 11, 16, 12
MM, 12, 16, 24
MM, 13, 16, 12
MM, 14, 16, 13
MM, 15, 18, 12
MM, 16, 18, 11
MC, 1, 485
MM, 14, 19, 135
MM, 19, 0, 316
MM, 14, 0, 12
MM, 11, 0, 12
MM, 9, 1, 12
MM, 7, 2, 12
MM, 6, 2, 12
MM, 4, 2, 12
MM, 2, 2, 26
MM, 1, 3, 11
MM, 0, 4, 13
MM, 0, 5, 11
MM, 43, 9, 50
MM, 40, 11, 11
MM, 39, 12, 12
MM, 38, 12, 12
MM, 37, 13, 13
MM, 36, 14, 11
MM, 34, 14, 12
MM, 33, 15, 24
MM, 32, 15, 50
MC, 1, 411
MM, 34, 15, 159
MM, 40, 15, 12
MM, 5, 12, 25
MM, 13, 10, 12
MM, 28, 3, 12
MC, 1, 788
MC, 1, 886
MM, 15, 1, 207
MM, 22, 7, 13
MM, 24, 9, 12
MM, 25, 10, 12
MM, 27, 14, 12
MM, 28, 15, 13
MM, 31, 16, 12
MM, 35, 17, 12
MM, 38, 17, 13
MM, 44, 20, 11
MM, 1, 29, 37
MM, 3, 31, 12
MM, 42, 1, 183
MM, 2, 11, 84
MM, 3, 11, 12
MM, 4, 12, 25
MM, 4, 13, 36
MM, 5, 13, 12
MM, 6, 13, 12
MM, 7, 14, 12
MM, 8, 14, 25
MM, 9, 14, 24
MC, 1, 521
MM, 11, 14, 317
MM, 16, 14, 12
MM, 22, 14, 12
MM, 31, 13, 13
MM, 42, 13, 11
MM, 14, 12, 13
MM, 8, 12, 24
MM, 18, 13, 12
MM, 26, 18, 12
MM, 32, 18, 12
MM, 37, 18, 12
MM, 40, 21, 13
MM, 42, 21, 12
MM, 43, 21, 12
MM, 43, 23, 243
MM, 41, 23, 12
MM, 39, 22, 12
MM, 37, 21, 13
MM, 35, 20, 12
MM, 34, 20, 23
MM, 34, 19, 61
MC, 1, 484
MM, 34, 18, 330
MM, 34, 17, 11
MM, 33, 17, 74
MM, 32, 17, 12
MM, 29, 17, 12
MM, 26, 17, 12
MM, 23, 17, 13
MM, 18, 17, 11
MM, 10, 17, 12
MM, 5, 16, 12
MM, 41, 16, 26
MM, 38, 17, 12
MM, 36, 19, 11
MM, 35, 19, 12
MM, 34, 20, 25
MM, 34, 21, 12
MM, 33, 22, 25
MM, 32, 22, 12
MM, 31, 23, 11
MM, 31, 24, 14
MM, 31, 26, 11
MM, 90, 0, 12
MM, 89, 1, 12
MM, 88, 2, 12
MM, 88, 3, 13
MM, 87, 4, 12
MM, 86, 6, 11
MM, 83, 7, 13
MM, 82, 8, 12
MM, 81, 9, 12
MM, 79, 10, 12
MM, 77, 10, 12
MM, 76, 12, 12
MM, 75, 12, 13
MM, 73, 12, 12
MM, 72, 12, 12
MM, 71, 12, 12
MM, 70, 12, 25
MM, 69, 12, 11
MM, 68, 12, 12
MM, 67, 12, 37
MM, 66, 12, 24
MM, 65, 12, 12
MM, 64, 12, 13
MM, 62, 14, 12
MM, 61, 14, 12
MM, 60, 14, 12
MM, 58, 14, 838
MM, 52, 14, 12
MM, 42, 13, 13
MM, 27, 7, 11
MM, 2, 4, 13
MM, 16, 25, 12
MM, 13, 20, 25
MM, 35, 20, 11
MM, 21, 20, 12
MM, 26, 22, 24
MM, 16, 24, 13
MM, 4, 28, 12
MM, 42, 29, 12
MM, 30, 30, 12
MM, 428, 2, 250083
MM, 416, 21, 48
MM, 414, 26, 25
MM, 414, 33, 13
MM, 411, 36, 24
MM, 411, 37, 24
MM, 411, 34, 12
MM, 409, 34, 218
MM, 405, 37, 12
MM, 393, 47, 13
MM, 370, 60, 11
MM, 16, 23, 37
MM, 6, 30, 12
MM, 43, 4, 13
MM, 31, 12, 12
MM, 20, 19, 12
MM, 9, 28, 12
MM, 28, 7, 38
MM, 23, 8, 11
MM, 17, 12, 12
MM, 16, 12, 12
MM, 18, 12, 85
MM, 20, 14, 12
MM, 24, 18, 13
MM, 26, 18, 12
MM, 27, 19, 11
MM, 28, 19, 12
MM, 29, 21, 25
MM, 30, 21, 13
MM, 31, 21, 12
MM, 32, 21, 12
MM, 35, 22, 12
MM, 38, 22, 11
MM, 40, 23, 13
MM, 0, 24, 36
MM, 3, 26, 12
MM, 5, 26, 13
MM, 8, 26, 12
MM, 11, 26, 12
MM, 15, 25, 12
MM, 17, 24, 12
MM, 21, 24, 12
MM, 23, 24, 12
MM, 25, 24, 12
MM, 28, 24, 12
MM, 30, 22, 13
MM, 34, 22, 12
MM, 37, 22, 12
MM, 40, 22, 12
MM, 42, 22, 13
MM, 0, 24, 109
MM, 1, 25, 24
MM, 2, 27, 13
MM, 13, 0, 12
MM, 13, 1, 12
MM, 14, 2, 11
MM, 14, 3, 12
MM, 14, 4, 25
MM, 15, 5, 24
MM, 16, 6, 24
MM, 16, 7, 24
MM, 16, 8, 13
MM, 17, 8, 12
MM, 17, 9, 37
MM, 18, 9, 24
