********************************************************************************
LOGGING TIME: 20180909_050803
CLIENT IP: 127.0.1.1
USERNAME: dell
OS: Linux
**********************************Emotional database********************************************************************************
MM, 833, 496, 1537598292205
MM, 835, 490, 8
MM, 837, 484, 7
MM, 839, 480, 8
MM, 592, 88, 8
MM, 593, 83, 8
MM, 596, 79, 8
MM, 598, 75, 8
MM, 601, 69, 8
MM, 603, 64, 8
MM, 604, 60, 8
MM, 607, 56, 8
MM, 609, 53, 8
MM, 612, 50, 8
MM, 616, 47, 8
MM, 620, 45, 8
MM, 623, 43, 8
MM, 627, 41, 8
MM, 632, 40, 8
MM, 638, 37, 8
MM, 898, 420, 8
MM, 912, 414, 8
MM, 926, 407, 8
MM, 940, 400, 8
MM, 4, 347, 4088
MM, 27, 322, 8
MM, 49, 296, 8
MM, 73, 276, 8
MM, 96, 259, 8
MM, 117, 241, 8
MM, 134, 227, 8
MM, 151, 213, 8
MM, 168, 199, 8
MM, 184, 186, 8
MM, 197, 173, 8
MM, 210, 160, 8
MM, 222, 148, 8
MM, 234, 136, 8
MM, 245, 125, 8
MM, 256, 114, 8
MM, 269, 106, 8
MM, 277, 98, 8
MM, 289, 90, 8
MM, 330, 65, 40
MM, 337, 61, 8
MM, 341, 59, 8
MM, 345, 57, 8
MM, 350, 56, 8
MM, 354, 53, 8
MM, 359, 51, 8
MM, 363, 47, 8
MM, 367, 46, 8
MM, 371, 44, 8
MM, 375, 43, 8
MM, 378, 42, 8
MM, 381, 40, 8
MM, 384, 39, 8
MM, 387, 39, 8
MM, 391, 39, 8
MM, 393, 39, 8
MM, 397, 39, 8
MM, 401, 39, 8
MM, 405, 39, 8
MM, 408, 39, 8
MM, 412, 39, 8
MM, 417, 39, 8
MM, 422, 41, 8
MM, 425, 42, 8
MM, 428, 43, 8
MM, 431, 44, 8
MM, 435, 46, 8
MM, 437, 47, 8
MM, 441, 48, 8
MM, 443, 49, 8
MM, 447, 52, 8
MM, 450, 52, 8
MM, 452, 54, 8
MM, 455, 56, 8
MM, 457, 57, 8
MM, 460, 58, 8
MM, 462, 59, 8
MM, 463, 59, 8
MM, 465, 61, 8
MM, 468, 62, 8
MM, 470, 62, 8
MM, 472, 63, 8
MM, 476, 64, 8
MM, 478, 66, 8
MM, 481, 67, 8
MM, 483, 68, 8
MM, 486, 69, 8
MM, 488, 69, 8
MM, 490, 71, 8
MM, 493, 71, 8
MM, 496, 72, 8
MM, 498, 72, 8
MM, 500, 73, 8
MM, 502, 73, 8
MM, 504, 74, 16
MM, 505, 74, 8
MM, 506, 74, 16
MM, 507, 74, 8
MM, 508, 74, 8
MM, 509, 75, 8
MM, 510, 76, 8
MM, 511, 76, 8
MM, 512, 76, 8
MM, 514, 77, 16
MM, 515, 77, 8
MM, 516, 77, 8
MM, 517, 77, 8
MM, 520, 78, 16
MM, 521, 79, 8
MM, 523, 79, 16
MM, 525, 79, 8
MM, 549, 88, 320
MM, 548, 89, 8
MM, 547, 89, 144
MM, 545, 91, 32
MM, 544, 92, 16
MM, 541, 94, 16
MM, 538, 96, 8
MM, 534, 100, 8
MM, 527, 106, 8
MM, 519, 113, 8
MM, 508, 120, 8
MM, 498, 129, 8
MM, 488, 135, 8
MM, 479, 141, 8
MM, 469, 147, 8
MM, 384, 222, 136
MM, 379, 229, 8
MM, 373, 236, 8
MM, 367, 242, 8
MM, 363, 246, 8
MM, 359, 250, 8
MM, 355, 254, 8
MM, 353, 257, 8
MM, 352, 258, 8
MM, 102, 0, 8
MM, 101, 1, 32
MM, 100, 1, 16
MM, 98, 1, 8
MM, 95, 1, 8
MM, 93, 1, 8
MM, 339, 259, 8
MM, 335, 256, 8
MM, 331, 252, 8
MM, 325, 247, 8
MM, 320, 241, 8
MM, 314, 235, 8
MM, 308, 229, 8
MM, 302, 223, 8
MM, 544, 220, 2840
MM, 542, 222, 8
MM, 539, 224, 8
MM, 538, 225, 8
MM, 534, 228, 8
MM, 532, 230, 8
MM, 529, 233, 8
MM, 525, 235, 8
MM, 522, 238, 8
MM, 519, 239, 8
MM, 517, 241, 8
MM, 515, 243, 8
MM, 513, 244, 8
MM, 510, 247, 8
MM, 508, 248, 8
MM, 507, 249, 8
MM, 505, 250, 8
MM, 503, 252, 8
MM, 501, 254, 8
MM, 498, 256, 8
MM, 497, 257, 8
MM, 495, 259, 8
MM, 245, 1, 8
MM, 243, 3, 8
MM, 241, 4, 8
MM, 238, 7, 8
MM, 236, 9, 8
MM, 235, 10, 8
MM, 231, 13, 8
MM, 229, 14, 8
MM, 226, 15, 8
MM, 224, 17, 8
MM, 222, 19, 8
MM, 221, 20, 8
MM, 219, 22, 8
MM, 218, 23, 16
MC, 1, 120
MM, 219, 24, 120
MM, 220, 24, 88
MM, 221, 24, 64
MM, 222, 25, 72
MM, 223, 25, 72
MM, 225, 25, 24
MM, 226, 25, 32
MM, 227, 25, 40
MM, 228, 25, 40
MM, 230, 25, 40
MM, 231, 25, 24
MM, 232, 25, 16
MM, 233, 25, 24
MM, 235, 25, 48
MM, 236, 25, 56
MM, 237, 25, 48
MM, 238, 25, 16
MM, 240, 25, 16
MM, 241, 25, 8
MM, 242, 25, 8
MM, 243, 25, 16
MM, 245, 25, 8
MM, 246, 25, 16
MM, 247, 25, 8
MM, 248, 25, 16
MM, 250, 25, 8
MM, 251, 25, 16
MM, 252, 25, 8
MM, 253, 25, 8
MM, 255, 27, 8
MM, 256, 27, 8
MM, 257, 27, 8
MM, 258, 27, 8
MM, 260, 27, 16
MM, 261, 27, 16
MM, 262, 27, 24
MM, 263, 28, 16
MM, 265, 28, 40
MM, 266, 28, 40
MM, 267, 29, 88
MM, 267, 32, 24
MM, 266, 34, 8
MM, 264, 36, 8
MM, 261, 39, 8
MM, 258, 42, 8
MM, 255, 44, 8
MM, 253, 46, 8
MM, 251, 48, 8
MM, 248, 50, 8
MM, 246, 52, 8
MM, 245, 53, 8
MM, 244, 54, 8
MM, 243, 55, 16
MM, 243, 56, 8
MM, 242, 58, 8
MM, 241, 59, 8
MM, 240, 60, 32
MM, 239, 61, 32
MM, 238, 63, 40
MM, 237, 64, 56
MM, 236, 65, 80
MM, 235, 66, 24
MM, 234, 67, 8
MM, 233, 68, 8
MM, 232, 69, 8
MM, 231, 70, 8
MM, 229, 72, 8
MM, 227, 74, 8
MM, 224, 77, 8
MM, 222, 80, 8
MM, 468, 343, 8
MM, 466, 347, 8
MM, 463, 350, 8
MM, 461, 353, 8
MM, 458, 357, 8
MM, 456, 361, 8
MM, 453, 364, 8
MM, 451, 367, 8
MM, 448, 371, 8
MM, 446, 373, 8
MM, 443, 378, 8
MM, 442, 383, 8
MM, 439, 388, 8
MM, 189, 5, 8
MM, 186, 10, 8
MM, 182, 16, 8
MM, 181, 20, 8
MM, 180, 23, 8
MM, 178, 27, 8
MM, 177, 28, 8
MM, 176, 30, 8
MM, 175, 32, 8
MM, 173, 34, 16
MM, 172, 35, 16
MM, 171, 37, 8
MM, 170, 38, 24
MM, 169, 39, 24
MM, 168, 39, 16
MM, 166, 41, 8
MM, 165, 42, 16
MM, 164, 42, 8
MM, 163, 42, 8
MM, 162, 43, 8
MM, 161, 43, 16
MM, 159, 43, 24
MM, 158, 43, 24
MC, 1, 168
MM, 157, 42, 72
MM, 158, 41, 48
MM, 159, 40, 32
MM, 160, 40, 56
MM, 162, 40, 32
MM, 163, 42, 8
MM, 164, 46, 8
MM, 164, 53, 8
MM, 164, 61, 8
MM, 164, 68, 8
MM, 164, 74, 8
MM, 162, 79, 8
MM, 162, 81, 8
MM, 162, 84, 8
MM, 161, 86, 8
MM, 161, 89, 8
MM, 408, 480, 8
MM, 408, 483, 8
MM, 407, 484, 8
MM, 407, 485, 8
MM, 405, 487, 8
MM, 405, 488, 8
MM, 405, 489, 16
MM, 405, 490, 16
MM, 405, 492, 24
MM, 404, 493, 8
MM, 403, 494, 192
MM, 403, 495, 32
MM, 30, 0, 24
MM, 30, 1, 48
MM, 30, 2, 40
MM, 32, 4, 40
MM, 33, 4, 128
MM, 34, 4, 16
MM, 409, 501, 16
MM, 410, 500, 8
MM, 411, 499, 16
MM, 412, 498, 16
MM, 413, 497, 16
MM, 413, 496, 8
MM, 414, 495, 8
MM, 416, 493, 8
MM, 417, 491, 8
MM, 419, 488, 16
MM, 420, 487, 8
MM, 422, 485, 8
MM, 423, 483, 8
MM, 424, 482, 8
MM, 426, 481, 8
MM, 427, 480, 8
MM, 181, 89, 8
MM, 182, 89, 8
MM, 184, 88, 8
MM, 186, 88, 8
MM, 188, 87, 8
MM, 189, 87, 8
MM, 192, 87, 8
MM, 194, 87, 8
MM, 197, 87, 8
MM, 199, 87, 8
MM, 203, 87, 8
MM, 206, 87, 8
MM, 211, 87, 8
MM, 214, 87, 8
MM, 219, 87, 8
MM, 225, 89, 8
MM, 477, 479, 8
MM, 483, 480, 8
MM, 490, 481, 8
MM, 498, 485, 8
MM, 506, 485, 8
MM, 515, 487, 8
MM, 521, 487, 8
MM, 527, 488, 8
MM, 533, 488, 8
MM, 537, 488, 8
MM, 543, 491, 8
MM, 544, 491, 8
MM, 548, 491, 8
MM, 552, 491, 8
MM, 555, 492, 8
MM, 559, 492, 8
MM, 562, 493, 8
MM, 566, 493, 8
MM, 570, 493, 8
MM, 574, 494, 8
MM, 578, 494, 8
MM, 583, 496, 8
MM, 588, 496, 8
MM, 9, 0, 8
MM, 14, 0, 8
MM, 17, 1, 8
MM, 21, 1, 8
MM, 25, 2, 8
MM, 28, 2, 8
MM, 31, 2, 8
MM, 34, 4, 8
MM, 620, 501, 8
MM, 623, 502, 8
MM, 0, 5, 8
MM, 3, 5, 8
MM, 5, 5, 8
MM, 8, 6, 8
MM, 10, 6, 8
MM, 12, 7, 8
MM, 15, 9, 8
MM, 18, 9, 16
MM, 20, 10, 8
MM, 22, 11, 8
MM, 24, 11, 8
MM, 25, 11, 8
MM, 26, 12, 8
MM, 29, 13, 8
MM, 30, 14, 8
MM, 31, 15, 8
MM, 33, 15, 8
MM, 34, 15, 16
MM, 35, 15, 16
MM, 661, 513, 8
MM, 663, 513, 40
MM, 664, 513, 16
MM, 665, 513, 24
MM, 666, 513, 16
MM, 1, 16, 8
MM, 3, 16, 16
MM, 5, 14, 8
MM, 6, 14, 8
MM, 7, 14, 16
MM, 8, 13, 8
MM, 9, 13, 8
MM, 11, 12, 16
MM, 12, 12, 32
MM, 11, 14, 184
MM, 11, 18, 8
MM, 11, 21, 8
MM, 11, 25, 8
MM, 10, 29, 8
MM, 676, 531, 8
MM, 22, 0, 8
MM, 22, 4, 8
MM, 22, 8, 8
MM, 22, 10, 8
MM, 22, 14, 8
MM, 22, 17, 8
MM, 22, 19, 8
MM, 22, 22, 8
MM, 22, 24, 8
MM, 22, 27, 8
MM, 22, 29, 8
MM, 676, 566, 8
MM, 676, 567, 8
MM, 676, 569, 8
MM, 13, 1, 8
MM, 13, 3, 8
MM, 13, 6, 8
MM, 13, 8, 8
MM, 13, 11, 8
MM, 13, 13, 8
MM, 13, 16, 8
MM, 13, 18, 8
MM, 13, 21, 8
MM, 13, 23, 8
MM, 13, 26, 8
MM, 13, 28, 8
MM, 676, 602, 8
MM, 676, 604, 8
MM, 676, 607, 8
MM, 17, 1, 8
MM, 17, 3, 8
MM, 17, 4, 8
MM, 16, 6, 8
MM, 16, 9, 8
MM, 16, 10, 8
MM, 15, 11, 8
MM, 15, 13, 8
MM, 15, 14, 8
MM, 14, 16, 8
MM, 14, 18, 16
MM, 14, 19, 16
MM, 14, 20, 32
MM, 5, 17, 128
MM, 656, 621, 8
MM, 25, 6, 8
MM, 11, 0, 8
MM, 22, 29, 8
MM, 579, 589, 8
MM, 1, 5, 8
MM, 11, 29, 8
MM, 1, 15, 8
MM, 35, 0, 8
MM, 19, 8, 16
MM, 267, 494, 8
MM, 223, 482, 8
MM, 179, 470, 8
MM, 141, 458, 8
MM, 118, 445, 8
MM, 97, 437, 8
MM, 88, 431, 8
MM, 84, 429, 8
MM, 81, 429, 8
MM, 80, 428, 8
MM, 79, 427, 24
MM, 78, 426, 16
MM, 78, 425, 24
MM, 77, 424, 8
MM, 78, 423, 80
MM, 80, 423, 8
MM, 85, 423, 8
MM, 89, 423, 8
MM, 93, 423, 8
MM, 98, 423, 8
MM, 108, 423, 8
MM, 119, 423, 8
MM, 130, 423, 8
MM, 144, 423, 8
MM, 158, 425, 8
MM, 172, 429, 8
MM, 184, 431, 8
MM, 197, 436, 8
MM, 206, 438, 8
MM, 215, 441, 8
MM, 223, 446, 8
MM, 232, 448, 8
MM, 239, 450, 8
MM, 245, 453, 8
MM, 3, 65, 8
MM, 4, 66, 8
MM, 8, 67, 8
MM, 12, 69, 8
MM, 16, 71, 8
MM, 19, 72, 8
MM, 22, 74, 8
MM, 25, 77, 8
MM, 28, 78, 8
MM, 33, 79, 8
MM, 37, 81, 8
MM, 41, 83, 8
MM, 45, 85, 8
MM, 49, 87, 8
MM, 53, 88, 8
MM, 307, 480, 8
MM, 310, 481, 8
MM, 314, 481, 8
MM, 320, 482, 8
MM, 325, 484, 8
MM, 331, 486, 8
MM, 337, 488, 8
MM, 343, 488, 8
MM, 345, 489, 8
MM, 350, 489, 8
MM, 353, 490, 8
MM, 356, 490, 8
MM, 359, 492, 8
MM, 362, 493, 8
MM, 363, 493, 8
MM, 366, 494, 8
MM, 368, 494, 8
MM, 370, 495, 8
MM, 372, 495, 8
MM, 374, 495, 8
MM, 3, 0, 8
MM, 6, 1, 8
MM, 9, 2, 24
MM, 10, 3, 56
MM, 9, 5, 16
MM, 8, 7, 8
MM, 7, 9, 16
MM, 4, 12, 8
MM, 2, 15, 8
MM, 1, 16, 8
MM, 0, 17, 8
MM, 371, 515, 8
MM, 5, 21, 360
MM, 26, 21, 8
MM, 5, 21, 8
MM, 25, 21, 8
MM, 2, 17, 8
MM, 20, 15, 8
MM, 495, 509, 8
MM, 14, 10, 8
MM, 33, 6, 8
MM, 1, 6, 8
MM, 11, 4, 8
MM, 19, 4, 8
MM, 24, 4, 8
MM, 27, 3, 8
MM, 29, 3, 8
MM, 32, 3, 8
MM, 33, 2, 8
MM, 35, 2, 8
MM, 579, 497, 8
MM, 580, 497, 8
MM, 583, 496, 8
MM, 585, 496, 8
MM, 588, 495, 8
MM, 591, 494, 8
MM, 594, 493, 8
MM, 596, 491, 8
MM, 599, 490, 8
MM, 601, 490, 8
MM, 604, 489, 8
MM, 605, 489, 8
MM, 608, 487, 8
MM, 610, 487, 8
MM, 613, 487, 8
MM, 615, 487, 8
MM, 619, 486, 8
MM, 621, 486, 8
MM, 625, 486, 8
MM, 628, 486, 8
MM, 631, 485, 8
MM, 634, 485, 8
MM, 635, 485, 8
MM, 638, 485, 8
MM, 639, 484, 8
MM, 640, 484, 8
MM, 641, 484, 8
MM, 643, 484, 16
MM, 645, 482, 8
MM, 646, 482, 32
MM, 648, 482, 8
MM, 649, 482, 16
MM, 650, 482, 8
MM, 651, 482, 8
MM, 653, 482, 8
MM, 655, 482, 8
MM, 656, 482, 8
MM, 658, 482, 8
MM, 660, 482, 8
MM, 663, 482, 8
MM, 665, 482, 8
MM, 666, 482, 8
MM, 669, 482, 8
MM, 670, 482, 8
MM, 671, 482, 8
MM, 674, 482, 8
MM, 675, 482, 8
MM, 676, 483, 8
MM, 678, 483, 8
MM, 680, 484, 8
MM, 681, 484, 8
MM, 684, 484, 8
MM, 685, 485, 8
MM, 686, 485, 8
MM, 689, 486, 8
MM, 690, 487, 8
MM, 693, 487, 8
MM, 694, 487, 8
MM, 696, 488, 8
MM, 698, 488, 8
MM, 699, 489, 8
MM, 701, 489, 8
MM, 703, 490, 8
MM, 704, 490, 8
MM, 706, 491, 8
MM, 707, 492, 8
MM, 709, 492, 8
MM, 711, 493, 8
MM, 713, 493, 8
MM, 715, 494, 8
MM, 716, 494, 8
MM, 719, 494, 8
MM, 721, 495, 8
MM, 723, 495, 16
MM, 16, 0, 8
MM, 17, 0, 16
MM, 20, 1, 8
MM, 21, 1, 16
MM, 22, 1, 8
MM, 24, 1, 16
MM, 25, 2, 16
MC, 1, 136
MM, 23, 3, 8
MM, 20, 3, 8
MM, 15, 5, 8
MM, 8, 7, 8
MM, 707, 507, 8
MM, 34, 14, 8
MM, 26, 18, 8
MM, 18, 23, 8
MM, 8, 29, 8
MM, 669, 531, 8
MM, 9, 1, 8
MM, 2, 6, 8
MM, 652, 544, 8
MM, 650, 548, 8
MM, 649, 550, 8
MM, 648, 551, 8
MM, 29, 19, 8
MM, 28, 20, 8
MM, 27, 21, 8
MM, 24, 24, 8
MM, 23, 25, 8
MM, 21, 27, 8
MM, 19, 29, 8
MM, 631, 567, 8
MM, 629, 569, 8
MM, 3, 1, 8
MM, 620, 575, 8
MM, 617, 577, 8
MM, 28, 9, 8
MM, 24, 12, 8
MM, 20, 14, 8
MM, 16, 17, 8
MM, 13, 19, 8
MM, 9, 22, 8
MM, 8, 23, 8
MM, 6, 26, 8
MM, 4, 27, 8
MM, 3, 28, 32
MM, 3, 29, 40
MM, 3, 30, 16
MM, 588, 603, 8
MM, 588, 606, 8
MM, 13, 0, 8
MM, 11, 2, 8
MM, 9, 4, 8
MM, 8, 5, 8
MM, 6, 8, 8
MM, 4, 10, 8
MM, 3, 11, 8
MM, 1, 13, 8
MM, 0, 14, 8
MM, 573, 623, 8
MM, 571, 624, 8
MM, 569, 626, 8
MM, 568, 627, 8
MM, 35, 20, 8
MM, 32, 23, 8
MM, 30, 26, 8
MM, 28, 29, 8
MM, 27, 30, 8
MM, 557, 640, 8
MM, 554, 643, 8
MM, 552, 644, 8
MM, 146, 0, 8
MM, 145, 1, 8
MM, 144, 2, 8
MM, 142, 3, 8
MM, 141, 4, 8
MM, 140, 4, 8
MM, 138, 6, 8
MM, 137, 7, 8
MM, 136, 7, 8
MM, 135, 8, 8
MM, 134, 8, 16
MM, 133, 9, 8
MM, 132, 9, 8
MM, 130, 11, 24
MM, 129, 12, 40
MM, 137, 3, 120
MM, 546, 642, 8
MM, 20, 28, 8
MM, 26, 22, 8
MM, 34, 16, 8
MM, 0, 12, 8
MM, 4, 8, 8
MM, 10, 3, 8
MM, 590, 607, 8
MM, 596, 603, 8
MM, 15, 28, 8
MM, 16, 27, 8
MM, 19, 24, 8
MM, 21, 22, 8
MM, 23, 17, 8
MM, 25, 14, 8
MM, 26, 12, 8
MM, 29, 9, 8
MM, 30, 8, 8
MM, 616, 578, 8
MM, 617, 575, 8
MM, 619, 573, 16
MM, 620, 571, 8
MM, 621, 570, 8
MM, 623, 566, 16
MM, 624, 565, 8
MM, 8, 30, 8
MM, 10, 28, 8
MM, 11, 27, 8
MM, 13, 26, 8
MM, 14, 25, 8
MM, 18, 23, 8
MM, 19, 22, 8
MM, 21, 21, 8
MM, 23, 20, 8
MM, 25, 18, 8
MM, 27, 17, 8
MM, 28, 16, 8
MM, 30, 14, 8
MM, 649, 546, 8
MM, 651, 545, 8
MM, 653, 545, 8
MM, 0, 10, 8
MM, 2, 9, 8
MM, 3, 8, 8
MM, 5, 7, 8
MM, 7, 6, 16
MM, 10, 5, 16
MM, 12, 3, 16
MM, 13, 2, 16
MM, 14, 2, 8
MM, 15, 2, 32
MM, 16, 2, 32
MM, 17, 1, 8
MM, 18, 2, 120
MM, 18, 3, 8
MM, 18, 4, 16
MM, 18, 5, 8
MM, 18, 8, 8
MM, 18, 9, 16
MM, 18, 10, 16
MC, 1, 136
MM, 14, 11, 8
MM, 8, 14, 8
MM, 648, 548, 8
MM, 16, 16, 8
MM, 0, 18, 8
MM, 24, 21, 8
MM, 7, 21, 8
MM, 33, 23, 8
MM, 18, 23, 8
MM, 6, 23, 8
MM, 530, 559, 8
MM, 26, 27, 8
MM, 20, 27, 8
MM, 14, 30, 8
MM, 10, 30, 8
MM, 500, 566, 8
MM, 498, 566, 8
MM, 495, 566, 8
MM, 492, 567, 8
MM, 488, 567, 8
MM, 486, 568, 8
MM, 485, 568, 8
MM, 483, 568, 8
MM, 481, 568, 8
MM, 479, 570, 8
MM, 478, 570, 8
MM, 13, 0, 8
MM, 11, 1, 24
MM, 10, 1, 24
MM, 9, 2, 8
MM, 8, 3, 16
MM, 8, 4, 16
MM, 8, 5, 8
MM, 9, 7, 8
MM, 9, 8, 8
MM, 10, 9, 8
MM, 11, 11, 8
MM, 12, 13, 16
MM, 14, 15, 16
MM, 15, 16, 8
MM, 16, 17, 16
MC, 1, 96
MM, 17, 18, 56
MM, 17, 20, 8
MM, 17, 21, 8
MM, 17, 24, 8
MM, 17, 28, 8
MM, 17, 30, 8
MM, 480, 605, 8
MM, 480, 607, 8
MM, 30, 3, 8
MM, 30, 7, 8
MM, 30, 9, 8
MM, 30, 12, 8
MM, 30, 13, 8
MM, 30, 16, 8
MM, 30, 17, 8
MM, 30, 18, 8
MM, 30, 19, 8
MM, 30, 21, 16
MM, 30, 22, 16
MM, 30, 23, 16
MM, 30, 24, 16
MM, 30, 26, 8
MM, 30, 27, 16
MM, 30, 29, 16
MM, 29, 30, 8
MM, 479, 639, 8
MM, 477, 641, 8
MM, 476, 642, 8
MM, 475, 643, 8
MM, 475, 644, 8
MM, 71, 0, 8
MM, 70, 1, 8
MM, 70, 2, 24
MM, 70, 3, 8
MM, 70, 4, 8
MM, 70, 5, 8
MM, 70, 6, 24
MM, 69, 7, 24
MM, 68, 8, 16
MC, 1, 136
MM, 69, 7, 8
MM, 70, 4, 8
MM, 71, 2, 8
MM, 476, 644, 8
MM, 478, 642, 8
MM, 480, 640, 8
MM, 32, 30, 8
MM, 33, 28, 8
MM, 484, 634, 8
MM, 486, 632, 8
MM, 488, 629, 8
MM, 489, 626, 8
MM, 0, 16, 8
MM, 0, 13, 8
MM, 2, 11, 8
MM, 2, 10, 8
MM, 2, 7, 8
MM, 3, 6, 8
MM, 3, 5, 8
MM, 3, 3, 8
MM, 3, 2, 8
MM, 3, 1, 8
MM, 493, 606, 8
MM, 493, 605, 8
MM, 494, 603, 8
MM, 31, 30, 8
MM, 31, 29, 8
MM, 31, 27, 8
MM, 495, 596, 8
MM, 495, 595, 8
MM, 495, 593, 8
MM, 495, 591, 16
MM, 495, 590, 8
MM, 495, 589, 8
MM, 495, 588, 8
MM, 495, 585, 8
MM, 495, 584, 8
MM, 496, 582, 8
MM, 497, 580, 8
MM, 497, 579, 8
MM, 497, 578, 8
MM, 497, 575, 8
MM, 497, 574, 8
MM, 497, 573, 8
MM, 497, 571, 8
MM, 497, 569, 8
MM, 497, 568, 8
MM, 497, 566, 8
MM, 497, 565, 8
MM, 2, 30, 8
MM, 2, 27, 8
MM, 2, 26, 8
MM, 3, 24, 8
MM, 3, 22, 8
MM, 4, 20, 8
MM, 5, 18, 8
MM, 6, 17, 8
MM, 7, 16, 16
MM, 8, 15, 8
MM, 8, 14, 16
MM, 8, 12, 8
MM, 9, 11, 8
MM, 10, 10, 16
MC, 1, 136
MM, 11, 10, 16
MM, 12, 10, 8
MM, 15, 10, 8
MM, 17, 11, 8
MM, 20, 13, 8
MM, 23, 16, 8
MM, 25, 17, 8
MM, 27, 18, 8
MM, 30, 21, 8
MM, 32, 23, 8
MM, 529, 558, 8
MM, 532, 561, 8
MM, 533, 562, 8
MM, 0, 30, 8
MM, 537, 566, 8
MM, 538, 567, 8
MM, 539, 568, 8
MM, 540, 570, 8
MM, 542, 572, 16
MM, 0, 2, 16
MM, 0, 3, 8
MM, 1, 5, 16
MM, 2, 6, 24
MM, 2, 8, 24
MM, 3, 9, 8
MM, 4, 10, 16
MM, 5, 11, 16
MM, 6, 12, 16
MM, 7, 13, 24
MM, 8, 14, 8
MM, 9, 15, 16
MC, 1, 112
MM, 7, 15, 24
MM, 3, 15, 8
MM, 540, 584, 8
MM, 30, 13, 8
MM, 21, 12, 8
MM, 11, 10, 8
MM, 1, 10, 8
MM, 31, 8, 8
MM, 21, 8, 8
MM, 13, 5, 8
MM, 5, 4, 8
MM, 460, 573, 8
MM, 35, 2, 8
MM, 32, 1, 8
MM, 451, 570, 8
MM, 450, 569, 8
MM, 448, 569, 8
MM, 446, 568, 8
MM, 444, 567, 8
MM, 442, 566, 8
MM, 441, 565, 8
MM, 25, 30, 8
MM, 24, 29, 8
MM, 23, 28, 8
MM, 22, 28, 8
MM, 21, 27, 16
MM, 20, 26, 8
MM, 18, 25, 56
MM, 17, 24, 16
MM, 16, 23, 16
MM, 16, 22, 16
MM, 16, 21, 24
MM, 15, 19, 8
MM, 15, 17, 16
MC, 1, 120
MM, 16, 18, 32
MM, 18, 22, 8
MM, 442, 569, 8
MM, 27, 12, 8
MM, 32, 24, 8
MM, 458, 606, 8
MM, 13, 5, 8
MM, 15, 14, 8
MM, 17, 20, 8
MM, 17, 24, 8
MM, 17, 27, 8
MM, 17, 29, 8
MM, 467, 640, 8
MM, 467, 642, 8
MM, 66, 0, 8
MM, 66, 1, 8
MM, 66, 2, 8
MM, 66, 4, 8
MM, 66, 6, 8
MM, 66, 7, 8
MM, 66, 9, 8
MM, 66, 11, 8
MM, 66, 12, 8
MM, 66, 14, 8
MM, 66, 15, 8
MM, 66, 16, 8
MM, 66, 17, 16
MM, 66, 19, 8
MM, 66, 20, 8
MM, 66, 21, 8
MM, 66, 22, 16
MM, 66, 24, 16
MM, 66, 25, 16
MC, 1, 168
MM, 64, 26, 16
MM, 63, 25, 16
MM, 62, 24, 8
MM, 60, 22, 16
MM, 60, 21, 8
MM, 59, 19, 16
MM, 58, 16, 8
MM, 57, 14, 8
MM, 55, 11, 8
MM, 53, 8, 8
MM, 52, 4, 8
MM, 50, 1, 8
MM, 453, 643, 8
MM, 452, 640, 8
MM, 0, 29, 8
MM, 448, 635, 8
MM, 446, 633, 8
MM, 445, 630, 8
MM, 444, 629, 8
MM, 34, 20, 8
MM, 32, 17, 8
MM, 31, 15, 8
MM, 29, 13, 8
MM, 27, 10, 8
MM, 25, 8, 8
MM, 24, 6, 8
MM, 22, 3, 8
MM, 21, 1, 8
MM, 428, 607, 8
MM, 427, 605, 8
MM, 426, 603, 8
MM, 3, 30, 8
MM, 2, 28, 8
MM, 1, 26, 8
MM, 0, 23, 8
MM, 419, 591, 16
MM, 418, 589, 8
MM, 417, 588, 8
MM, 416, 585, 8
MM, 34, 12, 8
MM, 33, 11, 8
MM, 32, 9, 8
MM, 29, 6, 16
MM, 28, 4, 8
MM, 27, 2, 16
MM, 26, 0, 8
MM, 406, 569, 8
MM, 404, 567, 8
MM, 403, 566, 8
MM, 30, 30, 8
MM, 29, 29, 8
MM, 28, 25, 8
MM, 27, 24, 8
MM, 26, 22, 8
MM, 24, 20, 8
MM, 22, 18, 8
MM, 21, 16, 8
MM, 20, 15, 8
MM, 19, 13, 8
MM, 19, 11, 8
MM, 18, 10, 8
MM, 17, 9, 8
MM, 16, 8, 16
MC, 1, 136
MM, 22, 8, 8
MM, 28, 8, 8
MM, 35, 8, 8
MM, 4, 8, 8
MM, 20, 8, 8
MM, 452, 542, 8
MM, 15, 8, 8
MM, 492, 542, 8
MM, 17, 11, 8
MM, 530, 548, 8
MM, 7, 14, 8
MM, 17, 14, 8
MM, 26, 14, 8
MM, 28, 14, 8
MM, 29, 14, 8
MM, 31, 14, 24
MM, 32, 13, 8
MM, 33, 12, 32
MM, 569, 546, 24
MM, 573, 545, 16
MM, 8, 9, 8
MM, 31, 7, 8
MM, 5, 7, 8
MM, 12, 7, 8
MM, 17, 7, 8
MM, 20, 7, 8
MM, 21, 7, 8
MM, 22, 7, 24
MM, 24, 7, 208
MM, 25, 8, 136
MM, 26, 9, 40
MM, 27, 9, 24
MM, 30, 10, 24
MM, 648, 544, 40
MM, 649, 544, 16
MM, 651, 544, 8
MM, 653, 545, 16
MM, 0, 11, 32
MM, 2, 11, 16
MM, 3, 12, 8
MM, 4, 13, 8
MM, 5, 13, 48
MM, 7, 13, 16
MM, 8, 14, 8
MM, 9, 14, 32
MM, 10, 14, 24
MM, 12, 14, 16
MM, 13, 14, 8
MM, 14, 14, 24
MC, 1, 96
MM, 15, 15, 16
MM, 13, 16, 24
MM, 11, 17, 8
MM, 8, 19, 8
MM, 4, 20, 8
MM, 1, 21, 8
MM, 650, 557, 8
MM, 29, 24, 8
MM, 25, 24, 8
MM, 20, 25, 8
MM, 14, 25, 8
MM, 6, 27, 8
MM, 614, 561, 8
MM, 30, 27, 8
MM, 21, 27, 8
MM, 12, 27, 8
MM, 3, 27, 8
MM, 571, 561, 8
MM, 28, 27, 8
MM, 20, 27, 8
MM, 12, 27, 8
MM, 6, 27, 8
MM, 1, 27, 8
MM, 530, 561, 8
MM, 30, 27, 8
MM, 26, 27, 8
MM, 23, 27, 8
MM, 20, 25, 8
MM, 18, 25, 8
MM, 14, 25, 8
MM, 10, 23, 8
MM, 7, 23, 8
MM, 3, 23, 8
MM, 0, 22, 8
MM, 494, 556, 8
MM, 490, 556, 8
MM, 32, 21, 8
MM, 29, 21, 8
MM, 28, 21, 8
MM, 27, 20, 8
MM, 26, 20, 8
MM, 24, 18, 8
MM, 23, 18, 16
MM, 21, 17, 16
MM, 19, 17, 72
MM, 18, 16, 16
MM, 17, 16, 24
MM, 16, 15, 8
MC, 1, 128
MM, 18, 15, 24
MM, 20, 15, 8
MM, 24, 15, 8
MM, 29, 15, 8
MM, 492, 549, 8
MM, 9, 15, 8
MM, 23, 15, 8
MM, 533, 549, 8
MM, 11, 17, 8
MM, 23, 22, 8
MM, 569, 558, 8
MM, 3, 26, 8
MM, 10, 26, 8
MM, 14, 29, 8
MM, 17, 30, 8
MM, 18, 30, 8
MM, 596, 565, 8
MM, 597, 565, 8
MM, 599, 565, 8
MM, 601, 566, 8
MM, 603, 566, 8
MM, 607, 567, 8
MM, 608, 568, 8
MM, 611, 569, 8
MM, 612, 569, 8
MM, 615, 570, 8
MM, 617, 570, 8
MM, 619, 570, 8
MM, 622, 570, 8
MM, 2, 0, 8
MM, 4, 0, 8
MM, 6, 0, 8
MM, 9, 0, 8
MM, 11, 2, 8
MM, 12, 2, 16
MM, 14, 2, 8
MM, 16, 2, 8
MM, 17, 2, 8
MM, 19, 3, 8
MM, 20, 3, 8
MM, 21, 3, 8
MM, 24, 3, 8
MM, 25, 3, 8
MM, 27, 4, 8
MM, 29, 4, 8
MM, 31, 4, 8
MM, 34, 4, 8
MM, 657, 575, 8
MM, 659, 575, 8
MM, 661, 576, 8
MM, 0, 5, 8
MM, 3, 5, 8
MM, 5, 7, 8
MM, 6, 7, 16
MM, 8, 7, 8
MM, 10, 7, 8
MM, 11, 7, 8
MM, 13, 8, 8
MM, 14, 8, 8
MM, 15, 8, 8
MM, 16, 9, 16
MM, 18, 9, 8
MM, 19, 10, 16
MM, 20, 10, 8
MM, 21, 10, 16
MC, 1, 136
MM, 20, 13, 8
MM, 17, 14, 8
MM, 12, 15, 8
MM, 4, 17, 8
MM, 660, 590, 8
MM, 30, 21, 8
MM, 18, 22, 8
MM, 8, 25, 8
MM, 620, 596, 8
MM, 25, 27, 8
MM, 15, 27, 8
MM, 4, 29, 8
MM, 579, 600, 8
MM, 569, 602, 8
MM, 560, 605, 8
MM, 552, 605, 8
MM, 547, 605, 8
MM, 541, 605, 8
MM, 535, 606, 8
MM, 529, 606, 8
MM, 523, 606, 8
MM, 517, 606, 8
MM, 511, 606, 8
MM, 506, 606, 8
MM, 502, 606, 8
MM, 496, 606, 8
MM, 493, 606, 8
MM, 490, 606, 8
MM, 487, 606, 8
MM, 485, 606, 8
MM, 482, 605, 8
MM, 480, 605, 8
MM, 477, 604, 8
MM, 475, 604, 8
MM, 472, 604, 8
MM, 470, 603, 8
MM, 2, 29, 8
MM, 1, 28, 8
MM, 0, 27, 8
MM, 462, 598, 8
MM, 461, 597, 16
MM, 460, 596, 16
MM, 459, 595, 8
MM, 458, 594, 24
MM, 35, 21, 16
MM, 34, 20, 8
MM, 34, 19, 16
MM, 33, 17, 24
MM, 32, 14, 32
MM, 31, 13, 16
MM, 30, 12, 16
MM, 29, 11, 32
MM, 29, 10, 24
MM, 28, 9, 8
MM, 27, 8, 16
MM, 26, 8, 24
MM, 25, 8, 32
MM, 24, 7, 32
MC, 1, 184
MM, 24, 6, 160
MM, 25, 7, 8
MM, 27, 9, 8
MM, 28, 10, 16
MM, 29, 11, 8
MM, 30, 12, 16
MM, 31, 14, 8
MM, 32, 15, 8
MM, 33, 16, 8
MM, 35, 18, 16
MM, 457, 590, 16
MM, 458, 591, 16
MM, 459, 592, 8
MM, 462, 593, 16
MM, 0, 23, 8
MM, 0, 24, 8
MM, 1, 26, 8
MM, 467, 602, 8
MM, 468, 605, 8
MM, 468, 607, 8
MM, 20, 4, 8
MM, 21, 6, 8
MM, 22, 8, 8
MM, 23, 11, 8
MM, 24, 14, 8
MM, 26, 16, 8
MM, 27, 17, 8
MM, 28, 19, 8
MM, 29, 21, 8
MM, 31, 23, 8
MM, 32, 24, 8
MM, 33, 24, 8
MM, 485, 633, 8
MM, 487, 635, 8
MM, 488, 636, 16
MM, 489, 637, 9
MM, 0, 30, 7
MM, 492, 641, 8
MM, 492, 642, 8
MM, 493, 644, 8
MM, 89, 0, 8
MM, 89, 2, 8
MM, 89, 5, 8
MM, 90, 7, 8
MM, 90, 9, 24
MM, 89, 8, 88
MM, 86, 6, 8
MM, 84, 4, 8
MM, 81, 0, 8
MM, 479, 640, 8
MM, 23, 26, 8
MM, 22, 22, 8
MM, 19, 19, 8
MM, 17, 18, 8
MM, 14, 15, 8
MM, 12, 14, 8
MM, 10, 13, 8
MM, 5, 10, 8
MM, 1, 8, 8
MM, 0, 7, 8
MM, 448, 613, 8
MM, 446, 611, 8
MM, 34, 0, 8
MM, 440, 606, 8
MM, 438, 604, 8
MM, 15, 30, 8
MM, 13, 28, 8
MM, 12, 26, 8
MM, 11, 25, 8
MM, 9, 23, 8
MM, 8, 22, 8
MM, 7, 21, 8
MM, 5, 18, 24
MM, 4, 17, 8
MM, 3, 16, 24
MM, 2, 15, 16
MM, 0, 14, 16
MM, 420, 584, 16
MM, 419, 583, 8
MM, 418, 582, 8
MM, 417, 582, 8
MM, 416, 581, 8
MM, 34, 8, 8
MM, 32, 7, 16
MM, 31, 6, 8
MM, 29, 5, 8
MM, 26, 4, 8
MM, 25, 3, 8
MM, 24, 2, 16
MM, 23, 1, 8
MM, 22, 1, 16
MM, 21, 1, 8
MM, 20, 0, 16
MM, 19, 0, 16
MC, 1, 136
MM, 398, 570, 64
MM, 397, 569, 8
MM, 398, 569, 24
MM, 401, 570, 8
MM, 23, 0, 16
MM, 26, 1, 40
MM, 27, 3, 8
MM, 28, 4, 8
MM, 29, 6, 8
MM, 32, 10, 8
MM, 34, 13, 8
MM, 417, 588, 8
MM, 420, 592, 8
MM, 2, 25, 8
MM, 5, 30, 8
MM, 429, 606, 8
MM, 25, 5, 8
MM, 31, 13, 8
MM, 33, 15, 8
MM, 446, 628, 8
MM, 449, 631, 8
MM, 3, 29, 8
MM, 457, 641, 8
MM, 57, 0, 8
MM, 62, 4, 8
MM, 66, 9, 8
MM, 67, 10, 8
MM, 68, 11, 8
MM, 69, 12, 8
MM, 69, 13, 24
MM, 70, 15, 16
MM, 72, 17, 24
MM, 66, 15, 264
MM, 70, 11, 8
MM, 79, 4, 8
MM, 492, 641, 8
MM, 14, 24, 8
MM, 26, 14, 8
MM, 528, 612, 8
MM, 543, 607, 8
MM, 12, 30, 8
MM, 23, 25, 8
MM, 35, 23, 8
MM, 4, 19, 8
MM, 16, 17, 8
MM, 23, 15, 8
MM, 617, 584, 8
MM, 3, 11, 8
MM, 12, 9, 8
MM, 23, 6, 8
MM, 31, 6, 8
MM, 662, 577, 8
MM, 7, 3, 8
MM, 15, 3, 8
MM, 24, 1, 8
MM, 694, 570, 8
MM, 699, 570, 8
MM, 703, 569, 8
MM, 705, 569, 8
MM, 708, 567, 8
MM, 16, 30, 8
MM, 17, 30, 8
MM, 19, 29, 8
MM, 21, 28, 8
MM, 23, 27, 8
MM, 24, 26, 8
MM, 27, 25, 8
MM, 29, 24, 8
MM, 30, 24, 8
MM, 32, 24, 8
MM, 34, 24, 8
MM, 35, 22, 8
MM, 733, 554, 8
MM, 734, 554, 8
MM, 735, 553, 8
MM, 737, 552, 48
MM, 735, 551, 120
MM, 734, 551, 8
MM, 733, 551, 16
MM, 732, 551, 8
MM, 34, 17, 8
MM, 33, 17, 16
MM, 31, 17, 24
MM, 30, 16, 8
MM, 29, 16, 16
MM, 28, 16, 16
MM, 27, 16, 16
MM, 26, 16, 16
MM, 24, 16, 8
MM, 23, 16, 8
MM, 22, 15, 16
MC, 1, 144
MM, 20, 15, 16
MM, 18, 15, 8
MM, 17, 14, 8
MM, 16, 14, 8
MM, 13, 14, 8
MM, 11, 14, 8
MM, 8, 14, 8
MM, 6, 14, 8
MM, 3, 14, 8
MM, 1, 14, 8
MM, 694, 548, 8
MM, 692, 546, 8
MM, 690, 546, 8
MM, 34, 12, 8
MM, 33, 11, 8
MM, 31, 11, 8
MM, 30, 11, 8
MM, 29, 11, 8
MM, 28, 11, 8
MM, 26, 11, 8
MM, 25, 11, 24
MM, 24, 10, 8
MM, 23, 10, 32
MM, 21, 9, 48
MM, 29, 9, 168
MM, 30, 9, 8
MM, 34, 9, 8
MM, 690, 543, 8
MM, 691, 543, 8
MM, 694, 543, 8
MM, 695, 543, 8
MM, 0, 9, 16
MM, 2, 9, 16
MM, 3, 9, 32
MM, 4, 9, 16
MM, 5, 9, 24
MM, 7, 9, 24
MM, 8, 9, 24
MM, 9, 9, 24
MM, 10, 9, 16
MM, 12, 9, 24
MM, 13, 9, 24
MC, 1, 80
MM, 11, 9, 40
MM, 8, 9, 8
MM, 6, 10, 8
MM, 2, 10, 8
MM, 693, 546, 8
MM, 690, 546, 8
MM, 33, 12, 8
MM, 30, 12, 8
MM, 25, 12, 8
MM, 23, 12, 8
MM, 19, 12, 8
MM, 14, 13, 8
MM, 10, 13, 8
MM, 6, 13, 8
MM, 3, 13, 8
MM, 0, 13, 8
MM, 652, 547, 8
MM, 649, 547, 8
MM, 30, 13, 8
MM, 27, 13, 8
MM, 26, 13, 8
MM, 23, 13, 8
MM, 21, 13, 8
MM, 18, 13, 8
MM, 17, 13, 8
MM, 15, 13, 8
MM, 12, 13, 8
MM, 11, 13, 8
MM, 10, 13, 8
MM, 7, 13, 8
MM, 6, 13, 8
MM, 5, 13, 8
MM, 3, 13, 8
MM, 1, 13, 16
MM, 0, 13, 8
MM, 615, 547, 8
MM, 614, 547, 8
MM, 613, 546, 8
MM, 612, 546, 8
MM, 35, 12, 8
MM, 34, 12, 8
MM, 33, 12, 8
MM, 32, 12, 8
MM, 30, 12, 8
MM, 29, 12, 8
MM, 28, 12, 8
MM, 27, 12, 8
MM, 25, 12, 24
MM, 24, 12, 24
MC, 1, 152
MM, 25, 13, 56
MM, 28, 13, 8
MM, 31, 14, 8
MM, 34, 15, 8
MM, 612, 551, 8
MM, 616, 553, 8
MM, 2, 20, 8
MM, 5, 22, 8
MM, 8, 24, 8
MM, 12, 27, 8
MM, 14, 29, 8
MM, 636, 566, 8
MM, 638, 568, 8
MM, 640, 569, 8
MM, 21, 1, 8
MM, 23, 3, 8
MM, 25, 5, 8
MM, 26, 6, 8
MM, 28, 8, 8
MM, 30, 9, 16
MM, 31, 11, 16
MM, 32, 12, 16
MM, 33, 13, 24
MM, 34, 14, 16
MM, 657, 586, 16
MM, 659, 588, 16
MM, 660, 589, 16
MM, 661, 590, 16
MM, 662, 591, 8
MM, 1, 21, 8
MM, 2, 21, 40
MM, 3, 21, 48
MM, 5, 21, 24
MM, 6, 21, 16
MM, 8, 20, 16
MM, 10, 19, 32
MM, 11, 19, 16
MM, 12, 19, 24
MM, 13, 18, 8
MC, 1, 112
MM, 10, 18, 24
MM, 6, 18, 8
MM, 662, 589, 8
MM, 33, 18, 8
MM, 25, 18, 8
MM, 18, 18, 8
MM, 10, 18, 8
MM, 4, 18, 8
MM, 620, 589, 8
MM, 28, 18, 8
MM, 22, 18, 8
MM, 19, 18, 8
MM, 16, 18, 8
MM, 12, 18, 8
MM, 9, 18, 8
MM, 5, 18, 8
MM, 3, 18, 8
MM, 584, 589, 8
MM, 581, 589, 8
MM, 35, 18, 8
MM, 30, 18, 8
MM, 26, 18, 8
MM, 21, 18, 8
MM, 17, 18, 8
MM, 12, 18, 8
MM, 7, 18, 8
MM, 2, 18, 8
MM, 540, 589, 8
MM, 34, 18, 8
MM, 27, 18, 8
MM, 20, 18, 8
MM, 12, 18, 8
MM, 5, 18, 8
MM, 498, 587, 8
MM, 28, 16, 8
MM, 22, 15, 8
MM, 16, 13, 8
MM, 11, 11, 8
MM, 7, 11, 8
MM, 1, 11, 8
MM, 459, 582, 8
MM, 35, 11, 8
MM, 32, 11, 8
MM, 29, 11, 8
MM, 25, 11, 8
MM, 22, 11, 8
MM, 19, 11, 8
MM, 16, 11, 8
MM, 13, 11, 8
MM, 9, 11, 8
MM, 6, 11, 8
MM, 2, 11, 8
MM, 0, 11, 8
MM, 418, 582, 8
MM, 416, 582, 8
MM, 415, 582, 8
MM, 32, 11, 8
MM, 31, 11, 8
MM, 30, 11, 8
MM, 27, 11, 8
MM, 26, 11, 8
MM, 23, 11, 8
MM, 21, 11, 8
MM, 20, 11, 8
MM, 18, 11, 8
MM, 17, 11, 8
MM, 16, 11, 8
MM, 15, 11, 8
MM, 13, 11, 8
MM, 12, 11, 16
MM, 10, 11, 8
MM, 7, 11, 8
MM, 5, 13, 8
MM, 2, 14, 8
MM, 0, 14, 16
MM, 378, 585, 8
MM, 377, 585, 8
MM, 375, 585, 8
MM, 35, 15, 8
MM, 34, 15, 8
MM, 32, 15, 8
MM, 30, 15, 8
MM, 29, 15, 8
MM, 28, 15, 8
MM, 27, 15, 8
MM, 25, 17, 8
MM, 24, 17, 8
MM, 23, 17, 8
MM, 22, 17, 16
MC, 1, 160
MM, 23, 17, 40
MM, 26, 15, 8
MM, 29, 14, 8
MM, 31, 14, 8
MM, 34, 12, 8
MM, 374, 582, 8
MM, 377, 581, 8
MM, 379, 580, 8
MM, 1, 9, 8
MM, 4, 7, 8
MM, 7, 7, 16
MM, 9, 6, 8
MM, 13, 5, 8
MM, 14, 4, 8
MM, 18, 2, 8
MM, 19, 2, 8
MM, 22, 1, 8
MM, 26, 0, 8
MM, 27, 0, 8
MM, 409, 570, 8
MM, 412, 570, 8
MM, 415, 568, 8
MM, 417, 568, 8
MM, 418, 568, 8
MM, 421, 567, 8
MM, 423, 567, 8
MM, 424, 566, 8
MM, 426, 566, 8
MM, 428, 565, 8
MM, 431, 565, 8
MM, 432, 565, 8
MM, 19, 30, 8
MM, 20, 29, 8
MM, 22, 28, 8
MM, 24, 28, 8
MM, 27, 27, 8
MM, 28, 27, 8
MM, 29, 27, 8
MM, 32, 27, 8
MM, 34, 27, 8
MM, 452, 560, 8
MM, 454, 560, 8
MM, 0, 26, 8
MM, 4, 24, 8
MM, 6, 24, 8
MM, 10, 24, 8
MM, 14, 24, 8
MM, 17, 24, 8
MM, 21, 24, 8
MM, 26, 24, 8
MM, 29, 24, 8
MM, 32, 24, 8
MM, 493, 558, 8
MM, 0, 24, 8
MM, 2, 24, 8
MM, 5, 24, 8
MM, 6, 24, 8
MM, 8, 24, 8
MM, 10, 24, 8
MM, 11, 24, 8
MM, 12, 24, 8
MM, 13, 24, 8
MM, 15, 24, 8
MM, 16, 24, 8
MM, 17, 24, 16
MM, 18, 24, 16
MM, 20, 24, 16
MM, 21, 24, 24
MM, 22, 24, 16
MM, 23, 24, 24
MC, 1, 176
MM, 26, 23, 32
MM, 27, 23, 8
MM, 31, 23, 8
MM, 529, 557, 8
MM, 533, 557, 8
MM, 3, 23, 8
MM, 7, 23, 8
MM, 12, 23, 8
MM, 17, 23, 8
MM, 22, 23, 8
MM, 26, 23, 8
MM, 29, 23, 8
MM, 32, 23, 8
MM, 571, 557, 8
MM, 572, 557, 8
MM, 574, 557, 8
MM, 2, 23, 8
MM, 4, 23, 8
MM, 6, 23, 8
MM, 8, 23, 8
MM, 9, 22, 8
MM, 12, 22, 8
MM, 14, 22, 8
MM, 16, 22, 8
MM, 17, 22, 8
MM, 19, 22, 8
MM, 21, 22, 8
MM, 23, 22, 8
MM, 24, 22, 8
MM, 26, 22, 8
MM, 27, 22, 8
MM, 28, 22, 8
MM, 29, 22, 8
MM, 31, 22, 8
MM, 33, 22, 8
MM, 34, 22, 8
MM, 611, 556, 8
MM, 613, 556, 8
MM, 616, 556, 8
MM, 0, 22, 8
MM, 2, 21, 8
MM, 4, 21, 8
MM, 5, 21, 8
MM, 7, 21, 8
MM, 11, 20, 8
MM, 12, 19, 8
MM, 14, 19, 8
MM, 16, 18, 8
MM, 17, 18, 8
MM, 19, 18, 8
MM, 20, 18, 8
MM, 21, 18, 8
MM, 22, 18, 8
MM, 24, 18, 16
MM, 25, 17, 8
MM, 26, 17, 16
MM, 27, 17, 32
MC, 1, 136
MM, 648, 551, 16
MM, 649, 551, 8
MM, 651, 551, 8
MM, 652, 550, 8
MM, 653, 550, 16
MM, 0, 16, 8
MM, 2, 16, 8
MM, 3, 16, 8
MM, 4, 16, 8
MM, 5, 16, 8
MM, 7, 16, 16
MM, 8, 16, 16
MM, 9, 16, 8
MM, 10, 16, 16
MM, 12, 16, 16
MM, 13, 16, 16
MC, 1, 104
MM, 14, 17, 40
MM, 11, 19, 8
MM, 9, 20, 8
MM, 7, 21, 8
MM, 6, 22, 8
MM, 2, 24, 8
MM, 0, 26, 8
MM, 653, 561, 8
MM, 650, 564, 8
MM, 647, 566, 8
MM, 645, 568, 8
MM, 644, 569, 8
MM, 20, 0, 8
MM, 17, 3, 8
MM, 15, 4, 8
MM, 14, 5, 8
MM, 11, 8, 8
MM, 10, 9, 8
MM, 8, 10, 8
MM, 6, 12, 8
MM, 4, 14, 8
MM, 2, 15, 8
MM, 621, 588, 8
MM, 619, 590, 8
MM, 618, 591, 8
MM, 617, 591, 8
MM, 30, 21, 8
MM, 29, 22, 8
MM, 28, 23, 8
MM, 26, 24, 8
MM, 24, 25, 16
MM, 23, 25, 8
MM, 22, 25, 16
MM, 19, 27, 8
MM, 18, 27, 8
MM, 17, 28, 8
MM, 15, 28, 8
MM, 12, 29, 8
MM, 11, 30, 8
MM, 10, 30, 8
MM, 593, 603, 8
MM, 591, 604, 8
MM, 590, 604, 8
MM, 587, 605, 8
MM, 586, 605, 8
MM, 583, 606, 8
MM, 581, 607, 8
MM, 6, 0, 8
MM, 3, 2, 8
MM, 1, 2, 16
MM, 572, 610, 8
MM, 571, 611, 8
MM, 569, 612, 8
MM, 568, 613, 8
MM, 35, 5, 8
MM, 33, 5, 8
MM, 30, 6, 16
MM, 28, 6, 16
MM, 26, 6, 8
MM, 25, 6, 8
MM, 24, 6, 8
MM, 23, 6, 8
MM, 21, 6, 16
MM, 20, 7, 24
MC, 1, 112
MM, 19, 9, 72
MM, 19, 12, 8
MM, 19, 16, 8
MM, 19, 20, 8
MM, 19, 25, 8
MM, 19, 27, 8
MM, 551, 639, 8
MM, 551, 643, 8
MM, 147, 0, 8
MM, 147, 3, 8
MM, 147, 5, 8
MM, 147, 8, 8
MM, 148, 9, 8
MM, 148, 10, 8
MM, 148, 12, 8
MM, 148, 13, 8
MM, 148, 14, 8
MM, 148, 15, 8
MM, 148, 17, 16
MM, 148, 18, 16
MM, 148, 19, 16
MM, 148, 20, 48
MM, 148, 22, 64
MM, 147, 23, 16
MC, 1, 200
MM, 147, 19, 8
MM, 147, 17, 8
MM, 149, 14, 8
MM, 151, 12, 8
MM, 154, 8, 8
MM, 156, 6, 8
MM, 158, 4, 8
MM, 160, 2, 8
MM, 567, 644, 8
MM, 568, 642, 8
MM, 570, 640, 8
MM, 572, 637, 8
MM, 0, 27, 8
MM, 2, 24, 8
MM, 4, 22, 8
MM, 6, 20, 8
MM, 8, 17, 8
MM, 9, 16, 8
MM, 10, 14, 8
MM, 11, 13, 8
MM, 13, 10, 8
MM, 15, 8, 8
MM, 15, 6, 8
MM, 17, 3, 8
MM, 19, 0, 8
MM, 594, 606, 8
MM, 595, 603, 8
MM, 10, 29, 8
MM, 13, 26, 8
MM, 13, 25, 8
MM, 14, 21, 8
MM, 15, 20, 8
MM, 17, 16, 8
MM, 18, 15, 8
MM, 19, 13, 8
MM, 20, 11, 8
MM, 22, 9, 8
MM, 23, 7, 8
MM, 24, 5, 16
MM, 25, 3, 8
MM, 27, 0, 8
MM, 613, 570, 8
MM, 613, 569, 8
MM, 614, 567, 8
MM, 615, 565, 8
MM, 615, 564, 8
MM, 616, 562, 8
MM, 0, 27, 8
MM, 1, 26, 8
MM, 1, 25, 8
MM, 2, 22, 16
MM, 2, 20, 24
MM, 3, 19, 8
MM, 3, 18, 16
MM, 4, 17, 16
MM, 5, 16, 8
MM, 6, 15, 16
MM, 7, 14, 32
MC, 1, 88
MM, 6, 13, 32
MM, 4, 13, 8
MM, 0, 15, 8
MM, 615, 549, 8
MM, 34, 17, 8
MM, 29, 19, 8
MM, 24, 20, 8
MM, 17, 22, 8
MM, 8, 26, 8
MM, 573, 564, 8
MM, 564, 569, 8
MM, 11, 2, 8
MM, 1, 6, 8
MM, 538, 579, 8
MM, 29, 10, 8
MM, 23, 12, 8
MM, 15, 14, 8
MM, 7, 16, 8
MM, 500, 589, 8
MM, 29, 18, 8
MM, 21, 20, 8
MM, 15, 20, 8
MM, 7, 20, 8
MM, 462, 591, 8
MM, 35, 20, 8
MM, 31, 20, 8
MM, 27, 20, 9
MM, 25, 20, 7
MM, 22, 20, 8
MM, 19, 20, 8
MM, 16, 20, 8
MM, 13, 20, 8
MM, 10, 22, 8
MM, 8, 22, 8
MM, 7, 22, 8
MM, 3, 22, 9
MM, 2, 22, 7
MM, 0, 22, 8
MM, 419, 593, 8
MM, 418, 593, 8
MM, 417, 593, 8
MM, 33, 21, 8
MM, 32, 20, 16
MM, 31, 20, 8
MM, 29, 19, 16
MM, 28, 19, 8
MM, 26, 18, 16
MM, 25, 17, 16
MM, 24, 16, 16
MM, 23, 15, 8
MM, 22, 14, 8
MM, 20, 12, 16
MM, 19, 12, 16
MM, 17, 11, 8
MM, 15, 10, 24
MM, 14, 10, 16
MM, 12, 9, 32
MC, 1, 128
MM, 13, 9, 48
MM, 15, 10, 8
MM, 19, 12, 8
MM, 22, 13, 8
MM, 25, 15, 8
MM, 28, 17, 8
MM, 32, 19, 8
MM, 415, 592, 8
MM, 418, 594, 8
MM, 420, 596, 8
MM, 2, 28, 8
MM, 3, 29, 8
MM, 428, 603, 8
MM, 429, 604, 8
MM, 431, 606, 8
MM, 24, 1, 8
MM, 26, 3, 8
MM, 27, 5, 8
MM, 30, 7, 8
MM, 32, 10, 8
MM, 34, 13, 8
MM, 445, 623, 8
MM, 446, 625, 8
MM, 447, 626, 8
MM, 448, 628, 8
MM, 449, 629, 8
MM, 0, 23, 8
MM, 0, 24, 8
MM, 1, 26, 8
MM, 3, 28, 24
MM, 4, 29, 16
MM, 4, 30, 32
MM, 455, 639, 8
MM, 456, 640, 40
MM, 456, 642, 24
MM, 458, 644, 8
MM, 55, 1, 16
MM, 55, 2, 8
MM, 56, 4, 8
MM, 56, 5, 8
MM, 57, 6, 8
MM, 57, 7, 8
MM, 57, 8, 8
MM, 59, 10, 8
MM, 60, 11, 24
MC, 1, 120
MM, 61, 11, 8
MM, 63, 11, 8
MM, 65, 11, 8
MM, 91, 9, 56
MM, 94, 7, 8
MM, 99, 6, 8
MM, 102, 5, 8
MM, 106, 2, 8
MM, 110, 0, 8
MM, 519, 642, 8
MM, 524, 640, 8
MM, 531, 637, 8
MM, 7, 25, 8
MM, 17, 21, 8
MM, 24, 21, 8
MM, 32, 20, 8
MM, 572, 626, 8
MM, 5, 16, 8
MM, 12, 14, 8
MM, 17, 12, 8
MM, 23, 10, 8
MM, 31, 10, 8
MM, 35, 8, 8
MM, 615, 614, 8
MM, 0, 4, 8
MM, 6, 3, 8
MM, 12, 3, 8
MM, 17, 1, 8
MM, 20, 1, 8
MM, 642, 607, 8
MM, 645, 606, 8
MM, 649, 606, 8
MM, 653, 604, 8
MM, 655, 604, 8
MM, 658, 602, 8
MM, 0, 29, 8
MM, 2, 28, 8
MM, 8, 25, 8
MM, 11, 24, 8
MM, 12, 24, 8
MM, 15, 23, 8
MM, 17, 21, 8
MM, 18, 20, 8
MM, 19, 20, 8
MM, 20, 20, 8
MM, 21, 19, 8
MM, 22, 19, 24
MM, 25, 18, 16
MC, 1, 192
MM, 21, 16, 32
MM, 18, 16, 8
MM, 13, 16, 8
MM, 2, 16, 8
MM, 32, 16, 8
MM, 20, 16, 8
MM, 5, 16, 8
MM, 27, 16, 8
MM, 9, 16, 8
MM, 33, 14, 8
MM, 16, 12, 8
MM, 0, 10, 8
MM, 25, 6, 8
MM, 11, 4, 8
MM, 500, 575, 8
MM, 25, 2, 8
MM, 13, 0, 8
MM, 1, 0, 8
MM, 452, 568, 8
MM, 443, 568, 8
MM, 433, 566, 8
MM, 9, 30, 8
MM, 2, 27, 8
MM, 411, 561, 8
MM, 33, 25, 8
MM, 29, 23, 8
MM, 21, 22, 8
MM, 17, 22, 8
MM, 15, 21, 8
MM, 12, 21, 8
MM, 10, 19, 8
MM, 7, 18, 8
MM, 6, 18, 8
MM, 3, 17, 8
MM, 2, 17, 8
MM, 0, 16, 8
MM, 371, 549, 8
MM, 370, 548, 8
MM, 369, 547, 32
MM, 370, 546, 128
MM, 0, 12, 8
MM, 2, 11, 8
MM, 5, 11, 8
MM, 7, 9, 8
MM, 8, 9, 8
MM, 11, 9, 8
MM, 12, 9, 8
MM, 15, 9, 8
MM, 16, 9, 8
MM, 18, 9, 8
MM, 20, 9, 8
MM, 22, 9, 8
MM, 25, 9, 8
MM, 26, 9, 8
MM, 28, 9, 8
MM, 30, 9, 8
MM, 31, 9, 8
MM, 33, 9, 8
MM, 35, 9, 8
MM, 36, 9, 8
MM, 409, 543, 8
MM, 410, 543, 8
MM, 412, 543, 8
MM, 413, 544, 8
MM, 414, 544, 16
MM, 0, 10, 8
MM, 2, 11, 24
MM, 3, 11, 24
MM, 5, 12, 24
MM, 6, 13, 40
MM, 7, 14, 8
MM, 8, 14, 16
MM, 10, 15, 16
MM, 12, 16, 24
MM, 13, 17, 24
MM, 14, 17, 24
MC, 1, 112
MM, 16, 18, 24
MM, 17, 19, 16
MM, 18, 19, 16
MM, 19, 20, 8
MM, 21, 21, 8
MM, 24, 22, 8
MM, 25, 22, 8
MM, 28, 25, 8
MM, 29, 26, 8
MM, 30, 26, 8
MM, 32, 27, 8
MM, 35, 29, 8
MM, 451, 564, 8
MM, 453, 564, 8
MM, 454, 565, 8
MM, 455, 566, 8
MM, 458, 567, 16
MM, 459, 568, 16
MM, 460, 569, 8
MM, 461, 570, 16
MM, 0, 0, 8
MM, 1, 1, 16
MM, 2, 3, 16
MM, 3, 4, 8
MM, 4, 5, 8
MM, 6, 7, 16
MM, 7, 9, 16
MM, 8, 10, 8
MM, 10, 11, 8
MM, 11, 12, 8
MM, 12, 13, 8
MM, 13, 14, 16
MM, 14, 14, 8
MM, 15, 15, 8
MM, 16, 15, 8
MC, 1, 104
MM, 20, 17, 40
MM, 21, 17, 8
MM, 22, 16, 8
MM, 24, 15, 8
MM, 26, 13, 8
MM, 27, 12, 8
MM, 28, 10, 8
MM, 30, 7, 8
MM, 31, 6, 16
MM, 495, 576, 8
MM, 496, 573, 8
MM, 497, 572, 16
MM, 498, 571, 8
MM, 499, 569, 16
MM, 500, 568, 8
MM, 501, 567, 24
MM, 502, 565, 16
MM, 8, 30, 8
MM, 9, 29, 8
MM, 10, 28, 16
MM, 11, 27, 16
MM, 12, 27, 8
MM, 13, 26, 8
MM, 14, 25, 8
MM, 15, 24, 16
MM, 16, 22, 24
MM, 18, 21, 24
MC, 1, 96
MM, 19, 23, 72
MM, 19, 25, 8
MM, 19, 28, 8
MM, 515, 565, 8
MM, 515, 569, 8
MM, 14, 2, 8
MM, 14, 5, 8
MM, 14, 9, 8
MM, 14, 12, 8
MM, 14, 14, 8
MM, 14, 17, 8
MM, 14, 19, 8
MM, 14, 22, 8
MM, 14, 23, 8
MM, 14, 27, 8
MM, 14, 28, 8
MM, 513, 602, 8
MM, 513, 604, 8
MM, 513, 607, 8
MM, 23, 1, 8
MM, 23, 2, 8
MM, 23, 5, 8
MM, 23, 7, 8
MM, 23, 9, 8
MM, 23, 10, 8
MM, 23, 11, 8
MM, 22, 14, 8
MM, 22, 15, 8
MM, 22, 16, 8
MM, 22, 17, 8
MM, 22, 19, 8
MM, 22, 20, 8
MM, 22, 21, 8
MM, 21, 23, 16
MM, 21, 24, 8
MM, 21, 25, 8
MM, 21, 26, 8
MM, 21, 27, 8
MM, 21, 30, 8
MM, 511, 639, 8
MM, 510, 641, 8
MM, 510, 643, 8
MM, 510, 644, 8
MM, 105, 1, 8
MM, 104, 2, 8
MM, 104, 4, 8
MM, 104, 5, 8
MM, 103, 7, 8
MM, 103, 8, 8
MM, 103, 9, 8
MM, 102, 10, 8
MM, 102, 12, 16
MM, 102, 13, 16
MM, 101, 15, 8
MM, 101, 17, 32
MM, 101, 18, 16
MM, 101, 19, 40
MC, 1, 88
MM, 102, 17, 24
MM, 104, 15, 8
MM, 106, 11, 8
MM, 107, 10, 8
MM, 109, 7, 8
MM, 111, 5, 8
MM, 112, 3, 8
MM, 114, 0, 8
MM, 520, 642, 8
MM, 521, 639, 8
MM, 34, 28, 8
MM, 35, 26, 8
MM, 526, 633, 8
MM, 529, 630, 8
MM, 530, 628, 8
MM, 531, 626, 8
MM, 2, 15, 16
MM, 3, 14, 8
MM, 4, 13, 8
MM, 4, 11, 8
MM, 6, 9, 8
MM, 7, 8, 8
MM, 8, 6, 16
MM, 9, 5, 8
MM, 10, 3, 16
MM, 11, 2, 8
MM, 12, 1, 16
MM, 13, 0, 8
MM, 546, 607, 8
MM, 548, 604, 16
MM, 549, 603, 8
MM, 550, 602, 8
MM, 8, 30, 8
MM, 9, 27, 8
MM, 10, 26, 8
MM, 11, 25, 16
MM, 12, 23, 8
MM, 13, 22, 8
MM, 15, 20, 24
MC, 1, 112
MM, 15, 19, 16
MM, 11, 19, 8
MM, 9, 19, 8
MM, 5, 19, 8
MM, 0, 19, 8
MM, 35, 19, 8
MM, 26, 20, 8
MM, 13, 20, 8
MM, 4, 23, 8
MM, 495, 596, 8
MM, 22, 25, 8
MM, 14, 26, 8
MM, 8, 28, 8
MM, 1, 30, 8
MM, 460, 603, 8
MM, 457, 604, 8
MM, 453, 604, 8
MM, 449, 605, 8
MM, 446, 605, 8
MM, 444, 605, 8
MM, 441, 605, 8
MM, 439, 606, 8
MM, 438, 606, 8
MM, 436, 606, 8
MM, 435, 606, 8
MM, 433, 606, 16
MM, 431, 606, 8
MM, 430, 606, 8
MM, 429, 606, 8
MM, 428, 606, 8
MM, 425, 606, 8
MM, 424, 606, 16
MM, 423, 606, 8
MM, 420, 606, 8
MM, 419, 606, 8
MM, 418, 606, 8
MM, 415, 606, 8
MM, 413, 606, 8
MM, 411, 606, 8
MM, 409, 606, 8
MM, 406, 606, 8
MM, 403, 605, 8
MM, 401, 605, 8
MM, 398, 603, 8
MM, 395, 602, 8
MM, 13, 30, 8
MM, 11, 30, 8
MM, 8, 29, 8
MM, 6, 29, 16
MM, 4, 28, 8
MM, 3, 27, 8
MM, 1, 26, 8
MM, 379, 596, 8
MM, 376, 595, 16
MM, 375, 595, 8
MM, 374, 594, 8
MM, 35, 22, 8
MM, 34, 21, 16
MM, 33, 21, 8
MM, 32, 21, 8
MM, 31, 20, 8
MM, 30, 20, 24
MM, 28, 20, 24
MM, 27, 20, 16
MM, 26, 20, 16
MM, 25, 20, 24
MM, 23, 20, 24
MM, 22, 19, 16
MM, 35, 17, 168
MM, 1, 17, 8
MM, 10, 17, 8
MM, 20, 17, 8
MM, 29, 17, 8
MM, 419, 588, 8
MM, 6, 17, 8
MM, 14, 17, 8
MM, 22, 19, 8
MM, 29, 21, 8
MM, 34, 21, 8
MM, 460, 592, 8
MM, 2, 22, 8
MM, 5, 22, 8
MM, 7, 22, 8
MM, 11, 24, 8
MM, 14, 24, 8
MM, 17, 24, 8
MM, 20, 25, 8
MM, 22, 25, 8
MM, 26, 25, 8
MM, 30, 26, 8
MM, 495, 597, 8
MM, 499, 597, 8
MM, 0, 27, 8
MM, 4, 27, 8
MM, 7, 27, 8
MM, 10, 29, 8
MM, 11, 29, 8
MM, 14, 29, 8
MM, 15, 29, 8
MM, 19, 30, 8
MM, 20, 30, 8
MM, 23, 30, 8
MM, 526, 602, 8
MM, 528, 602, 16
MM, 530, 602, 8
MM, 531, 603, 8
MM, 533, 603, 8
MM, 534, 603, 8
MM, 535, 604, 8
MM, 536, 605, 8
MM, 538, 605, 24
MM, 540, 606, 16
MM, 541, 607, 40
MM, 12, 0, 16
MM, 13, 1, 16
MM, 14, 2, 16
MM, 14, 3, 16
MM, 15, 5, 8
MM, 15, 7, 8
MM, 17, 9, 8
MM, 17, 12, 16
MM, 18, 14, 8
MM, 18, 16, 8
MM, 18, 17, 8
MM, 18, 18, 8
MM, 18, 19, 8
MM, 18, 21, 16
MM, 19, 22, 24
MC, 1, 112
MM, 16, 24, 24
MM, 12, 24, 8
MM, 5, 25, 8
MM, 529, 633, 8
MM, 32, 25, 8
MM, 26, 25, 8
MM, 19, 25, 8
MM, 11, 25, 8
MM, 6, 25, 8
MM, 3, 25, 8
MM, 489, 633, 8
MM, 485, 633, 8
MM, 33, 25, 8
MM, 29, 25, 8
MM, 27, 25, 8
MM, 25, 25, 8
MM, 22, 25, 8
MM, 20, 25, 8
MM, 19, 25, 8
MM, 18, 25, 8
MM, 17, 25, 8
MM, 14, 25, 8
MM, 12, 24, 16
MM, 10, 24, 8
MM, 7, 22, 8
MM, 4, 21, 16
MM, 3, 21, 8
MM, 2, 20, 8
MM, 1, 19, 8
MM, 0, 17, 16
MM, 449, 625, 8
MM, 448, 624, 8
MM, 447, 623, 8
MM, 445, 620, 16
MM, 444, 619, 8
MM, 34, 10, 8
MM, 33, 8, 8
MM, 33, 6, 8
MM, 30, 1, 8
MM, 30, 0, 16
MM, 438, 606, 8
MM, 438, 605, 8
MM, 438, 603, 8
MM, 16, 30, 8
MM, 16, 29, 16
MM, 16, 28, 8
MM, 15, 27, 8
MM, 15, 25, 24
MM, 15, 24, 24
MM, 15, 23, 16
MM, 13, 17, 176
MM, 13, 14, 8
MM, 13, 12, 8
MM, 12, 8, 8
MM, 12, 3, 8
MM, 432, 570, 8
MM, 432, 565, 8
MM, 16, 29, 8
MM, 16, 25, 8
MM, 14, 22, 8
MM, 14, 21, 8
MM, 14, 20, 8
MM, 14, 19, 8
MM, 14, 17, 16
MM, 14, 16, 8
MM, 13, 15, 16
MM, 13, 14, 48
MC, 1, 136
MM, 13, 16, 48
MM, 15, 19, 8
MM, 16, 22, 8
MM, 16, 25, 8
MM, 17, 27, 8
MM, 433, 565, 8
MM, 434, 567, 8
MM, 435, 570, 8
MM, 14, 0, 8
MM, 14, 1, 8
MM, 14, 3, 8
MM, 15, 4, 8
MM, 15, 5, 8
MM, 15, 6, 16
MM, 16, 7, 16
MM, 16, 8, 8
MC, 1, 112
MM, 18, 9, 48
MM, 19, 9, 8
MM, 20, 9, 8
MM, 21, 9, 8
MM, 24, 9, 8
MM, 27, 9, 8
MM, 30, 9, 8
MM, 34, 9, 8
MM, 458, 579, 8
MM, 461, 579, 8
MM, 2, 7, 8
MM, 3, 7, 8
MM, 6, 7, 8
MM, 7, 7, 8
MM, 8, 6, 8
MM, 10, 4, 24
MM, 11, 3, 24
MM, 14, 0, 24
MM, 484, 568, 8
MM, 493, 564, 8
MM, 495, 563, 8
MM, 0, 28, 8
MM, 2, 28, 48
MM, 3, 28, 32
MM, 4, 28, 16
MM, 5, 28, 16
MM, 7, 28, 8
MM, 9, 28, 16
MM, 12, 28, 16
MM, 13, 28, 8
MM, 15, 28, 8
MM, 17, 28, 8
MM, 19, 28, 8
MM, 20, 28, 8
MM, 23, 28, 8
MM, 25, 28, 8
MM, 28, 28, 8
MM, 30, 28, 8
MM, 529, 562, 8
MM, 531, 562, 8
MM, 534, 562, 8
MM, 1, 28, 8
MM, 4, 29, 8
MM, 6, 29, 8
MM, 9, 29, 8
MM, 11, 30, 8
MM, 14, 30, 8
MM, 16, 30, 8
MM, 19, 30, 8
MM, 20, 30, 8
MM, 23, 30, 8
MM, 25, 30, 8
MM, 28, 30, 8
MM, 31, 30, 8
MM, 569, 565, 8
MM, 573, 565, 8
MM, 576, 565, 8
MM, 580, 565, 8
MM, 584, 566, 8
MM, 588, 566, 8
MM, 591, 568, 8
MM, 596, 568, 8
MM, 601, 568, 8
MM, 606, 568, 8
MM, 613, 568, 8
MM, 622, 568, 8
MM, 630, 568, 8
MM, 639, 568, 8
MM, 649, 568, 8
MM, 658, 568, 8
MM, 668, 568, 8
MM, 679, 568, 8
MM, 690, 568, 8
MM, 700, 568, 8
MM, 708, 568, 8
MM, 715, 568, 8
MM, 721, 566, 8
MM, 31, 30, 8
MM, 35, 30, 8
MM, 734, 564, 8
MM, 736, 563, 8
MM, 741, 561, 8
MM, 743, 560, 8
MM, 744, 559, 8
MM, 746, 559, 8
MM, 748, 559, 8
MM, 750, 558, 8
MM, 751, 558, 8
MM, 753, 557, 8
MM, 754, 557, 8
MM, 756, 557, 8
MM, 757, 557, 8
MM, 759, 555, 8
MM, 761, 554, 24
MM, 762, 554, 16
MM, 763, 554, 16
MM, 764, 554, 16
MM, 766, 554, 16
MM, 767, 553, 24
MM, 768, 553, 40
MM, 769, 553, 32
MM, 770, 552, 8
MM, 771, 552, 16
MM, 772, 552, 24
MM, 773, 552, 16
MM, 775, 550, 24
MM, 776, 550, 32
MM, 777, 550, 24
MM, 778, 549, 40
MM, 779, 549, 48
MM, 781, 549, 40
MM, 782, 549, 48
MM, 783, 549, 40
MM, 784, 549, 24
MM, 786, 549, 24
MM, 787, 548, 8
MM, 788, 548, 24
MM, 789, 548, 16
MM, 791, 548, 8
MM, 792, 548, 8
MM, 793, 548, 16
MM, 794, 547, 8
MM, 795, 547, 8
MM, 798, 546, 8
MM, 799, 545, 16
MM, 800, 545, 16
MM, 801, 545, 8
MM, 803, 544, 8
MM, 804, 544, 24
MM, 806, 543, 8
MM, 807, 543, 16
MM, 809, 542, 8
MM, 811, 540, 8
MM, 812, 540, 8
MM, 813, 539, 16
MM, 814, 539, 8
MM, 816, 538, 8
MM, 817, 538, 8
MM, 819, 537, 8
MM, 821, 535, 16
MM, 822, 535, 8
MM, 823, 534, 8
MM, 824, 533, 16
MM, 826, 533, 24
MM, 827, 532, 32
MM, 828, 532, 56
MM, 829, 533, 8
MM, 830, 534, 8
MM, 831, 537, 8
MM, 832, 540, 8
MM, 833, 542, 8
MM, 834, 545, 8
MM, 834, 549, 8
MM, 835, 552, 8
MM, 837, 556, 8
MM, 838, 560, 8
MM, 838, 561, 8
MM, 838, 564, 8
MM, 838, 566, 8
MM, 838, 569, 8
MM, 839, 571, 8
MM, 839, 574, 8
MM, 840, 577, 8
MM, 840, 580, 8
MM, 840, 582, 8
MM, 840, 585, 8
MM, 61, 1, 8
MM, 61, 5, 8
MM, 61, 8, 8
MM, 61, 10, 8
MM, 61, 13, 8
MM, 61, 15, 8
MM, 61, 18, 8
MM, 61, 19, 16
MM, 61, 20, 16
