********************************************************************************
LOGGING TIME: 20180909_041609
CLIENT IP: 127.0.1.1
USERNAME: dell
OS: Linux
**********************************Emotional database********************************************************************************
MM, 720, 690, 1537598294306
MM, 713, 682, 10
MM, 692, 662, 10
MM, 8, 23, 10
MM, 11, 9, 10
MM, 612, 540, 10
MM, 11, 6, 10
MM, 326, 71, 10
MM, 313, 41, 10
MM, 304, 19, 10
MM, 298, 6, 10
MM, 542, 388, 10
MM, 540, 384, 10
MM, 539, 382, 10
MM, 538, 381, 10
MM, 538, 380, 11
MM, 538, 379, 9
MM, 538, 379, 11
MM, 538, 379, 9
MM, 534, 377, 341
MM, 524, 369, 10
MM, 507, 354, 10
MM, 246, 82, 10
MM, 233, 66, 10
MM, 221, 48, 10
MM, 213, 34, 10
MM, 207, 23, 10
MM, 202, 17, 10
MM, 199, 13, 10
MM, 197, 11, 10
MM, 197, 10, 11
MM, 196, 9, 9
MM, 196, 9, 11
MM, 195, 8, 10
MM, 195, 8, 10
MM, 195, 7, 10
MM, 195, 7, 10
MM, 194, 7, 10
MM, 194, 6, 10
MM, 194, 6, 70
MM, 191, 5, 461
MM, 187, 1, 10
MM, 423, 248, 10
MM, 409, 230, 10
MM, 338, 144, 90
MM, 332, 138, 10
MM, 326, 134, 10
MM, 320, 130, 10
MM, 314, 126, 10
MM, 310, 123, 10
MM, 306, 121, 10
MM, 302, 119, 10
MM, 298, 117, 10
MM, 294, 115, 10
MM, 290, 113, 10
MM, 287, 111, 10
MM, 283, 108, 10
MM, 281, 105, 10
MM, 278, 102, 10
MM, 275, 97, 10
MM, 273, 93, 10
MM, 271, 90, 10
MM, 270, 88, 11
MM, 267, 82, 40
MM, 267, 81, 9
MM, 267, 81, 11
MM, 267, 80, 10
MM, 267, 80, 10
MM, 267, 79, 10
MM, 267, 79, 10
MM, 267, 78, 10
MM, 267, 78, 10
MM, 267, 78, 10
MM, 267, 77, 10
MM, 267, 77, 10
MM, 267, 77, 20
MM, 267, 77, 10
MM, 287, 95, 721
MM, 287, 105, 10
MM, 287, 116, 10
MM, 287, 133, 10
MM, 290, 147, 10
MM, 298, 225, 91
MM, 298, 229, 10
MM, 298, 232, 10
MM, 298, 234, 10
MM, 298, 236, 10
MM, 298, 238, 10
MM, 298, 240, 10
MM, 298, 242, 10
MM, 298, 245, 10
MM, 298, 249, 10
MM, 299, 253, 10
MM, 299, 257, 10
MM, 51, 0, 10
MM, 51, 3, 10
MM, 51, 5, 10
MM, 51, 7, 10
MM, 51, 8, 10
MM, 51, 9, 10
MM, 51, 11, 10
MM, 51, 12, 10
MM, 51, 13, 10
MM, 51, 14, 10
MM, 51, 14, 10
MM, 51, 15, 10
MM, 51, 16, 10
MM, 51, 17, 10
MM, 51, 18, 10
MM, 51, 19, 10
MM, 52, 21, 10
MM, 52, 22, 10
MM, 52, 23, 10
MM, 52, 25, 10
MM, 52, 25, 10
MM, 52, 26, 10
MM, 52, 27, 10
MM, 52, 28, 10
MM, 52, 28, 10
MM, 52, 29, 10
MM, 52, 29, 10
MM, 52, 30, 10
MM, 52, 30, 10
MM, 52, 30, 10
MM, 52, 30, 10
MM, 52, 31, 10
MM, 52, 31, 11
MC, 1, 140
MM, 54, 31, 17011
MM, 63, 31, 10
MM, 87, 31, 10
MM, 115, 31, 10
MM, 149, 31, 10
MM, 183, 29, 10
MM, 216, 28, 11
MM, 255, 24, 10
MM, 290, 21, 9
MM, 320, 21, 11
MM, 355, 20, 10
MM, 383, 18, 10
MM, 403, 17, 10
MM, 420, 16, 10
MM, 440, 16, 10
MM, 457, 16, 10
MM, 470, 16, 10
MM, 481, 16, 10
MM, 490, 16, 10
MM, 496, 16, 10
MM, 502, 16, 10
MM, 507, 16, 10
MM, 513, 16, 10
MM, 518, 16, 10
MM, 522, 16, 10
MM, 526, 16, 10
MM, 529, 17, 10
MM, 532, 18, 10
MM, 536, 19, 10
MM, 539, 21, 10
MM, 542, 23, 10
MM, 544, 26, 10
MM, 547, 28, 10
MM, 549, 30, 10
MM, 553, 32, 10
MM, 557, 35, 10
MM, 562, 38, 10
MM, 569, 41, 10
MM, 575, 43, 10
MM, 582, 46, 10
MM, 593, 49, 10
MM, 609, 54, 10
MM, 627, 59, 10
MM, 897, 326, 10
MM, 920, 334, 10
MM, 52, 465, 40400
MM, 110, 439, 10
MM, 171, 412, 10
MM, 218, 393, 10
MM, 252, 382, 10
MM, 286, 372, 10
MM, 311, 366, 10
MM, 327, 363, 10
MM, 335, 362, 10
MM, 339, 361, 10
MM, 341, 361, 10
MM, 343, 361, 10
MM, 344, 361, 10
MM, 347, 361, 321
MM, 352, 361, 10
MM, 358, 361, 10
MM, 365, 361, 10
MM, 370, 364, 10
MM, 374, 368, 10
MM, 377, 371, 10
MM, 379, 373, 10
MM, 381, 376, 10
MM, 383, 378, 10
MM, 384, 379, 10
MM, 384, 380, 10
MM, 385, 381, 10
MM, 386, 382, 10
MM, 386, 383, 10
MM, 386, 384, 10
MM, 386, 385, 10
MM, 387, 385, 10
MM, 387, 386, 10
MM, 387, 386, 10
MM, 387, 386, 10
MM, 387, 387, 10
MM, 387, 387, 10
MM, 387, 388, 10
MM, 387, 388, 10
MM, 139, 0, 10
MM, 139, 0, 10
MM, 139, 1, 10
MM, 139, 1, 10
MM, 139, 3, 10
MM, 139, 4, 10
MM, 139, 6, 10
MM, 139, 7, 10
MM, 139, 8, 10
MM, 139, 9, 10
MM, 139, 11, 10
MM, 139, 12, 10
MM, 139, 13, 10
MM, 139, 14, 10
MM, 138, 15, 10
MM, 138, 16, 11
MM, 137, 17, 9
MM, 136, 18, 11
MM, 135, 19, 10
MM, 133, 20, 10
MM, 132, 21, 10
MM, 131, 23, 10
MM, 129, 24, 10
MM, 128, 24, 10
MM, 126, 25, 10
MM, 125, 26, 10
MM, 123, 27, 10
MM, 122, 28, 10
MM, 120, 28, 10
MM, 118, 29, 10
MM, 117, 29, 10
MM, 115, 30, 10
MM, 114, 30, 10
MM, 112, 31, 10
MM, 110, 31, 10
MC, 1, 100
MM, 110, 31, 361
MM, 110, 31, 10
MM, 110, 32, 10
MM, 110, 32, 10
MM, 110, 32, 10
MM, 110, 32, 10
MM, 109, 32, 30
MM, 109, 33, 331
MM, 109, 33, 10
MM, 109, 33, 10
MM, 109, 35, 10
MM, 109, 36, 10
MM, 109, 38, 10
MM, 109, 40, 10
MM, 109, 42, 10
MM, 109, 45, 10
MM, 109, 50, 10
MM, 111, 55, 10
MM, 113, 61, 10
MM, 114, 65, 10
MM, 116, 68, 10
MM, 117, 70, 10
MM, 118, 73, 10
MM, 119, 75, 10
MM, 120, 77, 10
MM, 121, 80, 10
MM, 122, 83, 10
MM, 124, 85, 10
MM, 125, 87, 10
MM, 125, 89, 10
MM, 374, 480, 10
MM, 374, 481, 10
MM, 375, 482, 10
MM, 375, 483, 10
MM, 375, 483, 10
MM, 375, 484, 10
MM, 375, 485, 10
MM, 375, 485, 10
MM, 375, 485, 10
MM, 375, 485, 11
MM, 375, 486, 10
MM, 375, 487, 10
MM, 375, 489, 10
MM, 372, 491, 10
MM, 369, 493, 10
MM, 366, 494, 10
MM, 364, 495, 10
MM, 362, 496, 10
MM, 361, 496, 10
MM, 371, 509, 581
MM, 7, 12, 10
MM, 17, 12, 10
MM, 27, 12, 10
MM, 35, 12, 10
MM, 0, 12, 10
MM, 6, 12, 10
MM, 10, 12, 10
MM, 13, 12, 10
MM, 16, 12, 10
MM, 18, 12, 10
MM, 19, 12, 10
MM, 20, 12, 10
MM, 21, 12, 10
MM, 21, 12, 10
MM, 22, 12, 10
MM, 22, 12, 11
MM, 22, 12, 9
MM, 23, 12, 10
MM, 23, 12, 10
MM, 23, 12, 10
MM, 24, 12, 11
MM, 26, 12, 450
MM, 33, 14, 11
MM, 5, 22, 10
MM, 477, 529, 10
MM, 490, 539, 10
MM, 4, 13, 10
MM, 13, 19, 10
MM, 23, 25, 10
MM, 31, 30, 10
MM, 533, 568, 10
MM, 538, 571, 10
MM, 0, 3, 10
MM, 3, 5, 10
MM, 6, 7, 10
MM, 8, 9, 10
MM, 11, 11, 10
MM, 13, 13, 10
MM, 15, 16, 10
MM, 17, 17, 10
MM, 19, 19, 10
MM, 21, 21, 10
MM, 23, 23, 10
MM, 25, 24, 10
MM, 27, 25, 10
MM, 29, 26, 10
MM, 30, 27, 10
MM, 32, 28, 10
MM, 34, 29, 10
MM, 35, 30, 10
MM, 580, 601, 10
MM, 582, 602, 10
MM, 584, 602, 10
MM, 586, 603, 10
MM, 587, 604, 10
MM, 589, 604, 10
MM, 591, 604, 10
MM, 593, 604, 10
MM, 595, 605, 10
MM, 598, 605, 10
MM, 601, 605, 10
MM, 604, 606, 10
MM, 606, 606, 10
MM, 610, 607, 10
MM, 613, 608, 10
MM, 616, 608, 10
MM, 618, 609, 10
MM, 2, 1, 10
MM, 4, 2, 11
MM, 7, 2, 9
MM, 10, 3, 11
MM, 12, 3, 10
MM, 15, 4, 10
MM, 17, 4, 10
MM, 19, 5, 10
MM, 21, 5, 10
MM, 22, 5, 10
MM, 24, 6, 10
MM, 25, 6, 10
MM, 26, 6, 10
MM, 27, 6, 10
MM, 27, 7, 10
MM, 28, 7, 10
MM, 29, 8, 10
MM, 30, 8, 10
MM, 31, 9, 10
MM, 31, 9, 10
MM, 651, 618, 10
MM, 652, 618, 10
MM, 652, 619, 10
MM, 653, 619, 10
MM, 654, 620, 10
MM, 654, 621, 10
MM, 655, 621, 10
MM, 655, 622, 10
MM, 656, 622, 10
MM, 656, 623, 10
MM, 0, 15, 10
MM, 0, 15, 10
MM, 0, 15, 10
MM, 1, 16, 10
MM, 1, 16, 10
MM, 1, 16, 10
MM, 2, 17, 10
MM, 2, 17, 10
MM, 3, 18, 10
MM, 4, 18, 10
MM, 5, 19, 10
MM, 6, 19, 10
MM, 7, 19, 10
MM, 8, 20, 10
MM, 8, 20, 10
MM, 9, 20, 10
MM, 9, 21, 10
MM, 10, 21, 10
MM, 10, 21, 11
MM, 10, 21, 10
MM, 11, 21, 10
MC, 1, 120
MM, 10, 21, 140
MM, 7, 21, 10
MM, 4, 21, 10
MM, 1, 21, 10
MM, 655, 629, 10
MM, 651, 629, 10
MM, 28, 21, 10
MM, 24, 21, 10
MM, 19, 23, 10
MM, 15, 25, 10
MM, 10, 28, 10
MM, 5, 30, 10
MM, 619, 640, 10
MM, 614, 642, 10
MM, 609, 643, 10
MM, 605, 645, 10
MM, 600, 647, 10
MM, 595, 648, 10
MM, 589, 650, 10
MM, 584, 652, 11
MM, 578, 654, 10
MM, 571, 656, 10
MM, 160, 13, 10
MM, 153, 15, 10
MM, 147, 17, 10
MM, 142, 19, 10
MM, 137, 20, 10
MM, 132, 22, 10
MM, 128, 24, 10
MM, 124, 25, 10
MM, 119, 27, 10
MM, 116, 28, 10
MM, 112, 30, 10
MM, 513, 676, 10
MM, 510, 677, 10
MM, 507, 678, 10
MM, 505, 679, 10
MM, 504, 679, 10
MM, 503, 679, 10
MM, 502, 679, 10
MM, 501, 679, 10
MM, 500, 679, 10
MM, 499, 679, 10
MM, 499, 679, 10
MM, 498, 679, 10
MM, 498, 679, 10
MM, 498, 679, 10
MM, 498, 679, 10
MM, 497, 679, 10
MM, 497, 679, 10
MM, 497, 679, 100
MM, 497, 678, 10
MM, 496, 676, 10
MM, 92, 30, 10
MM, 92, 28, 10
MM, 92, 26, 10
MM, 91, 25, 10
MM, 91, 24, 10
MM, 91, 22, 10
MM, 91, 21, 11
MM, 91, 20, 10
MM, 91, 19, 10
MM, 91, 18, 10
MM, 91, 16, 10
MM, 91, 15, 10
MM, 91, 14, 10
MM, 91, 12, 10
MM, 91, 11, 10
MM, 91, 11, 10
MM, 91, 10, 10
MM, 91, 10, 10
MM, 91, 10, 10
MM, 91, 9, 10
MM, 91, 9, 10
MM, 91, 9, 10
MM, 90, 9, 40
MM, 90, 9, 10
MC, 1, 80
MM, 90, 9, 241
MM, 87, 9, 10
MM, 85, 7, 10
MM, 82, 4, 10
MM, 482, 644, 10
MM, 26, 29, 10
MM, 21, 23, 10
MM, 16, 17, 10
MM, 11, 12, 10
MM, 7, 7, 10
MM, 3, 3, 10
MM, 450, 605, 10
MM, 26, 29, 10
MM, 23, 24, 10
MM, 21, 19, 10
MM, 19, 15, 10
MM, 18, 12, 10
MM, 16, 9, 10
MM, 15, 7, 10
MM, 14, 5, 10
MM, 14, 3, 10
MM, 13, 1, 10
MM, 12, 0, 10
MM, 432, 569, 10
MM, 432, 567, 10
MM, 431, 566, 10
MM, 16, 30, 10
MM, 15, 28, 10
MM, 14, 26, 10
MM, 14, 24, 10
MM, 14, 22, 10
MM, 13, 21, 10
MM, 13, 20, 10
MM, 13, 19, 10
MM, 13, 17, 10
MM, 13, 17, 10
MM, 13, 16, 11
MM, 13, 15, 10
MM, 13, 15, 9
MM, 13, 15, 11
MM, 13, 14, 10
MM, 13, 14, 10
MC, 1, 100
MM, 13, 14, 30
MM, 12, 14, 10
MM, 12, 14, 10
MM, 12, 14, 10
MM, 12, 14, 10
MM, 11, 14, 10
MM, 10, 14, 10
MM, 10, 14, 10
MM, 9, 14, 10
MM, 7, 14, 10
MM, 5, 14, 10
MM, 2, 14, 10
MM, 414, 548, 10
MM, 411, 550, 10
MM, 35, 17, 10
MM, 32, 19, 10
MM, 30, 21, 10
MM, 27, 22, 10
MM, 25, 23, 10
MM, 23, 24, 10
MM, 21, 25, 10
MM, 20, 26, 10
MM, 19, 27, 10
MM, 17, 28, 10
MM, 16, 29, 10
MM, 387, 565, 10
MM, 386, 566, 11
MM, 385, 566, 9
MM, 384, 567, 11
MM, 383, 568, 10
MM, 382, 569, 10
MM, 0, 0, 10
MM, 379, 572, 10
MM, 378, 574, 10
MM, 377, 575, 10
MM, 375, 577, 10
MM, 374, 578, 10
MM, 35, 8, 10
MM, 34, 9, 10
MM, 33, 10, 10
MM, 33, 11, 10
MM, 32, 11, 10
MM, 31, 12, 10
MM, 30, 13, 10
MM, 29, 13, 10
MM, 28, 14, 10
MM, 27, 14, 10
MM, 26, 15, 10
MM, 25, 15, 10
MM, 23, 15, 10
MM, 23, 16, 10
MM, 22, 16, 10
MM, 21, 16, 10
MC, 1, 120
MM, 22, 16, 90
MM, 27, 16, 10
MM, 34, 14, 11
MM, 3, 10, 10
MM, 13, 6, 10
MM, 23, 1, 10
MM, 410, 568, 10
MM, 3, 30, 10
MM, 9, 27, 10
MM, 16, 24, 10
MM, 23, 21, 10
MM, 28, 19, 10
MM, 33, 17, 10
MM, 452, 549, 10
MM, 455, 548, 10
MM, 1, 13, 10
MM, 3, 13, 10
MM, 5, 12, 10
MM, 7, 12, 10
MM, 10, 11, 10
MM, 12, 10, 10
MM, 14, 9, 10
MM, 15, 9, 10
MM, 17, 9, 10
MM, 18, 8, 10
MM, 19, 8, 10
MM, 19, 8, 10
MM, 20, 8, 10
MM, 20, 8, 10
MM, 21, 8, 10
MM, 21, 8, 10
MM, 21, 8, 10
MM, 21, 8, 10
MC, 1, 271
MM, 23, 8, 100
MM, 26, 8, 10
MM, 30, 8, 10
MM, 491, 542, 10
MM, 494, 542, 10
MM, 1, 8, 10
MM, 3, 8, 10
MM, 5, 8, 10
MM, 7, 8, 10
MM, 9, 8, 10
MM, 10, 8, 10
MM, 11, 8, 10
MM, 12, 8, 10
MM, 12, 8, 10
MM, 13, 8, 10
MM, 13, 8, 10
MM, 14, 8, 10
MM, 14, 8, 10
MM, 14, 8, 10
MM, 14, 8, 10
MC, 1, 111
MM, 15, 8, 30
MM, 15, 8, 10
MM, 15, 8, 10
MM, 15, 8, 10
MM, 16, 8, 10
MM, 16, 8, 10
MM, 16, 8, 10
MM, 17, 8, 10
MM, 19, 8, 10
MM, 20, 10, 10
MM, 23, 12, 10
MM, 26, 16, 10
MM, 29, 19, 10
MM, 31, 22, 10
MM, 530, 558, 10
MM, 533, 561, 10
MM, 1, 29, 10
MM, 538, 566, 10
MM, 541, 568, 10
MM, 543, 569, 10
MM, 545, 570, 10
MM, 4, 1, 10
MM, 6, 1, 10
MM, 7, 2, 10
MM, 8, 3, 10
MM, 9, 3, 10
MM, 10, 3, 10
MM, 10, 3, 10
MM, 11, 4, 10
MM, 11, 4, 10
MM, 11, 4, 10
MM, 11, 4, 10
MM, 12, 4, 10
MM, 12, 4, 10
MM, 12, 4, 10
MM, 13, 4, 10
MM, 13, 4, 10
MM, 13, 4, 11
MM, 13, 4, 30
MM, 14, 4, 30
MC, 1, 160
MM, 13, 4, 311
MM, 13, 4, 10
MM, 11, 4, 10
MM, 10, 4, 10
MM, 8, 7, 10
MM, 6, 12, 10
MM, 3, 22, 10
MM, 0, 30, 10
MM, 541, 607, 10
MM, 7, 5, 10
MM, 6, 10, 10
MM, 4, 18, 10
MM, 3, 25, 10
MM, 534, 641, 10
MM, 128, 3, 10
MM, 127, 7, 10
MM, 127, 11, 10
MM, 127, 14, 10
MM, 126, 16, 10
MM, 126, 17, 10
MM, 126, 18, 10
MM, 126, 20, 10
MM, 125, 21, 10
MM, 125, 22, 10
MM, 125, 24, 10
MM, 124, 25, 10
MM, 124, 26, 10
MM, 124, 28, 10
MM, 123, 30, 10
MM, 527, 677, 10
MM, 527, 679, 10
MM, 527, 680, 10
MM, 527, 682, 10
MM, 526, 683, 10
MM, 526, 685, 10
MM, 526, 686, 10
MM, 526, 687, 10
MM, 526, 687, 10
MM, 526, 688, 10
MM, 526, 688, 11
MM, 526, 688, 10
MM, 526, 689, 10
MM, 526, 689, 80
MM, 526, 689, 10
MM, 525, 688, 10
MM, 525, 685, 10
MM, 524, 682, 10
MM, 524, 680, 10
MM, 524, 677, 10
MM, 119, 30, 10
MM, 119, 28, 10
MM, 119, 26, 10
MM, 119, 25, 10
MM, 119, 24, 10
MM, 119, 23, 10
MM, 119, 22, 10
MM, 119, 22, 10
MM, 119, 21, 10
MM, 119, 21, 10
MM, 119, 21, 10
MM, 119, 21, 10
MM, 119, 20, 10
MM, 119, 20, 10
MM, 119, 20, 10
MM, 119, 20, 10
MM, 119, 19, 10
MM, 118, 19, 10
MC, 1, 80
MM, 120, 18, 251
MM, 127, 10, 10
MM, 543, 642, 10
MM, 22, 23, 10
MM, 29, 14, 10
MM, 568, 616, 10
MM, 573, 611, 10
MM, 578, 607, 10
MM, 582, 603, 10
MM, 0, 29, 10
MM, 2, 27, 10
MM, 5, 24, 10
MM, 8, 21, 10
MM, 10, 18, 10
MM, 11, 16, 10
MM, 12, 15, 10
MM, 13, 14, 10
MM, 14, 12, 10
MM, 15, 11, 10
MM, 17, 8, 10
MM, 18, 7, 10
MM, 19, 4, 10
MM, 20, 2, 10
MM, 22, 0, 10
MM, 608, 570, 10
MM, 609, 568, 10
MM, 610, 567, 10
MM, 610, 566, 10
MM, 611, 565, 10
MM, 612, 564, 10
MM, 612, 563, 10
MM, 613, 562, 11
MM, 613, 562, 9
MM, 614, 561, 11
MM, 614, 560, 10
MM, 615, 559, 10
MM, 616, 558, 10
MM, 0, 22, 10
MM, 0, 21, 10
MM, 1, 20, 10
MM, 1, 19, 10
MM, 2, 18, 10
MM, 2, 17, 10
MM, 3, 16, 10
MM, 3, 16, 10
MM, 4, 15, 10
MM, 4, 15, 10
MM, 4, 14, 10
MM, 4, 14, 10
MM, 5, 14, 10
MM, 5, 13, 10
MM, 5, 13, 10
MM, 5, 13, 10
MC, 1, 110
MM, 3, 13, 221
MM, 612, 547, 10
MM, 19, 16, 10
MM, 574, 552, 10
MM, 20, 21, 10
MM, 4, 24, 10
MM, 27, 29, 10
MM, 509, 565, 10
MM, 497, 569, 10
MM, 24, 0, 10
MM, 14, 2, 10
MM, 6, 4, 10
MM, 462, 576, 10
MM, 35, 6, 10
MM, 31, 7, 10
MM, 27, 8, 10
MM, 23, 9, 10
MM, 19, 9, 10
MM, 16, 10, 10
MM, 12, 10, 10
MM, 10, 11, 10
MM, 9, 11, 10
MM, 7, 11, 10
MM, 6, 12, 10
MM, 5, 12, 10
MM, 4, 12, 10
MM, 3, 12, 10
MM, 3, 12, 10
MM, 2, 12, 10
MM, 2, 12, 10
MM, 2, 12, 10
MM, 1, 12, 10
MM, 1, 12, 10
MM, 1, 12, 10
MM, 1, 12, 10
MM, 0, 12, 11
MM, 420, 584, 9
MM, 419, 584, 10
MM, 417, 585, 10
MM, 415, 585, 11
MM, 32, 15, 9
MM, 30, 15, 11
MM, 28, 16, 10
MM, 26, 16, 10
MM, 23, 16, 10
MM, 22, 16, 10
MM, 20, 16, 10
MM, 18, 16, 10
MM, 17, 16, 10
MM, 16, 16, 10
MM, 15, 16, 10
MM, 14, 16, 10
MM, 14, 16, 10
MC, 1, 90
MM, 16, 17, 251
MM, 22, 22, 10
MM, 32, 30, 10
MM, 421, 607, 10
MM, 21, 6, 10
MM, 30, 13, 10
MM, 446, 627, 10
MM, 2, 25, 10
MM, 7, 29, 10
MM, 461, 641, 10
MM, 463, 643, 10
MM, 465, 644, 10
MM, 62, 0, 10
MM, 63, 1, 10
MM, 63, 2, 10
MM, 64, 2, 10
MM, 64, 3, 10
MM, 65, 3, 10
MM, 65, 4, 10
MM, 66, 5, 10
MM, 67, 5, 10
MM, 68, 6, 10
MM, 68, 7, 10
MM, 69, 8, 10
MM, 70, 9, 10
MM, 71, 9, 10
MM, 72, 10, 10
MM, 72, 11, 10
MM, 73, 11, 10
MM, 73, 12, 10
MM, 74, 12, 10
MM, 74, 13, 10
MM, 75, 13, 10
MM, 75, 13, 10
MM, 75, 13, 10
MC, 1, 91
MM, 75, 13, 230
MM, 76, 12, 10
MM, 76, 8, 10
MM, 77, 2, 10
MM, 33, 30, 10
MM, 486, 627, 10
MM, 488, 615, 10
MM, 491, 606, 10
MM, 29, 27, 10
MM, 31, 22, 10
MM, 495, 590, 10
MM, 496, 588, 10
MM, 496, 586, 10
MM, 496, 585, 10
MM, 497, 585, 10
MM, 497, 584, 10
MM, 497, 583, 10
MM, 497, 583, 10
MM, 498, 582, 10
MM, 498, 582, 10
MM, 498, 581, 10
MM, 499, 580, 10
MM, 499, 579, 10
MM, 499, 578, 10
MM, 500, 577, 11
MM, 500, 576, 9
MM, 0, 3, 11
MM, 0, 1, 9
MM, 501, 570, 11
MM, 502, 568, 10
MM, 503, 566, 10
MM, 7, 30, 10
MM, 8, 28, 10
MM, 8, 27, 10
MM, 9, 25, 10
MM, 9, 24, 10
MM, 9, 23, 10
MM, 10, 22, 10
MM, 10, 21, 10
MM, 11, 20, 10
MM, 11, 20, 10
MM, 11, 19, 10
MM, 12, 18, 10
MM, 12, 17, 10
MM, 12, 16, 10
MM, 12, 16, 10
MM, 12, 15, 10
MM, 12, 14, 10
MM, 12, 13, 10
MM, 12, 13, 10
MM, 12, 12, 10
MM, 12, 12, 10
MM, 12, 12, 10
MC, 1, 80
MM, 13, 12, 100
MM, 13, 12, 11
MM, 13, 12, 9
MM, 13, 12, 11
MM, 14, 12, 9
MM, 15, 12, 11
MM, 16, 12, 10
MM, 19, 12, 10
MM, 22, 13, 10
MM, 26, 15, 10
MM, 30, 19, 10
MM, 531, 556, 10
MM, 0, 25, 10
MM, 3, 27, 10
MM, 5, 29, 10
MM, 542, 565, 10
MM, 544, 566, 10
MM, 545, 568, 10
MM, 547, 569, 10
MM, 548, 570, 10
MM, 549, 570, 10
MM, 7, 0, 10
MM, 8, 1, 10
MM, 8, 1, 10
MM, 9, 2, 10
MM, 10, 2, 10
MM, 10, 2, 10
MM, 10, 3, 10
MM, 11, 3, 10
MM, 11, 3, 10
MM, 11, 3, 10
MM, 11, 4, 10
MM, 12, 4, 10
MM, 12, 4, 10
MM, 12, 4, 10
MM, 12, 5, 10
MM, 13, 5, 10
MM, 13, 5, 10
MM, 13, 6, 10
MM, 14, 6, 10
MM, 14, 6, 10
MM, 14, 6, 10
MM, 14, 7, 10
MM, 15, 7, 10
MC, 1, 91
MM, 13, 7, 220
MM, 7, 7, 10
MM, 540, 578, 10
MM, 28, 6, 10
MM, 18, 4, 10
MM, 9, 3, 10
MM, 2, 2, 10
MM, 495, 572, 10
MM, 26, 0, 10
MM, 483, 569, 10
MM, 477, 568, 10
MM, 472, 568, 10
MM, 468, 567, 10
MM, 464, 566, 10
MM, 461, 565, 10
MM, 1, 30, 10
MM, 456, 564, 10
MM, 454, 563, 10
MM, 452, 563, 11
MM, 451, 562, 9
MM, 34, 27, 10
MM, 33, 27, 10
MM, 32, 26, 10
MM, 30, 26, 10
MM, 29, 25, 10
MM, 28, 25, 11
MM, 27, 24, 10
MM, 25, 23, 10
MM, 24, 23, 10
MM, 23, 22, 10
MM, 21, 21, 10
MM, 20, 21, 10
MM, 19, 20, 10
MM, 18, 19, 10
MM, 17, 19, 10
MM, 17, 18, 10
MM, 16, 18, 10
MM, 16, 18, 10
MM, 15, 17, 10
MM, 15, 17, 10
MM, 15, 17, 10
MC, 1, 90
MM, 15, 17, 70
MM, 15, 21, 241
MM, 18, 25, 10
MM, 438, 565, 10
MM, 21, 0, 10
MM, 26, 5, 10
MM, 32, 13, 10
MM, 457, 592, 10
MM, 462, 599, 10
MM, 466, 606, 10
MM, 18, 3, 10
MM, 20, 8, 10
MM, 22, 12, 10
MM, 23, 14, 10
MM, 24, 16, 10
MM, 24, 17, 10
MM, 25, 18, 10
MM, 26, 19, 10
MM, 26, 21, 10
MM, 27, 22, 10
MM, 27, 22, 10
MM, 28, 23, 10
MM, 28, 24, 10
MM, 29, 25, 10
MM, 30, 27, 10
MM, 31, 28, 10
MM, 31, 29, 10
MM, 32, 30, 10
MM, 483, 639, 10
MM, 484, 641, 10
MM, 484, 642, 10
MM, 485, 643, 10
MM, 485, 643, 11
MM, 486, 644, 9
MM, 82, 0, 10
MM, 83, 1, 10
MM, 83, 1, 11
MM, 84, 2, 10
MM, 84, 3, 10
MM, 85, 4, 10
MM, 85, 4, 10
MM, 86, 5, 10
MM, 87, 6, 10
MM, 87, 7, 10
MM, 88, 8, 10
MM, 89, 9, 10
MM, 89, 10, 10
MM, 90, 11, 10
MM, 91, 12, 10
MM, 91, 12, 10
MM, 91, 13, 10
MM, 92, 13, 10
MM, 92, 13, 10
MM, 92, 14, 10
MC, 1, 80
MM, 95, 14, 251
MM, 105, 10, 10
MM, 527, 644, 10
MM, 14, 25, 10
MM, 34, 15, 10
MM, 10, 6, 10
MM, 25, 0, 10
MM, 610, 604, 10
MM, 619, 601, 10
MM, 3, 27, 10
MM, 8, 25, 10
MM, 11, 23, 10
MM, 15, 22, 10
MM, 17, 21, 10
MM, 19, 20, 10
MM, 21, 20, 10
MM, 22, 19, 10
MM, 24, 18, 10
MM, 26, 17, 10
MM, 27, 16, 10
MM, 29, 15, 10
MM, 30, 14, 10
MM, 32, 12, 10
MM, 34, 10, 10
MM, 657, 579, 10
MM, 658, 577, 10
MM, 659, 575, 10
MM, 660, 573, 10
MM, 661, 571, 10
MM, 661, 570, 10
MM, 662, 568, 10
MM, 662, 567, 10
MM, 663, 566, 10
MM, 663, 566, 10
MM, 663, 565, 10
MM, 10, 30, 10
MM, 10, 30, 10
MM, 10, 30, 10
MM, 10, 29, 10
MM, 10, 29, 10
MM, 10, 28, 10
MM, 10, 28, 10
MM, 10, 27, 11
MM, 10, 27, 9
MM, 10, 26, 10
MM, 10, 26, 11
MM, 10, 25, 9
MM, 10, 25, 11
MM, 10, 24, 10
MM, 10, 23, 10
MM, 10, 22, 10
MM, 10, 21, 10
MM, 10, 21, 10
MM, 10, 20, 10
MM, 10, 20, 10
MM, 10, 19, 10
MM, 10, 19, 10
MM, 10, 18, 10
MM, 10, 18, 10
MM, 10, 18, 10
MM, 10, 18, 10
MM, 10, 17, 10
MM, 10, 17, 10
MM, 10, 17, 10
MM, 10, 17, 30
MC, 1, 110
MM, 10, 17, 241
MM, 5, 18, 10
MM, 21, 20, 10
MM, 31, 23, 10
MM, 2, 26, 10
MM, 9, 27, 10
MM, 11, 27, 10
MM, 20, 27, 10
MM, 34, 27, 10
MM, 9, 27, 10
MM, 28, 27, 10
MM, 8, 27, 10
MM, 33, 27, 10
MM, 19, 27, 10
MM, 5, 27, 10
MM, 320, 561, 10
MM, 309, 561, 10
MM, 298, 561, 10
MM, 288, 561, 10
MM, 280, 561, 10
MM, 274, 561, 10
MM, 269, 561, 10
MM, 264, 561, 10
MM, 260, 561, 10
MM, 257, 561, 10
MM, 255, 561, 10
MM, 253, 562, 10
MM, 251, 562, 10
MM, 250, 563, 10
MM, 250, 564, 10
MM, 249, 565, 10
MM, 249, 565, 10
MM, 249, 566, 10
MM, 249, 567, 10
MM, 249, 570, 10
MM, 249, 572, 10
MM, 249, 576, 10
MM, 255, 581, 10
MM, 0, 19, 10
MM, 305, 603, 10
MM, 5, 4, 10
MM, 366, 617, 10
MM, 31, 12, 11
MM, 14, 14, 10
MM, 33, 15, 10
MM, 10, 15, 10
MM, 26, 15, 10
MM, 487, 623, 10
MM, 5, 15, 10
MM, 10, 15, 10
MM, 13, 15, 10
MM, 15, 15, 10
MM, 16, 15, 10
MM, 17, 15, 10
MM, 18, 15, 10
MM, 19, 14, 10
MM, 22, 14, 240
MM, 26, 14, 10
MM, 32, 14, 10
MM, 526, 622, 10
MM, 530, 622, 10
MM, 0, 14, 10
MM, 2, 14, 10
MM, 3, 14, 11
MM, 4, 14, 9
MM, 5, 14, 11
MM, 5, 14, 10
MM, 6, 14, 10
MM, 6, 14, 10
MM, 7, 14, 10
MM, 7, 14, 10
MM, 8, 14, 10
MM, 9, 14, 10
MM, 9, 14, 10
MM, 10, 14, 10
MM, 11, 14, 10
MM, 12, 14, 10
MM, 13, 14, 10
MM, 13, 14, 10
MM, 14, 14, 10
MM, 14, 14, 10
MM, 15, 14, 10
MM, 15, 14, 10
MM, 15, 14, 10
MM, 15, 14, 10
MC, 1, 100
MM, 16, 14, 40
MM, 16, 14, 10
MM, 16, 14, 10
MM, 17, 14, 10
MM, 18, 14, 10
MM, 20, 14, 10
MM, 24, 14, 10
MM, 29, 14, 10
MM, 35, 13, 10
MM, 0, 11, 10
MM, 7, 9, 11
MM, 12, 7, 10
MM, 17, 6, 10
MM, 21, 5, 9
MM, 24, 4, 11
MM, 27, 2, 10
MM, 30, 1, 10
MM, 33, 0, 10
MM, 609, 607, 10
MM, 612, 607, 10
MM, 614, 606, 10
MM, 617, 605, 10
MM, 620, 604, 10
MM, 622, 603, 10
MM, 624, 602, 10
MM, 627, 602, 10
MM, 6, 30, 10
MM, 8, 29, 10
MM, 9, 29, 10
MM, 11, 28, 10
MM, 13, 28, 10
MM, 14, 27, 10
MM, 15, 27, 10
MM, 17, 26, 10
MM, 18, 26, 10
MM, 19, 25, 10
MM, 21, 25, 10
MM, 22, 25, 10
MM, 23, 24, 10
MM, 24, 24, 10
MM, 26, 24, 10
MM, 27, 24, 10
MM, 28, 23, 10
MM, 30, 23, 10
MM, 31, 23, 10
MM, 32, 23, 10
MM, 34, 22, 10
MM, 657, 593, 10
MM, 658, 593, 10
MM, 659, 592, 10
MM, 660, 592, 10
MM, 661, 592, 10
MM, 662, 592, 10
MM, 0, 21, 10
MM, 1, 21, 10
MM, 1, 21, 10
MM, 2, 21, 10
MM, 2, 21, 10
MM, 3, 21, 10
MM, 4, 21, 11
MM, 4, 21, 10
MM, 5, 21, 10
MM, 5, 21, 10
MM, 5, 21, 10
MM, 6, 21, 10
MM, 6, 21, 10
MM, 7, 21, 10
MM, 7, 21, 10
MM, 7, 21, 10
MM, 8, 21, 10
MM, 8, 21, 10
MM, 8, 21, 10
MM, 8, 21, 10
MM, 8, 21, 40
MC, 1, 120
MM, 7, 21, 231
MM, 2, 21, 10
MM, 33, 21, 10
MM, 25, 19, 10
MM, 17, 16, 10
MM, 9, 14, 10
MM, 1, 12, 10
MM, 616, 581, 10
MM, 26, 9, 10
MM, 21, 7, 10
MM, 17, 6, 10
MM, 14, 6, 10
MM, 11, 5, 10
MM, 10, 4, 10
MM, 8, 4, 10
MM, 7, 4, 10
MM, 6, 3, 10
MM, 5, 3, 10
MM, 4, 3, 10
MM, 3, 2, 10
MM, 1, 2, 10
MM, 0, 1, 10
MM, 583, 571, 10
MM, 581, 571, 10
MM, 579, 570, 10
MM, 577, 569, 10
MM, 575, 568, 10
MM, 574, 568, 10
MM, 573, 567, 10
MM, 571, 566, 10
MM, 570, 566, 10
MM, 569, 565, 10
MM, 569, 565, 10
MM, 33, 30, 10
MM, 32, 30, 10
MM, 32, 29, 10
MM, 31, 29, 10
MM, 30, 28, 10
MM, 29, 27, 10
MM, 28, 26, 10
MM, 28, 25, 10
MM, 27, 25, 10
MM, 27, 24, 11
MM, 26, 23, 9
MM, 25, 22, 11
MM, 25, 21, 10
MM, 24, 21, 10
MM, 24, 20, 10
MM, 23, 19, 10
MM, 23, 18, 10
MM, 22, 18, 10
MM, 22, 17, 10
MM, 21, 17, 10
MM, 20, 16, 10
MM, 20, 16, 10
MC, 1, 80
MM, 25, 16, 301
MM, 8, 13, 9
MM, 13, 3, 11
MM, 31, 27, 10
MM, 760, 508, 10
MM, 827, 491, 10
MM, 887, 479, 10
MM, 12, 513, 152582
MM, 74, 498, 10
MM, 138, 483, 10
MM, 193, 470, 10
MM, 239, 463, 10
MM, 28, 68, 10
MM, 58, 63, 10
MM, 75, 60, 10
MM, 83, 59, 10
MM, 87, 58, 10
MM, 88, 58, 10
MM, 89, 58, 10
MM, 90, 58, 10
MM, 92, 57, 241
MM, 96, 54, 10
MM, 103, 50, 10
MM, 113, 45, 10
MM, 122, 42, 10
MM, 128, 40, 10
MM, 134, 39, 10
MM, 138, 38, 10
MM, 140, 38, 10
MM, 142, 37, 10
MM, 143, 37, 10
MM, 144, 37, 10
MM, 144, 37, 10
MM, 145, 37, 10
MM, 145, 37, 10
MM, 146, 37, 10
MM, 146, 37, 10
MM, 146, 37, 10
MM, 146, 37, 10
MM, 147, 37, 10
MM, 147, 37, 10
MM, 147, 37, 20
MM, 148, 37, 30
MM, 148, 37, 30
MM, 148, 37, 10
MM, 149, 37, 10
MM, 150, 37, 10
MM, 152, 37, 11
MM, 156, 38, 9
MM, 161, 40, 10
MM, 167, 43, 10
MM, 172, 45, 10
MM, 176, 47, 10
MM, 181, 49, 10
MM, 185, 51, 10
MM, 188, 53, 10
MM, 190, 54, 10
MM, 192, 55, 11
MM, 193, 56, 10
MM, 194, 56, 300
MM, 200, 59, 10
MM, 213, 67, 10
MM, 230, 76, 10
MM, 248, 83, 10
MM, 511, 479, 10
MM, 525, 484, 10
MM, 539, 489, 11
MM, 554, 493, 9
MM, 29, 0, 10
MM, 1, 2, 10
MM, 15, 4, 11
MM, 32, 6, 10
MM, 8, 6, 10
MM, 25, 6, 10
MM, 664, 503, 10
MM, 11, 6, 10
MM, 24, 6, 10
MM, 704, 503, 10
MM, 6, 6, 10
MM, 14, 6, 10
MM, 21, 6, 10
MM, 26, 6, 10
MM, 30, 6, 10
MM, 33, 6, 10
MM, 35, 6, 10
MM, 746, 503, 10
MM, 747, 503, 10
MM, 748, 503, 10
MM, 749, 503, 10
MM, 749, 503, 201
MM, 748, 503, 9
MM, 747, 503, 10
MM, 35, 9, 11
MM, 31, 15, 9
MM, 26, 22, 11
MM, 22, 28, 9
MM, 728, 529, 11
MM, 726, 532, 10
MM, 29, 0, 10
MM, 28, 2, 10
MM, 28, 2, 10
MM, 28, 3, 10
MM, 27, 4, 10
MM, 27, 4, 10
MM, 27, 5, 10
MM, 27, 5, 10
MM, 26, 5, 10
MM, 26, 5, 10
MM, 26, 6, 10
MM, 26, 6, 10
MM, 26, 6, 10
MM, 26, 6, 10
MM, 26, 7, 30
MM, 26, 7, 20
MM, 26, 7, 10
MM, 26, 7, 20
MC, 1, 130
MM, 26, 7, 812
MM, 27, 7, 10
MM, 27, 6, 10
MM, 28, 4, 10
MM, 28, 2, 10
MM, 29, 1, 10
MM, 725, 533, 10
MM, 726, 531, 11
MM, 726, 530, 9
MM, 727, 529, 10
MM, 727, 528, 10
MM, 727, 528, 10
MM, 18, 30, 11
MM, 19, 30, 10
MM, 19, 30, 10
MM, 19, 29, 10
MM, 19, 29, 10
MM, 19, 29, 10
MM, 15, 29, 70
MM, 716, 530, 10
MM, 9, 6, 10
MM, 695, 548, 10
MM, 33, 20, 10
MM, 27, 24, 10
MM, 23, 27, 10
MM, 20, 29, 10
MM, 19, 30, 10
MM, 18, 30, 10
MM, 672, 565, 10
MM, 671, 565, 10
MM, 671, 565, 10
MM, 19, 30, 60
MM, 31, 21, 10
MM, 9, 5, 10
MM, 724, 528, 10
MM, 33, 22, 10
MM, 756, 513, 10
MM, 769, 508, 10
MM, 804, 495, 30
MM, 812, 492, 10
MM, 819, 490, 10
MM, 823, 489, 11
MM, 825, 488, 9
MM, 827, 488, 11
MM, 829, 487, 10
MM, 830, 487, 10
MM, 831, 486, 10
MM, 832, 486, 10
MM, 833, 486, 10
MM, 833, 485, 10
MM, 834, 485, 10
MM, 835, 485, 10
MM, 835, 484, 10
MM, 836, 484, 10
MM, 837, 484, 10
MM, 837, 484, 10
MM, 838, 484, 10
MM, 838, 484, 10
MM, 838, 484, 10
MM, 838, 484, 10
MM, 839, 484, 10
MM, 839, 484, 10
MM, 839, 484, 10
MM, 839, 484, 10
MM, 840, 484, 10
MM, 840, 486, 20
MM, 840, 487, 10
MM, 840, 489, 10
MM, 840, 490, 10
MM, 840, 492, 10
MM, 840, 494, 10
MM, 840, 496, 10
MM, 753, 532, 531
MM, 24, 10, 10
MM, 34, 23, 10
MM, 653, 570, 10
MM, 2, 12, 10
MM, 15, 27, 11
MM, 6, 3, 10
MM, 31, 15, 10
MM, 17, 24, 10
MM, 539, 639, 10
MM, 531, 644, 10
MM, 121, 2, 10
MM, 117, 5, 10
MM, 114, 6, 10
MM, 112, 7, 10
MM, 110, 8, 10
MM, 109, 9, 10
MM, 108, 9, 10
MM, 107, 10, 10
MM, 106, 10, 10
MM, 105, 11, 10
MM, 103, 12, 10
MM, 101, 13, 10
MM, 99, 14, 10
MM, 98, 14, 10
MM, 97, 15, 10
MM, 95, 15, 10
MM, 94, 16, 10
MM, 94, 16, 10
MM, 93, 16, 10
MM, 92, 17, 10
MM, 92, 17, 10
MM, 91, 17, 10
MM, 91, 17, 10
MM, 91, 17, 10
MM, 91, 17, 20
MM, 90, 17, 10
MM, 90, 17, 40
MC, 1, 91
MM, 93, 16, 230
MM, 104, 10, 10
MM, 532, 640, 10
MM, 28, 18, 10
MM, 8, 6, 10
MM, 602, 605, 10
MM, 621, 597, 10
MM, 14, 18, 10
MM, 27, 13, 10
MM, 657, 580, 10
MM, 661, 578, 10
MM, 2, 6, 10
MM, 4, 5, 10
MM, 5, 4, 10
MM, 7, 3, 10
MM, 8, 3, 10
MM, 9, 2, 10
MM, 10, 2, 10
MM, 11, 1, 10
MM, 12, 0, 11
MM, 14, 0, 9
MM, 678, 570, 10
MM, 679, 570, 11
MM, 680, 569, 10
MM, 680, 569, 10
MM, 681, 568, 10
MM, 682, 567, 10
MM, 684, 567, 10
MM, 685, 566, 10
MM, 687, 565, 10
MM, 34, 29, 10
MM, 690, 562, 10
MM, 691, 561, 10
MM, 693, 560, 10
MM, 694, 559, 10
MM, 0, 24, 10
MM, 1, 23, 10
MM, 3, 21, 10
MM, 4, 20, 10
MM, 6, 18, 10
MM, 8, 17, 10
MM, 9, 16, 10
MM, 11, 15, 10
MM, 12, 14, 10
MM, 14, 13, 10
MM, 15, 12, 10
MM, 16, 12, 10
MM, 16, 11, 10
MM, 17, 11, 10
MM, 17, 11, 10
MM, 17, 10, 10
MM, 18, 10, 10
MM, 18, 10, 10
MM, 18, 9, 10
MM, 18, 9, 10
MC, 1, 111
MM, 15, 10, 110
MM, 12, 14, 10
MM, 7, 20, 10
MM, 3, 24, 10
MM, 0, 27, 10
MM, 694, 564, 10
MM, 692, 566, 10
MM, 690, 568, 10
MM, 688, 569, 10
MM, 24, 0, 10
MM, 23, 0, 10
MM, 22, 1, 10
MM, 21, 2, 10
MM, 21, 3, 10
MM, 20, 3, 10
MM, 20, 4, 10
MM, 19, 4, 10
MM, 19, 5, 10
MM, 18, 6, 10
MM, 17, 7, 10
MM, 17, 8, 10
MM, 16, 9, 10
MM, 15, 10, 10
MM, 15, 11, 10
MM, 14, 11, 10
MM, 14, 12, 10
MM, 14, 12, 10
MM, 13, 12, 10
MM, 13, 12, 10
MM, 13, 13, 10
MC, 1, 111
MM, 11, 13, 1653
MM, 7, 13, 10
MM, 660, 584, 10
MM, 19, 13, 10
MM, 25, 13, 10
MM, 34, 13, 10
MM, 539, 592, 11
MM, 2, 26, 9
MM, 12, 30, 10
MM, 451, 604, 11
MM, 431, 606, 10
MM, 9, 0, 10
MM, 2, 1, 10
MM, 407, 609, 10
MM, 404, 609, 10
MM, 403, 609, 10
MM, 403, 609, 10
MM, 32, 1, 200
MM, 28, 1, 10
MM, 25, 1, 10
MM, 20, 1, 10
MM, 383, 607, 10
MM, 379, 605, 10
MM, 374, 603, 10
MM, 370, 602, 10
MM, 30, 30, 10
MM, 28, 29, 10
MM, 26, 28, 10
MM, 25, 28, 10
MM, 24, 27, 10
MM, 24, 27, 10
MM, 23, 27, 10
MM, 23, 27, 10
MM, 23, 27, 11
MM, 22, 27, 10
MM, 22, 27, 10
MM, 22, 26, 10
MM, 22, 26, 10
MM, 22, 26, 10
MM, 22, 26, 10
MM, 22, 25, 10
MM, 22, 25, 10
MM, 22, 25, 10
MC, 1, 120
MM, 28, 25, 100
MM, 378, 596, 10
MM, 19, 25, 10
MM, 418, 596, 10
MM, 14, 25, 10
MM, 28, 25, 10
MM, 461, 596, 10
MM, 10, 25, 10
MM, 21, 26, 10
MM, 30, 27, 10
MM, 0, 27, 10
MM, 6, 28, 11
MM, 11, 28, 9
MM, 14, 29, 11
MM, 17, 29, 9
MM, 19, 29, 11
MM, 20, 30, 10
MM, 21, 30, 10
MM, 22, 30, 10
MM, 23, 30, 10
MM, 25, 30, 10
MM, 26, 30, 10
MM, 529, 602, 10
MM, 530, 602, 10
MM, 532, 602, 10
MM, 533, 602, 10
MM, 533, 603, 10
MM, 534, 603, 10
MM, 535, 603, 10
MM, 535, 604, 10
MM, 535, 604, 10
MM, 536, 604, 10
MM, 536, 604, 10
MM, 536, 604, 10
MM, 536, 604, 10
MM, 537, 604, 10
MM, 537, 604, 10
MM, 537, 604, 10
MM, 537, 604, 10
MM, 538, 604, 10
MM, 538, 605, 10
MM, 539, 606, 10
MM, 539, 607, 10
MM, 8, 0, 10
MM, 9, 1, 10
MM, 10, 2, 10
MM, 11, 3, 10
MM, 12, 4, 10
MM, 13, 5, 10
MM, 14, 6, 10
MM, 15, 7, 10
MM, 16, 8, 10
MM, 17, 9, 10
MM, 18, 10, 10
MM, 19, 10, 10
MM, 19, 11, 11
MM, 20, 11, 10
MM, 20, 12, 9
MM, 21, 12, 11
MM, 21, 12, 10
MM, 21, 12, 10
MM, 22, 12, 10
MC, 1, 100
MM, 18, 11, 160
MM, 14, 9, 10
MM, 8, 4, 10
MM, 3, 1, 10
MM, 529, 605, 10
MM, 23, 30, 10
MM, 18, 27, 10
MM, 12, 23, 10
MM, 7, 20, 10
MM, 3, 16, 10
MM, 499, 584, 10
MM, 496, 581, 10
MM, 29, 8, 10
MM, 26, 5, 10
MM, 24, 3, 11
MM, 21, 1, 10
MM, 481, 570, 10
MM, 479, 568, 10
MM, 477, 567, 10
MM, 474, 565, 10
MM, 15, 30, 10
MM, 12, 29, 10
MM, 9, 28, 10
MM, 7, 27, 10
MM, 5, 26, 10
MM, 3, 26, 10
MM, 0, 25, 10
MM, 456, 559, 10
MM, 454, 558, 10
MM, 452, 558, 10
MM, 451, 558, 10
MM, 35, 24, 10
MM, 33, 23, 10
MM, 32, 23, 10
MM, 31, 23, 10
MM, 30, 23, 10
MM, 29, 23, 10
MM, 27, 22, 10
MM, 26, 22, 10
MM, 25, 22, 10
MM, 23, 22, 10
MM, 22, 22, 10
MM, 21, 22, 10
MM, 20, 21, 10
MM, 19, 21, 10
MM, 18, 21, 10
MM, 18, 21, 10
MM, 17, 20, 10
MC, 1, 91
MM, 18, 20, 90
MM, 23, 20, 10
MM, 34, 20, 10
MM, 2, 20, 10
MM, 11, 20, 10
MM, 19, 20, 10
MM, 26, 20, 10
MM, 31, 20, 10
MM, 492, 554, 10
MM, 0, 20, 10
MM, 3, 20, 10
MM, 5, 20, 10
MM, 7, 20, 10
MM, 9, 20, 10
MM, 10, 20, 10
MM, 11, 20, 10
MM, 12, 20, 10
MM, 13, 20, 10
MM, 14, 20, 10
MM, 15, 20, 10
MM, 15, 20, 10
MM, 17, 20, 10
MM, 18, 20, 10
MM, 19, 20, 10
MM, 20, 20, 10
MM, 21, 20, 10
MM, 22, 20, 10
MM, 23, 20, 10
MM, 24, 20, 10
MM, 25, 20, 10
MM, 26, 20, 10
MM, 27, 20, 10
MM, 27, 20, 10
MM, 28, 20, 10
MM, 28, 20, 10
MM, 29, 20, 10
MM, 29, 20, 10
MM, 29, 20, 41
MM, 29, 20, 10
MM, 29, 20, 10
MM, 29, 19, 10
MM, 29, 19, 10
MC, 1, 70
MM, 29, 21, 531
MM, 29, 25, 10
MM, 29, 30, 10
MM, 525, 570, 10
MM, 24, 6, 10
MM, 24, 17, 10
MM, 24, 29, 10
MM, 35, 1, 10
MM, 35, 8, 10
MM, 35, 13, 10
MM, 35, 16, 10
MM, 35, 19, 10
MM, 35, 20, 10
MM, 35, 22, 10
MM, 35, 24, 10
MM, 35, 26, 10
MM, 35, 28, 10
MM, 35, 29, 10
MM, 525, 639, 10
MM, 525, 641, 10
MM, 525, 643, 10
MM, 121, 1, 10
MM, 121, 2, 10
MM, 121, 4, 10
MM, 121, 5, 11
MM, 121, 7, 9
MM, 121, 8, 11
MM, 121, 9, 10
MM, 121, 10, 10
MM, 121, 10, 10
MM, 121, 11, 10
MM, 121, 11, 10
MM, 121, 11, 10
MM, 121, 12, 10
MM, 121, 12, 10
MM, 121, 12, 10
MM, 121, 13, 12
MM, 121, 13, 8
MM, 121, 13, 10
MM, 121, 13, 10
MC, 1, 80
MM, 121, 13, 60
MM, 121, 12, 211
MM, 121, 7, 10
MM, 525, 641, 10
MM, 35, 23, 10
MM, 35, 14, 10
MM, 35, 7, 10
MM, 35, 2, 10
MM, 525, 604, 10
MM, 23, 28, 10
MM, 22, 23, 10
MM, 21, 19, 10
MM, 20, 16, 10
MM, 19, 13, 10
MM, 19, 11, 10
MM, 18, 9, 10
MM, 18, 8, 10
MM, 17, 6, 10
MM, 17, 5, 10
MM, 17, 3, 10
MM, 17, 2, 10
MM, 16, 0, 10
MM, 517, 570, 10
MM, 516, 569, 10
MM, 516, 567, 10
MM, 516, 566, 10
MM, 19, 30, 10
MM, 19, 29, 10
MM, 19, 28, 10
MM, 18, 26, 10
MM, 18, 25, 10
MM, 18, 24, 10
MM, 17, 23, 10
MM, 17, 22, 10
MM, 16, 21, 10
MM, 16, 20, 10
MM, 16, 19, 10
MM, 15, 17, 10
MM, 15, 16, 10
MM, 14, 15, 11
MM, 14, 14, 9
MM, 14, 14, 11
MC, 1, 110
MM, 14, 14, 80
MM, 14, 16, 10
MM, 16, 18, 10
MM, 20, 21, 10
MM, 26, 24, 10
MM, 31, 27, 10
MM, 532, 563, 10
MM, 536, 565, 10
MM, 540, 567, 10
MM, 543, 569, 10
MM, 4, 0, 10
MM, 6, 2, 10
MM, 8, 4, 10
MM, 10, 5, 10
MM, 12, 6, 10
MM, 13, 7, 10
MM, 14, 7, 10
MM, 15, 8, 10
MM, 16, 9, 10
MM, 16, 9, 10
MM, 17, 9, 10
MM, 17, 10, 10
MM, 18, 10, 10
MM, 18, 10, 10
MM, 18, 10, 10
MM, 18, 10, 11
MC, 1, 100
MM, 17, 10, 140
MM, 9, 10, 10
MM, 35, 10, 10
MM, 20, 10, 10
MM, 9, 10, 10
MM, 499, 581, 10
MM, 25, 10, 10
MM, 16, 9, 10
MM, 7, 9, 10
MM, 0, 8, 10
MM, 457, 578, 10
MM, 31, 7, 10
MM, 26, 7, 10
MM, 22, 7, 10
MM, 19, 7, 10
MM, 16, 6, 10
MM, 13, 6, 10
MM, 10, 6, 10
MM, 8, 6, 11
MM, 6, 5, 9
MM, 4, 5, 10
MM, 1, 5, 10
MM, 420, 576, 10
MM, 418, 575, 11
MM, 416, 575, 10
MM, 34, 4, 10
MM, 32, 4, 10
MM, 30, 4, 10
MM, 27, 4, 10
MM, 24, 4, 10
MM, 22, 4, 10
MM, 19, 4, 10
MM, 16, 4, 10
MM, 13, 4, 10
MM, 10, 4, 10
MM, 8, 4, 10
MM, 6, 4, 10
MM, 3, 4, 10
MM, 0, 4, 10
MM, 378, 575, 10
MM, 375, 575, 10
MM, 35, 4, 10
MM, 33, 4, 10
MM, 31, 4, 10
MM, 29, 4, 10
MM, 27, 4, 10
MM, 26, 4, 10
MM, 25, 4, 10
MM, 24, 4, 10
MM, 23, 4, 10
MM, 22, 4, 10
MM, 22, 4, 10
MM, 21, 4, 10
MM, 20, 4, 10
MM, 19, 4, 10
MM, 18, 4, 10
MM, 18, 4, 10
MM, 17, 4, 10
MC, 1, 120
MM, 17, 5, 81
MM, 18, 5, 10
MM, 23, 5, 10
MM, 30, 5, 10
MM, 376, 576, 10
MM, 4, 5, 10
MM, 10, 5, 10
MM, 16, 5, 10
MM, 22, 5, 10
MM, 28, 5, 10
MM, 32, 5, 10
MM, 416, 576, 10
MM, 419, 576, 10
MM, 2, 5, 10
MM, 5, 3, 10
MM, 7, 2, 10
MM, 9, 2, 10
MM, 11, 1, 10
MM, 14, 1, 10
MM, 16, 0, 10
MM, 439, 570, 10
MM, 441, 570, 10
MM, 444, 569, 10
MM, 446, 569, 10
MM, 448, 568, 10
MM, 449, 568, 10
MM, 450, 567, 10
MM, 452, 567, 10
MM, 453, 566, 10
MM, 454, 566, 10
MM, 456, 565, 10
MM, 457, 565, 10
MM, 2, 30, 10
MM, 3, 29, 10
MM, 5, 28, 10
MM, 8, 27, 10
MM, 11, 26, 11
MM, 13, 25, 10
MM, 16, 24, 10
MM, 19, 23, 10
MM, 21, 22, 10
MM, 23, 21, 10
MM, 25, 20, 10
MM, 27, 20, 10
MM, 29, 19, 10
MM, 30, 19, 10
MM, 31, 18, 10
MM, 32, 18, 10
MM, 490, 552, 10
MM, 491, 551, 10
MM, 492, 551, 10
MM, 492, 551, 10
MM, 493, 551, 10
MM, 493, 551, 10
MM, 494, 550, 10
MM, 495, 550, 10
MM, 0, 16, 10
MM, 0, 16, 10
MM, 1, 15, 10
MM, 2, 15, 10
MM, 4, 15, 10
MM, 4, 15, 10
MM, 5, 14, 10
MM, 6, 14, 10
MM, 6, 14, 10
MM, 7, 14, 10
MM, 7, 14, 10
MM, 7, 14, 10
MM, 8, 14, 10
MM, 8, 14, 10
MM, 8, 14, 10
MM, 8, 14, 10
MM, 9, 14, 10
MM, 9, 14, 10
MM, 9, 13, 10
MM, 9, 13, 10
MM, 10, 13, 10
MM, 10, 13, 10
MC, 1, 121
MM, 10, 13, 40
MM, 10, 13, 10
MM, 10, 13, 10
MM, 10, 15, 200
MM, 10, 19, 10
MM, 10, 26, 10
MM, 5, 6, 10
MM, 6, 19, 10
MM, 7, 29, 10
MM, 510, 607, 10
MM, 21, 4, 10
MM, 21, 7, 10
MM, 22, 9, 10
MM, 22, 10, 10
MM, 22, 12, 11
MM, 22, 13, 9
MM, 23, 16, 11
MM, 23, 18, 10
MM, 23, 21, 10
MM, 23, 23, 10
MM, 23, 25, 10
MM, 24, 27, 10
MM, 24, 29, 10
MM, 514, 639, 10
MM, 514, 641, 10
MM, 514, 642, 10
MM, 514, 644, 10
MM, 110, 0, 10
MM, 110, 1, 10
MM, 110, 2, 10
MM, 111, 3, 10
MM, 111, 4, 10
MM, 111, 5, 10
MM, 111, 7, 10
MM, 112, 8, 10
MM, 112, 9, 10
MM, 112, 9, 10
MM, 112, 11, 10
MM, 112, 12, 10
MM, 112, 13, 10
MM, 112, 14, 10
MM, 113, 15, 10
MM, 113, 15, 10
MM, 113, 16, 10
MM, 113, 16, 10
MM, 113, 16, 10
MM, 113, 17, 10
MM, 113, 17, 10
MM, 113, 17, 10
MM, 113, 17, 10
MC, 1, 141
MM, 115, 14, 290
MM, 119, 10, 10
MM, 123, 5, 10
MM, 127, 1, 10
MM, 534, 643, 10
MM, 537, 639, 10
MM, 9, 27, 10
MM, 12, 23, 10
MM, 15, 20, 10
MM, 18, 16, 10
MM, 21, 12, 11
MM, 24, 9, 10
MM, 26, 5, 9
MM, 28, 3, 10
MM, 30, 1, 11
MM, 563, 607, 9
MM, 565, 605, 10
MM, 566, 604, 11
MM, 567, 602, 10
MM, 26, 29, 10
MM, 27, 27, 10
MM, 29, 25, 10
MM, 31, 22, 10
MM, 33, 19, 10
MM, 579, 587, 10
MM, 581, 584, 10
MM, 584, 581, 10
MM, 1, 7, 10
MM, 4, 4, 10
MM, 8, 1, 10
MM, 596, 570, 10
MM, 599, 568, 10
MM, 601, 566, 10
MM, 603, 565, 10
MM, 30, 30, 10
MM, 32, 29, 10
MM, 34, 28, 10
MM, 611, 561, 10
MM, 612, 560, 10
MM, 613, 560, 10
MM, 615, 559, 10
MM, 616, 558, 10
MM, 0, 24, 10
MM, 1, 23, 10
MM, 2, 23, 10
MM, 3, 23, 10
MM, 5, 23, 10
MM, 5, 22, 10
MM, 6, 22, 10
MM, 7, 21, 10
MM, 8, 21, 11
MM, 9, 20, 9
MM, 10, 20, 10
MM, 10, 20, 10
MM, 11, 20, 10
MM, 11, 20, 10
MM, 11, 19, 30
MC, 1, 91
MM, 11, 19, 50
MM, 5, 20, 170
MM, 611, 555, 10
MM, 14, 25, 10
MM, 29, 28, 10
MM, 542, 565, 10
MM, 521, 570, 10
MM, 3, 3, 10
MM, 26, 6, 10
MM, 14, 8, 10
MM, 4, 10, 10
MM, 461, 582, 10
MM, 35, 11, 10
MM, 33, 12, 10
MM, 31, 12, 10
MM, 30, 12, 11
MM, 29, 12, 9
MM, 28, 13, 11
MM, 27, 13, 10
MM, 26, 13, 9
MM, 25, 14, 11
MM, 23, 14, 10
MM, 22, 15, 10
MM, 20, 16, 10
MM, 18, 16, 10
MM, 16, 17, 10
MM, 15, 18, 10
MM, 13, 18, 10
MM, 12, 19, 10
MM, 10, 19, 10
MM, 9, 20, 10
MM, 8, 20, 10
MM, 6, 20, 10
MM, 5, 21, 10
MM, 4, 21, 10
MM, 2, 22, 10
MM, 1, 22, 10
MM, 420, 593, 10
MM, 419, 593, 10
MM, 417, 593, 10
MM, 34, 22, 10
MM, 32, 22, 10
MM, 29, 22, 10
MM, 27, 22, 10
MM, 25, 22, 10
MM, 23, 22, 10
MM, 21, 22, 10
MM, 19, 22, 10
MM, 18, 22, 10
MM, 16, 22, 10
MM, 15, 22, 10
MM, 14, 21, 10
MM, 13, 20, 10
MM, 12, 20, 10
MC, 1, 101
MM, 17, 20, 260
MM, 26, 20, 10
MM, 0, 22, 10
MM, 13, 28, 10
MM, 445, 606, 10
MM, 5, 4, 10
MM, 15, 11, 10
MM, 23, 16, 10
MM, 28, 20, 10
MM, 32, 23, 10
MM, 484, 632, 10
MM, 485, 634, 10
MM, 486, 634, 10
MM, 487, 635, 10
MM, 488, 636, 10
MM, 489, 637, 10
MM, 0, 29, 10
MM, 0, 30, 10
MM, 1, 30, 10
MM, 492, 639, 10
MM, 492, 640, 11
MM, 493, 641, 9
MM, 493, 642, 10
MM, 494, 642, 11
MM, 495, 643, 10
MM, 495, 644, 10
MM, 92, 0, 10
MM, 93, 1, 10
MM, 94, 2, 10
MM, 94, 4, 10
MM, 95, 5, 10
MM, 95, 5, 10
MM, 96, 6, 10
MM, 96, 6, 10
MM, 96, 7, 10
MM, 96, 8, 10
MM, 96, 8, 10
MC, 1, 90
MM, 97, 8, 210
MM, 100, 8, 10
MM, 106, 8, 11
MM, 110, 8, 10
MM, 115, 7, 10
MM, 118, 7, 10
MM, 121, 6, 10
MM, 123, 5, 10
MM, 125, 5, 10
MM, 126, 4, 10
MM, 127, 3, 10
MM, 128, 3, 10
MM, 129, 3, 10
MM, 130, 3, 10
MM, 130, 2, 10
MM, 131, 2, 10
MM, 131, 2, 10
MM, 132, 2, 10
MM, 132, 1, 10
MM, 133, 0, 10
MM, 134, 0, 10
MM, 539, 644, 10
MM, 540, 643, 10
MM, 542, 641, 10
MM, 543, 640, 10
MM, 545, 639, 10
MM, 14, 29, 10
MM, 15, 28, 10
MM, 16, 27, 10
MM, 17, 26, 10
MM, 18, 25, 10
MM, 19, 25, 10
MM, 19, 24, 10
MM, 20, 24, 10
MM, 20, 23, 10
MM, 20, 23, 10
MM, 20, 22, 10
MM, 20, 21, 10
MM, 20, 21, 10
MM, 20, 20, 10
MM, 20, 20, 11
MC, 1, 89
MM, 20, 20, 31
MM, 20, 19, 20
MM, 20, 19, 10
MM, 21, 19, 10
MM, 22, 18, 10
MM, 24, 17, 10
MM, 28, 15, 10
MM, 32, 13, 10
MM, 570, 619, 10
MM, 1, 8, 10
MM, 6, 6, 10
MM, 11, 4, 10
MM, 15, 2, 10
MM, 18, 0, 10
MM, 596, 606, 10
MM, 599, 604, 10
MM, 18, 30, 10
MM, 22, 28, 10
MM, 26, 25, 10
MM, 30, 23, 10
MM, 619, 591, 10
MM, 1, 17, 10
MM, 5, 14, 10
MM, 9, 10, 10
MM, 13, 5, 10
MM, 17, 0, 10
MM, 643, 567, 10
MM, 28, 30, 10
MM, 30, 28, 10
MM, 649, 560, 10
MM, 650, 559, 10
MM, 651, 558, 10
MM, 651, 558, 10
MM, 652, 557, 10
MM, 652, 557, 10
MM, 653, 556, 10
MM, 653, 556, 10
MM, 653, 556, 10
MM, 0, 22, 10
MM, 0, 21, 10
MM, 0, 21, 10
MM, 0, 21, 10
MM, 1, 20, 11
MM, 1, 20, 10
MM, 2, 20, 10
MM, 3, 19, 10
MM, 4, 19, 10
MM, 5, 18, 10
MM, 6, 18, 10
MM, 6, 18, 10
MM, 7, 17, 10
MM, 8, 17, 10
MM, 9, 17, 10
MM, 9, 16, 10
MM, 9, 16, 10
MM, 10, 16, 10
MM, 10, 16, 40
MC, 1, 90
MM, 10, 16, 20
MM, 10, 15, 10
MM, 10, 15, 10
MM, 10, 15, 10
MM, 10, 15, 10
MM, 10, 14, 10
MM, 8, 14, 10
MM, 6, 14, 10
MM, 4, 14, 10
MM, 0, 14, 10
MM, 649, 548, 10
MM, 26, 14, 10
MM, 20, 14, 10
MM, 14, 14, 10
MM, 8, 14, 11
MM, 2, 14, 9
MM, 613, 548, 10
MM, 33, 14, 10
MM, 29, 14, 11
MM, 24, 14, 10
MM, 20, 14, 10
MM, 16, 14, 10
MM, 13, 14, 10
MM, 9, 14, 10
MM, 5, 14, 10
MM, 1, 14, 10
MM, 573, 548, 10
MM, 569, 548, 10
MM, 30, 14, 10
MM, 26, 14, 10
MM, 23, 14, 10
MM, 18, 14, 10
MM, 15, 14, 10
MM, 11, 14, 10
MM, 8, 14, 10
MM, 4, 14, 10
MM, 1, 14, 10
MM, 532, 548, 10
MM, 529, 548, 10
MM, 30, 14, 10
MM, 28, 14, 10
MM, 25, 14, 10
MM, 23, 14, 10
MM, 22, 14, 10
MM, 20, 14, 10
MM, 19, 14, 10
MM, 18, 14, 10
MM, 17, 14, 10
MM, 17, 14, 10
MM, 16, 14, 10
MM, 16, 14, 10
MM, 15, 14, 10
MM, 15, 14, 10
MM, 14, 14, 10
MM, 14, 14, 10
MM, 14, 14, 10
MM, 14, 14, 10
MC, 1, 91
MM, 14, 18, 240
MM, 511, 566, 10
MM, 11, 17, 10
MM, 12, 30, 10
MM, 24, 5, 10
MM, 24, 16, 10
MM, 26, 28, 10
MM, 112, 2, 10
MM, 113, 10, 10
MM, 113, 17, 10
MM, 113, 22, 10
MM, 113, 26, 10
MM, 113, 28, 10
MM, 113, 29, 10
MM, 113, 30, 10
MM, 517, 676, 10
MM, 517, 676, 10
MM, 517, 677, 10
MM, 517, 677, 11
MM, 517, 678, 10
MM, 517, 678, 9
MM, 517, 678, 11
MM, 517, 679, 10
MM, 517, 679, 9
MM, 517, 679, 11
MM, 517, 677, 180
MM, 113, 30, 10
MM, 114, 27, 10
MM, 114, 25, 10
MM, 114, 23, 10
MM, 114, 21, 10
MM, 114, 20, 10
MM, 114, 19, 10
MM, 114, 18, 10
MM, 114, 17, 10
MM, 114, 17, 10
MM, 114, 16, 10
MC, 1, 110
MM, 114, 16, 241
MM, 115, 14, 10
MM, 116, 13, 10
MM, 118, 11, 10
MM, 119, 10, 10
MM, 120, 8, 10
MM, 122, 6, 10
MM, 123, 5, 10
MM, 124, 3, 10
MM, 125, 2, 10
MM, 126, 1, 10
MM, 531, 644, 10
MM, 532, 644, 10
MM, 533, 643, 10
MM, 533, 642, 10
MM, 534, 641, 10
MM, 534, 640, 10
MM, 535, 640, 10
MM, 536, 639, 10
MM, 5, 30, 10
MM, 6, 30, 10
MM, 7, 29, 10
MM, 8, 28, 10
MM, 9, 27, 11
MM, 10, 26, 9
MM, 11, 25, 11
MM, 12, 24, 10
MM, 14, 23, 10
MM, 15, 22, 10
MM, 15, 22, 10
MM, 16, 21, 10
MM, 17, 20, 10
MM, 18, 19, 10
MM, 18, 19, 10
MM, 18, 18, 10
MC, 1, 80
MM, 18, 18, 50
MM, 18, 18, 170
MM, 12, 18, 10
MM, 1, 18, 10
MM, 29, 15, 10
MM, 17, 11, 10
MM, 5, 8, 10
MM, 486, 612, 11
MM, 25, 1, 10
MM, 466, 606, 10
MM, 459, 604, 10
MM, 452, 602, 10
MM, 25, 29, 10
MM, 19, 28, 10
MM, 15, 27, 10
MM, 11, 26, 10
MM, 8, 26, 10
MM, 4, 26, 10
MM, 1, 25, 10
MM, 420, 596, 10
MM, 417, 596, 10
MM, 416, 595, 10
MM, 34, 24, 10
MM, 33, 24, 10
MM, 31, 23, 10
MM, 30, 23, 10
MM, 28, 23, 10
MM, 27, 23, 10
MM, 25, 22, 10
MM, 24, 22, 10
MM, 22, 22, 10
MM, 21, 22, 10
MM, 19, 21, 10
MM, 16, 21, 10
MM, 14, 21, 10
MM, 11, 21, 10
MM, 9, 20, 10
MM, 6, 20, 10
MM, 4, 20, 10
MM, 1, 19, 10
MM, 379, 590, 10
MM, 376, 590, 10
MM, 375, 590, 10
MM, 35, 19, 10
MM, 33, 19, 10
MM, 31, 19, 10
MM, 30, 19, 10
MM, 28, 19, 10
MM, 27, 19, 10
MM, 26, 18, 11
MM, 25, 18, 9
MM, 24, 18, 10
MC, 1, 121
MM, 29, 18, 80
MM, 378, 589, 10
MM, 18, 18, 10
MM, 416, 589, 10
MM, 13, 18, 10
MM, 31, 20, 10
MM, 6, 22, 10
MM, 19, 24, 10
MM, 30, 25, 10
MM, 0, 26, 10
MM, 8, 27, 10
MM, 14, 28, 10
MM, 20, 29, 10
MM, 25, 29, 10
MM, 31, 30, 10
MM, 35, 30, 10
MM, 540, 602, 10
MM, 543, 602, 10
MM, 547, 602, 10
MM, 549, 603, 10
MM, 551, 603, 12
MM, 553, 604, 8
MM, 555, 604, 10
MM, 556, 604, 10
MM, 558, 605, 11
MM, 559, 605, 10
MM, 560, 605, 10
MM, 562, 606, 9
MM, 563, 606, 10
MM, 564, 606, 11
MM, 566, 607, 10
MM, 567, 607, 10
MM, 568, 608, 10
MM, 569, 608, 10
MM, 570, 608, 10
MM, 571, 609, 10
MM, 572, 610, 10
MM, 0, 2, 10
MM, 1, 3, 10
MM, 2, 4, 10
MM, 3, 5, 10
MM, 4, 6, 10
MM, 5, 6, 10
MM, 7, 7, 10
MM, 8, 8, 10
MM, 9, 9, 10
MM, 10, 10, 10
MM, 11, 10, 10
MM, 12, 11, 10
MM, 13, 12, 10
MM, 14, 13, 10
MM, 15, 13, 10
MM, 16, 14, 10
MM, 17, 15, 10
MM, 18, 15, 10
MM, 20, 16, 10
MM, 20, 16, 10
MM, 21, 16, 10
MM, 21, 17, 10
MM, 22, 17, 10
MM, 22, 17, 10
MC, 1, 90
MM, 20, 17, 221
MM, 15, 16, 10
MM, 6, 11, 10
MM, 571, 613, 10
MM, 561, 607, 10
MM, 551, 602, 10
MM, 0, 27, 10
MM, 33, 24, 10
MM, 26, 21, 10
MM, 20, 18, 10
MM, 15, 16, 10
MM, 11, 14, 10
MM, 7, 12, 10
MM, 4, 11, 10
MM, 1, 9, 10
MM, 499, 579, 10
MM, 496, 577, 10
MM, 31, 5, 10
MM, 28, 3, 10
MM, 26, 2, 10
MM, 25, 0, 10
MM, 486, 570, 10
MM, 484, 568, 10
MM, 483, 567, 10
MM, 481, 565, 10
MM, 22, 29, 10
MM, 21, 28, 10
MM, 19, 27, 10
MM, 18, 25, 10
MM, 16, 24, 10
MM, 14, 23, 11
MM, 13, 22, 10
MM, 11, 21, 10
MM, 9, 21, 10
MM, 7, 20, 10
MM, 5, 19, 10
MM, 3, 18, 10
MM, 2, 18, 10
MM, 0, 17, 10
MM, 455, 550, 10
MM, 453, 550, 10
MM, 451, 549, 10
MM, 35, 14, 10
MM, 33, 14, 10
MM, 32, 13, 10
MM, 30, 13, 10
MM, 29, 13, 10
MM, 28, 13, 10
MM, 27, 12, 10
MM, 26, 12, 10
MM, 25, 12, 10
MM, 25, 12, 10
MM, 24, 12, 10
MM, 24, 12, 10
MM, 23, 12, 10
MM, 23, 11, 10
MM, 22, 11, 10
MC, 1, 141
MM, 22, 13, 160
MM, 22, 18, 10
MM, 22, 23, 10
MM, 22, 29, 10
MM, 437, 567, 10
MM, 437, 570, 10
MM, 16, 2, 10
MM, 16, 3, 10
MM, 16, 5, 10
MM, 16, 6, 10
MM, 16, 7, 10
MM, 16, 7, 10
MM, 16, 8, 10
MM, 16, 8, 10
MM, 16, 8, 10
MC, 1, 100
MM, 16, 9, 241
MM, 16, 9, 10
MM, 16, 11, 10
MM, 17, 13, 10
MM, 19, 16, 10
MM, 21, 19, 10
MM, 23, 24, 10
MM, 26, 30, 10
MM, 449, 605, 10
MM, 1, 1, 10
MM, 2, 4, 10
MM, 4, 6, 10
MM, 5, 8, 10
MM, 6, 10, 10
MM, 7, 11, 10
MM, 8, 12, 10
MM, 9, 13, 10
MM, 9, 14, 10
MM, 10, 15, 10
MM, 10, 16, 10
MM, 11, 17, 10
MM, 12, 19, 10
MM, 13, 20, 10
MM, 13, 21, 10
MM, 14, 23, 10
MM, 15, 24, 10
MM, 15, 26, 10
MM, 16, 27, 11
MM, 17, 28, 9
MM, 17, 30, 10
MM, 468, 640, 10
MM, 469, 641, 10
MM, 469, 643, 11
MM, 470, 644, 10
MM, 66, 0, 9
MM, 67, 1, 11
MM, 67, 2, 9
MM, 67, 2, 11
MM, 67, 3, 10
MM, 68, 4, 10
MM, 68, 4, 10
MM, 68, 5, 10
MM, 68, 6, 10
MM, 69, 6, 10
MM, 69, 7, 10
MM, 69, 7, 10
MM, 69, 8, 10
MM, 69, 8, 10
MM, 69, 9, 10
MM, 69, 10, 10
MM, 69, 10, 10
MM, 69, 11, 10
MM, 69, 11, 10
MM, 69, 11, 10
MM, 69, 12, 10
MM, 70, 12, 10
MM, 70, 13, 10
MM, 70, 13, 10
MM, 70, 14, 10
MM, 70, 14, 10
MM, 70, 15, 10
MM, 71, 16, 10
MM, 71, 17, 10
MM, 71, 18, 10
MM, 71, 18, 10
MM, 71, 19, 10
MM, 71, 19, 10
MM, 71, 20, 10
MM, 71, 20, 10
MM, 71, 20, 10
MM, 71, 20, 10
MM, 71, 21, 10
MM, 71, 21, 10
MC, 1, 111
MM, 68, 21, 240
MM, 63, 21, 10
MM, 57, 19, 10
MM, 50, 16, 10
MM, 44, 13, 10
MM, 38, 10, 10
MM, 32, 7, 10
MM, 27, 4, 10
MM, 22, 1, 10
MM, 422, 642, 10
MM, 418, 639, 10
MM, 6, 27, 10
MM, 3, 24, 10
MM, 0, 21, 10
MM, 406, 626, 10
MM, 404, 623, 11
MM, 33, 13, 9
MM, 31, 11, 11
MM, 29, 9, 10
MM, 28, 7, 10
MM, 27, 6, 9
MM, 26, 5, 11
MM, 25, 4, 10
MM, 24, 3, 10
MM, 23, 2, 10
MM, 22, 1, 10
MM, 21, 0, 10
MM, 390, 606, 10
MM, 389, 605, 10
MM, 388, 604, 10
MM, 387, 602, 10
MM, 6, 30, 10
MM, 5, 29, 10
MM, 4, 27, 10
MM, 2, 25, 10
MM, 1, 24, 10
MM, 379, 593, 10
MM, 378, 592, 10
MM, 376, 590, 10
MM, 374, 589, 10
MM, 35, 17, 10
MM, 33, 15, 10
MM, 31, 15, 10
MM, 29, 14, 10
MM, 28, 13, 10
MM, 27, 13, 10
MM, 26, 12, 10
MM, 25, 11, 10
MM, 24, 11, 10
MM, 23, 11, 10
MM, 22, 11, 10
MC, 1, 121
MM, 24, 11, 80
MM, 31, 11, 10
MM, 2, 11, 10
MM, 14, 11, 10
MM, 27, 11, 10
MM, 418, 582, 10
MM, 7, 11, 10
MM, 15, 11, 10
MM, 22, 11, 10
MM, 27, 11, 10
MM, 32, 11, 10
MM, 458, 582, 10
MM, 462, 582, 10
MM, 1, 11, 10
MM, 3, 11, 10
MM, 5, 11, 10
MM, 6, 11, 10
MM, 7, 11, 10
MM, 8, 11, 10
MM, 9, 11, 10
MM, 10, 11, 10
MM, 11, 11, 10
MM, 11, 11, 10
MM, 12, 11, 10
MM, 12, 11, 10
MM, 13, 11, 10
MM, 13, 11, 10
MM, 14, 11, 10
MM, 14, 11, 10
MM, 15, 11, 10
MM, 16, 11, 10
MM, 16, 11, 10
MM, 17, 11, 10
MM, 18, 11, 11
MM, 19, 11, 9
MM, 19, 11, 10
MM, 19, 11, 10
MC, 1, 91
MM, 20, 11, 60
MM, 20, 11, 10
MM, 20, 11, 10
MM, 20, 11, 10
MM, 21, 11, 10
MM, 21, 11, 10
MM, 22, 10, 10
MM, 22, 9, 10
MM, 23, 8, 10
MM, 24, 7, 10
MM, 25, 5, 10
MM, 27, 3, 10
MM, 29, 2, 10
MM, 493, 570, 10
MM, 495, 568, 10
MM, 497, 566, 10
MM, 3, 30, 10
MM, 4, 29, 10
MM, 6, 27, 10
MM, 7, 26, 10
MM, 8, 25, 10
MM, 9, 24, 10
MM, 10, 23, 10
MM, 11, 22, 10
MM, 12, 22, 10
MM, 12, 21, 10
MM, 13, 21, 10
MM, 13, 21, 10
MM, 14, 20, 11
MM, 14, 20, 9
MM, 14, 20, 10
MM, 14, 20, 11
MM, 14, 19, 9
MC, 1, 101
MM, 14, 19, 30
MM, 12, 19, 50
MM, 8, 19, 10
MM, 2, 19, 10
MM, 492, 553, 10
MM, 29, 19, 10
MM, 23, 19, 10
MM, 16, 19, 10
MM, 10, 19, 10
MM, 4, 19, 10
MM, 0, 19, 10
MM, 452, 554, 10
MM, 34, 20, 10
MM, 31, 21, 10
MM, 28, 21, 10
MM, 26, 21, 10
MM, 25, 22, 10
MM, 24, 22, 10
MM, 23, 22, 10
MM, 22, 22, 10
MM, 21, 22, 10
MM, 20, 22, 10
MM, 19, 22, 10
MM, 18, 22, 10
MM, 17, 22, 10
MM, 16, 22, 10
MM, 15, 22, 10
MM, 14, 22, 10
MM, 13, 22, 11
MM, 13, 22, 9
MM, 12, 22, 10
MM, 12, 22, 11
MC, 1, 110
MM, 13, 22, 90
MM, 17, 22, 10
MM, 22, 22, 10
MM, 27, 22, 10
MM, 31, 22, 10
MM, 35, 22, 10
MM, 453, 556, 10
MM, 456, 556, 10
MM, 2, 22, 10
MM, 5, 22, 10
MM, 7, 22, 10
MM, 9, 22, 10
MM, 10, 22, 10
MM, 12, 22, 10
MM, 13, 22, 10
MM, 14, 22, 10
MM, 14, 22, 10
MM, 14, 22, 10
MM, 15, 22, 10
MC, 1, 101
MM, 14, 22, 250
MM, 14, 22, 10
MM, 14, 22, 10
MM, 13, 24, 10
MM, 13, 28, 10
MM, 470, 568, 10
MM, 7, 4, 10
MM, 7, 12, 10
MM, 7, 19, 10
MM, 7, 24, 10
MM, 7, 28, 10
MM, 7, 30, 10
MM, 470, 603, 10
MM, 470, 604, 10
MM, 470, 606, 10
MM, 20, 0, 10
MM, 20, 2, 10
MM, 20, 4, 11
MM, 20, 6, 9
MM, 20, 8, 11
MM, 20, 10, 10
MM, 20, 12, 9
MM, 20, 15, 11
MM, 20, 17, 10
MM, 20, 19, 10
MM, 20, 21, 10
MM, 20, 22, 10
MM, 20, 24, 10
MM, 20, 25, 10
MM, 20, 26, 10
MM, 20, 27, 10
MM, 20, 28, 10
MM, 20, 29, 10
MM, 20, 30, 10
MM, 470, 639, 10
MM, 470, 639, 10
MM, 470, 640, 10
MM, 470, 640, 10
MM, 470, 641, 10
MM, 470, 642, 10
MM, 470, 642, 10
MM, 470, 642, 10
MM, 470, 642, 10
MM, 470, 643, 10
MM, 470, 643, 10
MM, 470, 643, 10
MM, 470, 643, 10
MM, 470, 644, 10
MM, 470, 644, 10
MM, 470, 644, 10
MM, 470, 644, 10
MM, 66, 0, 10
MM, 66, 0, 10
MM, 66, 1, 10
MM, 67, 2, 10
MM, 67, 3, 10
MM, 67, 5, 10
MM, 67, 7, 10
MM, 68, 9, 10
MM, 68, 11, 10
MM, 68, 14, 10
MM, 69, 15, 11
MM, 69, 17, 9
MM, 69, 18, 11
MM, 69, 20, 9
MM, 69, 21, 11
MM, 69, 22, 10
MM, 69, 23, 10
MM, 69, 23, 10
MM, 69, 24, 10
MM, 69, 24, 10
MM, 69, 25, 10
MC, 1, 90
MM, 66, 25, 230
MM, 62, 25, 10
MM, 55, 22, 10
MM, 48, 19, 10
MM, 42, 16, 10
MM, 36, 13, 10
MM, 30, 10, 10
MM, 25, 7, 10
MM, 20, 2, 10
MM, 419, 643, 11
MM, 5, 30, 10
MM, 1, 26, 10
MM, 405, 631, 10
MM, 33, 19, 10
MM, 29, 16, 10
MM, 27, 14, 10
MM, 24, 12, 10
MM, 21, 10, 10
MM, 18, 8, 10
MM, 16, 6, 10
MM, 15, 5, 10
MM, 13, 4, 10
MM, 12, 3, 10
MM, 11, 2, 10
MM, 10, 1, 10
MM, 378, 607, 10
MM, 377, 606, 10
MM, 376, 606, 10
MM, 375, 605, 10
MM, 374, 604, 10
MM, 374, 603, 10
MM, 373, 602, 10
MM, 372, 602, 10
MM, 33, 30, 10
MM, 33, 29, 10
MM, 32, 28, 10
MM, 31, 27, 10
MM, 29, 26, 10
MM, 28, 25, 10
MM, 27, 24, 10
MM, 26, 23, 10
MM, 25, 22, 10
MM, 23, 21, 10
MM, 22, 20, 10
MM, 21, 19, 10
MM, 20, 18, 10
MC, 1, 131
MM, 22, 19, 120
MM, 26, 23, 10
MM, 32, 28, 10
MM, 375, 603, 10
MM, 11, 0, 10
MM, 17, 4, 10
MM, 21, 8, 10
MM, 25, 11, 10
MM, 29, 14, 10
MM, 32, 17, 10
MM, 405, 628, 10
MM, 408, 631, 10
MM, 2, 26, 10
MM, 5, 29, 10
MM, 417, 640, 10
MM, 419, 642, 10
MM, 18, 0, 10
MM, 20, 2, 10
MM, 22, 4, 10
MM, 23, 5, 10
MM, 25, 7, 10
MM, 27, 8, 10
MM, 29, 10, 10
MM, 31, 11, 10
MM, 33, 12, 10
MM, 35, 13, 10
MM, 37, 14, 10
MM, 40, 15, 10
MM, 42, 16, 10
MM, 44, 17, 10
MM, 46, 17, 11
MM, 48, 18, 9
MM, 49, 18, 11
MM, 51, 19, 9
MM, 52, 19, 10
MM, 53, 20, 11
MM, 55, 20, 10
MM, 56, 20, 10
MM, 58, 21, 10
MM, 59, 21, 10
MM, 60, 22, 10
MM, 61, 22, 10
MM, 63, 22, 10
MM, 64, 23, 10
MM, 64, 23, 10
MM, 65, 23, 10
MM, 65, 23, 10
MM, 66, 23, 10
MC, 1, 100
MM, 66, 21, 221
MM, 67, 18, 10
MM, 70, 15, 10
MM, 72, 13, 10
MM, 74, 10, 10
MM, 76, 9, 10
MM, 78, 7, 10
MM, 80, 5, 10
MM, 82, 4, 10
MM, 83, 2, 10
MM, 85, 0, 10
MM, 491, 643, 10
MM, 493, 641, 10
MM, 496, 639, 10
MM, 8, 28, 10
MM, 10, 25, 10
MM, 11, 23, 10
MM, 12, 21, 10
MM, 14, 19, 10
MM, 15, 17, 10
MM, 16, 15, 10
MM, 17, 14, 10
MM, 18, 12, 10
MM, 18, 11, 10
MM, 19, 9, 10
MM, 20, 6, 10
MM, 21, 3, 10
MM, 22, 0, 10
MM, 513, 605, 10
MM, 514, 602, 10
MM, 14, 29, 10
MM, 14, 27, 10
MM, 15, 25, 10
MM, 15, 24, 10
MM, 16, 23, 10
MM, 16, 22, 10
MM, 16, 21, 10
MM, 17, 20, 10
MM, 17, 20, 10
MM, 17, 19, 10
MM, 17, 19, 10
MM, 18, 18, 10
MM, 18, 18, 10
MM, 18, 18, 10
MM, 18, 17, 11
MM, 18, 17, 10
MM, 18, 17, 10
MC, 1, 100
MM, 18, 17, 50
MM, 18, 16, 10
MM, 19, 16, 10
MM, 21, 16, 10
MM, 24, 15, 10
MM, 29, 15, 10
MM, 35, 14, 10
MM, 0, 13, 10
MM, 9, 13, 10
MM, 17, 12, 10
MM, 24, 11, 10
MM, 31, 10, 10
MM, 579, 579, 10
MM, 583, 578, 10
MM, 2, 6, 10
MM, 6, 5, 10
MM, 9, 4, 10
MM, 11, 3, 10
MM, 14, 3, 10
MM, 16, 2, 10
MM, 19, 1, 10
MM, 21, 1, 10
MM, 23, 0, 10
MM, 609, 570, 10
MM, 611, 570, 10
MM, 613, 569, 10
MM, 615, 568, 10
MM, 617, 567, 10
MM, 619, 566, 10
MM, 620, 565, 11
MM, 5, 30, 10
MM, 7, 29, 10
MM, 9, 28, 10
MM, 10, 27, 10
MM, 12, 26, 10
MM, 14, 25, 10
MM, 16, 24, 10
MM, 18, 23, 10
MM, 19, 22, 10
MM, 21, 21, 10
MM, 23, 21, 10
MM, 24, 20, 10
MM, 26, 19, 10
MM, 28, 18, 10
MM, 29, 17, 10
MM, 648, 551, 10
MM, 649, 550, 10
MM, 650, 550, 10
MM, 652, 549, 10
MM, 653, 549, 10
MM, 0, 14, 10
MM, 1, 14, 10
MM, 3, 13, 10
MM, 4, 13, 10
MM, 6, 13, 10
MM, 7, 13, 10
MM, 8, 13, 10
MM, 9, 13, 10
MM, 10, 13, 10
MM, 11, 13, 10
MM, 12, 13, 10
MM, 12, 13, 10
MM, 13, 13, 10
MM, 13, 13, 10
MM, 13, 13, 10
MC, 1, 161
MM, 13, 12, 20
MM, 13, 12, 10
MM, 12, 11, 10
MM, 11, 11, 10
MM, 10, 10, 10
MM, 7, 10, 10
MM, 5, 9, 10
MM, 2, 9, 10
MM, 652, 542, 10
MM, 649, 542, 10
MM, 28, 8, 10
MM, 23, 8, 10
MM, 18, 8, 10
MM, 12, 8, 10
MM, 6, 8, 10
MM, 616, 542, 10
MM, 611, 542, 10
MM, 30, 8, 10
MM, 25, 8, 10
MM, 20, 8, 10
MM, 15, 8, 10
MM, 10, 9, 10
MM, 5, 11, 10
MM, 574, 546, 10
MM, 33, 13, 10
MM, 28, 14, 10
MM, 23, 16, 10
MM, 18, 16, 10
MM, 14, 17, 10
MM, 10, 18, 10
MM, 6, 19, 10
MM, 1, 19, 10
MM, 531, 553, 10
MM, 31, 20, 10
MM, 27, 20, 10
MM, 23, 21, 10
MM, 19, 21, 10
MM, 16, 21, 10
MM, 13, 22, 11
MM, 10, 22, 9
MM, 7, 23, 10
MM, 5, 23, 11
MM, 1, 24, 10
MM, 494, 559, 10
MM, 491, 560, 10
MM, 31, 27, 10
MM, 28, 28, 10
MM, 26, 29, 10
MM, 23, 30, 10
MM, 478, 565, 10
MM, 476, 566, 10
MM, 474, 567, 10
MM, 472, 568, 10
MM, 470, 570, 10
MM, 5, 0, 10
MM, 2, 1, 10
MM, 1, 2, 10
MM, 462, 574, 10
MM, 460, 575, 10
MM, 459, 576, 10
MM, 458, 577, 10
MM, 457, 577, 10
MM, 35, 7, 10
MM, 34, 7, 10
MM, 33, 8, 10
MM, 32, 8, 10
MM, 31, 9, 10
MM, 30, 9, 10
MM, 29, 10, 10
MM, 28, 10, 10
MM, 28, 10, 10
MM, 27, 10, 10
MM, 27, 11, 10
MM, 26, 11, 10
MM, 26, 11, 10
MM, 25, 11, 10
MM, 24, 12, 10
MC, 1, 101
MM, 27, 12, 290
MM, 458, 583, 10
MM, 18, 12, 10
MM, 12, 12, 10
MM, 2, 12, 10
MM, 32, 12, 10
MM, 21, 12, 10
MM, 8, 12, 10
MM, 30, 12, 10
MM, 5, 12, 10
MM, 22, 12, 10
MM, 700, 583, 10
MM, 712, 583, 10
MM, 723, 583, 10
MM, 733, 584, 10
MM, 741, 585, 10
MM, 748, 585, 10
MM, 753, 586, 10
MM, 759, 586, 11
MM, 765, 587, 10
MM, 771, 587, 10
MM, 775, 588, 10
MM, 0, 2, 10
MM, 3, 2, 10
MM, 7, 3, 10
MM, 10, 3, 10
MM, 13, 3, 10
MM, 16, 4, 10
MM, 19, 4, 10
MM, 22, 4, 10
MM, 25, 5, 10
MM, 27, 5, 10
MM, 30, 6, 10
MM, 32, 6, 10
MM, 34, 7, 10
MM, 36, 7, 10
MM, 38, 8, 10
MM, 40, 8, 10
MM, 42, 9, 10
MM, 44, 10, 10
MM, 46, 11, 10
MM, 47, 11, 10
MM, 48, 12, 10
MM, 50, 13, 10
MM, 51, 13, 10
MM, 52, 14, 10
MM, 52, 14, 10
MM, 53, 15, 10
MM, 54, 15, 10
MM, 55, 16, 10
MM, 55, 16, 10
MM, 56, 16, 10
MM, 56, 16, 10
