**********************************
LOGGING TIME: 20180909_043648
CLIENT IP: 127.0.1.1
USERNAME: dell
OS: Linux
*********************Neutral database**********************************
MM, 176, 65, 1537598292833
MM, 160, 33, 10
MM, 179, 22, 441
MM, 174, 19, 10
MM, 169, 16, 10
MM, 163, 13, 10
MM, 157, 11, 10
MM, 152, 9, 10
MM, 148, 7, 10
MM, 144, 5, 10
MM, 140, 3, 10
MM, 137, 2, 10
MM, 134, 1, 10
MM, 115, 28, 121
MM, 115, 27, 10
MM, 114, 25, 10
MM, 113, 24, 9
MM, 113, 23, 10
MM, 112, 22, 11
MM, 112, 21, 10
MM, 112, 21, 10
MM, 111, 20, 10
MM, 111, 20, 10
MM, 111, 19, 10
MM, 111, 19, 10
MM, 110, 19, 10
MM, 110, 18, 10
MM, 110, 18, 10
MM, 110, 18, 6116
MM, 110, 19, 10
MM, 111, 20, 10
MM, 111, 21, 10
MM, 111, 21, 10
MM, 111, 22, 10
MM, 112, 23, 10
MM, 112, 24, 10
MM, 112, 25, 10
MM, 113, 27, 10
MM, 113, 28, 10
MM, 114, 1, 120
MM, 114, 4, 10
MM, 114, 6, 10
MM, 114, 9, 10
MM, 114, 11, 10
MM, 114, 14, 10
MM, 114, 15, 10
MM, 114, 17, 10
MM, 114, 18, 10
MM, 114, 19, 10
MM, 114, 20, 10
MM, 114, 21, 10
MM, 114, 21, 10
MM, 114, 22, 10
MM, 114, 22, 10
MM, 114, 22, 10
MC, 1, 101
MM, 117, 22, 2925
MM, 124, 21, 10
MM, 143, 19, 10
MM, 161, 17, 10
MM, 178, 15, 10
MM, 17, 11, 10
MM, 40, 10, 10
MM, 57, 8, 10
MP, 1, 3948
MR, 1, 90
MC, 1, 0
MM, 5, 29, 46420
MM, 12, 25, 10
MM, 20, 21, 10
MM, 29, 17, 10
MM, 37, 14, 10
MM, 44, 11, 10
MM, 49, 9, 10
MM, 54, 8, 10
MM, 57, 6, 11
MM, 59, 6, 10
MM, 61, 5, 10
MM, 62, 5, 10
MM, 63, 4, 10
MM, 64, 4, 10
MM, 64, 4, 10
MM, 65, 3, 10
MM, 65, 3, 10
MM, 66, 2, 10
MM, 67, 2, 10
MM, 68, 2, 10
MM, 69, 1, 10
MM, 71, 0, 10
MC, 1, 1975
MM, 4, 10, 28281
MM, 12, 9, 10
MM, 20, 8, 10
MM, 27, 6, 10
MM, 32, 4, 10
MM, 36, 3, 10
MM, 39, 2, 10
MM, 41, 1, 10
MM, 47, 65, 70
MM, 48, 62, 10
MM, 49, 60, 10
MM, 50, 58, 10
MM, 50, 55, 10
MM, 51, 53, 10
MM, 51, 51, 10
MM, 52, 47, 10
MM, 52, 45, 10
MM, 53, 42, 10
MM, 53, 40, 10
MM, 53, 38, 10
MM, 54, 36, 11
MM, 54, 35, 10
MM, 54, 34, 10
MM, 54, 33, 9
MM, 54, 32, 11
MC, 1, 100
MM, 53, 34, 571
MM, 52, 38, 10
MM, 51, 44, 10
MM, 49, 50, 10
MM, 47, 55, 10
MM, 45, 61, 10
MM, 43, 67, 10
MM, 42, 0, 20
MM, 40, 5, 10
MM, 39, 9, 10
MM, 38, 12, 10
MM, 37, 13, 11
MM, 37, 14, 10
MM, 36, 15, 10
MM, 36, 15, 9
MM, 36, 16, 11
MM, 36, 16, 10
MM, 36, 16, 10
MM, 36, 17, 10
MM, 36, 17, 10
MM, 36, 17, 10
MM, 36, 17, 10
MM, 36, 18, 10
MM, 35, 18, 30
MM, 35, 18, 10
MM, 35, 18, 10
MM, 34, 19, 10
MM, 33, 19, 10
MM, 32, 20, 10
MM, 31, 21, 10
MM, 30, 21, 10
MM, 29, 22, 10
MM, 28, 22, 10
MM, 27, 22, 10
MM, 27, 22, 10
MM, 27, 22, 10
MC, 1, 100
MM, 27, 22, 201
MM, 27, 23, 10
MM, 30, 25, 10
MM, 1, 6, 250
MM, 3, 5, 10
MM, 6, 4, 10
MM, 8, 4, 10
MM, 10, 3, 10
MM, 12, 2, 11
MM, 13, 1, 10
MM, 15, 1, 10
MM, 16, 0, 10
MM, 17, 0, 10
MC, 1, 441
MM, 16, 5, 431
MM, 27, 14, 10
MM, 39, 25, 10
MM, 0, 6, 30
MM, 5, 10, 10
MM, 8, 13, 10
MM, 11, 16, 10
MM, 13, 19, 10
MM, 15, 21, 55
MM, 18, 25, 1
MM, 19, 28, 4
MM, 21, 30, 10
MM, 21, 31, 10
MM, 22, 31, 10
MM, 32, 0, 120
MM, 34, 1, 10
MM, 36, 2, 10
MM, 39, 4, 10
MM, 42, 5, 10
MM, 0, 8, 30
MM, 2, 9, 10
MM, 4, 10, 10
MM, 6, 11, 10
MM, 9, 12, 10
MM, 11, 12, 11
MM, 13, 13, 10
MM, 14, 13, 10
MM, 16, 14, 10
MM, 17, 14, 9
MM, 18, 15, 11
MM, 19, 15, 10
MM, 21, 15, 10
MM, 21, 16, 10
MM, 22, 16, 10
MM, 23, 16, 10
MM, 24, 16, 10
MM, 24, 17, 10
MM, 25, 17, 10
MM, 25, 17, 10
MM, 25, 17, 10
MC, 1, 120
MM, 25, 17, 110
MM, 21, 17, 10
MM, 12, 17, 10
MM, 33, 17, 20
MM, 20, 19, 10
MM, 9, 21, 10
MM, 37, 28, 20
MM, 28, 31, 11
MM, 190, 0, 40
MM, 186, 1, 10
MM, 183, 2, 10
MM, 179, 4, 10
MM, 175, 5, 10
MM, 172, 7, 10
MM, 168, 9, 10
MM, 165, 11, 10
MM, 161, 13, 10
MM, 158, 14, 10
MM, 154, 16, 10
MM, 151, 17, 10
MM, 149, 18, 10
MM, 147, 19, 10
MM, 145, 20, 10
MM, 143, 21, 10
MM, 142, 21, 10
MM, 141, 22, 10
MM, 139, 22, 10
MM, 138, 22, 10
MM, 137, 23, 10
MM, 136, 23, 10
MC, 1, 100
MM, 132, 23, 261
MM, 126, 21, 10
MM, 116, 16, 10
MM, 106, 9, 10
MM, 97, 2, 10
MM, 39, 28, 20
MM, 28, 22, 10
MM, 19, 17, 10
MM, 8, 12, 10
MM, 42, 4, 20
MM, 34, 0, 10
MM, 16, 28, 30
MM, 11, 26, 10
MM, 7, 24, 10
MM, 5, 22, 10
MM, 3, 21, 10
MM, 2, 21, 10
MM, 1, 20, 10
MM, 0, 19, 10
MM, 43, 17, 151
MM, 43, 17, 10
MM, 42, 17, 10
MM, 42, 16, 10
MM, 41, 16, 10
MM, 40, 16, 10
MM, 39, 15, 10
MM, 37, 15, 10
MM, 36, 15, 10
MM, 35, 14, 10
MM, 34, 14, 10
MM, 32, 14, 10
MM, 31, 13, 10
MM, 29, 13, 10
MM, 28, 12, 10
MM, 27, 12, 10
MM, 25, 12, 10
MM, 24, 11, 10
MM, 23, 11, 10
MM, 22, 11, 10
MM, 21, 11, 10
MC, 1, 90
MM, 24, 11, 131
MM, 27, 13, 10
MM, 31, 16, 10
MM, 34, 19, 10
MM, 37, 21, 10
MM, 41, 23, 10
MM, 2, 29, 40
MM, 4, 31, 10
MM, 15, 0, 80
MM, 16, 1, 10
MM, 17, 2, 10
MM, 19, 3, 10
MM, 19, 4, 10
MM, 20, 5, 10
MM, 21, 5, 10
MM, 22, 6, 10
MM, 23, 7, 10
MM, 23, 8, 10
MM, 24, 8, 10
MM, 25, 9, 10
MM, 25, 9, 10
MM, 26, 10, 10
MM, 27, 10, 10
MM, 27, 10, 10
MC, 1, 101
MM, 30, 10, 240
MM, 38, 5, 10
MM, 16, 27, 20
MM, 34, 20, 10
MM, 0, 14, 10
MM, 16, 10, 10
MM, 27, 8, 10
MM, 37, 6, 10
MM, 44, 4, 10
MM, 6, 2, 20
MM, 11, 1, 10
MM, 14, 1, 10
MM, 17, 1, 10
MM, 20, 0, 10
MM, 23, 0, 10
MM, 26, 0, 10
MM, 19, 31, 131
MM, 21, 31, 10
MM, 22, 30, 10
MM, 23, 30, 10
MM, 25, 30, 10
MM, 26, 29, 10
MM, 28, 29, 10
MM, 29, 28, 10
MM, 31, 27, 10
MM, 33, 27, 10
MM, 35, 26, 10
MM, 38, 25, 10
MM, 40, 24, 10
MM, 42, 23, 10
MM, 1, 19, 50
MM, 2, 18, 10
MM, 4, 17, 10
MM, 5, 17, 10
MM, 6, 16, 10
MM, 8, 15, 10
MM, 9, 15, 10
MM, 9, 14, 10
MM, 10, 14, 10
MM, 11, 14, 10
MM, 12, 14, 10
MM, 12, 13, 10
MM, 13, 13, 10
MM, 13, 13, 10
MM, 13, 13, 10
MM, 13, 13, 10
MC, 1, 121
MM, 13, 13, 210
MM, 7, 13, 10
MM, 42, 13, 20
MM, 34, 13, 10
MM, 27, 13, 10
MM, 19, 13, 10
MM, 10, 13, 10
MM, 0, 13, 10
MM, 41, 13, 10
MM, 31, 11, 10
MM, 22, 9, 10
MM, 13, 8, 10
MM, 4, 8, 10
MC, 1, 491
MM, 8, 11, 311
MM, 20, 18, 10
MM, 31, 24, 10
MM, 39, 28, 10
MM, 4, 0, 20
MM, 10, 5, 10
MM, 16, 9, 10
MM, 21, 13, 10
MM, 25, 17, 10
MM, 29, 20, 10
MM, 32, 22, 10
MM, 34, 24, 10
MM, 36, 26, 10
MM, 37, 27, 10
MM, 38, 28, 10
MM, 39, 28, 10
MM, 39, 29, 10
MM, 40, 29, 10
MM, 41, 30, 11
MM, 42, 30, 9
MM, 43, 31, 10
MP, 1, 101
MR, 1, 120
MC, 1, 0
MM, 43, 28, 60
MM, 42, 27, 10
MM, 41, 26, 10
MM, 40, 25, 10
MM, 39, 25, 10
MM, 38, 24, 10
MM, 37, 24, 10
MM, 36, 23, 10
MM, 35, 23, 10
MM, 34, 23, 10
MM, 33, 22, 10
MM, 33, 22, 10
MM, 32, 22, 10
MM, 32, 22, 10
MM, 31, 21, 10
MM, 31, 21, 10
MM, 30, 21, 10
MM, 30, 21, 10
MM, 29, 20, 10
MM, 28, 20, 10
MM, 28, 20, 10
MM, 27, 20, 10
MM, 27, 20, 10
MM, 26, 20, 10
MC, 1, 91
MM, 25, 18, 240
MM, 22, 15, 10
MM, 18, 10, 10
MM, 14, 6, 10
MM, 10, 2, 10
MM, 45, 22, 40
MM, 42, 17, 10
MM, 40, 13, 10
MM, 38, 10, 10
MM, 36, 7, 10
MM, 35, 5, 10
MM, 34, 3, 10
MM, 33, 2, 11
MM, 33, 1, 9
MM, 32, 0, 11
MC, 1, 430
MM, 5, 19, 151
MM, 19, 19, 10
MM, 32, 19, 10
MM, 42, 18, 10
MM, 0, 16, 10
MM, 7, 15, 10
MM, 14, 14, 10
MM, 18, 13, 10
MM, 22, 13, 10
MM, 25, 13, 10
MM, 28, 13, 10
MM, 31, 13, 10
MM, 34, 13, 10
MM, 36, 13, 10
MM, 38, 13, 10
MM, 41, 13, 10
MM, 42, 13, 10
MM, 0, 13, 50
MM, 1, 13, 10
MM, 3, 13, 10
MM, 4, 13, 10
MM, 5, 13, 10
MM, 7, 13, 10
MM, 8, 13, 10
MM, 9, 13, 10
MM, 9, 13, 10
MM, 11, 13, 10
MM, 11, 13, 10
MM, 12, 13, 10
MM, 12, 13, 10
MM, 13, 13, 10
MM, 13, 13, 10
MM, 13, 13, 11
MM, 14, 13, 9
MM, 14, 13, 11
MM, 14, 13, 10
MM, 15, 13, 10
MC, 1, 110
MM, 13, 13, 110
MM, 11, 13, 10
MM, 8, 13, 10
MM, 3, 13, 10
MM, 37, 13, 20
MM, 28, 13, 10
MM, 19, 13, 10
MM, 11, 13, 10
MM, 1, 13, 10
MM, 42, 13, 10
MM, 32, 13, 10
MM, 24, 13, 10
MM, 18, 13, 10
MM, 12, 13, 10
MM, 7, 13, 10
MM, 3, 13, 10
MC, 1, 331
MM, 29, 1, 391
MM, 25, 3, 10
MM, 21, 4, 10
MM, 19, 5, 10
MM, 17, 5, 10
MM, 15, 6, 10
MM, 13, 6, 10
MM, 11, 6, 10
MM, 9, 7, 10
MM, 7, 7, 10
MM, 5, 8, 10
MM, 4, 8, 10
MM, 2, 9, 10
MM, 0, 9, 10
MM, 43, 11, 60
MM, 42, 11, 10
MM, 41, 11, 10
MM, 40, 12, 10
MM, 40, 12, 10
MM, 39, 12, 10
MM, 38, 12, 10
MM, 37, 13, 11
MM, 36, 13, 9
MM, 35, 13, 10
MM, 34, 13, 10
MM, 33, 14, 10
MM, 32, 14, 10
MM, 31, 15, 10
MM, 30, 15, 10
MM, 28, 15, 10
MM, 28, 15, 10
MM, 27, 16, 11
MC, 1, 90
MM, 32, 16, 551
MM, 18, 16, 20
MM, 35, 9, 20
MM, 12, 6, 10
MM, 40, 2, 10
MM, 26, 1, 852
MM, 18, 0, 10
MM, 7, 15, 1483
MM, 15, 24, 10
MM, 20, 31, 10
MM, 29, 23, 2986
MM, 1, 23, 10
MM, 14, 23, 10
MM, 28, 23, 10
MM, 8, 23, 10
MM, 37, 23, 10
MM, 15, 23, 10
MM, 29, 23, 20
MM, 16, 24, 10
MM, 5, 25, 10
MM, 3, 2, 80
MM, 34, 7, 20
MM, 26, 9, 10
MM, 20, 10, 10
MM, 14, 12, 10
MM, 9, 13, 10
MM, 5, 13, 10
MM, 2, 14, 10
MM, 42, 15, 40
MM, 41, 15, 10
MM, 39, 15, 10
MM, 38, 15, 10
MM, 36, 15, 10
MM, 35, 15, 10
MM, 33, 15, 10
MM, 32, 15, 10
MM, 31, 15, 10
MM, 30, 15, 11
MM, 29, 15, 9
MM, 29, 15, 10
MM, 28, 15, 10
MM, 28, 15, 10
MM, 27, 15, 11
MM, 27, 15, 10
MM, 27, 15, 9
MM, 26, 15, 11
MM, 26, 15, 10
MM, 26, 15, 10
MM, 25, 15, 10
MM, 25, 15, 10
MM, 25, 15, 10
MC, 1, 90
MM, 27, 15, 90
MM, 34, 15, 10
MM, 43, 13, 10
MM, 2, 11, 10
MM, 10, 9, 10
MM, 18, 7, 10
MM, 26, 5, 10
MM, 34, 3, 10
MM, 41, 1, 10
MC, 1, 481
MM, 12, 0, 521
MM, 11, 1, 10
MM, 10, 2, 10
MM, 8, 3, 10
MM, 7, 3, 10
MM, 6, 4, 10
MM, 5, 4, 10
MM, 4, 5, 10
MM, 3, 6, 10
MM, 1, 6, 10
MM, 0, 7, 10
MM, 42, 11, 71
MM, 42, 11, 10
MM, 41, 11, 10
MM, 40, 12, 10
MM, 39, 12, 10
MM, 38, 12, 10
MM, 38, 12, 10
MM, 37, 12, 10
MM, 36, 12, 10
MM, 35, 12, 10
MC, 1, 110
MM, 37, 12, 280
MM, 41, 12, 11
MM, 3, 19, 20
MM, 9, 23, 9
MM, 15, 29, 11
MM, 26, 1, 20
MM, 31, 6, 10
MM, 35, 10, 10
MM, 38, 13, 10
MM, 42, 16, 10
MM, 0, 24, 30
MM, 2, 27, 10
MM, 4, 29, 10
MM, 51, 1, 40
MM, 53, 3, 10
MM, 54, 6, 10
MM, 56, 8, 10
MM, 57, 10, 10
MM, 58, 12, 10
MM, 58, 14, 10
MM, 59, 15, 10
MM, 60, 16, 10
MM, 60, 17, 10
MM, 61, 18, 10
MM, 61, 19, 10
MM, 61, 20, 10
MM, 62, 21, 10
MM, 62, 21, 10
MM, 62, 22, 10
MM, 62, 22, 10
MM, 63, 23, 10
MM, 63, 23, 10
MM, 63, 24, 10
MM, 63, 25, 10
MC, 1, 100
MM, 65, 25, 251
MM, 68, 22, 10
MM, 73, 17, 10
MM, 78, 11, 10
MM, 84, 4, 10
MM, 14, 28, 30
MM, 19, 24, 10
MM, 25, 21, 10
MM, 29, 17, 10
MM, 33, 15, 10
MM, 36, 12, 10
MM, 40, 9, 10
MM, 1, 30, 40
MM, 3, 27, 10
MM, 6, 24, 10
MM, 7, 22, 10
MM, 9, 21, 10
MM, 10, 20, 10
MM, 11, 19, 10
MM, 11, 18, 10
MM, 12, 18, 10
MM, 13, 17, 11
MM, 13, 17, 10
MM, 14, 16, 9
MM, 15, 16, 11
MM, 15, 15, 10
MM, 16, 15, 10
MM, 16, 15, 10
MM, 17, 14, 10
MM, 17, 14, 10
MM, 17, 14, 10
MM, 17, 13, 10
MM, 18, 13, 10
MC, 1, 100
MM, 18, 13, 200
MM, 18, 14, 10
MM, 17, 14, 10
MM, 12, 14, 10
MM, 4, 14, 10
MM, 46, 14, 10
MM, 36, 14, 10
MM, 26, 14, 11
MM, 15, 14, 9
MM, 3, 14, 10
MM, 41, 14, 10
MM, 32, 15, 10
MM, 23, 15, 11
MM, 15, 16, 10
MM, 6, 17, 10
MM, 38, 18, 19
MM, 30, 18, 11
MM, 22, 19, 10
MM, 15, 20, 10
MM, 8, 21, 10
MM, 2, 21, 10
MM, 38, 23, 20
MM, 32, 23, 10
MM, 25, 24, 10
MM, 20, 24, 10
MM, 15, 25, 10
MM, 11, 25, 10
MM, 6, 25, 10
MM, 1, 26, 10
MM, 41, 26, 20
MM, 36, 26, 10
MM, 33, 26, 10
MM, 28, 26, 10
MM, 25, 26, 10
MM, 22, 26, 10
MM, 20, 26, 10
MM, 17, 26, 10
MM, 15, 26, 10
MM, 14, 26, 10
MM, 13, 26, 10
MM, 12, 26, 10
MM, 11, 26, 10
MM, 10, 26, 10
MM, 10, 26, 10
MM, 9, 26, 10
MM, 9, 26, 10
MM, 9, 26, 10
MM, 8, 26, 10
MM, 8, 25, 10
MM, 8, 24, 10
MM, 8, 24, 10
MM, 8, 23, 10
MM, 8, 22, 10
MM, 8, 21, 10
MM, 8, 20, 10
MM, 8, 20, 10
MM, 8, 19, 10
MM, 8, 18, 11
MM, 8, 18, 10
MC, 1, 100
MM, 9, 18, 110
MM, 14, 18, 10
MM, 26, 18, 10
MM, 37, 21, 10
MM, 6, 26, 20
MM, 17, 28, 10
MM, 26, 30, 10
MM, 16, 0, 60
MM, 21, 0, 10
MM, 26, 1, 10
MM, 31, 2, 10
MM, 34, 3, 10
MM, 37, 3, 10
MM, 40, 4, 10
MM, 42, 4, 10
MM, 1, 5, 40
MM, 2, 6, 10
MM, 4, 6, 10
MM, 5, 6, 11
MM, 6, 6, 9
MM, 7, 6, 10
MM, 8, 6, 10
MM, 10, 6, 10
MM, 11, 7, 11
MM, 13, 7, 10
MM, 15, 7, 10
MM, 16, 7, 10
MM, 18, 8, 10
MM, 20, 8, 10
MM, 21, 8, 10
MM, 23, 8, 10
MM, 25, 9, 10
MM, 26, 9, 10
MM, 27, 9, 10
MM, 28, 9, 10
MM, 28, 10, 10
MM, 29, 10, 10
MC, 1, 110
MM, 27, 10, 90
MM, 25, 10, 10
MM, 23, 9, 10
MM, 20, 8, 10
MM, 17, 6, 10
MM, 13, 4, 10
MM, 9, 1, 10
MM, 41, 22, 51
MM, 38, 20, 9
MM, 36, 18, 10
MM, 34, 16, 10
MM, 33, 15, 11
MM, 32, 14, 10
MM, 32, 13, 10
MM, 31, 12, 10
MM, 30, 11, 9
MM, 30, 10, 10
MM, 29, 10, 11
MM, 29, 9, 10
MM, 29, 8, 10
MM, 28, 8, 10
MM, 28, 7, 10
MM, 28, 6, 10
MM, 28, 6, 10
MM, 27, 5, 10
MM, 27, 4, 10
MM, 27, 3, 10
MM, 27, 2, 10
MM, 26, 1, 10
MM, 26, 0, 10
MC, 1, 330
MM, 29, 1, 301
MM, 36, 11, 10
MM, 42, 22, 10
MM, 1, 1, 20
MM, 5, 7, 10
MM, 9, 14, 10
MM, 12, 20, 10
MM, 15, 26, 10
MM, 17, 31, 10
MM, 61, 3, 20
MM, 63, 7, 10
MM, 64, 10, 10
MM, 65, 12, 10
MM, 65, 14, 10
MM, 66, 15, 10
MM, 66, 17, 11
MM, 66, 18, 9
MM, 67, 19, 11
MM, 67, 20, 9
MM, 67, 21, 11
MM, 67, 21, 10
MM, 68, 22, 10
MM, 68, 22, 9
MM, 68, 23, 10
MM, 68, 23, 11
MM, 69, 24, 10
MM, 69, 25, 10
MM, 69, 25, 10
MM, 69, 26, 10
MM, 69, 26, 10
MM, 69, 26, 10
MM, 69, 27, 10
MM, 70, 27, 10
MM, 70, 28, 10
MM, 70, 28, 10
MC, 1, 90
MM, 70, 28, 251
MM, 69, 28, 9
MM, 69, 28, 10
MM, 69, 27, 10
MM, 69, 24, 10
MM, 68, 18, 11
MM, 68, 7, 10
MM, 28, 27, 19
MM, 28, 20, 11
MM, 28, 14, 10
MM, 28, 9, 10
MM, 28, 2, 10
MM, 28, 27, 20
MM, 28, 22, 10
MM, 28, 17, 10
MM, 28, 13, 10
MM, 28, 9, 10
MM, 28, 6, 10
MM, 28, 4, 10
MM, 28, 1, 10
MC, 1, 350
MC, 1, 361
MM, 38, 1, 331
MM, 32, 3, 10
MM, 27, 5, 10
MM, 23, 6, 10
MM, 20, 6, 10
MM, 17, 7, 10
MM, 14, 7, 10
MM, 12, 7, 10
MM, 10, 7, 10
MM, 9, 7, 10
MM, 7, 8, 10
MM, 6, 8, 10
MM, 4, 8, 10
MM, 3, 8, 10
MM, 2, 8, 10
MM, 1, 8, 10
MM, 43, 10, 70
MM, 41, 10, 10
MM, 40, 10, 10
MM, 39, 11, 11
MM, 37, 11, 9
MM, 36, 11, 10
MM, 35, 11, 11
MM, 33, 12, 10
MM, 32, 12, 10
MM, 31, 12, 9
MM, 29, 13, 10
MM, 28, 13, 11
MM, 27, 13, 10
MM, 25, 14, 10
MM, 24, 14, 10
MM, 23, 14, 10
MM, 22, 14, 10
MM, 21, 14, 10
MM, 20, 14, 10
MM, 19, 14, 10
MC, 1, 110
MM, 19, 15, 110
MM, 19, 15, 10
MM, 22, 16, 10
MM, 26, 16, 10
MM, 31, 17, 10
MM, 37, 18, 10
MM, 42, 19, 10
MM, 2, 23, 20
MM, 6, 24, 10
MM, 10, 25, 10
MM, 13, 27, 10
MM, 16, 28, 10
MM, 20, 30, 10
MM, 32, 0, 41
MM, 34, 2, 9
MM, 36, 4, 11
MM, 38, 5, 10
MM, 40, 6, 10
MM, 41, 7, 10
MM, 42, 8, 10
MM, 43, 9, 10
MM, 0, 13, 50
MM, 1, 14, 10
MM, 2, 14, 10
MM, 4, 15, 10
MM, 5, 15, 10
MM, 6, 16, 10
MM, 7, 16, 10
MM, 8, 16, 10
MM, 9, 17, 10
MM, 10, 17, 10
MM, 11, 17, 10
MM, 11, 17, 10
MM, 12, 18, 10
MM, 13, 18, 10
MM, 14, 18, 10
MM, 15, 18, 10
MM, 16, 19, 10
MM, 17, 19, 10
MM, 19, 19, 10
MM, 20, 19, 10
MM, 21, 20, 10
MM, 22, 20, 10
MM, 23, 20, 10
MM, 24, 20, 10
MM, 24, 20, 10
MM, 25, 20, 10
MC, 1, 101
MM, 25, 20, 2975
MM, 32, 17, 10
MM, 20, 27, 21
MM, 38, 15, 9
MM, 5, 5, 10
MM, 11, 24, 31
MM, 21, 21, 9
MM, 30, 18, 10
MM, 35, 17, 11
MM, 38, 17, 10
MM, 41, 17, 10
MM, 43, 17, 10
MM, 0, 17, 40
MM, 2, 17, 10
MM, 4, 17, 10
MM, 6, 17, 10
MM, 8, 17, 10
MM, 10, 17, 10
MM, 12, 17, 10
MM, 15, 17, 10
MM, 17, 17, 10
MM, 19, 17, 10
MM, 22, 17, 10
MM, 26, 17, 10
MM, 29, 17, 10
MM, 33, 17, 10
MM, 37, 17, 10
MM, 41, 18, 10
MM, 1, 18, 40
MM, 4, 18, 10
MM, 6, 18, 10
MM, 7, 18, 10
MM, 9, 19, 10
MM, 10, 19, 10
MM, 11, 19, 10
MM, 12, 20, 10
MM, 13, 20, 10
MM, 13, 21, 10
MM, 14, 22, 10
MM, 15, 23, 10
MM, 16, 24, 10
MM, 17, 25, 10
MM, 18, 27, 10
MM, 19, 28, 10
MM, 20, 30, 10
MM, 21, 31, 10
MM, 12, 0, 81
MM, 12, 0, 10
MM, 13, 1, 10
MM, 13, 1, 10
MM, 14, 2, 10
MM, 14, 2, 10
MM, 14, 3, 10
MM, 15, 4, 10
MM, 15, 4, 10
MM, 15, 5, 10
MM, 16, 5, 10
MM, 16, 5, 10
MM, 16, 6, 10
MM, 16, 6, 10
MM, 17, 6, 10
MM, 17, 6, 10
MM, 17, 7, 10
MM, 17, 7, 10
MM, 18, 8, 10
MM, 18, 8, 10
MM, 18, 9, 10
MM, 19, 9, 10
MC, 1, 90
MM, 17, 9, 221
MM, 9, 9, 10
MM, 31, 9, 20
MM, 21, 9, 10
MM, 11, 9, 10
MM, 37, 5, 20
MM, 25, 3, 10
MM, 15, 0, 10
MC, 1, 621
MM, 29, 0, 211
MM, 29, 1, 10
MM, 30, 2, 9
MM, 30, 3, 11
MM, 30, 4, 10
MM, 30, 5, 10
MM, 30, 5, 10
MM, 30, 6, 10
MM, 30, 6, 10
MM, 30, 6, 10
MM, 30, 6, 10
MM, 30, 7, 10
MM, 30, 7, 10
MM, 30, 7, 10
MM, 30, 7, 10
MM, 30, 8, 10
MM, 30, 8, 10
MM, 30, 8, 10
MM, 30, 8, 10
MM, 30, 9, 10
MM, 30, 9, 10
MC, 1, 140
MM, 30, 9, 321
MM, 31, 9, 10
MM, 31, 9, 10
MM, 32, 12, 10
MM, 33, 17, 10
MM, 36, 25, 10
MM, 39, 31, 10
MM, 43, 3, 20
MM, 0, 15, 20
MM, 3, 21, 10
MM, 6, 26, 10
MM, 53, 0, 30
MM, 54, 2, 10
MM, 56, 4, 10
MM, 57, 5, 10
MM, 58, 6, 10
MM, 59, 7, 10
MM, 59, 8, 10
MM, 60, 9, 10
MM, 61, 10, 10
MM, 62, 11, 10
MM, 64, 12, 10
MM, 65, 13, 10
MM, 66, 15, 10
MM, 68, 16, 10
MM, 69, 17, 10
MM, 70, 18, 10
MM, 72, 19, 10
MM, 73, 20, 10
MM, 74, 21, 10
MM, 75, 22, 10
MM, 76, 23, 11
MM, 77, 23, 10
MM, 78, 24, 9
MM, 79, 24, 10
MM, 79, 25, 11
MM, 79, 25, 10
MC, 1, 90
MM, 81, 23, 270
MM, 84, 20, 10
MM, 87, 17, 10
MM, 89, 15, 10
MM, 92, 13, 10
MM, 94, 12, 10
MM, 95, 10, 10
MM, 96, 9, 11
MM, 97, 8, 10
MM, 98, 7, 9
MM, 99, 6, 10
MM, 100, 5, 10
MM, 101, 4, 10
MM, 102, 3, 11
MM, 103, 2, 9
MM, 104, 0, 11
MM, 18, 31, 50
MM, 18, 29, 10
MM, 19, 26, 10
MM, 20, 25, 10
MM, 20, 23, 10
MM, 21, 21, 10
MM, 21, 19, 10
MM, 22, 18, 10
MM, 22, 17, 10
MM, 23, 16, 10
MM, 23, 15, 10
MM, 24, 14, 10
MM, 24, 14, 10
MM, 24, 13, 10
MC, 1, 80
MM, 25, 12, 230
MM, 29, 10, 10
MM, 34, 7, 11
MM, 39, 4, 10
MM, 3, 29, 30
MM, 8, 25, 10
MM, 13, 20, 10
MM, 18, 16, 10
MM, 22, 12, 10
MM, 25, 10, 10
MM, 27, 8, 10
MM, 29, 6, 10
MM, 31, 5, 10
MM, 32, 4, 10
MM, 34, 3, 10
MM, 35, 2, 10
MM, 36, 0, 10
MM, 5, 30, 50
MM, 6, 28, 10
MM, 7, 27, 10
MM, 8, 26, 10
MM, 9, 24, 10
MM, 10, 23, 10
MM, 11, 21, 10
MM, 12, 20, 10
MM, 12, 19, 10
MM, 13, 18, 10
MM, 13, 18, 10
MM, 14, 17, 10
MM, 14, 17, 10
MM, 15, 16, 10
MM, 15, 16, 10
MM, 15, 15, 10
MM, 16, 15, 10
MM, 16, 15, 10
MC, 1, 80
MM, 13, 15, 241
MM, 10, 15, 10
MM, 6, 15, 10
MM, 1, 15, 10
MM, 42, 15, 20
MM, 38, 15, 10
MM, 34, 15, 10
MM, 30, 15, 10
MM, 26, 15, 10
MM, 22, 15, 10
MM, 17, 15, 10
MM, 14, 15, 10
MM, 10, 15, 10
MM, 6, 15, 10
MM, 3, 15, 10
MM, 0, 15, 10
MC, 1, 371
MC, 2, 170
MC, 1, 762
MC, 1, 441
MM, 12, 1, 360
MM, 12, 4, 10
MM, 12, 6, 10
MM, 12, 8, 10
MM, 12, 10, 11
MM, 12, 11, 10
MM, 12, 13, 10
MM, 12, 15, 10
MM, 12, 16, 9
MM, 12, 18, 11
MM, 12, 19, 10
MM, 12, 20, 10
MM, 12, 21, 10
MM, 12, 22, 10
MM, 12, 22, 10
MM, 12, 23, 10
MM, 12, 23, 10
MM, 12, 24, 10
MC, 1, 90
MM, 16, 24, 220
MM, 27, 24, 10
MM, 4, 24, 10
MM, 28, 24, 10
MM, 3, 24, 10
MM, 27, 24, 11
MM, 0, 21, 10
MM, 17, 20, 9
MM, 32, 18, 10
MM, 8, 18, 21
MM, 17, 18, 10
MM, 25, 18, 10
MM, 30, 18, 10
MM, 34, 18, 10
MM, 36, 18, 10
MM, 38, 18, 10
MM, 39, 18, 10
MM, 41, 18, 10
MM, 43, 18, 10
MM, 1, 18, 40
MM, 3, 18, 10
MM, 5, 18, 10
MM, 6, 18, 10
MM, 7, 18, 10
MM, 9, 19, 10
MM, 10, 19, 10
MM, 11, 19, 10
MM, 12, 19, 10
MM, 13, 19, 10
MM, 15, 19, 10
MM, 16, 19, 10
MM, 17, 19, 10
MM, 18, 19, 10
MM, 19, 19, 10
MM, 19, 19, 10
MM, 20, 19, 10
MM, 21, 19, 10
MM, 21, 19, 10
MM, 21, 19, 10
MC, 1, 100
MM, 20, 19, 91
MM, 18, 19, 10
MM, 15, 19, 10
MM, 13, 18, 10
MM, 10, 18, 10
MM, 6, 16, 10
MM, 2, 15, 10
MM, 41, 10, 30
MM, 38, 8, 10
MM, 35, 7, 10
MM, 33, 5, 10
MM, 30, 3, 10
MM, 29, 2, 10
MM, 28, 1, 10
MM, 26, 1, 10
MM, 26, 0, 10
MM, 32, 31, 90
MM, 31, 30, 10
MM, 31, 30, 10
MM, 30, 28, 10
MM, 29, 27, 10
MM, 28, 26, 10
MM, 27, 25, 10
MM, 26, 24, 10
MM, 26, 23, 10
MM, 25, 22, 10
MM, 24, 20, 10
MM, 23, 19, 10
MM, 23, 19, 10
MM, 22, 18, 10
MM, 22, 17, 10
MC, 1, 91
MM, 21, 17, 280
MM, 15, 17, 10
MM, 5, 17, 10
MM, 41, 17, 10
MM, 25, 14, 10
MM, 11, 11, 10
MM, 28, 8, 20
MM, 9, 6, 10
MC, 1, 561
MM, 33, 0, 361
MM, 32, 1, 10
MM, 31, 2, 10
MM, 30, 4, 10
MM, 29, 4, 10
MM, 28, 5, 10
MM, 28, 6, 10
MM, 27, 6, 10
MM, 26, 7, 10
MM, 26, 7, 10
MM, 25, 8, 10
MM, 24, 8, 10
MM, 24, 8, 10
MM, 23, 8, 10
MC, 1, 91
MM, 26, 8, 270
MM, 29, 10, 10
MM, 36, 13, 10
MM, 6, 21, 20
MM, 16, 26, 10
MM, 25, 29, 10
MM, 41, 0, 20
MM, 4, 9, 20
MM, 9, 13, 10
MM, 15, 18, 10
MM, 19, 21, 10
MM, 23, 24, 10
MM, 26, 27, 10
MM, 29, 29, 10
MM, 31, 31, 10
MM, 79, 0, 90
MM, 80, 1, 11
MM, 80, 2, 10
MM, 81, 3, 10
MM, 81, 4, 10
MM, 82, 5, 10
MM, 83, 7, 10
MM, 83, 9, 10
MM, 83, 10, 10
MM, 84, 13, 10
MM, 84, 14, 10
MM, 84, 16, 10
MM, 84, 17, 10
MM, 84, 18, 10
MM, 84, 20, 10
MM, 84, 20, 10
MM, 84, 21, 10
MM, 84, 22, 10
MM, 84, 22, 10
MM, 84, 22, 10
MM, 84, 23, 10
MC, 1, 100
MM, 84, 22, 140
MM, 84, 21, 11
MM, 84, 19, 9
MM, 84, 17, 10
MM, 84, 14, 10
MM, 84, 12, 11
MM, 84, 8, 10
MM, 85, 5, 10
MM, 86, 0, 10
MM, 0, 17, 40
MM, 1, 12, 10
MM, 2, 9, 10
MM, 3, 5, 10
MM, 4, 1, 10
MM, 6, 30, 20
MM, 6, 26, 10
MM, 7, 22, 10
MM, 7, 19, 10
MM, 7, 16, 10
MM, 8, 13, 10
MM, 8, 11, 10
MM, 8, 9, 10
MM, 9, 7, 10
MM, 9, 6, 10
MM, 9, 4, 10
MM, 9, 3, 10
MM, 9, 1, 10
MC, 1, 311
MM, 42, 1, 210
MM, 44, 2, 10
MM, 1, 10, 50
MM, 2, 11, 10
MM, 3, 12, 10
MM, 4, 12, 10
MM, 5, 13, 10
MM, 6, 14, 10
MM, 7, 14, 10
MM, 8, 15, 10
MM, 8, 15, 10
MM, 9, 15, 10
MM, 9, 16, 10
MM, 10, 16, 10
MM, 10, 16, 10
MM, 10, 16, 10
MC, 1, 141
MM, 9, 16, 70
MM, 8, 16, 10
MM, 6, 15, 10
MM, 3, 14, 10
MM, 46, 13, 20
MM, 37, 12, 10
MM, 27, 11, 10
MM, 16, 11, 10
MM, 4, 11, 10
MM, 35, 11, 20
MM, 26, 11, 10
MM, 17, 11, 10
MM, 7, 11, 10
MM, 39, 11, 20
MM, 32, 11, 10
MM, 24, 11, 10
MM, 17, 11, 10
MM, 11, 11, 10
MM, 5, 11, 10
MM, 0, 11, 10
MM, 41, 11, 20
MM, 37, 11, 10
MM, 34, 11, 10
MM, 31, 11, 10
MM, 28, 11, 10
MM, 25, 11, 10
MM, 23, 11, 10
MM, 20, 11, 10
MM, 18, 11, 10
MM, 16, 11, 10
MM, 14, 11, 10
MM, 11, 12, 11
MM, 9, 12, 10
MM, 6, 13, 10
MM, 4, 14, 10
MM, 1, 14, 10
MM, 43, 15, 40
MM, 41, 16, 10
MM, 40, 16, 10
MM, 38, 16, 10
MM, 36, 16, 10
MM, 35, 16, 10
MM, 34, 16, 10
MM, 32, 16, 10
MM, 31, 16, 10
MM, 30, 16, 10
MM, 28, 16, 10
MM, 27, 16, 10
MM, 25, 16, 10
MM, 24, 16, 10
MM, 23, 16, 10
MM, 21, 16, 10
MM, 20, 16, 10
MM, 19, 16, 10
MM, 19, 16, 10
MC, 1, 100
MM, 23, 16, 90
MM, 29, 16, 10
MM, 39, 16, 10
MM, 10, 11, 20
MM, 21, 8, 10
MM, 32, 5, 10
MM, 40, 3, 10
MC, 1, 532
MM, 6, 1, 621
MM, 6, 3, 10
MM, 6, 6, 10
MM, 6, 8, 10
MM, 6, 11, 10
MM, 6, 13, 10
MM, 6, 15, 10
MM, 6, 17, 10
MM, 6, 19, 10
MM, 6, 21, 10
MM, 6, 22, 10
MM, 5, 23, 10
MM, 5, 25, 10
MM, 5, 27, 10
MM, 5, 29, 10
MM, 5, 31, 10
MM, 5, 0, 30
MM, 5, 2, 10
MM, 5, 5, 10
MM, 5, 7, 10
MM, 5, 9, 10
MM, 5, 11, 10
MM, 4, 13, 10
MM, 4, 15, 10
MM, 4, 18, 10
MM, 3, 20, 10
MM, 3, 23, 10
MM, 3, 25, 10
MM, 3, 28, 10
MM, 3, 31, 10
MM, 93, 1, 30
MM, 92, 3, 10
MM, 92, 5, 10
MM, 92, 6, 10
MM, 92, 8, 11
MM, 91, 9, 9
MM, 91, 10, 10
MM, 91, 12, 11
MM, 91, 13, 9
MM, 91, 15, 11
MM, 91, 16, 10
MM, 91, 17, 10
MM, 90, 18, 10
MM, 90, 20, 10
MM, 90, 21, 10
MM, 90, 21, 10
MM, 90, 22, 10
MM, 90, 23, 10
MM, 90, 23, 10
MM, 90, 24, 10
MM, 90, 24, 10
MM, 90, 25, 10
MM, 90, 25, 10
MM, 90, 25, 10
MM, 90, 25, 10
MM, 90, 26, 10
MM, 90, 26, 180
MM, 89, 26, 31
MM, 89, 26, 9
MC, 1, 131
MM, 89, 26, 350
MM, 92, 26, 10
MM, 95, 25, 10
MM, 98, 24, 10
MM, 101, 22, 10
MM, 104, 21, 10
MM, 107, 18, 10
MM, 111, 16, 10
MM, 114, 14, 10
MM, 116, 12, 11
MM, 119, 11, 10
MM, 121, 9, 10
MM, 123, 7, 10
MM, 125, 6, 9
MM, 127, 5, 11
MM, 128, 4, 10
MM, 129, 4, 10
MM, 131, 3, 10
MM, 132, 2, 10
MM, 133, 1, 10
MM, 134, 0, 10
MM, 135, 0, 10
MM, 12, 31, 180
MM, 13, 31, 10
MM, 14, 31, 10
MM, 15, 31, 10
MM, 16, 30, 10
MM, 17, 30, 10
MM, 18, 30, 10
MM, 19, 29, 10
MM, 21, 29, 10
MM, 22, 28, 10
MM, 24, 28, 10
MM, 25, 27, 10
MM, 27, 27, 10
MM, 29, 26, 10
MM, 31, 26, 10
MM, 32, 25, 10
MM, 34, 25, 10
MM, 35, 25, 10
MM, 35, 24, 10
MM, 36, 24, 10
MM, 37, 24, 10
MM, 38, 24, 10
MM, 38, 24, 10
MM, 38, 24, 10
MM, 38, 24, 10
MM, 39, 24, 11
MM, 39, 24, 120
MM, 39, 23, 10
MM, 39, 23, 10
MM, 39, 23, 10
MM, 39, 22, 10
MM, 39, 21, 10
MM, 39, 20, 10
MM, 38, 20, 10
MM, 36, 19, 10
MM, 34, 19, 10
MM, 32, 18, 10
MM, 31, 18, 10
MM, 29, 18, 10
MM, 28, 17, 10
MM, 27, 17, 10
MM, 26, 17, 10
MM, 25, 17, 10
MM, 24, 17, 10
MM, 23, 17, 10
MM, 22, 17, 10
MM, 21, 17, 10
MM, 21, 17, 10
MM, 20, 17, 10
MM, 20, 17, 10
MM, 19, 17, 10
MM, 19, 17, 10
MM, 19, 17, 10
MM, 18, 17, 10
MM, 18, 17, 10
MM, 18, 17, 10
MM, 18, 17, 10
MM, 17, 17, 11
MM, 17, 17, 230
MM, 17, 17, 10
MM, 17, 16, 10
MM, 16, 15, 10
MM, 16, 14, 10
MM, 15, 12, 10
MM, 14, 11, 10
MM, 13, 9, 10
MM, 11, 7, 10
MM, 10, 4, 10
MM, 8, 1, 10
MM, 46, 19, 60
MM, 45, 17, 10
MM, 43, 15, 10
MM, 42, 13, 10
MM, 40, 11, 10
MM, 39, 9, 10
MM, 38, 8, 10
MM, 37, 7, 10
MM, 37, 6, 10
MM, 36, 5, 10
MM, 36, 4, 10
MM, 35, 3, 10
MM, 35, 2, 10
MM, 34, 1, 10
MM, 34, 0, 10
MC, 1, 401
MC, 1, 431
MM, 26, 0, 280
MM, 18, 2, 11
MM, 10, 4, 9
MM, 3, 5, 11
MM, 42, 7, 20
MM, 37, 8, 10
MM, 32, 8, 10
MM, 27, 9, 10
MM, 23, 9, 10
MM, 18, 9, 10
MM, 14, 10, 10
MM, 10, 10, 10
MM, 7, 11, 10
MM, 4, 11, 10
MM, 1, 11, 10
MM, 43, 11, 60
MM, 42, 11, 10
MM, 41, 11, 10
MM, 40, 11, 10
MM, 39, 11, 10
MM, 38, 11, 10
MM, 37, 11, 10
MM, 36, 11, 10
MM, 35, 11, 10
MM, 34, 11, 10
MM, 33, 11, 10
MM, 32, 11, 10
MM, 31, 11, 10
MM, 30, 11, 10
MM, 30, 11, 10
MM, 29, 11, 10
MM, 28, 11, 10
MC, 1, 110
MM, 29, 11, 111
MM, 34, 11, 10
MM, 4, 14, 20
MM, 15, 15, 10
MM, 25, 19, 10
MM, 33, 21, 10
MM, 40, 24, 10
MM, 0, 28, 20
MM, 5, 31, 10
MM, 19, 0, 30
MM, 22, 1, 10
MM, 25, 3, 10
MM, 28, 4, 10
MM, 31, 5, 10
MM, 33, 7, 10
MM, 35, 8, 10
MM, 37, 9, 10
MM, 39, 9, 10
MM, 40, 10, 10
MM, 42, 10, 10
MM, 43, 11, 10
MM, 2, 14, 40
MM, 4, 14, 10
MM, 6, 14, 10
MM, 8, 14, 10
MM, 11, 15, 10
MM, 13, 15, 10
MM, 15, 15, 10
MM, 16, 15, 10
MM, 17, 15, 10
MM, 19, 15, 10
MM, 20, 15, 10
MM, 21, 15, 10
MM, 23, 15, 11
MM, 24, 15, 9
MM, 24, 15, 10
MM, 25, 15, 11
MC, 1, 100
MM, 25, 15, 100
MM, 23, 13, 10
MM, 21, 11, 10
MM, 18, 7, 10
MM, 14, 3, 10
MM, 3, 29, 30
MM, 41, 17, 30
MM, 37, 13, 10
MM, 34, 9, 10
MM, 30, 4, 10
MM, 26, 0, 10
MC, 1, 321
MM, 25, 3, 150
MM, 11, 15, 20
MM, 28, 22, 10
MM, 27, 1, 40
MM, 31, 2, 10
MM, 33, 3, 10
MM, 34, 3, 10
MM, 34, 3, 10
MM, 35, 3, 10
MM, 35, 3, 221
MM, 35, 2, 10
MM, 35, 1, 10
MM, 35, 1, 10
MM, 35, 0, 10
MM, 0, 31, 70
MM, 2, 30, 10
MM, 3, 29, 10
MM, 5, 29, 10
MM, 6, 28, 10
MM, 7, 27, 10
MM, 9, 26, 10
MM, 10, 25, 10
MM, 11, 25, 10
MM, 11, 24, 10
MM, 12, 24, 10
MM, 13, 23, 10
MM, 13, 23, 10
MM, 14, 22, 10
MM, 14, 22, 10
MM, 14, 21, 10
MM, 15, 21, 10
MM, 15, 21, 10
MM, 15, 20, 10
MM, 16, 20, 10
MM, 16, 19, 10
MM, 16, 19, 10
MM, 17, 18, 10
MM, 17, 18, 10
MM, 17, 17, 10
MM, 18, 17, 10
MM, 18, 16, 11
MM, 19, 16, 10
MM, 19, 15, 10
MM, 19, 14, 9
MM, 20, 14, 11
MM, 20, 13, 10
MM, 20, 13, 10
MM, 21, 12, 10
MC, 1, 100
MM, 21, 13, 230
MM, 21, 13, 10
MM, 18, 15, 10
MM, 12, 18, 10
MM, 1, 24, 10
MM, 39, 29, 10
MM, 21, 1, 20
MM, 12, 6, 10
MM, 3, 10, 10
MM, 38, 19, 20
MM, 29, 22, 10
MM, 21, 25, 10
MM, 14, 28, 11
MM, 8, 30, 10
MM, 177, 0, 70
MM, 175, 1, 10
MM, 174, 2, 10
MM, 173, 3, 10
MM, 171, 4, 10
MM, 170, 5, 10
MM, 169, 6, 10
MM, 167, 7, 10
MM, 166, 9, 10
MM, 165, 11, 10
MM, 163, 12, 10
MM, 161, 14, 10
MM, 160, 15, 10
MM, 158, 16, 10
MM, 157, 18, 10
MM, 155, 19, 10
MM, 154, 20, 10
MM, 153, 20, 10
MM, 152, 21, 10
MM, 151, 22, 10
MC, 1, 100
MM, 152, 22, 231
MM, 156, 22, 10
MM, 164, 17, 10
MM, 176, 8, 10
MM, 15, 24, 20
MM, 28, 16, 10
MM, 39, 10, 10
MM, 13, 30, 30
MM, 19, 25, 10
MM, 24, 21, 10
MM, 27, 18, 10
MM, 30, 16, 10
MM, 31, 14, 10
MM, 33, 12, 10
MM, 35, 10, 10
MM, 36, 9, 10
MM, 37, 8, 10
MM, 38, 6, 10
MM, 39, 5, 10
MM, 40, 4, 10
MM, 41, 3, 10
MM, 41, 3, 10
MM, 42, 2, 10
MM, 43, 1, 10
MM, 43, 0, 10
MM, 19, 31, 50
MM, 20, 30, 10
MM, 21, 28, 10
MM, 22, 26, 10
MM, 23, 24, 10
MM, 24, 22, 10
MM, 25, 19, 10
MM, 26, 18, 10
MM, 26, 16, 10
MM, 26, 15, 10
MM, 27, 14, 11
MM, 27, 13, 9
MM, 27, 13, 10
MM, 27, 12, 10
MM, 27, 11, 10
MM, 27, 11, 11
MC, 1, 90
MM, 26, 11, 220
MM, 21, 12, 10
MM, 12, 16, 10
MM, 0, 22, 10
MM, 31, 27, 10
MM, 19, 31, 10
MM, 37, 1, 20
MM, 28, 5, 10
MM, 18, 8, 10
MM, 9, 11, 10
MM, 1, 14, 10
MM, 43, 16, 10
MM, 36, 18, 10
MM, 31, 20, 10
MM, 25, 23, 10
MM, 19, 26, 10
MM, 14, 28, 11
MM, 9, 31, 9
MM, 42, 2, 40
MM, 38, 4, 11
MM, 35, 5, 10
MM, 32, 6, 10
MM, 29, 7, 10
MM, 26, 7, 10
MM, 23, 8, 10
MM, 21, 9, 10
MM, 18, 9, 10
MM, 16, 10, 10
MM, 14, 10, 10
MM, 12, 11, 10
MM, 10, 11, 10
MM, 8, 11, 10
MM, 7, 11, 10
MM, 6, 11, 10
MM, 5, 11, 10
MM, 4, 11, 10
MM, 3, 11, 10
MM, 2, 11, 10
MM, 1, 11, 10
MM, 0, 11, 10
MM, 43, 12, 40
MM, 41, 13, 10
MM, 38, 13, 10
MM, 36, 14, 10
MM, 33, 15, 10
MM, 31, 15, 10
MM, 29, 16, 10
MM, 27, 16, 10
MM, 25, 16, 10
MM, 23, 17, 10
MM, 22, 17, 10
MM, 21, 17, 10
MC, 1, 100
MM, 20, 17, 261
MM, 17, 14, 10
MM, 11, 6, 10
MM, 0, 28, 20
MM, 43, 18, 20
MM, 41, 15, 10
MM, 38, 11, 10
MM, 36, 8, 10
MM, 34, 6, 10
MM, 33, 4, 10
MM, 31, 2, 10
MC, 1, 321
MC, 1, 391
MM, 13, 1, 330
MM, 21, 23, 10
MM, 28, 1, 10
MM, 36, 15, 10
MM, 91, 11, 20
MM, 97, 26, 10
MM, 102, 37, 10
MM, 104, 40, 321
MM, 102, 36, 10
MM, 101, 34, 10
MM, 101, 32, 10
MM, 100, 30, 10
MM, 100, 29, 10
MM, 100, 28, 10
MM, 99, 27, 10
MM, 99, 27, 10
MM, 99, 26, 10
MM, 99, 25, 10
MM, 98, 25, 10
MM, 98, 24, 10
MM, 98, 24, 10
MM, 98, 23, 10
MM, 98, 23, 10
MM, 98, 22, 10
MM, 98, 22, 10
MC, 1, 100
MM, 98, 16, 251
MM, 96, 9, 10
MM, 42, 23, 40
MM, 40, 10, 10
MM, 39, 1, 10
MM, 43, 21, 281
MM, 43, 21, 10
MM, 42, 20, 10
MM, 41, 20, 10
MM, 40, 19, 10
MM, 40, 19, 10
MM, 39, 19, 10
MM, 38, 19, 10
MM, 37, 18, 10
MM, 36, 18, 10
MM, 36, 18, 10
MM, 35, 17, 10
MM, 34, 17, 10
MC, 1, 90
MM, 38, 17, 240
MC, 1, 662
MC, 2, 210
MC, 3, 251
MM, 17, 20, 280
MM, 15, 7, 20
MM, 3, 16, 10
MM, 42, 24, 10
MM, 27, 2, 20
MM, 21, 8, 10
MM, 16, 13, 10
MM, 11, 17, 10
MM, 7, 21, 10
MM, 4, 24, 10
MM, 1, 27, 10
MM, 179, 0, 91
MM, 179, 1, 10
MM, 178, 1, 10
MM, 178, 2, 10
MM, 177, 2, 10
MM, 177, 3, 10
MM, 176, 3, 10
MM, 176, 4, 10
MM, 175, 4, 10
MM, 174, 6, 10
MM, 173, 7, 10
MM, 172, 8, 10
MM, 170, 10, 10
MM, 169, 11, 10
MM, 169, 12, 10
MM, 168, 14, 10
MM, 167, 14, 10
MM, 166, 15, 10
MM, 165, 16, 10
MM, 165, 17, 10
MM, 164, 18, 10
MM, 163, 19, 10
MM, 163, 20, 10
MC, 1, 110
MM, 163, 18, 141
MM, 165, 16, 9
MM, 167, 14, 10
MM, 169, 13, 11
MM, 171, 11, 10
MM, 172, 10, 10
MM, 174, 8, 10
MM, 176, 7, 10
MM, 178, 5, 10
MM, 180, 4, 10
MM, 181, 2, 10
MM, 183, 0, 10
MM, 2, 31, 50
MM, 3, 29, 10
MM, 5, 28, 10
MM, 6, 26, 10
MM, 7, 25, 10
MM, 8, 24, 10
MM, 9, 23, 10
MM, 10, 22, 10
MM, 11, 21, 10
MM, 12, 20, 10
MM, 13, 20, 10
MM, 13, 19, 10
MM, 14, 19, 10
MM, 15, 18, 10
MM, 15, 18, 10
MM, 16, 17, 10
MM, 16, 17, 10
MM, 17, 16, 10
MM, 18, 16, 10
MM, 18, 16, 10
MM, 19, 15, 10
MM, 19, 15, 10
MM, 20, 15, 10
MC, 1, 80
MM, 20, 14, 241
MM, 20, 10, 10
MM, 21, 4, 10
MM, 24, 29, 20
MM, 27, 24, 10
MM, 29, 20, 10
MM, 31, 17, 10
MM, 32, 14, 10
MM, 34, 11, 10
MM, 36, 8, 10
MM, 37, 5, 10
MM, 39, 3, 10
MM, 40, 1, 10
MM, 7, 31, 40
MM, 7, 30, 10
MM, 8, 29, 10
MM, 8, 28, 10
MM, 9, 27, 10
MM, 9, 26, 10
MM, 9, 24, 10
MM, 9, 23, 10
MM, 10, 23, 10
MM, 10, 22, 10
MM, 10, 20, 10
MM, 10, 20, 10
MM, 11, 19, 10
MM, 11, 18, 10
MM, 12, 17, 10
MM, 12, 16, 11
MM, 13, 15, 9
MM, 13, 15, 11
MM, 13, 14, 9
MM, 14, 13, 10
MM, 14, 12, 11
MM, 14, 12, 10
MM, 15, 11, 9
MM, 15, 11, 11
MM, 15, 11, 10
MC, 1, 110
MM, 15, 11, 20
MM, 16, 11, 10
MM, 16, 11, 10
MM, 16, 11, 10
MM, 17, 11, 10
MM, 17, 11, 10
MM, 18, 11, 10
MM, 19, 11, 10
MM, 22, 11, 10
MM, 24, 12, 10
MM, 28, 15, 10
MM, 33, 20, 10
MM, 6, 31, 20
MM, 2, 5, 40
MM, 4, 6, 10
MM, 5, 7, 10
MM, 7, 8, 10
MM, 8, 9, 10
MM, 9, 9, 10
MM, 10, 10, 10
MM, 11, 10, 11
MM, 12, 10, 10
MM, 12, 10, 9
MM, 13, 11, 10
MM, 14, 11, 10
MM, 15, 11, 10
MM, 16, 11, 11
MM, 16, 11, 9
MM, 17, 11, 10
MM, 17, 11, 10
MM, 18, 11, 10
MC, 1, 121
MM, 14, 11, 220
MM, 7, 7, 10
MM, 43, 0, 10
MM, 25, 23, 20
MM, 8, 18, 10
MM, 41, 13, 10
MM, 28, 9, 10
MM, 17, 7, 10
MM, 5, 5, 10
MM, 43, 3, 10
MM, 32, 1, 10
MC, 1, 602
MM, 43, 2, 360
MM, 42, 3, 10
MM, 40, 4, 10
MM, 39, 5, 10
MM, 38, 6, 11
MM, 37, 7, 9
MM, 36, 7, 10
MM, 36, 8, 10
MM, 35, 9, 10
MM, 34, 10, 10
MM, 33, 10, 10
MM, 32, 11, 11
MM, 31, 11, 10
MM, 31, 12, 10
MM, 30, 13, 9
MM, 29, 13, 11
MM, 28, 14, 10
MM, 28, 14, 10
MC, 1, 80
MM, 34, 14, 230
MM, 7, 14, 10
MM, 43, 14, 10
MM, 39, 16, 10
MM, 41, 17, 10
MM, 43, 17, 10
MM, 39, 17, 30
MM, 307, 1, 2605
MM, 320, 7, 10
MM, 335, 15, 10
MM, 353, 27, 10
MM, 372, 40, 10
MM, 387, 52, 10
MM, 404, 64, 10
MM, 61, 7, 91
MM, 66, 20, 10
MM, 69, 28, 10
MM, 70, 33, 10
MM, 71, 36, 10
MM, 63, 37, 300
MM, 62, 35, 10
MM, 61, 34, 10
MM, 61, 33, 10
MM, 60, 32, 10
MM, 60, 31, 10
MM, 59, 30, 10
MM, 59, 30, 10
MM, 59, 29, 10
MM, 59, 29, 10
MM, 58, 29, 11
MM, 58, 28, 10
MM, 58, 28, 10
MM, 58, 28, 10
MM, 57, 28, 9
MM, 57, 27, 11
