**********************************
LOGGING TIME: 20180909_040956
CLIENT IP: 127.0.1.1
USERNAME: dell
OS: Linux
*********************Neutral database**********************************
MM, 40, 19, 1537598303090
MM, 17, 49, 20
MM, 57, 29, 93694
MM, 64, 16, 10
MM, 70, 6, 10
MM, 93, 24, 40
MM, 98, 18, 10
MM, 103, 13, 10
MM, 106, 10, 10
MM, 108, 8, 10
MM, 109, 6, 10
MM, 110, 6, 10
MM, 110, 5, 10
MM, 111, 4, 10
MM, 111, 4, 10
MM, 111, 3, 10
MM, 111, 3, 10
MM, 111, 3, 7549
MM, 111, 4, 10
MM, 111, 5, 10
MM, 111, 8, 11
MM, 111, 11, 9
MM, 111, 15, 10
MM, 111, 19, 10
MM, 111, 22, 11
MM, 111, 25, 10
MM, 111, 27, 9
MM, 114, 0, 131
MM, 114, 1, 10
MM, 114, 2, 10
MM, 114, 3, 10
MM, 114, 4, 10
MM, 114, 5, 10
MM, 114, 6, 10
MM, 114, 7, 10
MM, 114, 7, 10
MM, 114, 8, 10
MM, 114, 9, 10
MM, 114, 10, 10
MM, 114, 11, 10
MM, 114, 12, 10
MM, 114, 13, 10
MM, 114, 14, 10
MM, 114, 15, 10
MM, 114, 16, 10
MM, 114, 16, 10
MM, 114, 17, 10
MM, 114, 17, 10
MM, 114, 18, 10
MM, 114, 19, 10
MM, 114, 19, 10
MM, 114, 19, 10
MM, 114, 19, 10
MM, 114, 20, 10
MM, 114, 20, 10
MM, 114, 20, 10
MM, 114, 20, 11
MM, 114, 21, 20
MM, 114, 21, 70
MM, 114, 21, 170
MM, 114, 21, 70
MM, 114, 22, 80
MM, 114, 22, 10
MM, 114, 22, 20
MM, 114, 23, 20
MC, 1, 221
MM, 108, 17, 330
MM, 93, 0, 10
MM, 58, 0, 10
MM, 24, 9, 31075
MM, 58, 24, 811
MM, 62, 15, 10
MC, 1, 130685
MC, 1, 5472
MM, 60, 0, 18362
MM, 60, 0, 10
MM, 60, 1, 10
MM, 60, 2, 10
MM, 60, 3, 10
MM, 60, 4, 10
MM, 60, 5, 10
MM, 60, 6, 10
MM, 60, 7, 10
MM, 60, 8, 10
MM, 60, 10, 10
MM, 60, 11, 10
MM, 60, 12, 10
MM, 60, 12, 10
MM, 60, 13, 10
MM, 60, 14, 10
MM, 60, 15, 10
MM, 60, 15, 10
MM, 60, 16, 10
MM, 60, 16, 10
MM, 60, 17, 10
MM, 59, 18, 10
MM, 59, 18, 10
MM, 59, 19, 10
MM, 59, 20, 10
MM, 58, 21, 10
MM, 58, 22, 10
MM, 58, 22, 11
MM, 58, 23, 10
MM, 57, 23, 10
MM, 57, 24, 10
MM, 57, 24, 10
MM, 56, 24, 10
MM, 56, 25, 10
MC, 1, 140
MM, 55, 25, 20
MM, 55, 25, 10
MM, 54, 26, 271
MM, 52, 30, 10
MM, 50, 33, 10
MM, 47, 37, 10
MM, 45, 40, 10
MM, 44, 43, 10
MM, 42, 45, 10
MM, 41, 46, 10
MM, 40, 48, 10
MM, 38, 50, 10
MM, 37, 52, 10
MM, 36, 54, 10
MM, 35, 56, 10
MM, 34, 57, 10
MM, 33, 59, 10
MM, 32, 60, 10
MM, 32, 61, 10
MM, 31, 63, 10
MM, 31, 64, 10
MM, 30, 65, 10
MM, 30, 66, 10
MM, 29, 67, 10
MM, 28, 67, 10
MM, 21, 0, 922
MM, 19, 1, 10
MM, 18, 2, 10
MM, 18, 2, 10
MM, 17, 3, 11
MM, 16, 4, 9
MM, 15, 4, 10
MM, 15, 5, 10
MM, 14, 5, 11
MM, 14, 5, 10
MM, 14, 6, 10
MM, 13, 6, 10
MM, 13, 6, 10
MM, 13, 6, 10
MM, 13, 7, 10
MM, 12, 7, 10
MM, 12, 7, 10
MM, 12, 7, 20
MM, 12, 8, 10
MM, 12, 8, 10
MM, 12, 9, 10
MM, 12, 9, 10
MM, 12, 10, 10
MM, 12, 11, 10
MM, 12, 11, 10
MM, 12, 12, 10
MM, 12, 13, 10
MM, 12, 14, 10
MM, 12, 15, 10
MM, 13, 15, 10
MM, 13, 16, 10
MM, 14, 17, 10
MM, 14, 17, 10
MM, 15, 17, 10
MM, 15, 17, 10
MM, 15, 18, 10
MM, 16, 18, 10
MM, 16, 18, 10
MM, 16, 18, 10
MM, 17, 18, 10
MM, 17, 18, 10
MM, 17, 18, 10
MM, 18, 18, 10
MM, 19, 18, 10
MM, 19, 18, 10
MM, 20, 18, 10
MM, 21, 18, 10
MC, 1, 101
MM, 21, 18, 140
MM, 23, 18, 10
MM, 26, 18, 10
MM, 32, 18, 10
MM, 38, 18, 10
MM, 5, 19, 20
MM, 13, 19, 10
MM, 19, 19, 10
MM, 25, 20, 10
MM, 30, 20, 10
MM, 33, 21, 10
MM, 36, 21, 10
MM, 38, 21, 10
MM, 40, 22, 10
MM, 42, 22, 10
MM, 43, 22, 10
MM, 0, 22, 81
MM, 1, 22, 10
MM, 2, 22, 10
MM, 2, 22, 10
MM, 4, 22, 10
MM, 4, 22, 10
MM, 5, 22, 10
MM, 6, 22, 10
MM, 7, 22, 10
MM, 8, 22, 10
MM, 8, 22, 10
MM, 9, 21, 10
MM, 10, 21, 10
MM, 11, 20, 10
MM, 12, 19, 10
MM, 13, 18, 10
MM, 14, 18, 10
MM, 15, 17, 10
MM, 16, 17, 10
MM, 17, 16, 10
MM, 17, 16, 10
MM, 18, 16, 10
MM, 18, 15, 10
MM, 19, 15, 10
MM, 20, 15, 10
MM, 20, 14, 10
MM, 20, 14, 10
MM, 20, 14, 10
MM, 21, 14, 10
MM, 21, 14, 10
MC, 1, 121
MM, 21, 14, 40
MM, 21, 14, 10
MM, 23, 14, 240
MM, 29, 14, 10
MM, 42, 20, 10
MM, 17, 9, 60
MM, 31, 17, 10
MM, 16, 3, 31
MM, 25, 10, 9
MM, 34, 18, 11
MM, 41, 24, 10
MM, 39, 31, 370
MM, 41, 30, 10
MM, 42, 30, 10
MM, 0, 27, 51
MM, 2, 26, 10
MM, 4, 26, 10
MM, 6, 25, 10
MM, 7, 25, 10
MM, 9, 24, 10
MM, 10, 23, 10
MM, 11, 23, 10
MM, 12, 22, 10
MM, 12, 22, 10
MM, 13, 22, 10
MM, 14, 22, 10
MM, 14, 21, 10
MM, 15, 21, 10
MM, 15, 21, 10
MM, 16, 21, 10
MM, 16, 21, 10
MM, 17, 21, 10
MM, 17, 21, 10
MM, 17, 21, 10
MC, 1, 80
MM, 16, 21, 231
MM, 10, 21, 10
MM, 2, 22, 10
MM, 36, 25, 20
MM, 27, 27, 10
MM, 20, 29, 10
MM, 220, 6, 70
MM, 215, 8, 10
MM, 210, 10, 10
MM, 206, 11, 10
MM, 202, 13, 10
MM, 198, 15, 10
MM, 195, 16, 10
MM, 193, 17, 10
MM, 191, 17, 10
MM, 189, 17, 10
MM, 187, 17, 10
MM, 186, 17, 10
MM, 185, 17, 10
MM, 184, 17, 10
MM, 183, 17, 10
MM, 182, 17, 10
MM, 181, 17, 10
MM, 180, 17, 10
MM, 179, 17, 10
MM, 178, 17, 10
MM, 176, 17, 10
MM, 175, 17, 10
MM, 174, 17, 11
MM, 173, 17, 9
MM, 172, 17, 11
MM, 172, 17, 10
MM, 171, 17, 10
MM, 170, 17, 10
MM, 170, 17, 10
MM, 169, 17, 10
MM, 169, 17, 10
MC, 1, 100
MM, 166, 17, 280
MM, 160, 11, 10
MM, 150, 1, 11
MM, 0, 31, 10
MM, 38, 20, 10
MM, 28, 11, 10
MM, 17, 3, 10
MM, 3, 26, 20
MM, 42, 13, 20
MM, 38, 8, 10
MM, 34, 4, 10
MM, 31, 1, 10
MM, 30, 0, 10
MC, 1, 521
MM, 13, 0, 331
MM, 9, 2, 10
MM, 6, 4, 10
MM, 2, 6, 10
MM, 0, 7, 10
MM, 43, 11, 50
MM, 42, 12, 10
MM, 41, 12, 10
MM, 40, 13, 10
MM, 39, 13, 10
MM, 39, 13, 10
MM, 38, 14, 10
MM, 38, 14, 10
MM, 37, 14, 10
MM, 36, 14, 10
MM, 35, 15, 10
MM, 35, 15, 10
MM, 34, 15, 10
MM, 33, 16, 10
MM, 32, 16, 10
MM, 31, 16, 10
MM, 30, 16, 10
MM, 28, 17, 10
MM, 27, 17, 10
MM, 26, 17, 10
MM, 25, 17, 11
MM, 24, 17, 10
MM, 24, 17, 10
MC, 1, 100
MM, 26, 17, 110
MM, 31, 17, 10
MM, 40, 17, 10
MM, 11, 12, 20
MM, 22, 9, 10
MM, 32, 5, 10
MM, 41, 2, 10
MC, 1, 581
MC, 1, 512
MM, 44, 0, 260
MM, 45, 1, 10
MM, 0, 8, 100
MM, 0, 8, 10
MM, 1, 9, 10
MM, 1, 9, 11
MM, 2, 10, 9
MM, 3, 10, 10
MM, 4, 11, 10
MM, 5, 11, 11
MM, 5, 12, 10
MM, 7, 13, 10
MM, 8, 13, 10
MM, 9, 14, 10
MM, 10, 14, 10
MM, 11, 15, 10
MM, 12, 15, 10
MM, 13, 15, 10
MM, 14, 16, 10
MM, 15, 16, 10
MM, 16, 16, 10
MM, 16, 17, 10
MM, 17, 17, 10
MM, 17, 17, 10
MM, 18, 17, 10
MM, 18, 17, 10
MC, 1, 110
MM, 18, 17, 431
MM, 17, 17, 10
MM, 17, 18, 10
MM, 17, 22, 10
MM, 17, 25, 10
MM, 16, 27, 10
MM, 16, 30, 10
MM, 16, 0, 40
MM, 16, 3, 10
MM, 15, 5, 10
MM, 15, 8, 11
MM, 14, 10, 9
MM, 13, 13, 10
MM, 12, 16, 11
MM, 12, 18, 10
MM, 11, 20, 10
MM, 11, 22, 10
MM, 10, 24, 10
MM, 10, 26, 10
MM, 9, 28, 10
MM, 9, 30, 10
MM, 148, 1, 40
MM, 147, 3, 10
MM, 147, 5, 10
MM, 147, 7, 10
MM, 147, 9, 10
MM, 147, 11, 10
MM, 147, 12, 10
MM, 147, 13, 10
MM, 147, 14, 10
MM, 147, 15, 10
MM, 147, 16, 10
MM, 147, 17, 10
MM, 147, 17, 10
MM, 147, 17, 10
MM, 147, 17, 10
MM, 147, 17, 10
MM, 147, 17, 10
MM, 147, 17, 10
MM, 147, 17, 10
MM, 147, 17, 10
MM, 147, 17, 10
MM, 147, 17, 10
MM, 147, 17, 10
MM, 147, 17, 10
MM, 147, 17, 10
MM, 147, 17, 10
MM, 147, 17, 10
MC, 1, 121
MM, 150, 15, 310
MM, 154, 10, 10
MM, 166, 2, 10
MM, 4, 24, 30
MM, 10, 21, 10
MM, 14, 18, 10
MM, 18, 16, 10
MM, 21, 14, 10
MM, 23, 12, 11
MM, 24, 11, 10
MM, 26, 9, 10
MM, 28, 7, 10
MM, 30, 5, 10
MM, 33, 3, 10
MM, 36, 0, 10
MM, 40, 30, 40
MM, 41, 28, 10
MM, 43, 26, 10
MM, 0, 9, 60
MM, 1, 6, 10
MM, 2, 4, 10
MM, 3, 2, 10
MM, 3, 1, 10
MM, 3, 0, 10
MM, 17, 31, 70
MM, 17, 31, 10
MM, 17, 30, 10
MM, 17, 30, 10
MM, 17, 29, 10
MM, 17, 29, 10
MM, 17, 28, 10
MM, 17, 27, 10
MM, 17, 26, 10
MM, 17, 26, 10
MM, 17, 25, 10
MM, 17, 25, 10
MM, 17, 24, 10
MM, 17, 23, 11
MM, 17, 22, 10
MM, 17, 22, 10
MM, 17, 21, 9
MM, 17, 21, 11
MM, 17, 20, 10
MM, 17, 20, 10
MM, 17, 19, 10
MM, 17, 19, 10
MM, 17, 19, 10
MM, 17, 18, 10
MM, 17, 18, 10
MM, 17, 18, 10
MM, 17, 18, 10
MM, 17, 17, 10
MC, 1, 100
MM, 17, 18, 251
MM, 12, 19, 10
MM, 1, 20, 10
MM, 37, 22, 10
MM, 17, 24, 10
MM, 33, 27, 20
MM, 20, 29, 10
MM, 6, 30, 10
MM, 0, 0, 110
MM, 41, 0, 20
MM, 37, 0, 10
MM, 33, 1, 10
MM, 31, 1, 10
MM, 28, 1, 10
MM, 25, 1, 10
MM, 23, 1, 10
MM, 20, 1, 10
MM, 18, 1, 10
MM, 16, 1, 10
MM, 14, 1, 10
MM, 13, 2, 10
MM, 11, 2, 10
MM, 10, 2, 10
MM, 9, 2, 10
MM, 7, 3, 10
MM, 6, 3, 10
MM, 5, 3, 10
MM, 3, 3, 11
MM, 2, 4, 10
MM, 1, 5, 9
MM, 43, 9, 71
MM, 42, 10, 10
MM, 41, 11, 10
MM, 40, 11, 10
MM, 39, 12, 10
MM, 38, 13, 10
MM, 36, 14, 10
MM, 35, 14, 10
MM, 34, 15, 10
MM, 32, 15, 10
MM, 30, 16, 10
MM, 29, 16, 10
MM, 28, 17, 10
MM, 26, 17, 10
MM, 25, 17, 10
MM, 24, 17, 10
MM, 23, 17, 10
MC, 1, 110
MM, 24, 17, 241
MM, 26, 17, 10
MM, 29, 17, 10
MM, 33, 17, 10
MM, 36, 17, 10
MM, 41, 17, 10
MM, 2, 23, 20
MM, 8, 26, 10
MM, 14, 30, 10
MM, 27, 0, 30
MM, 31, 3, 10
MM, 35, 6, 10
MM, 39, 10, 10
MM, 43, 13, 10
MM, 2, 22, 20
MM, 6, 27, 10
MM, 9, 30, 10
MM, 58, 1, 40
MM, 59, 2, 10
MM, 60, 2, 10
MM, 60, 3, 10
MM, 61, 4, 10
MM, 62, 5, 10
MM, 62, 5, 11
MM, 63, 6, 10
MM, 63, 6, 10
MM, 64, 7, 10
MM, 64, 7, 10
MM, 65, 8, 10
MM, 65, 8, 10
MM, 66, 9, 10
MM, 66, 9, 10
MM, 67, 10, 10
MM, 67, 10, 10
MM, 68, 10, 10
MM, 68, 10, 10
MM, 68, 11, 10
MM, 68, 11, 10
MM, 69, 11, 10
MC, 1, 90
MM, 69, 8, 251
MM, 69, 3, 10
MM, 34, 27, 20
MM, 38, 18, 10
MM, 41, 10, 10
MM, 1, 15, 40
MM, 3, 11, 10
MM, 4, 7, 10
MM, 4, 5, 10
MM, 5, 3, 10
MM, 5, 1, 10
MC, 1, 341
MM, 0, 1, 300
MM, 1, 2, 10
MM, 2, 2, 10
MM, 2, 2, 10
MM, 3, 2, 10
MM, 3, 2, 10
MM, 4, 2, 11
MM, 4, 2, 10
MC, 1, 110
MM, 2, 2, 270
MM, 42, 2, 20
MM, 28, 2, 10
MM, 15, 2, 10
MM, 3, 2, 10
MM, 36, 2, 20
MM, 29, 2, 10
MM, 23, 0, 11
MC, 1, 400
MM, 42, 11, 321
MM, 4, 27, 10
MM, 14, 2, 10
MM, 22, 12, 10
MM, 29, 21, 10
MM, 36, 28, 10
MM, 88, 3, 20
MM, 93, 9, 10
MM, 97, 15, 10
MM, 100, 17, 10
MM, 102, 17, 10
MM, 105, 17, 10
MM, 106, 17, 10
MM, 108, 17, 10
MM, 109, 17, 10
MM, 110, 17, 10
MM, 110, 17, 10
MM, 111, 17, 11
MM, 111, 17, 10
MM, 111, 17, 10
MM, 112, 17, 9
MM, 112, 17, 11
MM, 112, 17, 10
MM, 112, 17, 10
MM, 113, 17, 10
MM, 113, 17, 10
MC, 1, 110
MM, 113, 17, 230
MM, 113, 16, 10
MM, 113, 14, 10
MM, 117, 12, 10
MM, 124, 9, 11
MM, 135, 4, 10
MM, 27, 25, 30
MM, 38, 19, 10
MM, 6, 8, 20
MM, 13, 4, 10
MM, 18, 0, 10
MM, 28, 31, 40
MM, 31, 29, 10
MM, 34, 28, 10
MM, 38, 26, 10
MM, 41, 25, 10
MM, 1, 20, 40
MM, 2, 19, 10
MM, 3, 18, 10
MM, 5, 18, 10
MM, 6, 17, 10
MM, 6, 16, 10
MM, 7, 15, 10
MM, 9, 13, 10
MM, 10, 11, 10
MM, 12, 8, 10
MM, 13, 6, 10
MM, 15, 4, 10
MM, 17, 2, 10
MM, 18, 0, 10
MM, 0, 30, 60
MM, 1, 30, 10
MM, 2, 29, 10
MM, 3, 28, 10
MM, 4, 28, 10
MM, 5, 27, 10
MM, 6, 27, 10
MM, 7, 26, 10
MM, 8, 26, 10
MM, 9, 25, 11
MM, 9, 25, 10
MM, 10, 24, 10
MM, 11, 24, 10
MM, 12, 23, 10
MM, 12, 23, 10
MM, 13, 22, 10
MM, 14, 22, 10
MM, 14, 21, 10
MM, 15, 21, 10
MM, 15, 20, 10
MM, 16, 20, 10
MM, 16, 20, 10
MM, 16, 19, 10
MM, 16, 19, 10
MC, 1, 60
MM, 13, 19, 251
MM, 9, 19, 9
MM, 2, 21, 11
MM, 31, 29, 20
MM, 2, 0, 30
MM, 41, 5, 20
MM, 36, 7, 10
MM, 32, 9, 10
MM, 29, 11, 10
MM, 25, 12, 10
MM, 22, 14, 10
MM, 19, 16, 10
MM, 15, 18, 10
MM, 12, 20, 10
MM, 9, 22, 10
MM, 7, 24, 10
MM, 4, 26, 10
MM, 2, 27, 10
MM, 0, 29, 10
MM, 42, 0, 90
MM, 41, 1, 10
MM, 40, 2, 10
MM, 39, 3, 10
MM, 38, 3, 10
MM, 37, 4, 10
MM, 37, 5, 10
MM, 36, 6, 10
MM, 35, 7, 10
MM, 34, 7, 10
MM, 33, 8, 10
MM, 32, 9, 10
MM, 31, 10, 10
MM, 30, 11, 11
MM, 29, 11, 9
MM, 28, 12, 11
MM, 27, 13, 10
MM, 26, 14, 10
MM, 25, 14, 10
MM, 25, 15, 10
MM, 24, 15, 10
MM, 23, 16, 10
MM, 22, 16, 10
MM, 21, 16, 10
MM, 21, 17, 10
MC, 1, 110
MM, 23, 17, 271
MM, 32, 17, 10
MM, 13, 11, 20
MM, 24, 9, 10
MM, 33, 7, 10
MM, 43, 4, 10
MM, 4, 2, 10
MM, 13, 1, 10
MM, 21, 0, 10
MM, 23, 31, 240
MM, 23, 31, 10
MM, 24, 31, 10
MM, 25, 30, 10
MM, 25, 30, 10
MM, 26, 30, 10
MM, 27, 30, 10
MM, 27, 29, 10
MM, 28, 29, 10
MM, 28, 28, 11
MM, 28, 28, 10
MM, 29, 27, 10
MM, 29, 26, 10
MM, 29, 25, 10
MM, 29, 24, 10
MM, 29, 23, 10
MM, 29, 22, 10
MM, 29, 21, 10
MM, 29, 20, 10
MM, 29, 19, 10
MM, 29, 18, 10
MM, 29, 18, 10
MM, 29, 17, 10
MM, 29, 16, 10
MM, 29, 16, 10
MM, 29, 15, 10
MM, 29, 15, 10
MM, 29, 14, 10
MM, 29, 14, 10
MM, 29, 14, 10
MM, 29, 14, 10
MM, 29, 13, 10
MM, 29, 13, 10
MM, 29, 13, 10
MM, 29, 12, 10
MM, 29, 12, 10
MM, 29, 12, 10
MM, 29, 12, 10
MM, 29, 11, 10
MM, 29, 11, 10
MM, 28, 11, 10
MM, 28, 11, 10
MM, 27, 10, 10
MM, 27, 10, 10
MM, 26, 10, 10
MM, 26, 10, 10
MM, 25, 10, 10
MM, 25, 10, 10
MM, 25, 10, 10
MM, 25, 10, 10
MM, 24, 10, 10
MM, 24, 10, 10
MM, 24, 10, 10
MM, 24, 10, 10
MM, 23, 10, 11
MM, 23, 10, 10
MM, 23, 10, 10
MM, 23, 10, 10
MC, 1, 110
MM, 22, 10, 20
MM, 20, 10, 361
MM, 16, 9, 10
MM, 11, 7, 10
MM, 6, 6, 10
MM, 2, 4, 10
MM, 40, 0, 30
MM, 34, 31, 80
MM, 32, 30, 10
MM, 31, 29, 10
MM, 29, 29, 10
MM, 27, 28, 10
MM, 26, 27, 10
MM, 24, 26, 10
MM, 22, 25, 10
MM, 19, 24, 10
MM, 17, 24, 10
MM, 14, 22, 10
MM, 10, 22, 10
MM, 7, 21, 10
MM, 4, 20, 10
MM, 0, 20, 10
MM, 43, 19, 20
MM, 39, 19, 10
MM, 35, 18, 10
MM, 31, 18, 10
MM, 27, 18, 10
MM, 22, 18, 10
MM, 18, 18, 11
MM, 13, 18, 9
MM, 9, 18, 10
MM, 6, 18, 10
MM, 3, 18, 11
MM, 0, 18, 10
MM, 42, 18, 30
MM, 40, 18, 10
MM, 38, 18, 10
MM, 37, 18, 10
MM, 35, 18, 10
MM, 34, 18, 10
MM, 32, 18, 10
MM, 31, 18, 10
MM, 30, 18, 10
MM, 29, 18, 10
MM, 29, 18, 10
MM, 28, 18, 10
MM, 27, 18, 10
MM, 27, 18, 10
MM, 26, 18, 10
MM, 26, 18, 10
MM, 25, 18, 10
MM, 25, 18, 10
MM, 24, 18, 10
MM, 24, 18, 10
MM, 23, 18, 10
MM, 23, 18, 10
MM, 23, 18, 10
MM, 23, 18, 10
MM, 22, 18, 10
MM, 22, 18, 10
MM, 22, 18, 10
MM, 22, 18, 10
MM, 21, 18, 10
MM, 21, 18, 10
MM, 21, 18, 10
MM, 21, 18, 10
MM, 20, 18, 111
MM, 20, 18, 100
MM, 20, 18, 100
MM, 19, 18, 70
MM, 19, 18, 291
MM, 19, 18, 80
MM, 19, 17, 20
MM, 19, 17, 10
MM, 19, 17, 20
MC, 1, 140
MM, 19, 19, 261
MM, 19, 22, 10
MM, 19, 28, 10
MM, 6, 6, 20
MM, 6, 19, 10
MM, 6, 30, 10
MM, 9, 1, 10
MM, 9, 10, 10
MM, 9, 19, 10
MM, 149, 5, 20
MM, 149, 14, 10
MM, 150, 17, 10
MM, 150, 17, 10
MM, 151, 17, 10
MM, 151, 17, 10
MM, 151, 17, 10
MM, 151, 17, 10
MM, 151, 17, 10
MM, 151, 17, 10
MM, 151, 17, 10
MM, 151, 17, 10
MM, 151, 17, 10
MM, 151, 17, 10
MM, 151, 17, 10
MM, 151, 17, 10
MM, 151, 17, 10
MM, 151, 17, 10
MC, 1, 291
MM, 154, 16, 241
MM, 159, 11, 10
MM, 168, 4, 10
MM, 3, 29, 30
MM, 9, 25, 10
MM, 15, 22, 10
MM, 19, 20, 10
MM, 24, 18, 10
MM, 27, 16, 10
MM, 30, 14, 10
MM, 33, 12, 10
MM, 36, 10, 10
MM, 39, 7, 10
MM, 43, 3, 10
MM, 0, 31, 40
MM, 2, 29, 10
MM, 4, 27, 10
MM, 5, 25, 10
MM, 7, 24, 10
MM, 8, 23, 10
MM, 9, 21, 10
MM, 11, 20, 10
MM, 12, 19, 10
MM, 13, 17, 10
MM, 15, 16, 10
MM, 16, 15, 10
MM, 17, 14, 10
MM, 18, 12, 10
MM, 19, 11, 10
MM, 20, 9, 10
MM, 21, 8, 10
MM, 22, 7, 10
MM, 23, 6, 10
MM, 25, 5, 10
MM, 26, 4, 10
MM, 27, 3, 11
MM, 28, 2, 10
MM, 29, 1, 10
MM, 30, 0, 10
MM, 31, 0, 10
MM, 14, 31, 100
MM, 15, 31, 10
MM, 16, 30, 10
MM, 17, 30, 10
MM, 17, 30, 10
MM, 18, 29, 10
MM, 19, 28, 10
MM, 20, 28, 10
MM, 21, 27, 10
MM, 22, 27, 10
MM, 23, 26, 10
MM, 24, 26, 10
MM, 25, 26, 10
MM, 26, 25, 10
MM, 28, 24, 10
MM, 29, 24, 10
MM, 31, 23, 10
MM, 33, 22, 10
MM, 34, 22, 10
MM, 0, 19, 40
MM, 1, 18, 10
MM, 2, 18, 10
MM, 3, 17, 10
MM, 4, 16, 10
MM, 5, 16, 10
MM, 6, 16, 10
MM, 7, 15, 10
MM, 9, 15, 10
MM, 10, 15, 10
MM, 11, 14, 11
MM, 13, 14, 9
MM, 14, 14, 11
MM, 15, 13, 10
MM, 15, 13, 10
MM, 16, 13, 10
MM, 16, 13, 10
MM, 17, 13, 10
MM, 17, 13, 10
MM, 18, 13, 10
MC, 1, 120
MM, 18, 14, 130
MM, 17, 19, 10
MM, 13, 28, 10
MM, 27, 7, 20
MM, 24, 13, 10
MM, 22, 18, 10
MM, 20, 22, 10
MM, 19, 25, 10
MM, 18, 26, 10
MM, 17, 28, 10
MM, 17, 29, 11
MM, 16, 30, 9
MM, 16, 31, 10
MP, 1, 61
MR, 1, 80
MC, 1, 0
MM, 14, 30, 441
MM, 14, 28, 10
MM, 14, 26, 10
MM, 14, 25, 10
MM, 14, 24, 10
MM, 15, 22, 10
MM, 16, 21, 10
MM, 16, 20, 10
MM, 16, 20, 10
MM, 16, 19, 10
MM, 17, 18, 10
MM, 17, 17, 10
MM, 17, 17, 10
MM, 17, 16, 10
MC, 1, 110
MM, 14, 16, 241
MM, 2, 16, 10
MM, 30, 16, 10
MM, 16, 16, 20
MM, 40, 16, 10
MM, 12, 15, 10
MM, 36, 13, 10
MM, 11, 11, 10
MM, 42, 9, 10
MM, 25, 7, 10
MM, 8, 6, 10
MM, 42, 4, 10
MM, 30, 3, 10
MM, 21, 1, 10
MM, 14, 1, 10
MM, 10, 0, 10
MM, 6, 0, 10
MM, 4, 0, 10
MM, 1, 0, 10
MM, 42, 0, 30
MM, 39, 0, 10
MM, 35, 0, 10
MM, 32, 0, 10
MM, 30, 0, 10
MM, 28, 0, 10
MM, 26, 0, 10
MM, 25, 0, 10
MM, 24, 0, 10
MM, 23, 0, 10
MM, 22, 0, 10
MM, 21, 0, 10
MM, 20, 0, 10
MM, 20, 0, 11
MM, 18, 0, 10
MM, 17, 0, 10
MM, 16, 0, 10
MM, 14, 0, 10
MM, 12, 0, 10
MM, 10, 0, 10
MM, 8, 0, 10
MM, 5, 0, 10
MM, 3, 0, 10
MM, 0, 0, 10
MM, 43, 2, 30
MM, 40, 3, 10
MM, 39, 3, 10
MM, 37, 4, 10
MM, 35, 4, 10
MM, 34, 5, 10
MM, 32, 5, 10
MM, 31, 6, 10
MM, 30, 6, 10
MM, 28, 7, 10
MM, 27, 7, 10
MM, 26, 7, 10
MM, 26, 8, 10
MM, 25, 8, 10
MM, 24, 8, 10
MC, 1, 100
MM, 25, 8, 201
MM, 27, 8, 10
MM, 33, 8, 10
MM, 13, 8, 20
MM, 29, 8, 10
MM, 0, 8, 10
MM, 23, 8, 10
MM, 12, 12, 20
MM, 30, 17, 10
MM, 12, 24, 20
MM, 26, 27, 10
MM, 37, 29, 10
MM, 45, 30, 10
MM, 31, 0, 200
MM, 31, 0, 10
MM, 31, 0, 11
MM, 31, 1, 10
MM, 32, 1, 10
MM, 32, 2, 10
MM, 32, 2, 10
MM, 32, 4, 10
MM, 32, 5, 10
MM, 33, 6, 10
MM, 33, 7, 10
MM, 33, 8, 10
MM, 33, 10, 10
MM, 33, 11, 10
MM, 33, 12, 10
MM, 33, 14, 10
MM, 33, 15, 10
MM, 33, 16, 10
MM, 33, 17, 10
MM, 33, 18, 10
MM, 33, 19, 10
MM, 33, 19, 10
MM, 33, 20, 10
MC, 1, 80
MM, 30, 20, 241
MM, 21, 20, 10
MM, 4, 15, 10
MM, 41, 8, 10
MM, 29, 2, 10
MM, 7, 29, 20
MM, 37, 19, 20
MM, 29, 15, 10
MM, 23, 12, 10
MM, 19, 9, 10
MM, 16, 7, 10
MM, 13, 5, 10
MM, 11, 4, 10
MM, 10, 2, 10
MM, 8, 0, 10
MC, 1, 481
MC, 1, 481
MM, 27, 13, 411
MM, 26, 27, 10
MM, 25, 1, 10
MM, 24, 12, 10
MM, 23, 22, 10
MM, 23, 30, 10
MM, 112, 2, 20
MM, 112, 5, 10
MM, 112, 7, 10
MM, 112, 9, 10
MM, 112, 10, 10
MM, 112, 12, 10
MM, 111, 13, 10
MM, 111, 15, 10
MM, 111, 17, 10
MM, 110, 17, 10
MM, 110, 17, 10
MM, 110, 17, 10
MM, 110, 17, 10
MM, 109, 17, 10
MM, 109, 17, 10
MM, 109, 17, 10
MM, 109, 17, 10
MM, 108, 17, 10
MM, 108, 17, 10
MM, 108, 17, 10
MM, 108, 17, 11
MM, 108, 17, 10
MM, 108, 17, 10
MM, 108, 17, 10
MC, 1, 110
MM, 108, 16, 240
MM, 108, 12, 10
MM, 108, 7, 10
MM, 108, 2, 10
MM, 18, 30, 20
MM, 18, 23, 10
MM, 18, 15, 10
MM, 18, 8, 11
MM, 18, 3, 10
MM, 18, 31, 29
MM, 18, 29, 11
MM, 18, 27, 10
MM, 18, 26, 10
MM, 18, 24, 10
MM, 18, 22, 10
MM, 18, 21, 10
MM, 18, 19, 10
MM, 18, 17, 10
MM, 18, 14, 10
MM, 18, 12, 10
MM, 18, 10, 10
MM, 18, 8, 10
MM, 17, 6, 10
MM, 17, 5, 10
MM, 16, 3, 10
MM, 16, 2, 10
MM, 16, 1, 10
MM, 15, 0, 10
MC, 1, 271
MM, 0, 2, 160
MM, 4, 5, 10
MM, 8, 8, 10
MM, 12, 10, 10
MM, 15, 12, 10
MM, 16, 13, 10
MM, 17, 14, 10
MM, 18, 14, 10
MM, 19, 14, 10
MM, 19, 15, 10
MM, 19, 15, 10
MC, 1, 90
MM, 17, 15, 191
MM, 14, 15, 10
MM, 5, 15, 10
MM, 36, 15, 20
MM, 24, 15, 10
MM, 11, 15, 10
MM, 34, 15, 20
MM, 22, 15, 10
MM, 11, 15, 10
MM, 0, 15, 10
MM, 40, 15, 10
MM, 31, 15, 10
MM, 22, 15, 10
MM, 14, 15, 10
MM, 8, 15, 10
MM, 2, 15, 10
MM, 42, 15, 20
MM, 38, 15, 10
MM, 35, 15, 10
MM, 32, 15, 10
MM, 29, 15, 10
MM, 26, 15, 10
MM, 24, 15, 10
MM, 21, 15, 10
MM, 19, 14, 10
MM, 17, 14, 10
MM, 16, 14, 10
MM, 14, 13, 10
MM, 12, 13, 10
MM, 11, 12, 10
MM, 9, 12, 10
MM, 7, 12, 10
MM, 6, 12, 10
MM, 4, 11, 11
MM, 2, 11, 9
MM, 0, 11, 11
MM, 43, 10, 40
MM, 42, 9, 10
MM, 40, 9, 10
MM, 38, 9, 10
MM, 37, 9, 10
MM, 35, 9, 10
MM, 33, 9, 10
MM, 32, 9, 10
MM, 30, 9, 10
MM, 29, 9, 10
MM, 27, 9, 10
MM, 26, 9, 10
MM, 24, 9, 10
MM, 23, 9, 10
MM, 22, 9, 10
MM, 21, 9, 10
MC, 1, 130
MM, 21, 9, 60
MM, 21, 8, 10
MM, 22, 8, 10
MM, 27, 7, 10
MM, 34, 7, 10
MM, 4, 5, 20
MM, 11, 4, 10
MM, 19, 4, 11
MM, 29, 3, 9
MM, 40, 1, 10
MC, 1, 612
MM, 19, 2, 331
MM, 19, 6, 9
MM, 19, 10, 11
MM, 19, 14, 10
MM, 19, 18, 10
MM, 19, 21, 10
MM, 19, 25, 10
MM, 19, 30, 10
MM, 19, 0, 20
MM, 19, 5, 10
MM, 19, 9, 10
MM, 19, 13, 10
MM, 19, 15, 10
MM, 19, 18, 10
MM, 19, 19, 10
MM, 19, 21, 10
MM, 19, 22, 10
MM, 19, 24, 10
MM, 19, 25, 10
MM, 19, 27, 10
MM, 19, 29, 10
MM, 19, 31, 10
MM, 109, 1, 50
MM, 109, 2, 10
MM, 109, 3, 10
MM, 109, 5, 10
MM, 109, 6, 10
MM, 109, 7, 10
MM, 109, 8, 10
MM, 109, 9, 10
MM, 109, 11, 10
MM, 109, 12, 10
MM, 109, 13, 10
MM, 109, 14, 10
MM, 109, 15, 10
MM, 109, 16, 10
MM, 109, 16, 11
MM, 109, 17, 9
MM, 109, 17, 10
MM, 109, 17, 11
MM, 109, 17, 10
MM, 109, 17, 10
MM, 109, 17, 10
MM, 109, 17, 10
MM, 109, 17, 10
MM, 108, 17, 10
MC, 1, 110
MM, 109, 15, 281
MM, 115, 11, 9
MM, 124, 4, 10
MM, 11, 27, 31
MM, 20, 23, 10
MM, 30, 19, 10
MM, 38, 15, 10
MM, 0, 8, 20
MM, 4, 5, 10
MM, 10, 1, 10
MM, 21, 30, 30
MM, 26, 27, 10
MM, 30, 25, 10
MM, 33, 23, 10
MM, 36, 21, 10
MM, 38, 19, 10
MM, 40, 18, 10
MM, 41, 17, 10
MM, 42, 16, 10
MM, 43, 15, 10
MM, 0, 9, 80
MM, 1, 8, 10
MM, 1, 7, 10
MM, 2, 6, 10
MM, 3, 4, 10
MM, 4, 2, 10
MM, 19, 30, 40
MM, 19, 28, 10
MM, 19, 26, 10
MM, 19, 24, 10
MM, 20, 23, 10
MM, 20, 22, 10
MM, 20, 21, 11
MM, 20, 20, 10
MM, 20, 19, 10
MM, 20, 18, 9
MM, 20, 18, 11
MM, 20, 17, 10
MM, 20, 17, 10
MM, 20, 16, 10
MM, 20, 16, 10
MM, 20, 16, 10
MM, 20, 16, 10
MC, 1, 90
MM, 20, 16, 230
MM, 17, 16, 10
MM, 7, 16, 10
MM, 41, 17, 10
MM, 26, 18, 10
MM, 10, 20, 10
MM, 41, 22, 11
MM, 23, 24, 10
MM, 8, 25, 10
MM, 28, 0, 250
MM, 26, 0, 10
MM, 24, 0, 10
MM, 22, 1, 10
MM, 20, 2, 10
MM, 17, 3, 10
MM, 15, 4, 10
MM, 13, 5, 10
MM, 11, 6, 10
MM, 8, 7, 10
MM, 5, 9, 10
MM, 3, 9, 10
MM, 1, 10, 10
MM, 43, 13, 40
MM, 41, 13, 10
MM, 39, 14, 10
MM, 38, 14, 10
MM, 36, 15, 10
MM, 35, 15, 11
MM, 34, 15, 10
MM, 33, 15, 10
MM, 32, 16, 10
MM, 31, 16, 10
MM, 31, 16, 10
MM, 30, 16, 10
MM, 30, 16, 10
MM, 29, 16, 10
MM, 29, 16, 10
MM, 28, 16, 10
MC, 1, 110
MM, 28, 16, 281
MM, 29, 16, 10
MM, 30, 16, 10
MM, 33, 16, 10
MM, 35, 16, 10
MM, 39, 16, 10
MM, 1, 16, 20
MM, 8, 16, 10
MM, 14, 17, 10
MM, 18, 17, 10
MM, 23, 18, 10
MM, 29, 20, 10
MM, 35, 21, 10
MM, 41, 23, 10
MM, 2, 27, 20
MM, 7, 29, 10
MM, 11, 31, 10
MM, 23, 0, 30
MM, 27, 3, 10
MM, 31, 6, 10
MM, 35, 8, 10
MM, 38, 11, 10
MM, 41, 13, 10
MM, 1, 19, 40
MM, 2, 21, 10
MM, 3, 22, 10
MM, 5, 24, 10
MM, 7, 27, 10
MM, 8, 30, 10
MM, 102, 0, 40
MM, 102, 2, 10
MM, 103, 3, 10
MM, 103, 5, 10
MM, 104, 6, 11
MM, 104, 8, 9
MM, 105, 9, 11
MM, 106, 10, 10
MM, 106, 10, 10
MM, 106, 11, 10
MM, 106, 12, 10
MM, 107, 12, 10
MM, 107, 13, 10
MM, 107, 13, 10
MM, 107, 14, 10
MM, 108, 14, 10
MM, 108, 14, 10
MM, 108, 15, 10
MM, 108, 15, 10
MM, 108, 15, 10
MC, 1, 90
MM, 110, 15, 261
MM, 112, 14, 10
MM, 115, 13, 10
MM, 119, 11, 10
MM, 122, 10, 10
MM, 125, 9, 10
MM, 127, 8, 10
MM, 130, 7, 10
MM, 132, 6, 10
MM, 134, 5, 10
MM, 136, 4, 10
MM, 137, 3, 10
MM, 138, 3, 10
MM, 139, 2, 12
MM, 140, 2, 8
MM, 141, 1, 10
MM, 142, 0, 10
MM, 9, 30, 70
MM, 10, 29, 10
MM, 11, 27, 10
MM, 12, 26, 10
MM, 12, 25, 10
MM, 13, 24, 10
MM, 13, 23, 10
MM, 14, 22, 10
MM, 14, 21, 10
MM, 15, 21, 10
MM, 16, 20, 10
MM, 16, 20, 10
MM, 16, 19, 10
MM, 16, 19, 10
MM, 17, 19, 10
MC, 1, 101
MM, 17, 19, 120
MM, 17, 18, 10
MM, 18, 18, 10
MM, 20, 17, 10
MM, 23, 16, 10
MM, 27, 15, 10
MM, 32, 13, 10
MM, 39, 9, 10
MM, 4, 1, 20
MM, 12, 31, 20
MM, 17, 28, 10
MM, 21, 25, 10
MM, 24, 22, 10
MM, 28, 20, 10
MM, 32, 17, 10
MM, 34, 16, 10
MM, 36, 15, 10
MM, 38, 14, 10
MM, 39, 13, 10
MM, 40, 13, 10
MM, 41, 12, 10
MM, 42, 12, 10
MM, 43, 11, 10
MM, 0, 8, 50
MM, 1, 8, 10
MM, 3, 7, 11
MM, 5, 7, 10
MM, 6, 6, 10
MM, 8, 5, 10
MM, 10, 4, 10
MM, 12, 3, 10
MM, 14, 3, 10
MM, 16, 1, 10
MM, 18, 1, 10
MM, 20, 0, 10
MM, 5, 31, 80
MM, 6, 30, 10
MM, 7, 30, 10
MM, 8, 29, 10
MM, 9, 28, 10
MM, 10, 28, 10
MM, 11, 27, 10
MM, 11, 27, 10
MM, 12, 26, 10
MM, 12, 26, 10
MM, 13, 26, 10
MM, 13, 26, 10
MM, 13, 25, 10
MM, 14, 25, 10
MM, 14, 25, 10
MM, 14, 25, 10
MM, 14, 24, 10
MC, 1, 100
MM, 14, 24, 30
MM, 13, 24, 181
MM, 12, 24, 10
MM, 9, 24, 10
MM, 5, 24, 10
MM, 30, 24, 20
MM, 17, 25, 10
MM, 4, 27, 10
MM, 42, 27, 10
MM, 29, 27, 10
MM, 16, 27, 10
MM, 5, 27, 10
MM, 34, 27, 20
MM, 27, 27, 10
MM, 19, 27, 10
MM, 13, 27, 10
MM, 8, 27, 10
MM, 4, 27, 10
MM, 2, 27, 10
MC, 1, 401
MM, 14, 4, 311
MM, 16, 11, 10
MM, 19, 21, 10
MM, 23, 3, 20
MM, 25, 10, 10
MM, 26, 16, 10
MM, 26, 21, 10
MM, 27, 25, 10
MM, 27, 30, 10
MM, 118, 7, 20
MM, 118, 14, 10
MM, 118, 17, 10
MM, 118, 17, 10
MM, 118, 17, 10
MM, 118, 17, 10
MM, 118, 17, 10
MM, 118, 17, 10
MM, 118, 17, 10
MM, 118, 17, 10
MM, 118, 17, 10
MM, 118, 17, 10
MM, 118, 17, 10
MM, 118, 17, 10
MM, 118, 17, 10
MM, 118, 17, 10
MM, 118, 17, 10
MM, 118, 17, 10
MM, 118, 17, 11
MM, 118, 17, 9
MM, 118, 17, 11
MC, 1, 110
MM, 119, 16, 110
MM, 124, 14, 10
MM, 131, 11, 10
MM, 137, 8, 10
MM, 143, 6, 10
MM, 147, 3, 10
MM, 151, 1, 10
MM, 23, 30, 50
MM, 25, 29, 10
MM, 26, 28, 10
MM, 27, 27, 10
MM, 28, 26, 10
MM, 29, 25, 10
MM, 29, 24, 10
MM, 30, 24, 10
MM, 30, 23, 10
MM, 31, 23, 10
MM, 32, 22, 10
MM, 32, 22, 10
MM, 32, 21, 10
MM, 33, 20, 10
MM, 33, 20, 10
MM, 33, 19, 11
MM, 33, 19, 10
MM, 33, 18, 10
MM, 33, 18, 10
MM, 33, 18, 10
MM, 33, 17, 10
MM, 33, 17, 10
MM, 33, 17, 10
MM, 33, 16, 10
MM, 33, 16, 10
MM, 33, 16, 10
MM, 33, 16, 10
MC, 1, 110
MM, 32, 16, 260
MM, 25, 16, 11
MM, 9, 16, 10
MM, 32, 12, 20
MM, 19, 10, 10
MM, 5, 8, 10
MM, 42, 5, 10
MM, 29, 3, 10
MM, 19, 1, 10
MM, 11, 0, 10
MM, 38, 31, 30
MM, 32, 29, 10
MM, 26, 28, 10
MM, 21, 27, 10
MM, 18, 26, 10
MM, 15, 26, 10
MM, 12, 25, 10
MM, 9, 24, 10
MM, 7, 24, 10
MM, 5, 23, 10
MM, 3, 22, 10
MM, 1, 22, 10
MM, 42, 19, 50
MM, 40, 18, 10
MM, 38, 18, 10
MM, 36, 17, 10
MM, 33, 17, 10
MM, 31, 17, 10
MM, 28, 17, 10
MM, 26, 17, 10
MM, 23, 17, 10
MM, 20, 17, 10
MM, 17, 17, 10
MM, 14, 17, 10
MM, 11, 17, 10
MM, 8, 17, 10
MM, 5, 17, 11
MM, 2, 17, 9
MM, 0, 17, 11
MM, 42, 17, 40
MM, 40, 17, 10
MM, 38, 17, 10
MM, 37, 17, 10
MM, 35, 17, 10
MM, 34, 17, 10
MM, 33, 17, 10
MM, 32, 17, 10
MM, 31, 17, 10
MM, 31, 17, 10
MM, 30, 17, 10
MM, 29, 17, 10
MM, 28, 17, 10
MC, 1, 130
MM, 29, 17, 70
MM, 34, 17, 10
MM, 19, 17, 20
MM, 41, 17, 10
MM, 9, 17, 10
MM, 30, 17, 10
MM, 1, 17, 10
MM, 21, 17, 10
MM, 37, 17, 10
MM, 2, 17, 10
MM, 16, 17, 11
MM, 29, 17, 9
MM, 42, 18, 11
MM, 8, 22, 20
MM, 14, 24, 10
MM, 19, 25, 10
MM, 24, 26, 10
MM, 29, 27, 10
MM, 34, 27, 10
MM, 38, 29, 10
MM, 43, 30, 10
MM, 0, 31, 20
MM, 29, 0, 180
MM, 29, 0, 10
MM, 30, 1, 10
MM, 30, 1, 10
MM, 31, 2, 10
MM, 31, 3, 10
MM, 32, 3, 10
MM, 32, 4, 10
MM, 33, 5, 10
MM, 33, 6, 10
MM, 33, 7, 10
MM, 33, 8, 10
MM, 34, 8, 10
MM, 34, 9, 10
MM, 34, 10, 10
MM, 34, 10, 11
MM, 34, 10, 10
MM, 34, 11, 10
MM, 34, 11, 10
MM, 34, 11, 10
MM, 34, 11, 10
MC, 1, 100
MM, 34, 11, 220
MM, 29, 11, 10
MM, 17, 11, 10
MM, 4, 7, 10
MM, 41, 2, 10
MM, 14, 30, 20
MM, 3, 25, 10
MM, 45, 22, 10
MM, 34, 19, 10
MM, 25, 16, 10
MM, 16, 14, 10
MM, 9, 12, 10
MM, 4, 10, 10
MM, 40, 7, 31
MM, 35, 6, 10
MM, 30, 5, 10
MM, 25, 4, 10
MM, 21, 3, 10
MM, 18, 2, 10
MM, 15, 2, 10
MM, 13, 1, 10
MM, 11, 0, 10
MM, 10, 0, 10
MC, 1, 491
MM, 16, 0, 270
MM, 16, 1, 10
MM, 16, 1, 10
MM, 17, 2, 10
MM, 17, 2, 10
MM, 17, 3, 10
MM, 18, 3, 11
MM, 18, 4, 10
MM, 18, 5, 10
MM, 18, 5, 10
MM, 18, 5, 10
MM, 18, 5, 10
MM, 18, 6, 10
MM, 18, 6, 10
MM, 19, 6, 10
MM, 19, 6, 10
MM, 19, 7, 10
MM, 19, 7, 10
MM, 19, 7, 10
MM, 19, 7, 10
MM, 19, 8, 10
MM, 19, 8, 10
MM, 20, 9, 10
MM, 20, 9, 10
MM, 20, 10, 10
MM, 20, 10, 10
MM, 20, 11, 10
MM, 21, 11, 10
MM, 21, 12, 10
MM, 21, 13, 10
MM, 22, 13, 10
MM, 22, 14, 10
MM, 22, 14, 10
MM, 22, 15, 10
MM, 23, 15, 10
MM, 23, 16, 10
MM, 23, 16, 10
MM, 23, 16, 10
MM, 23, 17, 10
MM, 23, 17, 10
MM, 23, 17, 10
MM, 23, 17, 10
MM, 23, 18, 10
MM, 23, 18, 10
MC, 1, 141
MM, 23, 18, 320
MM, 24, 18, 10
MM, 25, 18, 10
MM, 27, 21, 10
MM, 30, 25, 10
MM, 33, 29, 10
MM, 43, 1, 20
MM, 1, 8, 10
MM, 10, 18, 10
MM, 19, 29, 10
MM, 72, 5, 20
MM, 77, 11, 10
MM, 81, 15, 11
MM, 85, 17, 10
MM, 88, 17, 10
MM, 90, 17, 10
MM, 93, 17, 10
MM, 95, 17, 10
MM, 96, 17, 10
MM, 98, 17, 10
MM, 100, 17, 10
MM, 101, 17, 10
MM, 101, 17, 10
MM, 102, 17, 10
MM, 103, 17, 10
MM, 103, 17, 10
MM, 103, 17, 10
MM, 103, 17, 10
MC, 1, 100
MM, 102, 17, 241
MM, 98, 17, 10
MM, 88, 17, 10
MM, 76, 15, 10
MM, 64, 11, 10
MM, 52, 8, 10
MM, 43, 5, 10
MM, 35, 2, 10
MM, 28, 0, 10
MM, 22, 31, 20
MM, 15, 28, 10
MM, 9, 25, 10
MM, 3, 23, 10
MM, 42, 18, 20
MM, 37, 16, 10
MM, 33, 14, 10
MM, 28, 12, 10
MM, 25, 10, 10
MM, 21, 9, 10
MM, 17, 7, 10
MM, 14, 6, 10
MM, 11, 4, 10
MM, 8, 3, 10
MM, 5, 1, 10
MM, 2, 0, 10
MM, 40, 31, 100
MM, 39, 30, 10
MM, 39, 29, 10
MM, 38, 28, 10
MM, 36, 26, 10
MM, 35, 25, 10
MM, 34, 24, 11
MM, 33, 23, 10
MM, 32, 22, 9
MM, 31, 21, 11
MM, 30, 20, 10
MM, 29, 18, 10
MM, 28, 17, 10
MM, 27, 17, 10
MM, 26, 16, 10
MM, 25, 15, 10
MC, 1, 90
MM, 27, 15, 100
MM, 33, 15, 10
MM, 18, 17, 20
MM, 39, 21, 10
MM, 5, 23, 10
MM, 22, 24, 10
MM, 36, 26, 10
MM, 2, 27, 10
MM, 15, 28, 10
MM, 24, 29, 10
MM, 31, 29, 10
MM, 35, 29, 10
MM, 37, 29, 10
MM, 39, 29, 10
MM, 40, 29, 10
MM, 41, 29, 10
MM, 42, 29, 10
MM, 42, 29, 231
MM, 40, 28, 10
MM, 38, 27, 10
MM, 37, 26, 10
MM, 36, 26, 10
MM, 34, 25, 10
MM, 33, 25, 10
MM, 32, 24, 10
MM, 32, 24, 10
MM, 31, 24, 10
MM, 30, 24, 10
MM, 30, 23, 10
MM, 29, 23, 10
MM, 29, 23, 10
MM, 28, 23, 10
MM, 28, 22, 10
MC, 1, 110
MM, 28, 22, 21
MM, 28, 22, 10
MM, 28, 21, 9
MM, 28, 21, 11
MM, 28, 20, 10
MM, 28, 20, 10
MM, 28, 19, 10
MM, 28, 19, 10
MM, 28, 18, 10
MM, 28, 17, 10
MM, 28, 16, 10
MM, 28, 15, 10
MM, 28, 13, 10
MM, 30, 11, 10
MM, 32, 9, 10
MM, 35, 5, 10
MM, 38, 0, 10
MC, 1, 340
MC, 1, 842
MC, 1, 371
MM, 12, 5, 331
MM, 15, 12, 10
MM, 17, 17, 10
MM, 20, 26, 10
MM, 26, 6, 20
MM, 30, 15, 10
MM, 33, 23, 10
MM, 36, 29, 10
MM, 80, 3, 30
MM, 81, 6, 10
MM, 82, 8, 10
MM, 83, 13, 10
MM, 84, 17, 10
MM, 85, 17, 10
MM, 86, 17, 10
MM, 87, 17, 10
MM, 88, 17, 10
MM, 88, 17, 10
MM, 89, 17, 10
MM, 89, 17, 10
MM, 90, 17, 10
MM, 90, 17, 10
MM, 90, 17, 10
MM, 91, 17, 10
MM, 91, 17, 10
MM, 91, 17, 10
MM, 92, 17, 10
MM, 92, 17, 10
MM, 92, 17, 10
MM, 92, 17, 10
MM, 93, 17, 10
MM, 93, 17, 10
MM, 93, 17, 11
MM, 93, 17, 10
MM, 93, 17, 10
MM, 93, 17, 10
MM, 93, 17, 10
MM, 93, 17, 10
MC, 1, 110
MM, 91, 17, 260
MM, 83, 17, 10
MM, 69, 12, 10
MM, 56, 7, 10
MM, 45, 2, 10
MM, 24, 30, 30
MM, 14, 26, 10
MM, 6, 23, 10
MM, 41, 17, 21
MM, 36, 14, 10
MM, 31, 11, 10
MM, 26, 9, 10
MM, 22, 6, 10
MM, 19, 4, 10
MM, 15, 2, 10
MM, 13, 0, 10
MM, 3, 31, 40
MM, 1, 30, 10
MM, 43, 25, 50
MM, 42, 24, 10
MM, 41, 23, 10
MM, 40, 23, 10
MM, 39, 22, 10
MM, 37, 21, 10
MM, 36, 21, 10
MM, 35, 20, 10
MM, 33, 19, 10
MM, 32, 18, 10
MM, 30, 17, 10
MM, 29, 17, 10
MM, 27, 16, 10
MM, 26, 15, 10
MM, 24, 15, 10
MC, 1, 110
MM, 27, 15, 91
MM, 32, 15, 10
MM, 21, 20, 20
MM, 40, 24, 10
MM, 5, 27, 10
MM, 35, 0, 20
MM, 7, 11, 20
MM, 15, 16, 10
MM, 21, 20, 10
MM, 25, 23, 10
MM, 28, 26, 10
MM, 30, 28, 10
MM, 31, 29, 10
MM, 33, 30, 10
MM, 34, 31, 10
MM, 82, 0, 60
MM, 83, 1, 10
MM, 84, 2, 10
MM, 85, 3, 10
MM, 86, 4, 10
MM, 88, 5, 10
MM, 89, 6, 10
MM, 89, 7, 10
MM, 90, 8, 10
MM, 91, 9, 10
MM, 92, 10, 10
MM, 92, 11, 10
MM, 92, 11, 10
MM, 93, 11, 10
MC, 1, 141
MM, 93, 11, 100
MM, 93, 11, 10
MM, 93, 10, 10
MM, 93, 9, 10
MM, 94, 8, 10
MM, 95, 7, 10
MM, 96, 6, 10
MM, 97, 5, 10
MM, 98, 3, 10
MM, 100, 1, 10
MM, 14, 31, 30
MM, 15, 28, 10
MM, 16, 26, 10
MM, 17, 23, 10
MM, 18, 21, 10
MM, 19, 19, 10
MM, 19, 17, 10
MM, 20, 15, 10
MM, 20, 14, 10
MM, 21, 12, 10
MM, 21, 10, 10
MM, 22, 8, 10
MM, 22, 6, 10
MM, 23, 3, 10
MM, 23, 1, 10
MM, 24, 30, 50
MM, 24, 29, 11
MM, 25, 28, 9
MM, 25, 27, 11
MM, 25, 26, 10
MM, 25, 25, 10
MM, 25, 24, 10
MM, 25, 24, 10
MM, 25, 23, 10
MM, 25, 22, 10
MM, 25, 22, 10
MM, 25, 22, 10
MM, 25, 21, 10
MM, 25, 21, 10
MC, 1, 60
MM, 25, 21, 60
MM, 26, 21, 10
MM, 26, 21, 10
MM, 26, 21, 10
MM, 27, 21, 10
MM, 28, 21, 10
MM, 30, 21, 10
MM, 33, 20, 10
MM, 37, 20, 10
MM, 45, 19, 10
MM, 1, 17, 10
MM, 12, 15, 10
MM, 20, 13, 10
MM, 25, 12, 10
MM, 31, 10, 10
MM, 36, 9, 10
MM, 41, 7, 10
MM, 1, 5, 20
MM, 5, 3, 10
MM, 10, 2, 10
MM, 13, 1, 11
MM, 16, 0, 9
MM, 19, 0, 10
MM, 6, 31, 121
MM, 8, 31, 10
MM, 10, 30, 10
MM, 12, 30, 10
MM, 13, 29, 10
MM, 15, 29, 10
MM, 16, 28, 10
MM, 18, 28, 10
MM, 20, 27, 10
MM, 21, 27, 10
MM, 23, 27, 10
MM, 24, 27, 10
MM, 25, 26, 10
MM, 27, 26, 10
MM, 28, 26, 10
MM, 30, 26, 10
MM, 31, 25, 10
MM, 33, 25, 10
MM, 35, 25, 10
MM, 0, 23, 40
MM, 1, 23, 10
MM, 3, 23, 10
MM, 5, 22, 10
MM, 7, 22, 10
MM, 9, 22, 10
MM, 11, 22, 10
MM, 13, 21, 10
MM, 14, 21, 10
MM, 16, 21, 10
MM, 17, 21, 10
MM, 18, 21, 10
MM, 19, 21, 10
MM, 20, 21, 10
MM, 21, 21, 11
MM, 21, 21, 10
MM, 21, 21, 10
MM, 22, 21, 10
MM, 22, 21, 10
MM, 22, 21, 10
MC, 1, 150
MM, 22, 21, 20
MM, 22, 20, 10
MM, 22, 20, 10
MM, 22, 20, 10
MM, 22, 19, 10
MM, 22, 19, 10
MM, 22, 19, 10
MM, 22, 19, 20
MM, 22, 18, 10
MM, 22, 18, 10
MM, 19, 18, 10
MM, 16, 18, 10
MM, 12, 18, 10
MM, 8, 18, 10
MM, 3, 18, 10
MM, 32, 18, 20
MM, 25, 18, 10
MM, 15, 18, 10
MM, 3, 18, 10
MM, 41, 18, 10
MM, 30, 18, 10
MM, 19, 18, 10
MM, 9, 19, 10
MM, 39, 21, 20
MM, 33, 22, 11
MM, 27, 23, 10
MM, 21, 24, 10
MM, 17, 25, 10
MM, 13, 26, 10
MM, 10, 28, 10
MM, 6, 29, 10
MM, 2, 30, 10
MM, 18, 0, 50
MM, 13, 1, 10
MM, 8, 2, 10
MM, 2, 3, 10
MM, 41, 4, 20
MM, 36, 4, 10
MM, 31, 4, 10
MM, 26, 4, 10
MM, 21, 4, 10
MM, 16, 4, 10
MM, 12, 5, 10
MM, 7, 5, 10
MM, 1, 6, 10
MM, 42, 7, 20
MM, 38, 8, 10
MM, 34, 9, 10
MM, 30, 10, 10
MM, 28, 11, 10
MM, 25, 12, 10
MM, 23, 13, 10
MM, 22, 13, 10
MM, 21, 14, 10
MM, 20, 14, 10
MM, 19, 15, 10
MM, 18, 15, 10
MM, 16, 15, 10
MM, 16, 16, 10
MM, 15, 16, 10
MM, 15, 16, 10
MM, 14, 16, 10
MM, 14, 16, 11
MM, 14, 16, 10
MM, 14, 16, 10
MM, 13, 16, 10
MM, 13, 16, 10
MM, 13, 16, 10
MM, 12, 16, 10
MM, 12, 16, 10
MM, 12, 16, 10
MM, 12, 16, 10
MM, 11, 16, 40
MM, 13, 16, 320
MM, 14, 16, 10
MM, 15, 16, 11
MM, 17, 16, 9
MM, 18, 16, 11
MM, 20, 16, 9
MM, 21, 16, 10
MM, 22, 16, 11
MM, 23, 16, 10
MM, 24, 16, 10
MM, 24, 16, 10
MM, 25, 16, 10
MM, 26, 16, 10
MM, 26, 16, 10
MM, 27, 16, 10
MM, 27, 16, 10
MM, 27, 16, 10
MM, 27, 16, 10
MM, 28, 16, 10
MM, 28, 16, 10
MM, 28, 16, 10
MM, 28, 16, 571
MM, 29, 16, 20
MM, 29, 16, 20
MM, 29, 16, 10
MM, 30, 16, 10
MM, 30, 16, 10
MM, 30, 16, 10
MM, 30, 16, 10
MM, 31, 16, 10
MM, 31, 16, 10
MM, 31, 16, 10
MM, 31, 16, 10
MM, 32, 16, 10
MM, 32, 16, 10
MM, 32, 16, 10
MM, 32, 16, 10
MM, 33, 16, 10
MM, 33, 16, 10
MM, 33, 15, 11
MM, 34, 15, 10
MM, 34, 15, 10
MM, 34, 15, 10
MM, 34, 14, 9
MC, 1, 431
MM, 34, 14, 20
MM, 34, 14, 11
MM, 34, 13, 10
MM, 34, 13, 10
MM, 34, 13, 10
MM, 34, 13, 20
MM, 34, 12, 10
MM, 35, 13, 2325
MM, 38, 15, 10
MM, 15, 18, 20
MM, 35, 20, 10
MM, 3, 22, 10
MM, 25, 24, 10
MM, 15, 27, 20
MM, 29, 30, 10
MM, 15, 2, 30
MM, 24, 5, 10
MM, 29, 8, 10
MM, 33, 9, 10
MM, 37, 11, 10
MM, 39, 13, 10
MM, 43, 15, 10
MM, 1, 18, 20
MM, 6, 21, 10
MM, 11, 23, 10
MM, 17, 25, 10
MM, 23, 26, 10
MM, 28, 28, 10
MM, 34, 29, 10
MM, 38, 29, 10
MM, 42, 29, 10
MM, 4, 30, 30
MM, 8, 30, 10
MM, 11, 30, 10
MM, 14, 30, 10
MM, 15, 30, 10
MM, 17, 30, 10
MM, 18, 30, 10
MM, 19, 30, 10
MM, 20, 30, 10
MM, 22, 30, 10
MM, 23, 30, 10
MM, 23, 30, 10
MM, 24, 30, 10
MM, 25, 30, 10
MM, 26, 30, 11
MM, 26, 30, 9
MM, 27, 30, 11
MM, 27, 30, 10
MM, 28, 30, 10
MM, 28, 30, 10
MM, 28, 30, 10
MM, 28, 30, 10
MM, 29, 30, 10
MM, 29, 29, 10
MM, 30, 28, 10
MM, 30, 28, 10
MM, 30, 27, 10
MM, 30, 26, 10
MM, 31, 25, 10
MM, 31, 24, 10
MM, 31, 23, 10
MM, 31, 23, 10
MM, 31, 22, 10
MM, 31, 22, 10
MM, 31, 21, 10
MM, 31, 20, 10
MM, 31, 20, 58
MM, 31, 18, 1
MM, 31, 16, 1
MM, 31, 15, 10
MM, 31, 14, 10
MM, 31, 14, 10
MM, 31, 13, 10
MM, 31, 13, 10
MM, 31, 13, 10
MM, 31, 13, 10
MC, 1, 100
MM, 32, 13, 171
MM, 35, 12, 10
MM, 39, 12, 10
MM, 7, 25, 13177
MM, 247, 0, 1193
MM, 283, 24, 10
MM, 315, 44, 10
MM, 356, 67, 10
MM, 35, 16, 30
MM, 63, 0, 1052
MM, 63, 7, 10
MM, 64, 12, 10
MM, 65, 16, 10
MM, 65, 20, 10
MM, 65, 22, 10
MM, 65, 23, 10
MM, 65, 25, 10
MM, 65, 25, 11
MM, 65, 26, 10
MM, 65, 26, 9
MM, 65, 26, 10
MM, 65, 27, 11
MM, 65, 27, 9
MM, 65, 27, 271
MM, 65, 26, 10
MM, 65, 26, 10
MM, 65, 25, 10
MM, 65, 25, 10
MM, 65, 24, 10
MM, 65, 23, 10
MM, 65, 23, 10
MM, 65, 23, 10
MM, 65, 23, 11
MM, 65, 22, 9
MM, 65, 22, 10
MM, 65, 22, 10
MM, 65, 22, 311
MM, 64, 22, 10
MM, 64, 22, 20
MM, 64, 22, 20
MM, 64, 22, 20
