********************************************************************************
LOGGING TIME: 20180907_152629
CLIENT IP: 10.102.59.17
USERNAME: Baba_Bradpitt
OS: Windows 10
**********************************Emotional database********************************************************************************
MM, 4, 6, 1537598292450
MM, 418, 602, 17
MM, 411, 599, 7
MM, 32, 22, 9
MM, 29, 19, 7
MM, 25, 15, 10
MM, 22, 13, 7
MM, 20, 12, 9
MM, 18, 10, 7
MM, 17, 9, 8
MM, 16, 8, 17
MM, 15, 7, 7
MM, 14, 5, 9
MM, 14, 4, 23
MM, 14, 3, 15
MM, 14, 2, 8
MM, 15, 0, 8
MM, 389, 570, 8
MM, 393, 566, 8
MM, 23, 30, 8
MM, 24, 30, 8
MM, 24, 28, 320
MM, 24, 25, 16
MM, 24, 23, 8
MM, 22, 19, 8
MM, 20, 16, 8
MM, 15, 8, 8
MM, 380, 533, 8
MM, 372, 516, 8
MM, 113, 77, 8
MM, 103, 47, 8
MM, 92, 14, 8
MM, 330, 391, 8
MM, 67, 54, 8
MM, 63, 15, 8
MM, 309, 292, 8
MM, 309, 267, 8
MM, 318, 186, 32
MM, 324, 169, 8
MM, 328, 151, 8
MM, 333, 131, 8
MM, 338, 105, 8
MM, 342, 78, 8
MM, 347, 60, 8
MM, 355, 43, 8
MM, 353, 37, 160
MM, 353, 38, 8
MM, 351, 41, 8
MM, 350, 43, 8
MM, 347, 46, 8
MM, 345, 48, 8
MM, 342, 50, 8
MM, 340, 54, 8
MM, 338, 55, 8
MM, 333, 60, 8
MM, 330, 62, 8
MM, 326, 66, 8
MM, 319, 68, 8
MM, 314, 74, 8
MM, 309, 79, 8
MM, 306, 81, 8
MM, 301, 86, 8
MM, 298, 90, 8
MM, 294, 97, 8
MM, 291, 102, 8
MM, 289, 128, 56
MM, 291, 131, 8
MM, 295, 133, 9
MM, 299, 136, 7
MM, 301, 138, 8
MM, 304, 139, 8
MM, 307, 141, 9
MM, 310, 143, 8
MM, 312, 145, 8
MM, 316, 147, 8
MM, 317, 148, 16
MM, 318, 148, 40
MM, 322, 148, 8
MM, 325, 148, 8
MM, 329, 148, 8
MM, 332, 148, 8
MM, 337, 148, 7
MM, 341, 148, 8
MM, 345, 148, 8
MM, 348, 148, 8
MM, 351, 146, 8
MM, 353, 145, 16
MM, 354, 145, 32
MM, 354, 144, 16
MM, 355, 143, 48
MM, 356, 143, 16
MM, 358, 143, 8
MM, 358, 142, 208
MM, 358, 138, 8
MM, 358, 132, 8
MM, 358, 126, 8
MM, 358, 114, 8
MM, 358, 104, 8
MM, 358, 98, 8
MM, 358, 93, 8
MM, 358, 92, 8
MM, 358, 91, 40
MM, 357, 90, 145
MM, 350, 91, 8
MM, 344, 93, 8
MM, 343, 94, 8
MM, 339, 94, 8
MM, 334, 97, 8
MM, 332, 99, 8
MM, 327, 100, 8
MM, 324, 101, 8
MM, 319, 105, 8
MM, 305, 128, 1007
MM, 310, 134, 8
MM, 312, 139, 8
MM, 318, 144, 9
MM, 322, 149, 7
MM, 325, 153, 8
MM, 327, 156, 9
MM, 330, 161, 8
MM, 332, 163, 8
MM, 334, 165, 8
MM, 335, 167, 8
MM, 336, 168, 8
MM, 338, 170, 8
MM, 339, 171, 8
MM, 339, 172, 8
MM, 340, 173, 8
MM, 340, 175, 32
MM, 340, 177, 7
MM, 341, 182, 8
MM, 341, 185, 8
MM, 406, 262, 456
MM, 406, 267, 8
MM, 408, 269, 8
MM, 408, 272, 8
MM, 408, 273, 8
MM, 408, 274, 8
MM, 406, 278, 8
MM, 403, 279, 8
MM, 397, 283, 8
MM, 393, 284, 8
MM, 390, 285, 8
MM, 389, 285, 8
MM, 386, 286, 8
MM, 382, 287, 8
MM, 378, 289, 8
MM, 375, 289, 8
MM, 370, 292, 9
MM, 365, 294, 7
MM, 362, 295, 8
MM, 360, 296, 8
MM, 103, 1, 9
MM, 98, 5, 8
MM, 96, 5, 7
MM, 91, 7, 9
MM, 88, 8, 16
MM, 87, 9, 79
MM, 86, 9, 8
MM, 84, 9, 8
MM, 82, 10, 8
MM, 81, 15, 8
MM, 81, 19, 8
MM, 81, 21, 8
MM, 80, 26, 8
MM, 80, 30, 8
MM, 80, 32, 8
MM, 80, 33, 8
MM, 80, 35, 8
MM, 80, 36, 16
MC, 1, 312
MM, 80, 43, 23465
MM, 72, 56, 8
MM, 62, 67, 8
MM, 53, 75, 8
MM, 293, 381, 8
MM, 284, 387, 8
MM, 275, 392, 8
MM, 266, 398, 8
MM, 259, 402, 8
MM, 256, 404, 7
MM, 252, 408, 8
MM, 250, 411, 8
MM, 248, 413, 8
MM, 247, 415, 8
MM, 247, 417, 8
MM, 247, 420, 8
MM, 247, 426, 8
MM, 248, 430, 8
MM, 250, 433, 8
MM, 6, 14, 8
MM, 8, 15, 8
MM, 10, 16, 8
MM, 12, 16, 17
MM, 14, 16, 16
MM, 17, 16, 8
MM, 18, 16, 24
MM, 19, 16, 8
MM, 23, 16, 8
MM, 25, 16, 8
MM, 28, 16, 8
MM, 30, 17, 8
MM, 36, 19, 7
MM, 43, 21, 8
MM, 49, 21, 8
MM, 61, 22, 8
MM, 70, 23, 8
MM, 78, 25, 8
MM, 81, 26, 8
MM, 83, 26, 16
MC, 1, 217
MM, 83, 27, 360
MM, 81, 27, 8
MM, 77, 27, 8
MM, 76, 27, 8
MM, 75, 27, 8
MM, 74, 27, 271
MM, 78, 26, 16
MM, 83, 25, 8
MM, 87, 25, 8
MM, 89, 25, 8
MM, 91, 25, 8
MM, 92, 25, 9
MM, 94, 25, 7
MM, 95, 26, 9
MM, 97, 27, 7
MM, 102, 29, 9
MM, 105, 29, 8
MM, 110, 31, 8
MM, 114, 31, 8
MM, 116, 31, 8
MM, 119, 31, 16
MM, 121, 31, 39
MM, 123, 31, 8
MM, 125, 30, 16
MM, 126, 31, 72
MM, 128, 45, 8
MM, 134, 60, 8
MM, 144, 71, 8
MM, 157, 83, 8
MM, 415, 516, 8
MM, 423, 525, 8
MM, 423, 532, 8
MM, 9, 4, 8
MM, 9, 7, 8
MM, 9, 14, 8
MM, 9, 19, 8
MM, 9, 24, 8
MM, 7, 28, 8
MM, 7, 29, 8
MM, 7, 30, 9
MM, 421, 567, 7
MM, 421, 568, 9
MM, 421, 569, 16
MM, 420, 569, 8
MM, 420, 570, 8
MM, 5, 0, 16
MM, 5, 1, 16
MM, 6, 1, 8
MM, 7, 1, 8
MM, 7, 0, 8
MM, 423, 568, 8
MM, 423, 567, 8
MM, 423, 566, 8
MM, 12, 28, 16
MM, 14, 27, 23
MM, 18, 26, 24
MM, 18, 24, 40
MM, 18, 23, 16
MM, 18, 22, 16
MM, 19, 21, 8
MM, 20, 20, 8
MM, 22, 18, 8
MM, 23, 15, 16
MM, 24, 13, 8
MM, 25, 9, 8
MM, 25, 8, 8
MM, 25, 7, 8
MM, 25, 5, 8
MM, 25, 4, 16
MM, 25, 5, 240
MM, 25, 6, 8
MM, 24, 8, 8
MM, 22, 10, 8
MM, 21, 10, 24
MM, 20, 10, 8
MM, 16, 10, 16
MM, 14, 13, 8
MM, 11, 13, 8
MM, 5, 13, 8
MM, 1, 14, 8
MM, 410, 548, 8
MM, 408, 548, 8
MM, 31, 15, 8
MM, 26, 16, 8
MM, 25, 18, 8
MM, 22, 19, 8
MM, 18, 19, 8
MM, 12, 20, 8
MM, 9, 20, 8
MM, 4, 20, 9
MM, 1, 21, 8
MM, 372, 555, 8
MM, 1, 18, 535
MM, 12, 26, 8
MM, 397, 566, 8
MM, 412, 573, 8
MM, 8, 8, 8
MM, 24, 13, 8
MM, 0, 21, 8
MM, 17, 29, 8
MM, 27, 1, 8
MM, 496, 615, 8
MM, 2, 9, 8
MM, 5, 12, 8
MM, 5, 14, 8
MM, 7, 16, 8
MM, 8, 17, 8
MM, 8, 19, 16
MM, 9, 20, 8
MM, 9, 21, 8
MM, 11, 21, 8
MM, 16, 21, 8
MM, 19, 21, 9
MM, 22, 21, 7
MM, 28, 21, 8
MM, 33, 21, 8
MM, 535, 629, 9
MM, 539, 629, 8
MM, 4, 21, 7
MM, 6, 22, 9
MM, 10, 22, 8
MM, 11, 22, 8
MM, 14, 23, 48
MM, 14, 24, 8
MM, 15, 24, 8
MM, 17, 26, 8
MM, 19, 26, 7
MM, 20, 27, 8
MM, 24, 29, 8
MM, 26, 30, 8
MM, 570, 640, 8
MM, 574, 641, 8
MM, 577, 643, 8
MM, 580, 644, 8
MM, 581, 644, 8
MM, 13, 0, 8
MM, 15, 0, 8
MM, 18, 2, 8
MM, 20, 3, 8
MM, 21, 3, 8
MM, 25, 3, 8
MM, 30, 4, 8
MM, 32, 5, 8
MM, 35, 5, 8
MM, 37, 6, 8
MM, 612, 653, 8
MM, 613, 653, 32
MM, 613, 654, 16
MM, 614, 655, 8
MM, 1, 10, 8
MM, 3, 11, 9
MM, 11, 12, 7
MM, 20, 15, 8
MM, 26, 17, 9
MM, 649, 663, 7
MM, 6, 18, 8
MM, 14, 18, 8
MM, 22, 18, 9
MM, 25, 18, 8
MM, 26, 18, 8
MM, 27, 18, 24
MM, 27, 17, 16
MM, 27, 16, 47
MM, 26, 15, 32
MM, 25, 14, 8
MM, 24, 12, 16
MM, 23, 11, 8
MM, 22, 10, 16
MM, 21, 9, 16
MM, 20, 9, 40
MC, 1, 153
MM, 19, 9, 79
MM, 17, 11, 8
MM, 16, 11, 16
MM, 14, 12, 8
MM, 12, 13, 24
MM, 11, 13, 8
MM, 10, 14, 8
MM, 8, 14, 8
MM, 4, 16, 8
MM, 0, 19, 8
MM, 651, 664, 8
MM, 30, 22, 8
MM, 27, 23, 8
MM, 25, 24, 8
MM, 23, 25, 8
MM, 20, 27, 8
MM, 18, 29, 8
MM, 17, 29, 8
MM, 16, 30, 8
MM, 15, 30, 8
MM, 626, 677, 8
MM, 625, 678, 16
MM, 621, 678, 8
MM, 618, 678, 8
MM, 614, 679, 8
MM, 611, 679, 8
MM, 607, 679, 8
MM, 605, 679, 8
MM, 599, 679, 9
MM, 594, 679, 8
MM, 590, 679, 7
MM, 586, 681, 9
MM, 582, 683, 8
MM, 577, 684, 8
MM, 575, 684, 8
MM, 573, 684, 8
MM, 571, 684, 24
MM, 570, 685, 8
MM, 570, 686, 23
MM, 568, 686, 8
MM, 566, 686, 8
MM, 163, 4, 8
MM, 158, 4, 8
MM, 155, 4, 8
MM, 150, 4, 8
MM, 146, 4, 8
MM, 141, 4, 8
MM, 140, 4, 8
MM, 139, 4, 8
MM, 136, 4, 8
MM, 135, 4, 8
MM, 133, 4, 8
MM, 131, 6, 8
MM, 130, 7, 16
MM, 120, 10, 40
MM, 119, 11, 8
MM, 117, 11, 48
MM, 114, 12, 25
MM, 112, 13, 16
MM, 109, 16, 16
MM, 104, 17, 16
MM, 101, 18, 16
MM, 100, 18, 8
MM, 99, 19, 8
MM, 98, 19, 8
MM, 96, 19, 47
MM, 94, 19, 16
MM, 93, 19, 8
MM, 91, 19, 8
MM, 89, 19, 8
MM, 85, 19, 8
MM, 84, 19, 16
MM, 82, 19, 8
MM, 81, 19, 8
MM, 79, 18, 144
MM, 79, 14, 248
MM, 82, 10, 8
MM, 85, 0, 8
MM, 3, 28, 8
MM, 3, 19, 8
MM, 4, 13, 8
MM, 7, 6, 8
MM, 8, 2, 8
MM, 497, 640, 8
MM, 497, 636, 8
MM, 498, 633, 8
MM, 498, 632, 17
MM, 0, 20, 7
MM, 1, 19, 8
MM, 2, 19, 8
MM, 3, 16, 16
MM, 4, 15, 17
MM, 5, 15, 8
MM, 6, 15, 8
MM, 10, 14, 16
MM, 13, 12, 8
MM, 15, 11, 16
MM, 18, 10, 8
MM, 20, 9, 40
MM, 22, 6, 7
MM, 23, 6, 8
MM, 25, 6, 8
MM, 27, 4, 8
MM, 28, 4, 56
MM, 31, 4, 16
MM, 32, 4, 16
MM, 34, 4, 8
MM, 534, 612, 8
MM, 535, 612, 16
MM, 536, 612, 8
MM, 537, 612, 16
MM, 538, 612, 8
MM, 539, 612, 32
MM, 0, 4, 8
MM, 2, 5, 17
MM, 3, 6, 7
MM, 3, 7, 16
MM, 4, 10, 9
MM, 6, 10, 32
MM, 7, 10, 16
MM, 9, 10, 32
MM, 10, 9, 16
MC, 1, 167
MM, 8, 8, 16
MM, 2, 8, 8
MM, 535, 613, 8
MM, 28, 5, 8
MM, 14, 2, 8
MM, 2, 2, 8
MM, 482, 605, 8
MM, 466, 605, 9
MM, 451, 605, 8
MM, 440, 605, 8
MM, 432, 604, 7
MM, 420, 604, 9
MM, 416, 604, 7
MM, 410, 604, 9
MM, 406, 604, 7
MM, 402, 604, 9
MM, 399, 604, 8
MM, 395, 604, 8
MM, 391, 604, 8
MM, 388, 604, 8
MM, 386, 604, 8
MM, 385, 604, 8
MM, 383, 604, 8
MM, 382, 604, 8
MM, 381, 604, 8
MM, 378, 604, 15
MM, 377, 604, 8
MM, 373, 604, 8
MM, 372, 604, 8
MM, 369, 604, 8
MM, 368, 604, 8
MM, 367, 604, 8
MM, 365, 604, 8
MM, 364, 604, 8
MM, 363, 605, 8
MM, 362, 606, 104
MM, 361, 607, 8
MM, 21, 0, 8
MM, 19, 1, 8
MM, 19, 2, 8
MM, 18, 3, 8
MM, 16, 5, 8
MM, 15, 7, 16
MM, 15, 9, 24
MM, 15, 10, 57
MM, 15, 11, 8
MM, 17, 13, 111
MM, 18, 13, 8
MM, 21, 13, 8
MM, 24, 9, 8
MM, 26, 8, 8
MM, 28, 6, 8
MM, 33, 3, 8
MM, 374, 608, 8
MM, 378, 605, 8
MM, 379, 602, 8
MM, 10, 26, 8
MM, 12, 24, 8
MM, 12, 23, 8
MM, 16, 19, 8
MM, 18, 15, 8
MM, 18, 13, 8
MM, 19, 12, 8
MM, 22, 10, 8
MM, 25, 9, 65
MM, 25, 7, 48
MC, 1, 127
MM, 20, 8, 8
MM, 17, 10, 8
MM, 13, 12, 8
MM, 7, 16, 8
MM, 3, 17, 8
MM, 371, 592, 8
MM, 368, 594, 8
MM, 32, 27, 8
MM, 31, 28, 8
MM, 30, 28, 8
MM, 28, 30, 8
MM, 359, 602, 8
MM, 358, 603, 16
MM, 358, 605, 8
MM, 357, 607, 8
MM, 17, 0, 16
MM, 17, 2, 8
MM, 17, 3, 24
MM, 17, 4, 8
MM, 17, 6, 33
MM, 30, 7, 223
MM, 375, 615, 8
MM, 4, 7, 8
MM, 16, 7, 8
MM, 415, 615, 8
MM, 11, 6, 8
MM, 29, 5, 8
MM, 6, 5, 8
MM, 23, 5, 8
MM, 6, 5, 8
MM, 22, 5, 8
MM, 537, 613, 8
MM, 7, 5, 8
MM, 19, 5, 8
MM, 29, 5, 8
MM, 34, 5, 8
MM, 578, 612, 9
MM, 0, 1, 7
MM, 0, 0, 41
MM, 581, 606, 16
MM, 581, 605, 16
MM, 581, 604, 16
MM, 581, 603, 8
MM, 581, 602, 7
MM, 14, 28, 8
MM, 14, 25, 32
MM, 15, 24, 40
MM, 15, 23, 16
MM, 20, 22, 8
MM, 22, 21, 8
MM, 24, 19, 8
MM, 26, 18, 8
MM, 29, 17, 8
MM, 31, 15, 8
MM, 32, 15, 8
MM, 34, 13, 8
MM, 605, 584, 8
MM, 610, 583, 8
MM, 1, 12, 8
MM, 4, 11, 8
MM, 5, 10, 8
MM, 7, 10, 161
MM, 9, 10, 15
MM, 10, 10, 8
MM, 11, 10, 8
MM, 12, 10, 48
MC, 1, 617
MC, 2, 328
MM, 12, 12, 96
MM, 7, 17, 7
MM, 5, 21, 8
MM, 0, 27, 8
MM, 22, 1, 8
MM, 19, 10, 8
MM, 14, 21, 8
MM, 12, 27, 8
MM, 588, 644, 8
MM, 16, 6, 8
MM, 11, 15, 8
MM, 7, 20, 8
MM, 3, 25, 8
MM, 0, 29, 8
MM, 566, 677, 8
MM, 163, 0, 8
MM, 162, 1, 8
MM, 159, 2, 8
MM, 157, 4, 16
MM, 155, 4, 24
MM, 154, 4, 40
MM, 153, 4, 8
MM, 151, 4, 16
MM, 150, 4, 9
MM, 148, 4, 7
MM, 145, 4, 8
MM, 144, 4, 8
MM, 143, 4, 16
MM, 140, 4, 9
MM, 138, 4, 8
MM, 135, 4, 8
MM, 130, 4, 8
MM, 127, 4, 8
MM, 124, 4, 8
MM, 119, 5, 8
MM, 116, 6, 8
MM, 114, 7, 8
MM, 112, 8, 8
MM, 109, 10, 15
MC, 1, 200
MM, 112, 5, 48
MM, 513, 680, 8
MM, 28, 29, 8
MM, 31, 22, 9
MM, 32, 15, 7
MM, 32, 9, 9
MM, 33, 3, 8
MM, 522, 641, 8
MM, 26, 30, 8
MM, 27, 25, 8
MM, 28, 22, 8
MM, 29, 21, 8
MM, 30, 18, 8
MM, 31, 17, 8
MM, 33, 16, 16
MM, 535, 623, 7
MM, 537, 623, 8
MM, 539, 621, 8
MM, 0, 13, 8
MM, 1, 12, 8
MM, 2, 11, 32
MM, 3, 11, 8
MM, 4, 11, 8
MM, 6, 10, 8
MM, 7, 10, 8
MM, 8, 10, 8
MM, 10, 9, 8
MM, 10, 8, 24
MM, 12, 8, 32
MM, 13, 8, 16
MM, 14, 8, 57
MC, 1, 120
MM, 13, 8, 8
MM, 1, 8, 7
MM, 30, 8, 8
MM, 16, 8, 8
MM, 0, 6, 8
MM, 22, 4, 8
MM, 6, 0, 8
MM, 456, 608, 8
MM, 446, 606, 8
MM, 433, 605, 8
MM, 425, 602, 8
MM, 1, 29, 8
MM, 412, 600, 8
MM, 35, 28, 8
MM, 32, 28, 8
MM, 29, 28, 8
MM, 26, 28, 8
MM, 24, 28, 8
MM, 22, 28, 8
MM, 20, 28, 8
MM, 19, 28, 40
MM, 17, 29, 17
MM, 15, 30, 31
MM, 386, 602, 8
MM, 385, 603, 8
MM, 384, 605, 16
MM, 383, 607, 9
MM, 0, 1, 8
MM, 378, 611, 8
MM, 376, 613, 8
MM, 374, 615, 8
MM, 33, 8, 8
MM, 31, 9, 8
MM, 23, 13, 8
MM, 16, 15, 8
MM, 5, 18, 8
MM, 2, 21, 8
MM, 338, 630, 8
MM, 0, 22, 223
MM, 1, 22, 17
MM, 3, 21, 7
MM, 4, 20, 25
MM, 7, 19, 24
MM, 8, 19, 8
MM, 11, 19, 16
MM, 12, 19, 8
MM, 12, 18, 79
MM, 14, 16, 8
MM, 16, 15, 8
MM, 18, 14, 16
MM, 21, 12, 8
MM, 21, 11, 16
MC, 1, 161
MM, 23, 11, 31
MM, 27, 10, 8
MM, 29, 10, 9
MM, 33, 10, 8
MM, 376, 618, 8
MM, 378, 618, 8
MM, 0, 10, 8
MM, 2, 10, 8
MM, 6, 11, 8
MM, 8, 12, 8
MM, 10, 13, 8
MM, 11, 13, 23
MM, 12, 13, 72
MM, 13, 13, 40
MM, 15, 13, 8
MC, 1, 201
MM, 16, 14, 48
MM, 18, 16, 7
MM, 21, 21, 8
MM, 23, 24, 8
MM, 25, 27, 8
MM, 410, 642, 8
MM, 7, 4, 8
MM, 9, 11, 8
MM, 9, 17, 8
MM, 16, 26, 8
MM, 425, 676, 8
MM, 428, 679, 8
MM, 428, 681, 8
MM, 28, 4, 8
MM, 29, 6, 8
MM, 30, 6, 8
MM, 30, 8, 8
MM, 31, 9, 8
MM, 32, 10, 8
MM, 33, 11, 88
MM, 34, 11, 8
MM, 36, 11, 16
MM, 37, 11, 33
MM, 38, 11, 32
MM, 40, 12, 8
MM, 43, 14, 8
MM, 44, 15, 8
MM, 49, 16, 8
MM, 52, 17, 8
MM, 59, 21, 8
MM, 61, 21, 7
MM, 64, 22, 8
MM, 67, 23, 8
MM, 69, 23, 8
MM, 70, 23, 8
MM, 72, 22, 224
MM, 72, 20, 9
MM, 72, 19, 8
MM, 72, 17, 8
MM, 72, 13, 8
MM, 72, 9, 8
MM, 72, 4, 8
MM, 72, 0, 8
MM, 474, 676, 8
MM, 28, 24, 8
MM, 29, 19, 8
MM, 32, 16, 8
MM, 32, 11, 8
MM, 482, 652, 8
MM, 483, 647, 8
MM, 484, 644, 7
MM, 486, 639, 8
MM, 27, 29, 8
MM, 28, 27, 8
MM, 30, 25, 8
MM, 493, 631, 8
MM, 494, 629, 8
MM, 495, 625, 8
MM, 497, 623, 8
MM, 498, 622, 8
MM, 0, 12, 8
MM, 1, 10, 16
MM, 4, 6, 8
MM, 5, 4, 16
MM, 6, 2, 8
MM, 6, 1, 16
MM, 6, 0, 8
MM, 506, 607, 8
MM, 507, 606, 16
MM, 507, 605, 48
MM, 507, 604, 9
MM, 509, 602, 15
MM, 16, 29, 8
MM, 18, 27, 9
MM, 19, 25, 7
MM, 19, 24, 8
MM, 19, 23, 9
MM, 20, 21, 8
MM, 20, 20, 8
MC, 1, 231
MM, 21, 20, 8
MM, 27, 24, 8
MM, 526, 597, 8
MM, 540, 604, 8
MM, 9, 0, 8
MM, 16, 6, 8
MM, 27, 12, 8
MM, 34, 18, 9
MM, 2, 21, 7
MM, 3, 22, 8
MM, 4, 23, 8
MM, 3, 23, 136
MM, 2, 23, 8
MM, 1, 22, 8
MM, 580, 630, 16
MM, 579, 630, 16
MM, 578, 629, 8
MM, 576, 629, 16
MM, 34, 19, 8
MM, 33, 18, 24
MM, 31, 18, 8
MM, 30, 17, 8
MM, 30, 16, 8
MM, 29, 16, 8
MM, 26, 14, 8
MM, 25, 14, 8
MM, 22, 14, 8
MM, 21, 13, 8
MM, 20, 13, 8
MC, 1, 200
MM, 17, 13, 8
MM, 14, 13, 8
MM, 8, 13, 8
MM, 538, 621, 8
MM, 29, 13, 8
MM, 21, 11, 8
MM, 8, 8, 8
MM, 497, 615, 8
MM, 25, 5, 8
MM, 18, 5, 8
MM, 16, 4, 8
MM, 14, 3, 8
MM, 12, 1, 8
MM, 12, 0, 16
MM, 474, 606, 16
MM, 474, 605, 24
MM, 474, 604, 8
MM, 474, 602, 16
MM, 17, 30, 16
MM, 16, 30, 8
MM, 15, 30, 8
MM, 13, 30, 8
MM, 11, 29, 8
MM, 10, 29, 8
MM, 9, 28, 9
MM, 8, 27, 24
MM, 6, 26, 8
MM, 4, 25, 16
MM, 2, 25, 8
MM, 454, 594, 8
MM, 453, 594, 8
MM, 451, 593, 8
MM, 450, 593, 8
MM, 34, 22, 8
MM, 33, 22, 15
MM, 33, 21, 48
MM, 31, 20, 24
MM, 30, 19, 32
MM, 28, 18, 24
MM, 26, 18, 8
MM, 23, 16, 8
MM, 21, 16, 8
MC, 1, 304
MM, 22, 16, 152
MM, 25, 16, 8
MM, 26, 16, 8
MM, 27, 16, 17
MM, 27, 17, 16
MM, 29, 20, 8
MM, 29, 25, 8
MM, 29, 27, 8
MM, 446, 604, 8
MM, 27, 1, 8
MM, 30, 8, 8
MM, 32, 13, 8
MM, 459, 630, 8
MM, 460, 634, 8
MM, 462, 643, 8
MM, 17, 5, 7
MM, 20, 11, 8
MM, 26, 20, 8
MM, 30, 27, 8
MM, 481, 677, 8
MM, 484, 680, 8
MM, 86, 0, 8
MM, 87, 2, 8
MM, 87, 4, 8
MM, 87, 6, 16
MM, 87, 8, 16
MM, 88, 10, 8
MM, 90, 14, 8
MM, 91, 16, 8
MM, 91, 17, 8
MM, 92, 19, 16
MM, 92, 20, 16
MM, 93, 21, 8
MM, 93, 23, 16
MM, 94, 24, 24
MM, 94, 23, 224
MM, 94, 21, 8
MM, 94, 20, 8
MM, 93, 16, 16
MM, 93, 15, 16
MM, 93, 14, 8
MM, 93, 12, 56
MM, 93, 11, 48
MM, 93, 10, 57
MC, 1, 272
MM, 93, 9, 168
MM, 94, 9, 24
MM, 96, 9, 15
MM, 97, 8, 8
MM, 100, 6, 8
MM, 106, 3, 8
MM, 113, 0, 8
MM, 118, 0, 8
MM, 524, 679, 8
MM, 528, 675, 8
MM, 2, 29, 8
MM, 10, 24, 8
MM, 12, 23, 8
MM, 15, 19, 8
MM, 15, 18, 48
MM, 16, 17, 8
MM, 18, 14, 8
MM, 19, 12, 8
MM, 20, 9, 16
MM, 20, 7, 16
MM, 24, 4, 8
MM, 26, 2, 8
MM, 28, 1, 8
MM, 29, 1, 48
MM, 562, 643, 8
MM, 563, 643, 97
MM, 564, 643, 7
MM, 569, 642, 8
MM, 570, 641, 9
MM, 574, 639, 8
MM, 578, 635, 24
MM, 6, 19, 8
MM, 13, 14, 8
MM, 22, 6, 8
MM, 620, 606, 8
MM, 16, 29, 8
MM, 27, 21, 8
MM, 646, 583, 8
MM, 3, 6, 8
MM, 4, 6, 8
MM, 6, 4, 8
MM, 7, 3, 15
MM, 8, 2, 128
MM, 9, 1, 8
MM, 7, 1, 65
MM, 3, 5, 7
MM, 1, 8, 8
MM, 647, 581, 8
MM, 646, 584, 16
MM, 646, 583, 192
MM, 647, 581, 8
MM, 0, 10, 8
MM, 1, 9, 8
MM, 3, 9, 16
MM, 5, 8, 16
MM, 6, 8, 40
MM, 8, 8, 16
MM, 9, 8, 8
MM, 9, 9, 8
MM, 9, 10, 16
MM, 10, 11, 16
MC, 1, 232
MM, 8, 11, 40
MM, 5, 11, 8
MM, 3, 14, 8
MM, 647, 586, 8
MM, 646, 586, 8
MM, 646, 587, 8
MM, 642, 587, 8
MM, 27, 19, 8
MM, 24, 20, 8
MM, 21, 21, 8
MM, 16, 21, 8
MM, 13, 22, 8
MM, 3, 25, 8
MM, 608, 597, 8
MM, 31, 29, 8
MM, 592, 603, 8
MM, 586, 604, 8
MM, 581, 605, 9
MM, 32, 2, 8
MM, 26, 5, 8
MM, 22, 8, 8
MM, 19, 9, 8
MM, 15, 11, 8
MM, 12, 14, 8
MM, 11, 14, 16
MM, 10, 15, 16
MM, 10, 16, 24
MM, 10, 17, 15
MM, 10, 18, 8
MM, 9, 20, 8
MM, 9, 22, 8
MM, 8, 24, 8
MM, 8, 25, 8
MM, 8, 27, 8
MM, 8, 28, 8
MM, 7, 30, 8
MM, 547, 640, 8
MM, 547, 641, 8
MM, 547, 642, 8
MM, 547, 644, 8
MM, 18, 1, 8
MM, 18, 3, 24
MM, 18, 5, 8
MM, 21, 6, 193
MM, 27, 3, 8
MM, 34, 2, 8
MM, 567, 646, 8
MM, 574, 643, 8
MM, 585, 640, 7
MM, 589, 639, 8
MM, 17, 26, 8
MM, 20, 26, 8
MM, 26, 26, 8
MM, 612, 634, 8
MM, 615, 634, 8
MM, 1, 26, 8
MM, 5, 26, 8
MM, 8, 26, 8
MM, 11, 27, 8
MM, 13, 27, 8
MM, 15, 27, 8
MM, 18, 26, 8
MM, 20, 26, 16
MM, 21, 26, 16
MM, 21, 24, 16
MM, 23, 22, 16
MM, 27, 19, 16
MM, 28, 19, 24
MM, 31, 19, 8
MM, 33, 19, 8
MM, 653, 627, 8
MM, 655, 626, 17
MM, 656, 626, 7
MM, 657, 625, 25
MM, 0, 16, 8
MM, 0, 15, 8
MM, 1, 14, 8
MM, 2, 12, 8
MM, 2, 11, 8
MM, 3, 8, 8
MM, 3, 7, 24
MM, 3, 5, 16
MM, 5, 3, 7
MM, 6, 3, 48
MM, 7, 3, 24
MM, 657, 611, 112
MM, 653, 611, 8
MM, 29, 3, 8
MM, 22, 2, 8
MM, 18, 1, 8
MM, 11, 0, 8
MM, 626, 605, 8
MM, 621, 604, 8
MM, 613, 603, 8
MM, 28, 25, 8
MM, 24, 24, 9
MM, 15, 21, 8
MM, 8, 19, 8
MM, 0, 17, 8
MM, 30, 16, 8
MM, 22, 11, 8
MM, 15, 10, 8
MM, 12, 10, 8
MM, 10, 9, 8
MM, 8, 8, 8
MM, 7, 7, 8
MM, 5, 7, 103
MM, 4, 7, 16
MM, 2, 7, 16
MM, 2, 9, 88
MM, 5, 13, 8
MM, 8, 15, 8
MM, 11, 17, 8
MM, 16, 19, 8
MM, 19, 20, 16
MM, 20, 21, 8
MM, 21, 22, 25
MC, 1, 199
MM, 19, 22, 64
MM, 16, 25, 8
MM, 14, 28, 8
MM, 541, 604, 8
MM, 539, 607, 8
MM, 535, 615, 8
MM, 32, 14, 8
MM, 27, 21, 8
MM, 25, 30, 8
MM, 30, 0, 8
MM, 26, 5, 8
MM, 23, 10, 8
MM, 19, 17, 9
MM, 18, 21, 16
MM, 17, 24, 16
MM, 16, 26, 79
MM, 15, 27, 16
MM, 14, 28, 8
MM, 501, 676, 8
MM, 501, 677, 16
MM, 501, 679, 8
MM, 501, 680, 8
MM, 501, 681, 16
MM, 101, 1, 8
MM, 101, 2, 8
MM, 101, 4, 17
MM, 102, 4, 56
MM, 103, 6, 23
MM, 103, 7, 8
MM, 103, 8, 16
MM, 103, 10, 8
MM, 103, 11, 8
MM, 103, 12, 24
MM, 103, 13, 16
MM, 103, 14, 24
MC, 1, 376
MM, 104, 15, 24
MM, 105, 15, 40
MM, 106, 15, 24
MM, 106, 14, 73
MM, 106, 13, 7
MM, 106, 11, 17
MM, 106, 8, 8
MM, 106, 6, 8
MM, 106, 5, 8
MM, 106, 3, 8
MM, 106, 0, 8
MM, 506, 679, 8
MM, 506, 677, 8
MM, 18, 28, 8
MM, 18, 24, 7
MM, 19, 16, 8
MM, 19, 12, 8
MM, 19, 8, 8
MM, 19, 5, 8
MM, 19, 3, 8
MM, 506, 644, 8
MM, 504, 640, 8
MM, 3, 28, 8
MM, 1, 26, 8
MM, 0, 23, 8
MM, 498, 628, 16
MM, 496, 625, 8
MM, 493, 621, 8
MM, 27, 10, 8
MM, 24, 8, 8
MM, 17, 2, 8
MM, 15, 0, 8
MM, 472, 603, 8
MM, 14, 30, 8
MM, 10, 27, 8
MM, 9, 25, 8
MM, 8, 22, 8
MM, 7, 19, 16
MM, 5, 17, 8
MM, 4, 16, 8
MM, 3, 14, 8
MM, 2, 12, 8
MM, 1, 11, 8
MM, 0, 10, 8
MM, 451, 580, 9
MM, 450, 579, 8
MM, 34, 7, 8
MM, 33, 7, 8
MM, 32, 7, 16
MM, 31, 7, 79
MM, 30, 7, 8
MM, 29, 7, 8
MM, 28, 7, 8
MM, 26, 7, 8
MM, 23, 7, 16
MM, 23, 6, 80
MM, 26, 6, 16
MM, 28, 6, 8
MM, 30, 6, 8
MM, 31, 6, 8
MM, 32, 6, 24
MM, 33, 6, 16
MM, 34, 6, 8
MM, 451, 577, 8
MM, 452, 577, 8
MM, 455, 577, 8
MM, 0, 7, 9
MM, 3, 8, 7
MM, 4, 9, 8
MM, 5, 9, 8
MM, 6, 10, 9
MM, 7, 12, 8
MM, 8, 13, 7
MM, 9, 13, 9
MM, 10, 14, 8
MM, 10, 15, 16
MM, 11, 17, 8
MM, 12, 17, 16
MM, 13, 17, 39
MC, 1, 161
MM, 14, 17, 47
MM, 18, 17, 8
MM, 26, 17, 9
MM, 490, 588, 7
MM, 8, 17, 8
MM, 18, 17, 8
MM, 30, 17, 9
MM, 3, 17, 7
MM, 15, 17, 8
MM, 21, 17, 9
MM, 27, 17, 8
MM, 567, 588, 8
MM, 1, 17, 8
MM, 7, 17, 8
MM, 13, 17, 8
MM, 23, 17, 8
MM, 30, 17, 8
MM, 610, 588, 8
MM, 9, 16, 7
MM, 13, 16, 8
MM, 18, 14, 8
MM, 19, 14, 8
MM, 20, 14, 8
MM, 21, 14, 128
MM, 22, 14, 8
MM, 23, 14, 16
MM, 24, 14, 16
MM, 24, 13, 16
MM, 24, 12, 8
MM, 23, 10, 8
MM, 22, 10, 8
MM, 21, 10, 8
MM, 20, 10, 8
MM, 18, 9, 8
MM, 16, 9, 17
MM, 15, 9, 8
MM, 14, 9, 127
MM, 15, 11, 8
MM, 16, 11, 16
MM, 19, 11, 8
MM, 20, 12, 8
MM, 22, 13, 8
MM, 23, 13, 16
MM, 24, 13, 8
MM, 25, 13, 8
MM, 28, 13, 8
MM, 29, 13, 16
MM, 30, 13, 24
MM, 643, 584, 32
MM, 644, 584, 16
MM, 645, 584, 8
MM, 647, 584, 8
MM, 0, 13, 8
MM, 2, 13, 64
MM, 4, 13, 8
MM, 8, 13, 16
MM, 9, 13, 24
MM, 10, 13, 40
MC, 1, 137
MM, 10, 12, 24
MM, 9, 12, 8
MM, 5, 12, 8
MM, 2, 12, 8
MM, 647, 583, 7
MM, 30, 14, 8
MM, 26, 14, 8
MM, 24, 14, 8
MM, 21, 14, 8
MM, 20, 14, 8
MM, 16, 14, 8
MM, 15, 14, 8
MM, 11, 14, 8
MM, 5, 12, 8
MM, 2, 12, 8
MM, 607, 583, 8
MM, 34, 12, 9
MM, 31, 11, 8
MM, 27, 11, 8
MM, 26, 11, 8
MM, 24, 11, 8
MM, 23, 11, 8
MM, 22, 11, 16
MM, 20, 11, 8
MM, 19, 11, 16
MM, 18, 11, 8
MM, 17, 11, 7
MM, 16, 11, 16
MM, 14, 11, 8
MM, 13, 11, 8
MM, 11, 11, 8
MM, 10, 11, 8
MM, 3, 10, 8
MM, 1, 9, 8
MM, 569, 580, 8
MM, 567, 580, 8
MM, 32, 6, 8
MM, 27, 6, 8
MM, 21, 6, 8
MM, 19, 6, 8
MM, 17, 6, 8
MM, 15, 6, 8
MM, 16, 7, 264
MM, 12, 8, 96
MM, 2, 8, 8
MM, 24, 8, 8
MM, 8, 8, 8
MM, 27, 11, 8
MM, 13, 13, 8
MM, 3, 13, 8
MM, 451, 585, 8
MM, 30, 14, 8
MM, 25, 15, 8
MM, 22, 18, 8
MM, 17, 19, 8
MM, 14, 20, 8
MM, 10, 20, 8
MM, 4, 24, 8
MM, 2, 24, 8
MM, 411, 596, 8
MM, 409, 596, 8
MM, 29, 25, 8
MM, 25, 26, 9
MM, 20, 26, 8
MM, 18, 27, 8
MM, 15, 27, 8
MM, 14, 27, 8
MM, 13, 27, 8
MM, 9, 29, 8
MM, 8, 30, 8
MM, 3, 30, 8
MM, 369, 602, 8
MM, 364, 604, 8
MM, 361, 604, 8
MM, 360, 604, 16
MM, 359, 604, 7
MM, 358, 605, 48
MM, 358, 606, 32
MM, 19, 1, 16
MM, 19, 2, 8
MM, 19, 3, 16
MM, 19, 7, 8
MM, 19, 8, 16
MM, 19, 10, 8
MM, 19, 12, 8
MM, 19, 13, 8
MM, 20, 14, 169
MM, 22, 14, 8
MM, 26, 14, 8
MM, 34, 14, 8
MM, 3, 14, 8
MM, 9, 14, 7
MM, 17, 14, 8
MM, 31, 14, 8
MM, 6, 14, 8
MM, 24, 14, 8
MM, 1, 19, 8
MM, 19, 19, 8
MM, 9, 19, 8
MM, 34, 19, 8
MM, 18, 19, 8
MM, 578, 627, 8
MM, 22, 21, 8
MM, 2, 21, 8
MM, 9, 21, 8
MM, 16, 25, 8
MM, 19, 25, 8
MM, 20, 25, 16
MM, 23, 25, 40
MM, 25, 25, 16
MM, 26, 25, 9
MM, 27, 25, 7
MM, 28, 25, 17
MM, 29, 24, 7
MM, 30, 24, 8
MM, 31, 23, 8
MM, 31, 22, 16
MM, 31, 21, 9
MM, 32, 19, 32
MM, 33, 18, 8
MM, 33, 15, 8
MM, 652, 623, 8
MM, 655, 622, 8
MM, 656, 622, 8
MM, 0, 12, 16
MM, 1, 12, 55
MM, 3, 11, 8
MM, 4, 10, 16
MM, 4, 9, 16
MC, 1, 137
MM, 3, 9, 39
MM, 657, 620, 9
MM, 654, 622, 8
MM, 31, 15, 8
MM, 24, 19, 8
MM, 18, 22, 8
MM, 9, 26, 8
MM, 0, 29, 8
MM, 611, 641, 8
MM, 604, 644, 8
MM, 27, 3, 8
MM, 21, 6, 8
MM, 20, 8, 8
MM, 17, 9, 8
MM, 13, 12, 7
MM, 11, 14, 8
MM, 8, 16, 8
MM, 6, 17, 8
MM, 568, 664, 8
MM, 33, 22, 8
MM, 29, 23, 8
MM, 26, 26, 8
MM, 22, 26, 8
MM, 15, 27, 8
MM, 11, 28, 8
MM, 10, 28, 8
MM, 9, 29, 8
MM, 7, 29, 8
MM, 534, 676, 16
MM, 532, 678, 8
MM, 531, 678, 8
MM, 529, 681, 8
MM, 126, 1, 8
MM, 118, 5, 8
MM, 109, 10, 8
MM, 107, 13, 8
MM, 103, 15, 16
MC, 1, 232
MM, 106, 15, 16
MM, 112, 10, 8
MM, 119, 6, 8
MM, 126, 2, 8
MM, 533, 679, 8
MM, 540, 678, 8
MM, 21, 28, 8
MM, 23, 27, 8
MM, 30, 26, 8
MM, 564, 669, 8
MM, 2, 21, 8
MM, 14, 21, 8
MM, 27, 19, 8
MM, 611, 659, 8
MM, 4, 13, 8
MM, 19, 10, 8
MM, 27, 7, 8
MM, 1, 2, 8
MM, 662, 643, 8
MM, 671, 640, 8
MM, 675, 640, 8
MM, 19, 30, 9
MM, 24, 29, 8
MM, 25, 29, 7
MM, 30, 25, 8
MM, 690, 632, 9
MM, 691, 632, 7
MM, 693, 631, 8
MM, 696, 629, 8
MM, 698, 628, 9
MM, 701, 627, 8
MM, 703, 626, 16
MM, 704, 625, 16
MM, 704, 624, 8
MM, 705, 623, 8
MM, 706, 622, 8
MM, 707, 621, 8
MM, 707, 620, 15
MM, 707, 617, 8
MM, 706, 614, 24
MM, 705, 613, 16
MM, 705, 610, 16
MM, 704, 609, 8
MM, 702, 606, 8
MM, 701, 604, 8
MM, 700, 603, 8
MM, 9, 28, 8
MM, 8, 27, 8
MM, 7, 26, 8
MM, 7, 25, 8
MM, 6, 24, 8
MM, 6, 23, 72
MM, 6, 22, 17
MM, 6, 20, 7
MM, 8, 18, 8
MM, 8, 17, 8
MM, 9, 16, 8
MM, 9, 15, 17
MC, 1, 175
MM, 9, 19, 32
MM, 9, 21, 8
MM, 7, 23, 8
MM, 5, 25, 8
MM, 2, 28, 8
MM, 688, 602, 8
MM, 685, 606, 8
MM, 20, 3, 8
MM, 13, 7, 8
MM, 8, 9, 8
MM, 6, 10, 8
MM, 5, 11, 8
MM, 3, 13, 8
MC, 1, 264
MM, 2, 14, 72
MM, 1, 14, 25
MM, 655, 623, 7
MM, 652, 625, 8
MM, 31, 18, 9
MM, 25, 18, 8
MM, 11, 18, 7
MM, 615, 626, 8
MM, 23, 18, 9
MM, 9, 18, 8
MM, 577, 626, 7
MM, 19, 18, 9
MM, 1, 18, 7
MM, 14, 18, 9
MM, 15, 18, 8
MM, 31, 18, 8
MM, 9, 18, 8
MM, 34, 18, 8
MM, 20, 18, 8
MM, 12, 18, 8
MM, 7, 20, 8
MM, 5, 20, 8
MM, 4, 20, 95
MM, 3, 20, 56
MM, 2, 20, 32
MM, 1, 20, 16
MM, 379, 628, 8
MM, 378, 628, 8
MM, 377, 628, 8
MM, 375, 628, 8
MM, 374, 628, 8
MM, 34, 20, 8
MM, 33, 20, 8
MM, 32, 19, 8
MM, 30, 18, 16
MM, 28, 18, 9
MM, 25, 18, 7
MM, 24, 18, 9
MM, 23, 17, 24
MC, 1, 215
MM, 24, 16, 16
MM, 26, 16, 16
MM, 31, 16, 8
MM, 33, 16, 8
MM, 378, 627, 8
MM, 5, 20, 10
MM, 10, 23, 6
MM, 15, 25, 8
MM, 19, 26, 8
MM, 20, 27, 8
MM, 24, 30, 8
MM, 26, 30, 9
MM, 408, 640, 7
MM, 409, 640, 8
MM, 413, 642, 8
MM, 414, 643, 33
MM, 415, 644, 16
MM, 7, 1, 16
MM, 8, 2, 8
MM, 10, 3, 7
MM, 11, 4, 8
MM, 11, 5, 8
MM, 12, 5, 8
MM, 14, 7, 8
MM, 15, 8, 16
MM, 16, 10, 16
MM, 17, 11, 16
MM, 18, 11, 8
MM, 19, 11, 88
MM, 424, 640, 137
MM, 3, 27, 8
MM, 0, 24, 8
MM, 420, 628, 8
MM, 419, 626, 8
MM, 417, 623, 8
MM, 34, 13, 8
MM, 34, 11, 8
MM, 34, 10, 15
MM, 34, 9, 8
MM, 34, 8, 8
MM, 34, 7, 24
MM, 34, 6, 8
MM, 34, 5, 8
MM, 415, 611, 8
MM, 416, 610, 8
MM, 416, 608, 8
MM, 417, 607, 8
MM, 417, 606, 8
MM, 418, 604, 8
MM, 418, 603, 16
MM, 5, 28, 16
MM, 5, 26, 24
MM, 5, 25, 8
MM, 6, 24, 8
MM, 8, 23, 24
MM, 10, 22, 16
MM, 11, 21, 16
MM, 12, 20, 8
MM, 12, 19, 9
MM, 13, 19, 7
MM, 14, 19, 8
MM, 15, 19, 8
MM, 16, 19, 9
MM, 17, 18, 8
MC, 1, 191
MM, 19, 20, 80
MM, 20, 21, 8
MM, 20, 22, 8
MM, 20, 26, 8
MM, 441, 603, 8
MM, 443, 607, 8
MM, 27, 4, 8
MM, 32, 8, 9
MM, 459, 621, 7
MM, 6, 19, 8
MM, 11, 23, 8
MM, 484, 639, 9
MM, 488, 644, 8
MM, 7, 5, 8
MM, 13, 10, 8
MM, 16, 14, 8
MM, 18, 17, 8
MM, 22, 19, 8
MM, 25, 23, 8
MM, 26, 24, 8
MM, 27, 26, 31
MM, 27, 27, 32
MM, 27, 28, 8
MM, 516, 676, 8
MM, 517, 679, 16
MM, 518, 680, 8
MM, 119, 0, 8
MM, 119, 3, 8
MM, 119, 5, 8
MM, 120, 6, 8
MM, 123, 10, 8
MM, 123, 11, 16
MM, 124, 12, 8
MM, 124, 13, 8
MM, 125, 14, 8
MM, 125, 15, 24
MM, 125, 16, 8
MM, 125, 17, 16
MM, 125, 18, 8
MM, 125, 19, 24
MM, 125, 20, 49
MM, 125, 21, 16
MM, 124, 21, 8
MM, 123, 22, 8
MM, 122, 23, 24
MC, 1, 175
MM, 124, 23, 8
MM, 129, 21, 8
MM, 133, 15, 9
MM, 139, 6, 7
MM, 544, 681, 8
MM, 21, 27, 8
MM, 29, 18, 8
MM, 33, 11, 8
MM, 568, 647, 8
MM, 572, 642, 8
MM, 574, 640, 8
MM, 575, 636, 8
MM, 579, 633, 9
MM, 580, 631, 7
MM, 0, 21, 9
MM, 2, 16, 8
MM, 3, 15, 7
MM, 4, 12, 8
MM, 5, 11, 9
MM, 6, 9, 8
MM, 8, 7, 8
MM, 9, 5, 16
MM, 10, 4, 8
MM, 11, 4, 8
MM, 12, 3, 8
MM, 13, 1, 8
MM, 596, 607, 8
MM, 598, 605, 7
MM, 600, 602, 8
MM, 601, 602, 8
MM, 32, 29, 8
MM, 605, 597, 8
MM, 608, 596, 8
MM, 0, 23, 8
MM, 3, 21, 8
MM, 4, 20, 8
MM, 5, 19, 8
MM, 5, 18, 8
MM, 5, 17, 16
MM, 6, 15, 8
MM, 8, 13, 8
MM, 9, 13, 16
MM, 10, 12, 16
MM, 11, 12, 16
MM, 12, 12, 24
MM, 13, 11, 16
MM, 11, 11, 168
MM, 8, 11, 8
MM, 8, 12, 8
MM, 6, 15, 8
MM, 4, 15, 8
MM, 1, 18, 8
MM, 609, 593, 8
MM, 605, 598, 8
MM, 33, 30, 8
MM, 601, 605, 8
MM, 18, 1, 8
MM, 16, 4, 8
MM, 12, 11, 8
MM, 10, 14, 8
MM, 9, 18, 8
MM, 6, 24, 8
MM, 5, 26, 8
MM, 583, 639, 8
MM, 582, 641, 8
MM, 578, 644, 8
MM, 1, 2, 8
MM, 566, 650, 8
MM, 564, 651, 9
MM, 32, 7, 8
MM, 30, 8, 8
MM, 29, 9, 8
MM, 28, 9, 15
MM, 27, 9, 24
MM, 26, 9, 8
MM, 24, 10, 8
MM, 23, 10, 8
MM, 22, 10, 8
MM, 19, 10, 8
MM, 17, 10, 8
MM, 14, 11, 8
MM, 13, 11, 8
MM, 12, 11, 8
MM, 11, 12, 40
MM, 11, 13, 8
MC, 1, 121
MM, 9, 16, 23
MM, 9, 18, 9
MM, 9, 19, 8
MM, 9, 20, 8
MM, 9, 23, 8
MM, 8, 24, 8
MM, 7, 26, 16
MM, 7, 28, 8
MM, 536, 676, 7
MM, 535, 677, 8
MM, 535, 678, 8
MM, 533, 681, 8
MM, 132, 1, 8
MM, 132, 2, 8
MM, 131, 4, 8
MM, 131, 5, 8
MM, 131, 6, 16
MM, 130, 6, 8
MC, 1, 209
MM, 130, 5, 48
MM, 130, 4, 8
MM, 530, 681, 8
MM, 4, 28, 8
MM, 4, 22, 8
MM, 4, 18, 7
MM, 4, 12, 8
MM, 5, 7, 9
MM, 5, 2, 8
MM, 5, 1, 8
MM, 534, 641, 8
MM, 534, 637, 8
MM, 534, 636, 8
MM, 534, 632, 8
MM, 534, 629, 8
MM, 534, 625, 8
MM, 34, 14, 8
MM, 34, 13, 7
MM, 32, 10, 8
MM, 32, 8, 8
MM, 30, 6, 8
MM, 30, 5, 8
MM, 29, 3, 8
MM, 29, 1, 8
MM, 28, 1, 8
MM, 527, 607, 24
MM, 526, 606, 16
MM, 526, 605, 89
MM, 526, 604, 24
MM, 526, 602, 8
MM, 525, 600, 8
MM, 30, 28, 8
MM, 29, 28, 8
MM, 29, 27, 8
MM, 27, 24, 8
MM, 24, 20, 8
MM, 23, 20, 8
MM, 19, 17, 7
MM, 17, 15, 16
MM, 14, 13, 24
MC, 1, 168
MM, 14, 12, 8
MM, 17, 12, 8
MM, 22, 15, 9
MM, 27, 19, 7
MM, 30, 22, 8
MM, 527, 597, 8
MM, 528, 599, 9
MM, 530, 602, 8
MM, 533, 606, 7
MM, 534, 608, 9
MM, 537, 611, 8
MM, 539, 614, 8
MM, 1, 8, 8
MM, 3, 10, 8
MM, 7, 11, 8
MM, 9, 13, 8
MM, 11, 13, 16
MM, 12, 13, 8
MM, 13, 13, 7
MM, 15, 14, 8
MM, 16, 14, 24
MC, 1, 168
MM, 12, 14, 48
MM, 6, 11, 8
MM, 1, 8, 9
MM, 536, 612, 7
MM, 32, 3, 8
MM, 27, 1, 8
MM, 523, 607, 9
MM, 520, 604, 7
MM, 21, 30, 9
MM, 17, 27, 8
MM, 9, 23, 8
MM, 4, 21, 8
MM, 491, 588, 8
MM, 27, 15, 8
MM, 18, 9, 8
MM, 11, 8, 8
MM, 5, 8, 7
MM, 4, 7, 8
MM, 3, 6, 16
MM, 3, 5, 96
MM, 2, 5, 8
MM, 1, 5, 8
MM, 454, 576, 8
MM, 452, 576, 8
MM, 34, 5, 8
MM, 33, 5, 40
MM, 32, 5, 8
MM, 31, 5, 8
MM, 27, 5, 16
MM, 25, 6, 16
MM, 24, 6, 16
MM, 23, 7, 9
MM, 22, 7, 7
MM, 21, 8, 9
MM, 18, 11, 8
MC, 1, 159
MM, 18, 12, 40
MM, 18, 14, 8
MM, 19, 16, 8
MM, 19, 20, 8
MM, 20, 25, 8
MM, 435, 602, 8
MM, 16, 2, 8
MM, 20, 9, 8
MM, 23, 18, 8
MM, 24, 26, 8
MM, 1, 2, 8
MM, 7, 11, 8
MM, 10, 18, 8
MM, 17, 29, 8
MM, 470, 679, 8
MM, 73, 0, 8
MM, 74, 2, 8
MM, 76, 6, 8
MM, 77, 7, 8
MM, 79, 7, 240
MM, 85, 8, 145
MM, 88, 7, 8
MM, 90, 5, 8
MM, 94, 3, 8
MM, 499, 681, 8
MM, 504, 677, 8
MM, 23, 28, 8
MM, 28, 26, 8
MM, 31, 24, 8
MM, 32, 23, 8
MM, 33, 22, 8
MM, 34, 18, 8
MM, 34, 17, 7
MM, 34, 14, 8
MM, 525, 656, 8
MM, 2, 7, 8
MM, 10, 4, 8
MM, 548, 644, 8
MM, 561, 641, 8
MM, 567, 639, 8
MM, 32, 28, 8
MM, 576, 635, 8
MM, 576, 634, 8
MM, 577, 632, 24
MM, 577, 631, 8
MM, 580, 628, 16
MM, 0, 18, 8
MM, 1, 18, 8
MM, 3, 16, 8
MM, 4, 14, 16
MM, 5, 13, 8
MM, 7, 10, 16
MM, 8, 9, 8
MM, 11, 7, 8
MM, 12, 6, 8
MM, 17, 4, 8
MM, 24, 0, 8
MM, 609, 605, 8
MM, 610, 603, 8
MM, 610, 602, 9
MM, 610, 601, 15
MM, 610, 599, 8
MM, 610, 597, 9
MM, 609, 596, 24
MM, 608, 596, 24
MM, 607, 596, 8
MM, 606, 596, 8
MM, 605, 595, 8
MM, 34, 24, 8
MM, 33, 24, 7
MM, 32, 23, 8
MM, 31, 22, 8
MM, 30, 22, 8
MM, 29, 22, 16
MM, 28, 22, 8
MM, 27, 22, 64
MM, 25, 21, 16
MM, 24, 21, 24
MM, 22, 19, 8
MM, 20, 17, 96
MM, 18, 22, 152
MM, 17, 27, 8
MM, 584, 603, 8
MM, 583, 605, 8
MM, 0, 3, 8
MM, 0, 4, 8
MM, 577, 618, 8
MM, 577, 620, 8
MM, 575, 623, 8
MM, 575, 626, 8
MM, 34, 22, 8
MM, 33, 25, 8
MM, 32, 28, 8
MM, 32, 30, 8
MM, 571, 641, 8
MM, 571, 642, 8
MM, 571, 644, 8
MM, 0, 0, 8
MM, 0, 2, 8
MM, 0, 3, 8
MM, 568, 650, 8
MM, 567, 653, 16
MM, 566, 654, 16
MM, 565, 657, 9
MM, 34, 13, 7
MM, 33, 14, 8
MM, 32, 15, 8
MM, 31, 16, 8
MM, 31, 18, 9
MM, 28, 20, 7
MM, 28, 21, 17
MM, 27, 22, 24
MM, 31, 20, 183
MM, 566, 661, 8
MM, 1, 12, 8
MM, 3, 10, 8
MM, 6, 6, 8
MM, 10, 3, 8
MM, 585, 644, 8
MM, 588, 640, 8
MM, 15, 28, 8
MM, 17, 26, 8
MM, 19, 25, 8
MM, 21, 22, 8
MM, 23, 19, 8
MM, 24, 17, 8
MM, 26, 15, 8
MM, 26, 13, 8
MM, 27, 11, 8
MM, 28, 9, 9
MM, 30, 7, 8
MM, 614, 612, 7
MM, 615, 610, 9
MM, 618, 607, 8
MM, 619, 607, 7
MM, 619, 606, 9
MM, 620, 604, 8
MM, 621, 603, 8
MM, 622, 602, 39
MM, 11, 30, 8
MM, 11, 29, 16
MM, 11, 28, 16
MM, 11, 25, 8
MM, 11, 24, 8
MM, 11, 23, 8
MM, 12, 20, 16
MM, 12, 19, 16
MM, 12, 17, 32
MC, 1, 121
MM, 11, 16, 15
MM, 9, 16, 8
MM, 5, 16, 9
MM, 3, 16, 7
MM, 608, 587, 9
MM, 605, 587, 8
MM, 30, 16, 8
MM, 27, 16, 8
MM, 23, 16, 8
MM, 17, 16, 8
MM, 12, 16, 8
MM, 3, 16, 8
MM, 32, 16, 8
MM, 24, 16, 8
MM, 19, 16, 7
MM, 13, 16, 8
MM, 10, 17, 8
MM, 7, 17, 8
MM, 5, 18, 8
MM, 3, 18, 8
MM, 2, 19, 72
MM, 2, 20, 8
MM, 1, 21, 8
MM, 529, 592, 8
MM, 528, 592, 16
MP, 1, 153
MR, 1, 71
MC, 1, 0
MM, 527, 592, 64
MM, 525, 592, 305
MM, 30, 21, 15
MM, 29, 21, 16
MM, 28, 21, 16
MM, 26, 21, 8
MM, 24, 21, 8
MM, 21, 21, 16
MM, 20, 21, 24
MM, 18, 21, 88
MM, 16, 21, 8
MM, 15, 21, 8
MM, 12, 21, 224
MM, 10, 21, 8
MM, 5, 21, 8
MM, 493, 592, 8
MM, 489, 592, 8
MM, 29, 21, 8
MM, 26, 20, 8
MM, 23, 20, 8
MM, 21, 19, 8
MM, 18, 19, 8
MM, 16, 19, 8
MM, 15, 19, 8
MM, 13, 19, 16
MM, 12, 19, 32
MM, 10, 19, 8
MM, 6, 19, 8
MM, 1, 19, 8
MM, 455, 590, 8
MM, 452, 590, 8
MM, 34, 19, 8
MM, 32, 19, 8
MM, 30, 19, 8
MM, 28, 19, 8
MM, 27, 19, 9
MM, 26, 19, 48
MM, 23, 19, 8
MM, 18, 18, 8
MM, 15, 18, 8
MM, 13, 18, 8
MM, 10, 18, 8
MM, 5, 17, 8
MM, 4, 17, 7
MM, 2, 17, 8
MM, 413, 587, 8
MM, 413, 586, 40
MM, 414, 585, 8
MM, 0, 14, 32
MC, 1, 129
MM, 1, 14, 167
MM, 2, 15, 64
MM, 2, 16, 8
MM, 2, 18, 8
MM, 3, 22, 8
MM, 3, 25, 8
MM, 3, 30, 8
MM, 418, 605, 8
MM, 419, 609, 8
MM, 420, 611, 8
MM, 0, 4, 8
MM, 1, 6, 8
MM, 2, 8, 8
MM, 3, 9, 8
MM, 5, 11, 8
MM, 5, 12, 16
MC, 1, 184
MM, 6, 13, 40
MM, 8, 15, 8
MM, 11, 20, 8
MM, 11, 24, 8
MM, 14, 29, 8
MM, 26, 0, 8
MM, 29, 9, 8
MM, 30, 15, 8
MM, 30, 24, 8
MM, 30, 30, 8
MM, 439, 681, 8
MM, 39, 5, 8
MM, 39, 8, 8
MM, 42, 12, 8
MM, 42, 13, 8
MM, 43, 15, 16
MM, 44, 16, 8
MM, 44, 18, 89
MM, 45, 19, 16
MM, 46, 19, 16
MM, 46, 12, 167
MM, 46, 4, 8
MM, 46, 1, 8
MM, 445, 678, 8
MM, 443, 670, 8
MM, 32, 18, 8
MM, 32, 15, 8
MM, 29, 13, 8
MM, 29, 9, 8
MM, 29, 7, 8
MM, 29, 4, 8
MM, 29, 1, 8
MM, 437, 643, 8
MM, 435, 639, 8
MM, 12, 25, 8
MM, 9, 22, 8
MM, 6, 19, 8
MM, 5, 19, 8
MM, 2, 17, 8
MM, 0, 16, 8
MM, 420, 624, 73
MM, 419, 624, 8
MM, 418, 624, 87
MM, 416, 624, 40
MM, 415, 624, 16
MM, 34, 16, 8
MM, 33, 16, 32
MM, 32, 16, 96
MM, 31, 16, 17
MM, 30, 16, 15
MM, 27, 16, 8
MM, 24, 16, 9
MM, 22, 16, 8
MM, 33, 14, 191
MM, 5, 11, 8
MM, 23, 9, 8
MM, 460, 616, 8
MM, 8, 6, 8
MM, 23, 2, 8
MM, 29, 0, 8
MM, 500, 607, 8
MM, 503, 607, 8
MM, 505, 605, 8
MM, 507, 605, 8
MM, 509, 604, 8
MM, 511, 603, 24
MM, 513, 603, 121
MM, 514, 603, 16
MM, 516, 602, 7
MM, 24, 29, 16
MM, 24, 28, 32
MM, 24, 27, 8
MM, 23, 24, 8
MM, 23, 22, 16
MM, 22, 20, 8
MM, 20, 18, 8
MM, 19, 17, 16
MM, 12, 17, 209
MM, 6, 17, 8
MM, 493, 590, 8
MM, 25, 20, 8
MM, 8, 22, 8
MM, 450, 594, 8
MM, 21, 27, 8
MM, 11, 28, 7
MM, 411, 601, 8
MM, 399, 602, 8
MM, 390, 605, 8
MM, 389, 605, 8
MM, 385, 606, 8
MM, 383, 607, 48
MM, 0, 0, 16
MM, 378, 609, 8
MM, 377, 610, 8
MM, 375, 611, 8
MM, 34, 4, 8
MM, 32, 4, 8
MM, 31, 4, 8
MM, 30, 5, 8
MM, 29, 6, 16
MM, 26, 9, 8
MM, 25, 10, 16
MM, 25, 11, 8
MM, 23, 13, 48
MM, 22, 14, 16
MM, 21, 15, 9
MM, 27, 16, 159
MM, 34, 15, 8
MM, 377, 622, 8
MM, 2, 14, 8
MM, 6, 11, 8
MM, 11, 10, 8
MM, 18, 9, 8
MM, 24, 7, 8
MM, 31, 5, 8
MM, 34, 4, 8
MM, 418, 610, 8
MM, 1, 2, 8
MM, 4, 1, 8
MM, 430, 607, 8
MM, 435, 607, 8
MM, 439, 606, 8
MM, 445, 606, 8
MM, 452, 605, 8
MM, 460, 603, 8
MM, 470, 603, 8
MM, 477, 603, 8
MM, 28, 28, 8
MM, 488, 599, 8
MM, 489, 599, 8
MM, 490, 598, 8
MM, 492, 597, 65
MM, 0, 24, 16
MM, 1, 23, 8
MM, 2, 23, 31
MM, 3, 20, 16
MM, 5, 17, 8
MM, 6, 17, 16
MM, 8, 15, 8
MM, 10, 14, 8
MM, 11, 13, 8
MM, 12, 12, 48
MM, 14, 10, 8
MM, 16, 9, 16
MM, 17, 8, 8
MM, 11, 8, 121
MM, 5, 8, 8
MM, 0, 10, 8
MM, 30, 10, 8
MM, 21, 10, 8
MM, 15, 11, 8
MM, 10, 11, 8
MM, 4, 12, 8
MM, 452, 585, 8
MM, 451, 585, 8
MM, 33, 14, 8
MM, 30, 14, 8
MM, 28, 14, 8
MM, 26, 16, 7
MM, 24, 17, 16
MM, 23, 17, 16
MM, 22, 17, 16
MM, 21, 17, 24
MM, 19, 18, 8
MM, 17, 20, 104
MC, 1, 137
MM, 15, 22, 48
MM, 14, 23, 7
MM, 11, 26, 8
MM, 6, 30, 8
MM, 416, 605, 8
MM, 415, 605, 8
MM, 32, 0, 8
MM, 31, 1, 8
MM, 30, 2, 8
MM, 28, 4, 8
MM, 25, 8, 16
MM, 23, 11, 8
MM, 23, 12, 8
MM, 23, 13, 16
MM, 23, 14, 24
MM, 23, 15, 16
MM, 23, 16, 8
MM, 23, 17, 8
MM, 23, 19, 8
MM, 23, 20, 8
MM, 22, 21, 10
MC, 1, 159
MM, 25, 22, 16
MM, 29, 22, 7
MM, 34, 22, 8
MM, 2, 22, 8
MM, 14, 22, 8
MM, 32, 22, 8
MM, 9, 23, 8
MM, 25, 28, 8
MM, 4, 28, 8
MM, 518, 643, 8
MM, 1, 1, 8
MM, 22, 8, 8
MM, 569, 656, 8
MM, 23, 18, 8
MM, 2, 24, 8
MM, 14, 27, 8
MM, 644, 677, 8
MM, 654, 680, 8
MM, 665, 681, 8
MM, 673, 681, 8
MM, 676, 683, 8
MM, 679, 683, 8
MM, 679, 684, 72
MM, 676, 684, 32
MM, 675, 684, 9
MM, 674, 684, 7
MM, 673, 684, 9
MM, 672, 684, 8
MM, 671, 683, 16
MM, 668, 680, 8
MM, 664, 677, 8
MM, 11, 30, 8
MM, 8, 27, 8
MM, 7, 26, 8
MM, 7, 25, 15
MM, 7, 24, 16
MM, 7, 23, 48
MC, 1, 160
MM, 9, 21, 89
MM, 10, 20, 8
MM, 12, 20, 8
MM, 14, 19, 8
MM, 17, 19, 8
MM, 19, 18, 8
MM, 22, 18, 8
MM, 24, 18, 8
MM, 29, 17, 7
MM, 689, 662, 8
MM, 703, 658, 8
MM, 717, 657, 8
MM, 728, 655, 8
MM, 736, 655, 8
MM, 746, 655, 8
MM, 752, 655, 8
MM, 758, 655, 8
MM, 767, 651, 8
MM, 768, 651, 8
MM, 0, 28, 8
MM, 1, 27, 8
MM, 2, 27, 16
MM, 2, 26, 8
MM, 5, 26, 16
MM, 6, 26, 8
MM, 8, 25, 8
MM, 9, 25, 24
MM, 10, 25, 48
MM, 11, 25, 8
MM, 12, 24, 16
MM, 14, 24, 8
MM, 19, 22, 9
MM, 21, 21, 7
MM, 22, 21, 9
