********************************************************************************
LOGGING TIME: 20180907_160611
CLIENT IP: 10.102.59.17
USERNAME: Baba_Bradpitt
OS: Windows 10
**********************************Emotional database********************************************************************************
MM, 735, 599, 1537598292229
MM, 725, 594, 17
MM, 31, 19, 7
MM, 30, 18, 9
MM, 27, 16, 6
MM, 25, 15, 11
MM, 23, 14, 5
MM, 20, 12, 9
MM, 18, 10, 7
MM, 14, 8, 11
MM, 8, 4, 6
MM, 1, 1, 10
MM, 683, 569, 6
MM, 675, 565, 8
MM, 3, 26, 8
MM, 657, 559, 8
MM, 30, 19, 8
MM, 19, 15, 8
MM, 14, 12, 8
MM, 6, 8, 8
MM, 617, 536, 8
MM, 606, 531, 7
MM, 595, 523, 9
MM, 586, 519, 8
MM, 324, 85, 8
MM, 317, 79, 8
MM, 306, 71, 9
MM, 298, 64, 7
MM, 289, 55, 8
MM, 280, 45, 8
MM, 272, 36, 10
MM, 264, 27, 6
MM, 251, 17, 8
MM, 242, 6, 8
MM, 480, 421, 8
MM, 468, 408, 8
MM, 457, 396, 8
MM, 445, 383, 8
MM, 188, 77, 8
MM, 182, 68, 8
MM, 178, 57, 8
MM, 171, 45, 8
MM, 165, 32, 8
MM, 157, 21, 8
MM, 152, 6, 8
MM, 397, 293, 8
MM, 391, 282, 8
MM, 386, 271, 8
MM, 383, 260, 8
MM, 360, 181, 56
MM, 354, 172, 8
MM, 351, 165, 8
MM, 347, 158, 8
MM, 345, 153, 8
MM, 345, 152, 8
MM, 343, 150, 8
MM, 342, 146, 8
MM, 342, 143, 8
MM, 339, 138, 8
MM, 339, 136, 8
MM, 336, 132, 8
MM, 336, 130, 8
MM, 333, 126, 8
MM, 331, 124, 8
MM, 330, 122, 8
MM, 329, 121, 8
MM, 328, 119, 8
MM, 328, 118, 8
MM, 330, 110, 88
MM, 339, 109, 8
MM, 347, 109, 8
MM, 361, 109, 8
MM, 375, 109, 8
MM, 393, 109, 8
MM, 461, 114, 32
MM, 473, 116, 8
MM, 482, 117, 8
MM, 490, 117, 8
MM, 495, 120, 8
MM, 498, 120, 8
MM, 500, 120, 8
MM, 501, 121, 8
MM, 505, 121, 8
MM, 511, 122, 9
MM, 526, 126, 16
MM, 533, 127, 7
MM, 539, 129, 9
MM, 549, 130, 7
MM, 551, 130, 9
MM, 556, 130, 7
MM, 557, 130, 9
MM, 556, 129, 103
MM, 555, 128, 8
MM, 554, 127, 8
MM, 552, 126, 8
MM, 542, 126, 346
MM, 540, 131, 6
MM, 535, 140, 8
MM, 533, 145, 8
MM, 531, 151, 8
MM, 523, 162, 9
MM, 520, 168, 7
MM, 515, 175, 8
MM, 510, 180, 9
MM, 385, 257, 280
MM, 380, 260, 7
MM, 375, 264, 8
MM, 371, 267, 8
MM, 367, 273, 8
MM, 362, 278, 8
MM, 355, 284, 8
MM, 350, 286, 8
MM, 342, 294, 7
MM, 86, 2, 9
MM, 82, 4, 8
MM, 81, 6, 8
MM, 79, 11, 9
MM, 77, 13, 9
MM, 76, 17, 7
MM, 75, 18, 16
MM, 73, 22, 8
MM, 72, 23, 8
MM, 71, 24, 8
MM, 70, 26, 8
MM, 68, 28, 8
MM, 67, 30, 8
MM, 65, 32, 9
MM, 64, 33, 7
MM, 63, 35, 8
MM, 62, 36, 9
MM, 62, 37, 6
MM, 61, 38, 48
MC, 1, 160
MM, 61, 37, 752
MM, 61, 36, 25
MM, 61, 35, 15
MM, 61, 33, 16
MM, 61, 32, 40
MM, 65, 26, 27920
MM, 79, 23, 8
MM, 94, 20, 8
MM, 106, 20, 8
MM, 118, 18, 8
MM, 132, 18, 8
MM, 141, 20, 8
MM, 144, 29, 8
MM, 148, 45, 8
MM, 150, 61, 8
MM, 152, 75, 8
MM, 403, 386, 8
MM, 407, 399, 8
MM, 407, 407, 8
MM, 408, 410, 8
MM, 412, 418, 8
MM, 167, 0, 8
MM, 179, 11, 8
MM, 190, 19, 8
MM, 201, 27, 9
MM, 212, 36, 7
MM, 223, 42, 8
MM, 230, 50, 8
MM, 233, 52, 8
MM, 234, 57, 8
MM, 234, 60, 8
MM, 234, 62, 8
MM, 234, 65, 8
MM, 231, 68, 8
MM, 226, 68, 8
MM, 220, 70, 9
MM, 214, 70, 7
MM, 212, 70, 8
MM, 209, 70, 8
MM, 204, 70, 8
MM, 203, 70, 8
MM, 198, 69, 8
MM, 196, 68, 8
MM, 193, 67, 8
MM, 191, 66, 8
MM, 186, 65, 8
MM, 181, 64, 9
MM, 179, 64, 7
MM, 173, 61, 8
MM, 171, 60, 8
MM, 167, 60, 8
MM, 159, 59, 8
MM, 152, 55, 8
MM, 143, 54, 8
MM, 135, 51, 8
MM, 122, 48, 8
MM, 114, 45, 8
MM, 105, 43, 8
MM, 96, 39, 8
MM, 90, 38, 8
MM, 80, 36, 8
MM, 76, 33, 8
MM, 73, 32, 8
MM, 68, 30, 7
MM, 65, 28, 9
MM, 61, 26, 8
MM, 59, 25, 8
MM, 55, 22, 8
MM, 54, 22, 8
MM, 53, 21, 8
MM, 52, 21, 8
MM, 51, 21, 40
MM, 50, 21, 16
MM, 50, 20, 9
MM, 48, 20, 7
MM, 46, 18, 9
MM, 45, 18, 7
MM, 39, 17, 9
MM, 35, 17, 7
MM, 30, 16, 8
MM, 24, 14, 8
MM, 19, 12, 8
MM, 17, 12, 8
MM, 16, 11, 56
MC, 1, 152
MM, 17, 15, 424
MM, 27, 30, 9
MM, 40, 53, 8
MM, 58, 74, 8
MM, 71, 89, 8
MM, 334, 527, 8
MM, 371, 552, 24
MM, 7, 24, 8
MM, 15, 29, 8
MM, 393, 565, 8
MM, 395, 569, 9
MM, 23, 0, 7
MM, 23, 3, 9
MM, 22, 5, 7
MM, 19, 8, 7
MM, 18, 9, 8
MM, 16, 10, 9
MM, 15, 11, 7
MM, 15, 12, 8
MM, 15, 13, 48
MM, 15, 15, 24
MM, 16, 15, 9
MM, 19, 17, 6
MM, 20, 17, 73
MM, 21, 17, 17
MM, 24, 17, 8
MM, 26, 17, 8
MM, 28, 17, 17
MM, 28, 14, 7
MM, 28, 13, 9
MM, 28, 12, 7
MM, 28, 8, 8
MM, 28, 7, 119
MM, 26, 7, 8
MM, 24, 7, 8
MM, 21, 10, 8
MM, 19, 12, 8
MM, 15, 17, 8
MM, 12, 21, 8
MM, 8, 26, 9
MM, 374, 602, 7
MM, 372, 606, 9
MM, 33, 0, 7
MM, 32, 3, 8
MM, 32, 5, 8
MM, 32, 6, 8
MM, 31, 7, 8
MM, 30, 7, 192
MM, 29, 7, 8
MM, 28, 7, 8
MM, 25, 6, 16
MM, 25, 5, 8
MM, 24, 4, 8
MM, 23, 3, 8
MM, 21, 1, 9
MM, 358, 607, 8
MM, 357, 606, 7
MM, 356, 605, 9
MM, 355, 604, 63
MM, 23, 30, 17
MM, 23, 29, 7
MM, 22, 28, 9
MM, 22, 25, 7
MM, 22, 24, 8
MM, 22, 23, 8
MM, 22, 20, 8
MM, 22, 19, 9
MM, 22, 17, 15
MM, 22, 16, 8
MM, 22, 15, 8
MM, 22, 11, 16
MM, 23, 9, 16
MM, 24, 8, 16
MM, 26, 7, 16
MM, 27, 6, 8
MM, 28, 5, 8
MM, 29, 5, 16
MM, 30, 5, 8
MM, 31, 4, 8
MM, 31, 3, 72
MM, 31, 2, 16
MM, 31, 1, 8
MM, 31, 0, 8
MM, 362, 569, 8
MM, 362, 568, 8
MM, 362, 567, 7
MM, 362, 565, 9
MM, 0, 14, 240
MM, 2, 14, 8
MM, 3, 14, 8
MM, 5, 14, 9
MM, 6, 14, 7
MM, 7, 14, 7
MM, 10, 14, 9
MM, 11, 14, 8
MM, 14, 14, 8
MM, 15, 14, 8
MM, 16, 14, 8
MM, 20, 14, 8
MM, 21, 14, 15
MM, 26, 16, 241
MM, 413, 550, 8
MM, 15, 19, 8
MM, 449, 553, 7
MM, 17, 19, 8
MM, 11, 26, 9
MM, 7, 26, 8
MM, 3, 26, 8
MM, 32, 26, 8
MM, 16, 26, 8
MM, 32, 26, 8
MM, 7, 26, 7
MM, 17, 27, 8
MM, 27, 27, 9
MM, 33, 28, 8
MM, 696, 562, 8
MM, 701, 564, 7
MM, 0, 30, 9
MM, 698, 564, 160
MM, 29, 30, 10
MM, 21, 29, 6
MM, 15, 29, 8
MM, 8, 29, 8
MM, 0, 29, 8
MM, 658, 563, 8
MM, 32, 29, 8
MM, 30, 29, 8
MM, 27, 29, 8
MM, 23, 29, 8
MM, 19, 29, 8
MM, 15, 29, 8
MM, 9, 27, 8
MM, 4, 27, 8
MM, 618, 561, 8
MM, 31, 25, 8
MM, 22, 25, 8
MM, 16, 25, 8
MM, 10, 25, 8
MM, 6, 25, 8
MM, 2, 25, 8
MM, 1, 25, 16
MM, 0, 24, 8
MM, 576, 558, 16
MM, 575, 557, 8
MM, 34, 23, 8
MM, 33, 22, 16
MM, 33, 21, 32
MM, 33, 19, 15
MM, 34, 19, 41
MM, 575, 552, 8
MM, 576, 552, 8
MM, 577, 551, 8
MM, 2, 16, 8
MM, 4, 14, 16
MM, 6, 13, 16
MM, 7, 13, 25
MM, 8, 13, 32
MM, 9, 12, 16
MM, 10, 12, 23
MM, 11, 12, 176
MM, 13, 15, 8
MM, 19, 26, 7
MM, 605, 574, 9
MM, 610, 589, 8
MM, 616, 603, 7
MM, 5, 10, 8
MM, 9, 23, 9
MM, 17, 4, 8
MM, 21, 16, 8
MM, 21, 26, 7
MM, 636, 678, 9
MM, 636, 684, 8
MM, 636, 688, 8
MM, 636, 692, 8
MM, 636, 693, 8
MM, 636, 694, 16
MM, 636, 695, 24
MM, 635, 695, 48
MM, 634, 694, 8
MM, 632, 692, 8
MM, 632, 688, 16
MM, 631, 686, 8
MM, 631, 683, 8
MM, 630, 678, 8
MM, 14, 30, 8
MM, 14, 26, 8
MM, 14, 21, 8
MM, 12, 19, 8
MM, 12, 17, 8
MM, 12, 15, 8
MM, 12, 14, 8
MM, 15, 14, 80
MM, 16, 14, 8
MM, 20, 14, 8
MM, 25, 14, 8
MM, 28, 14, 8
MM, 646, 659, 9
MM, 650, 659, 7
MM, 0, 14, 8
MM, 1, 14, 8
MM, 3, 14, 65
MM, 4, 14, 71
MM, 5, 14, 8
MM, 6, 14, 9
MM, 7, 14, 15
MM, 8, 14, 9
MM, 9, 14, 15
MM, 10, 14, 8
MC, 1, 264
MM, 12, 14, 71
MM, 14, 11, 8
MM, 15, 11, 9
MM, 18, 10, 8
MM, 21, 6, 8
MM, 24, 4, 7
MM, 29, 0, 9
MM, 685, 643, 8
MM, 688, 641, 8
MM, 690, 639, 7
MM, 692, 636, 9
MM, 694, 633, 8
MM, 694, 632, 16
MM, 694, 630, 8
MM, 694, 629, 24
MM, 694, 628, 8
MM, 694, 626, 8
MM, 695, 624, 7
MM, 695, 623, 17
MM, 695, 621, 39
MM, 695, 620, 25
MM, 693, 620, 8
MM, 692, 620, 16
MM, 690, 620, 8
MM, 689, 620, 8
MM, 30, 12, 8
MM, 28, 12, 17
MM, 27, 12, 7
MM, 26, 12, 65
MM, 25, 12, 23
MM, 22, 12, 16
MM, 21, 13, 40
MC, 1, 232
MM, 17, 13, 24
MM, 12, 13, 8
MM, 3, 13, 8
MM, 33, 13, 8
MM, 21, 13, 8
MM, 5, 13, 8
MM, 28, 13, 8
MM, 12, 11, 7
MM, 579, 619, 9
MM, 24, 9, 8
MM, 12, 8, 7
MM, 538, 614, 8
MM, 27, 3, 8
MM, 18, 2, 9
MM, 12, 0, 7
MM, 5, 0, 9
MM, 502, 607, 7
MM, 499, 607, 9
MM, 497, 607, 8
MM, 495, 607, 8
MM, 493, 605, 7
MM, 491, 604, 17
MM, 488, 604, 7
MM, 485, 603, 8
MM, 482, 603, 9
MM, 478, 603, 8
MM, 474, 602, 8
MM, 473, 602, 8
MM, 471, 602, 8
MM, 468, 602, 8
MM, 10, 30, 8
MM, 6, 28, 17
MM, 2, 27, 16
MM, 0, 27, 7
MM, 452, 598, 8
MM, 452, 597, 8
MM, 451, 596, 40
MM, 450, 595, 8
MM, 34, 24, 16
MM, 33, 23, 32
MM, 32, 22, 40
MM, 31, 20, 8
MM, 29, 19, 16
MM, 28, 19, 8
MM, 27, 18, 8
MC, 1, 208
MM, 28, 17, 48
MM, 450, 588, 8
MM, 8, 17, 8
MM, 22, 17, 8
MM, 492, 588, 8
MM, 18, 17, 8
MM, 528, 588, 8
MM, 17, 17, 8
MM, 568, 588, 8
MM, 12, 17, 8
MM, 24, 17, 8
MM, 30, 17, 8
MM, 34, 17, 8
MM, 609, 588, 8
MM, 0, 17, 8
MM, 3, 17, 9
MM, 5, 17, 7
MM, 8, 17, 8
MM, 9, 17, 8
MM, 10, 17, 8
MM, 13, 15, 8
MM, 15, 15, 8
MM, 19, 15, 8
MM, 24, 14, 8
MM, 27, 14, 8
MM, 643, 584, 8
MM, 646, 584, 8
MM, 0, 13, 8
MM, 1, 12, 8
MM, 2, 12, 8
MM, 3, 12, 16
MM, 5, 10, 24
MM, 7, 10, 8
MM, 9, 9, 8
MM, 10, 9, 8
MM, 12, 9, 8
MM, 14, 8, 8
MC, 1, 208
MM, 11, 9, 40
MM, 3, 14, 7
MM, 0, 18, 9
MM, 28, 25, 8
MM, 631, 602, 8
MM, 6, 0, 8
MM, 615, 617, 8
MM, 27, 17, 8
MM, 17, 26, 7
MM, 591, 640, 9
MM, 14, 2, 8
MM, 10, 4, 8
MM, 7, 8, 8
MM, 3, 10, 8
MM, 0, 12, 8
MM, 565, 660, 7
MM, 564, 661, 8
MM, 34, 18, 9
MM, 31, 20, 8
MM, 31, 21, 8
MM, 26, 24, 8
MM, 24, 24, 8
MM, 22, 25, 8
MM, 19, 26, 8
MM, 17, 26, 64
MM, 16, 26, 8
MM, 15, 26, 7
MM, 14, 26, 9
MM, 13, 26, 8
MM, 12, 26, 8
MM, 11, 26, 16
MM, 10, 26, 8
MM, 10, 25, 16
MM, 11, 23, 8
MM, 12, 22, 15
MM, 13, 22, 8
MM, 14, 22, 8
MM, 15, 20, 10
MM, 15, 19, 7
MM, 16, 18, 16
MM, 17, 17, 16
MM, 18, 16, 9
MM, 18, 15, 15
MM, 20, 13, 8
MC, 1, 120
MM, 15, 12, 16
MM, 0, 9, 8
MM, 27, 8, 8
MM, 11, 6, 8
MM, 483, 649, 8
MM, 21, 1, 8
MM, 5, 0, 8
MM, 442, 643, 8
MM, 432, 642, 8
MM, 425, 639, 8
MM, 415, 639, 8
MM, 32, 30, 8
MM, 25, 29, 8
MM, 21, 27, 8
MM, 16, 25, 8
MM, 14, 24, 7
MM, 9, 23, 9
MM, 5, 22, 8
MM, 376, 628, 8
MM, 32, 18, 8
MM, 26, 16, 8
MM, 19, 15, 8
MM, 12, 12, 9
MM, 9, 11, 7
MM, 7, 11, 8
MM, 6, 11, 8
MM, 3, 11, 9
MM, 2, 11, 103
MM, 1, 10, 33
MM, 5, 10, 118
MM, 7, 10, 8
MM, 10, 10, 8
MM, 12, 10, 9
MM, 13, 10, 7
MM, 15, 10, 9
MM, 16, 10, 7
MM, 17, 10, 17
MM, 18, 10, 111
MM, 19, 10, 9
MM, 21, 10, 8
MM, 25, 7, 8
MM, 28, 6, 8
MM, 33, 4, 8
MM, 379, 609, 8
MM, 385, 607, 8
MM, 392, 605, 8
MM, 402, 602, 8
MM, 411, 599, 8
MM, 5, 24, 8
MM, 12, 21, 8
MM, 18, 18, 8
MM, 23, 16, 8
MM, 27, 15, 8
MM, 29, 14, 7
MM, 32, 12, 8
MM, 450, 582, 17
MM, 454, 580, 15
MM, 455, 580, 9
MM, 1, 8, 8
MM, 8, 6, 8
MM, 14, 5, 16
MM, 16, 5, 15
MM, 17, 5, 9
MM, 18, 4, 24
MC, 1, 232
MM, 18, 6, 40
MM, 17, 10, 7
MM, 15, 12, 9
MM, 11, 15, 8
MM, 6, 21, 8
MM, 3, 24, 8
MM, 0, 29, 8
MM, 454, 603, 8
MM, 29, 0, 8
MM, 27, 4, 8
MM, 25, 7, 16
MM, 25, 8, 8
MM, 24, 10, 8
MM, 23, 11, 8
MM, 22, 11, 8
MM, 20, 13, 8
MM, 19, 14, 8
MM, 18, 14, 9
MC, 1, 175
MM, 24, 14, 8
MM, 32, 14, 8
MM, 1, 14, 8
MM, 17, 14, 8
MM, 494, 618, 8
MM, 11, 9, 8
MM, 25, 7, 8
MM, 538, 612, 8
MM, 10, 2, 7
MM, 23, 1, 9
MM, 570, 605, 8
MM, 576, 603, 8
MM, 581, 602, 8
MM, 582, 602, 7
MM, 13, 30, 9
MM, 14, 30, 16
MM, 15, 30, 8
MM, 16, 29, 16
MM, 17, 29, 8
MM, 20, 29, 7
MM, 23, 28, 9
MM, 25, 28, 8
MM, 27, 27, 7
MM, 29, 27, 9
MM, 30, 27, 8
MM, 32, 27, 8
MM, 605, 598, 8
MM, 607, 597, 8
MM, 610, 597, 8
MM, 4, 26, 7
MM, 7, 23, 9
MM, 9, 23, 8
MM, 11, 22, 8
MM, 13, 21, 8
MM, 14, 20, 17
MM, 17, 19, 23
MM, 19, 18, 8
MM, 21, 17, 8
MM, 25, 17, 9
MM, 26, 17, 7
MM, 30, 16, 8
MM, 643, 587, 8
MM, 645, 587, 8
MM, 647, 587, 11
MM, 0, 16, 5
MM, 4, 13, 8
MM, 5, 13, 8
MM, 8, 13, 56
MM, 9, 13, 16
MM, 9, 12, 8
MM, 11, 12, 9
MC, 1, 207
MM, 7, 13, 32
MM, 2, 16, 8
MM, 645, 591, 8
MM, 643, 593, 8
MM, 26, 26, 7
MM, 24, 28, 9
MM, 629, 604, 7
MM, 6, 3, 9
MM, 2, 6, 8
MM, 615, 620, 8
MM, 27, 18, 8
MM, 18, 24, 8
MM, 10, 29, 8
MM, 585, 640, 8
MM, 7, 1, 8
MM, 0, 5, 8
MM, 565, 655, 8
MM, 27, 15, 8
MM, 18, 21, 8
MM, 13, 23, 8
MM, 4, 28, 8
MM, 1, 30, 8
MM, 522, 679, 8
MM, 115, 1, 8
MM, 110, 4, 8
MM, 107, 6, 8
MM, 105, 7, 8
MM, 103, 7, 8
MM, 101, 7, 8
MM, 100, 8, 8
MM, 99, 9, 8
MM, 97, 10, 8
MM, 96, 11, 15
MM, 95, 11, 145
MM, 94, 11, 224
MM, 92, 11, 216
MM, 88, 14, 8
MM, 85, 14, 8
MM, 82, 14, 8
MM, 80, 15, 8
MM, 78, 15, 8
MM, 76, 16, 8
MM, 73, 17, 8
MM, 72, 17, 7
MM, 71, 17, 9
MM, 70, 18, 8
MM, 69, 18, 714
MM, 68, 18, 15
MM, 67, 18, 24
MM, 67, 19, 9
MM, 66, 19, 23
MM, 65, 19, 7
MM, 64, 19, 8
MM, 63, 19, 8
MC, 1, 447
MM, 62, 19, 129
MM, 61, 19, 96
MM, 61, 18, 32
MM, 59, 17, 16
MM, 59, 16, 8
MM, 58, 15, 8
MM, 56, 13, 8
MM, 51, 8, 8
MM, 51, 7, 8
MM, 45, 3, 8
MM, 440, 679, 8
MM, 26, 30, 8
MM, 16, 23, 8
MM, 13, 19, 7
MM, 10, 17, 8
MM, 7, 15, 17
MM, 7, 14, 24
MM, 6, 13, 41
MM, 2, 12, 16
MM, 1, 12, 8
MM, 0, 12, 16
MM, 406, 656, 16
MM, 405, 655, 23
MM, 404, 655, 16
MM, 31, 9, 9
MM, 31, 8, 62
MM, 30, 7, 17
MM, 29, 5, 8
MM, 29, 1, 18
MM, 399, 644, 15
MM, 399, 642, 9
MM, 399, 641, 7
MM, 399, 640, 9
MM, 399, 639, 7
MM, 21, 28, 8
MM, 22, 27, 8
MM, 26, 26, 9
MM, 31, 26, 7
MM, 415, 633, 8
MM, 419, 631, 7
MM, 1, 22, 9
MM, 3, 21, 7
MM, 4, 20, 8
MM, 5, 20, 8
MC, 1, 264
MM, 6, 19, 40
MM, 5, 17, 8
MM, 2, 17, 8
MM, 418, 625, 8
MM, 415, 625, 8
MM, 29, 17, 7
MM, 26, 17, 9
MM, 21, 17, 8
MM, 18, 17, 8
MM, 13, 17, 8
MM, 10, 17, 8
MM, 8, 17, 8
MM, 5, 17, 16
MM, 4, 17, 9
MM, 0, 17, 7
MM, 378, 625, 8
MM, 375, 625, 8
MM, 34, 17, 8
MM, 30, 16, 8
MM, 29, 16, 24
MM, 27, 16, 16
MM, 26, 16, 16
MM, 24, 16, 8
MM, 22, 16, 8
MC, 1, 408
MM, 21, 17, 32
MM, 21, 20, 16
MM, 23, 24, 8
MM, 26, 27, 8
MM, 373, 644, 8
MM, 12, 7, 9
MM, 19, 11, 7
MM, 30, 17, 8
MM, 2, 24, 8
MM, 11, 28, 9
MM, 427, 677, 7
MM, 36, 0, 8
MM, 39, 1, 8
MM, 41, 3, 8
MM, 44, 4, 16
MM, 45, 5, 56
MM, 46, 5, 65
MM, 48, 5, 7
MM, 50, 6, 8
MM, 52, 6, 8
MM, 54, 7, 8
MM, 55, 7, 8
MC, 1, 240
MM, 57, 7, 56
MM, 57, 6, 8
MM, 57, 4, 9
MM, 57, 2, 7
MM, 57, 1, 7
MM, 57, 0, 17
MM, 457, 680, 8
MM, 457, 679, 8
MM, 457, 678, 8
MM, 457, 677, 8
MM, 8, 30, 9
MM, 8, 28, 7
MM, 8, 26, 8
MM, 8, 25, 8
MM, 8, 24, 9
MM, 8, 23, 16
MM, 8, 21, 15
MM, 8, 20, 32
MM, 9, 19, 24
MC, 1, 312
MM, 9, 18, 48
MM, 14, 16, 8
MM, 20, 14, 8
MM, 485, 656, 8
MM, 10, 7, 9
MM, 26, 3, 8
MM, 5, 0, 7
MM, 557, 640, 8
MM, 1, 24, 9
MM, 22, 19, 8
MM, 5, 14, 8
MM, 21, 9, 7
MM, 32, 6, 9
MM, 3, 0, 7
MM, 671, 605, 9
MM, 676, 602, 8
MM, 33, 29, 8
MM, 686, 597, 8
MM, 686, 596, 16
MM, 686, 594, 16
MM, 684, 590, 8
MM, 683, 590, 7
MM, 33, 19, 8
MM, 32, 19, 16
MM, 30, 18, 56
MM, 29, 16, 8
MM, 28, 15, 9
MM, 27, 15, 8
MM, 27, 14, 16
MM, 27, 13, 7
MM, 27, 12, 17
MM, 27, 11, 15
MM, 26, 10, 9
MM, 25, 9, 32
MM, 23, 9, 71
MM, 21, 9, 9
MM, 19, 9, 7
MM, 18, 9, 48
MM, 17, 9, 16
MM, 13, 10, 9
MM, 10, 10, 7
MM, 2, 14, 9
MM, 644, 586, 8
MM, 26, 15, 8
MM, 20, 15, 7
MM, 18, 16, 9
MM, 15, 16, 8
MM, 13, 16, 8
MC, 1, 271
MM, 12, 18, 32
MM, 12, 20, 8
MM, 10, 25, 8
MM, 7, 27, 8
MM, 6, 30, 8
MM, 616, 606, 8
MM, 614, 611, 8
MM, 614, 614, 8
MM, 613, 618, 8
MM, 613, 627, 8
MM, 613, 631, 8
MM, 613, 637, 8
MM, 613, 640, 8
MM, 612, 642, 7
MM, 612, 645, 9
MM, 611, 646, 8
MM, 609, 649, 8
MM, 609, 650, 8
MM, 38, 7, 8
MM, 37, 8, 7
MM, 36, 11, 10
MM, 34, 13, 15
MM, 33, 15, 16
MM, 32, 16, 8
MM, 30, 17, 15
MM, 25, 18, 9
MM, 22, 18, 7
MM, 18, 18, 9
MM, 16, 18, 8
MM, 13, 18, 8
MM, 11, 18, 8
MM, 8, 18, 8
MM, 6, 18, 8
MM, 4, 18, 9
MM, 3, 18, 7
MM, 2, 18, 9
MM, 0, 17, 7
MM, 568, 661, 8
MM, 566, 660, 8
MM, 32, 14, 9
MM, 30, 13, 7
MM, 28, 12, 8
MM, 27, 12, 8
MM, 25, 12, 57
MM, 24, 11, 7
MM, 23, 11, 48
MM, 22, 11, 32
MM, 20, 11, 16
MM, 18, 11, 8
MM, 16, 11, 17
MM, 15, 10, 39
MC, 1, 152
MM, 13, 10, 56
MM, 10, 10, 8
MM, 4, 10, 8
MM, 528, 655, 7
MM, 34, 10, 8
MM, 28, 10, 8
MM, 25, 10, 8
MM, 21, 10, 9
MM, 17, 10, 8
MM, 16, 10, 16
MM, 13, 10, 16
MM, 10, 10, 8
MM, 6, 10, 8
MM, 0, 10, 8
MM, 486, 655, 8
MM, 483, 655, 8
MM, 482, 655, 40
MM, 31, 10, 80
MM, 30, 10, 8
MM, 27, 10, 9
MM, 21, 10, 7
MM, 13, 10, 8
MM, 7, 10, 8
MM, 448, 655, 8
MM, 32, 10, 8
MM, 27, 11, 8
MM, 24, 11, 8
MM, 21, 13, 8
MM, 20, 13, 8
MM, 17, 14, 8
MM, 16, 14, 8
MM, 15, 14, 9
MM, 13, 14, 16
MM, 12, 15, 143
MM, 12, 16, 8
MM, 17, 18, 104
MM, 21, 18, 8
MM, 29, 16, 8
MM, 445, 660, 8
MM, 14, 8, 8
MM, 29, 5, 7
MM, 498, 643, 8
MM, 519, 640, 9
MM, 5, 22, 8
MM, 575, 620, 8
MM, 19, 4, 8
MM, 621, 605, 8
MM, 29, 27, 7
MM, 2, 26, 9
MM, 14, 23, 8
MM, 21, 18, 8
MM, 22, 17, 8
MM, 25, 16, 8
MM, 26, 16, 32
MM, 26, 15, 32
MM, 26, 14, 8
MM, 25, 13, 74
MM, 23, 12, 8
MM, 20, 10, 8
MM, 17, 9, 8
MM, 15, 9, 7
MM, 10, 8, 8
MM, 7, 8, 8
MM, 5, 8, 8
MM, 4, 8, 8
MM, 0, 7, 63
MM, 645, 578, 8
MM, 644, 578, 16
MM, 643, 578, 8
MM, 28, 7, 48
MM, 23, 7, 8
MM, 19, 7, 9
MM, 12, 7, 7
MM, 7, 9, 8
MM, 3, 11, 8
MM, 607, 583, 9
MM, 605, 583, 8
MM, 34, 13, 16
MC, 1, 207
MM, 34, 14, 97
MM, 34, 15, 16
MM, 34, 14, 16
MM, 607, 584, 583
MM, 2, 13, 8
MM, 6, 13, 8
MM, 13, 13, 8
MM, 19, 13, 8
MM, 29, 13, 8
MM, 1, 13, 8
MM, 5, 13, 8
MM, 14, 13, 8
MM, 25, 18, 8
MM, 32, 19, 8
MM, 1, 23, 8
MM, 8, 26, 8
MM, 706, 602, 8
MM, 709, 603, 8
MM, 710, 603, 8
MM, 713, 603, 8
MM, 714, 603, 8
MM, 715, 603, 8
MM, 720, 604, 8
MM, 725, 604, 8
MM, 729, 605, 8
MM, 735, 605, 8
MM, 739, 605, 8
MM, 743, 605, 8
MM, 744, 605, 8
MM, 746, 605, 8
MM, 747, 605, 9
MM, 748, 603, 7
MM, 750, 600, 8
MM, 752, 596, 8
MM, 753, 594, 10
MM, 753, 592, 7
MM, 754, 590, 8
MM, 755, 587, 8
MM, 758, 584, 8
MM, 759, 582, 8
MM, 760, 580, 8
MM, 763, 577, 8
MM, 763, 576, 7
MM, 764, 572, 9
MM, 764, 570, 8
MM, 764, 567, 8
MM, 765, 565, 8
MM, 765, 562, 8
MM, 766, 560, 8
MM, 767, 559, 8
MM, 767, 558, 8
MM, 768, 557, 11
MM, 769, 556, 52
MM, 770, 556, 8
MM, 758, 547, 320
MM, 744, 547, 7
MM, 30, 13, 9
MM, 18, 13, 8
MM, 4, 13, 8
MM, 698, 547, 7
MM, 27, 14, 9
MM, 19, 14, 8
MM, 10, 17, 8
MM, 4, 17, 8
MM, 658, 552, 8
MM, 30, 20, 10
MM, 23, 21, 7
MM, 15, 26, 8
MM, 10, 27, 8
MM, 7, 27, 7
MM, 5, 28, 9
MM, 1, 30, 8
MM, 619, 565, 8
MM, 618, 566, 8
MM, 616, 567, 16
MM, 613, 569, 8
MM, 613, 570, 8
MM, 1, 0, 8
MM, 610, 572, 8
MM, 608, 574, 8
MM, 606, 576, 8
MM, 605, 577, 8
MM, 34, 7, 15
MM, 33, 9, 16
MM, 31, 10, 8
MM, 27, 14, 16
MM, 26, 16, 16
MM, 26, 17, 8
MM, 26, 18, 7
MM, 28, 18, 82
MM, 31, 18, 8
MM, 605, 589, 8
MM, 606, 589, 8
MM, 609, 589, 16
MM, 610, 588, 47
MM, 0, 16, 24
MM, 2, 14, 8
MM, 3, 14, 16
MM, 5, 13, 8
MM, 6, 12, 24
MM, 7, 11, 169
MM, 8, 11, 15
MC, 1, 176
MM, 7, 14, 89
MM, 5, 16, 7
MM, 3, 21, 8
MM, 0, 23, 8
MM, 610, 599, 8
MM, 606, 604, 8
MM, 24, 2, 9
MM, 20, 11, 7
MM, 17, 16, 8
MM, 16, 21, 8
MM, 12, 28, 8
MM, 590, 643, 8
MM, 17, 4, 9
MM, 15, 8, 8
MM, 14, 10, 8
MM, 10, 15, 8
MM, 8, 17, 8
MM, 5, 20, 7
MM, 3, 23, 8
MM, 569, 671, 8
MM, 567, 673, 9
MM, 564, 674, 7
MM, 34, 29, 9
MM, 561, 676, 16
MM, 560, 676, 39
MM, 559, 676, 25
MM, 556, 676, 8
MM, 555, 676, 8
MM, 551, 676, 8
MM, 548, 676, 8
MM, 545, 676, 8
MM, 544, 676, 8
MM, 542, 676, 7
MM, 540, 676, 8
MM, 538, 677, 8
MM, 535, 678, 8
MM, 532, 679, 8
MM, 530, 679, 8
MM, 529, 679, 8
MM, 528, 679, 48
MM, 526, 681, 24
MM, 124, 0, 8
MM, 118, 2, 9
MM, 113, 3, 7
MM, 108, 7, 8
MM, 106, 7, 8
MM, 103, 8, 8
MM, 101, 9, 8
MM, 100, 9, 8
MM, 97, 10, 24
MM, 96, 11, 8
MM, 95, 11, 16
MM, 92, 11, 8
MM, 91, 11, 8
MM, 87, 11, 8
MM, 85, 12, 8
MM, 82, 12, 8
MM, 81, 12, 8
MM, 80, 12, 64
MM, 78, 12, 24
MM, 76, 12, 8
MM, 72, 12, 8
MM, 70, 12, 8
MM, 69, 12, 8
MM, 67, 12, 8
MM, 66, 12, 8
MM, 64, 12, 15
MC, 1, 362
MM, 62, 13, 15
MM, 57, 13, 8
MM, 48, 6, 8
MM, 440, 678, 8
MM, 24, 26, 7
MM, 15, 18, 9
MM, 5, 7, 8
MM, 407, 643, 8
MM, 23, 28, 9
MM, 21, 25, 16
MM, 20, 20, 8
MM, 20, 17, 8
MM, 19, 14, 7
MM, 18, 13, 9
MM, 18, 12, 8
MM, 18, 10, 8
MM, 18, 9, 15
MM, 18, 8, 8
MM, 17, 7, 24
MM, 17, 6, 17
MM, 17, 5, 16
MM, 17, 4, 8
MM, 16, 1, 8
MM, 16, 0, 8
MM, 396, 607, 8
MM, 395, 606, 7
MM, 395, 605, 8
MM, 395, 603, 8
MM, 395, 602, 15
MM, 23, 28, 9
MM, 23, 26, 8
MM, 23, 23, 8
MM, 23, 21, 8
MM, 23, 19, 8
MM, 23, 18, 8
MM, 23, 17, 8
MM, 23, 15, 8
MM, 21, 12, 8
MM, 14, 18, 231
MM, 11, 21, 9
MM, 8, 25, 8
MM, 3, 29, 8
MM, 370, 603, 8
MM, 368, 604, 8
MM, 23, 2, 8
MM, 18, 4, 8
MM, 17, 5, 8
MM, 14, 8, 8
MM, 13, 9, 8
MM, 13, 10, 24
MM, 13, 11, 96
MM, 20, 12, 119
MM, 23, 12, 8
MM, 27, 12, 9
MM, 374, 620, 7
MM, 0, 12, 8
MM, 6, 12, 9
MM, 8, 12, 8
MM, 11, 12, 7
MM, 12, 12, 137
MM, 17, 17, 128
MM, 17, 19, 7
MM, 21, 26, 9
MM, 24, 28, 8
MM, 28, 30, 8
MM, 410, 640, 8
MM, 415, 644, 8
MM, 9, 2, 8
MM, 15, 8, 8
MM, 17, 10, 7
MM, 20, 13, 8
MM, 22, 15, 9
MM, 23, 16, 8
MM, 24, 18, 8
MM, 25, 19, 16
MM, 27, 23, 64
MM, 29, 25, 8
MM, 33, 29, 7
MM, 444, 677, 8
MM, 446, 679, 9
MM, 448, 681, 8
MM, 49, 3, 8
MM, 49, 4, 47
MM, 49, 5, 33
MM, 50, 6, 8
MM, 52, 8, 17
MM, 53, 11, 15
MM, 54, 12, 9
MM, 55, 13, 16
MM, 57, 15, 16
MM, 58, 16, 16
MM, 58, 17, 48
MC, 1, 143
MM, 57, 13, 32
MM, 56, 6, 8
MM, 456, 680, 7
MM, 7, 23, 8
MM, 7, 11, 9
MM, 456, 640, 8
MM, 456, 632, 7
MM, 456, 626, 9
MM, 456, 624, 8
MM, 456, 622, 7
MM, 456, 621, 8
MM, 456, 619, 8
MM, 34, 11, 113
MM, 33, 11, 56
MM, 32, 11, 8
MM, 31, 11, 8
MM, 30, 11, 16
MM, 28, 11, 40
MM, 27, 11, 89
MC, 1, 103
MM, 28, 11, 16
MM, 457, 618, 8
MM, 0, 10, 8
MM, 11, 10, 8
MM, 19, 10, 8
MM, 27, 8, 8
MM, 496, 615, 8
MM, 3, 7, 8
MM, 13, 5, 8
MM, 20, 3, 8
MM, 23, 3, 8
MM, 31, 1, 8
MM, 34, 1, 8
MM, 539, 607, 7
MM, 542, 605, 8
MM, 542, 604, 9
MM, 543, 603, 8
MM, 544, 602, 16
MM, 15, 29, 16
MM, 16, 28, 8
MM, 17, 28, 8
MM, 18, 27, 24
MM, 19, 26, 32
MM, 19, 25, 49
MM, 19, 24, 32
MM, 19, 23, 7
MM, 19, 22, 16
MM, 19, 21, 9
MM, 19, 20, 8
MM, 19, 19, 24
MM, 16, 18, 183
MM, 13, 18, 8
MM, 11, 18, 8
MM, 7, 18, 8
MM, 3, 18, 8
MM, 527, 592, 8
MM, 21, 21, 8
MM, 9, 22, 8
MM, 1, 24, 8
MM, 26, 25, 8
MM, 18, 28, 7
MM, 9, 30, 9
MM, 459, 602, 8
MM, 450, 605, 8
MM, 447, 606, 8
MM, 442, 607, 8
MM, 19, 0, 7
MM, 13, 1, 9
MM, 10, 4, 8
MM, 2, 5, 8
MM, 0, 5, 8
MM, 415, 614, 8
MM, 29, 6, 9
MM, 22, 7, 7
MM, 16, 9, 8
MM, 12, 10, 8
MM, 10, 11, 8
MM, 10, 12, 16
MM, 8, 12, 8
MM, 7, 13, 9
MM, 5, 14, 7
MM, 4, 14, 8
MM, 3, 14, 8
MM, 1, 15, 8
MM, 1, 16, 48
MM, 1, 17, 144
MM, 2, 17, 16
MM, 3, 17, 8
MM, 4, 17, 8
MM, 7, 17, 8
MM, 8, 17, 8
MM, 10, 17, 16
MM, 12, 17, 8
MM, 13, 17, 8
MM, 16, 17, 8
MM, 17, 17, 16
MM, 18, 16, 8
MM, 18, 15, 16
MM, 20, 15, 64
MC, 1, 408
MM, 21, 14, 159
MM, 24, 13, 9
MM, 30, 13, 8
MM, 0, 10, 8
MM, 16, 10, 8
MM, 33, 10, 8
MM, 17, 8, 8
MM, 2, 8, 8
MM, 22, 8, 7
MM, 539, 616, 9
MM, 19, 8, 8
MM, 575, 616, 8
MM, 6, 8, 7
MM, 20, 8, 8
MM, 26, 8, 9
MM, 613, 616, 8
MM, 1, 8, 8
MM, 6, 8, 8
MM, 12, 8, 7
MM, 16, 8, 9
MM, 24, 8, 8
MM, 32, 8, 8
MM, 2, 10, 8
MM, 13, 11, 8
MM, 19, 13, 8
MM, 27, 13, 8
MM, 689, 623, 8
MM, 692, 623, 7
MM, 694, 623, 9
MM, 695, 624, 32
MM, 696, 624, 40
MM, 696, 625, 8
MM, 694, 625, 128
MM, 691, 625, 8
MM, 28, 17, 8
MM, 19, 15, 8
MM, 11, 15, 9
MM, 2, 14, 7
MM, 656, 622, 8
MM, 33, 12, 8
MM, 32, 12, 40
MM, 32, 11, 25
MM, 32, 10, 143
MM, 652, 618, 16
MM, 653, 618, 16
MM, 655, 618, 8
MM, 657, 618, 25
MM, 2, 10, 7
MM, 7, 10, 8
MM, 13, 10, 8
MM, 16, 10, 8
MM, 21, 10, 8
MM, 24, 10, 8
MM, 25, 9, 8
MC, 1, 184
MM, 22, 9, 24
MM, 14, 9, 8
MM, 4, 7, 8
MM, 30, 6, 8
MM, 13, 3, 8
MM, 615, 611, 8
MM, 599, 607, 8
MM, 585, 607, 8
MM, 567, 607, 7
MM, 551, 604, 8
MM, 8, 30, 9
MM, 30, 28, 8
MM, 18, 27, 8
MM, 6, 24, 8
MM, 490, 595, 8
MM, 21, 22, 8
MM, 11, 21, 8
MM, 1, 19, 8
MM, 29, 16, 8
MM, 21, 15, 8
MM, 11, 15, 8
MM, 8, 14, 8
MM, 1, 13, 8
MM, 414, 584, 16
MM, 413, 583, 120
MM, 413, 582, 17
MM, 413, 581, 32
MM, 413, 580, 8
MM, 414, 579, 15
MM, 1, 8, 48
MM, 3, 8, 8
MM, 6, 8, 8
MM, 8, 8, 9
MM, 11, 8, 8
MM, 12, 8, 7
MM, 13, 8, 8
MC, 1, 224
MM, 14, 8, 24
MM, 14, 10, 8
MM, 13, 15, 8
MM, 11, 17, 8
MM, 10, 21, 8
MM, 7, 25, 8
MM, 6, 28, 8
MM, 419, 602, 8
MM, 416, 605, 8
MM, 415, 608, 8
MM, 34, 2, 8
MM, 32, 8, 8
MM, 26, 14, 8
MM, 22, 21, 8
MM, 21, 23, 8
MM, 20, 27, 8
MM, 18, 30, 17
MM, 398, 639, 23
MM, 398, 640, 24
MM, 398, 641, 33
MM, 398, 643, 23
MM, 28, 1, 33
MM, 28, 3, 24
MM, 28, 4, 8
MM, 28, 6, 24
MM, 28, 8, 16
MM, 27, 9, 16
MM, 26, 11, 8
MM, 25, 13, 24
MM, 24, 14, 39
MM, 22, 15, 16
MM, 22, 17, 136
MC, 1, 464
MM, 23, 18, 7
MM, 26, 18, 9
MM, 29, 18, 7
MM, 0, 16, 9
MM, 10, 10, 8
MM, 21, 7, 8
MM, 443, 646, 7
MM, 457, 639, 9
MM, 14, 24, 8
MM, 6, 14, 9
MM, 23, 11, 8
MM, 0, 8, 7
MM, 12, 6, 8
MM, 19, 5, 9
MM, 21, 3, 8
MM, 22, 2, 15
MM, 23, 1, 17
MM, 23, 0, 24
MM, 565, 605, 40
MM, 567, 604, 9
MM, 568, 603, 8
MM, 569, 602, 32
MM, 569, 601, 8
MM, 0, 29, 8
MM, 3, 28, 15
MM, 4, 28, 9
MM, 7, 28, 8
MM, 9, 27, 7
MM, 13, 26, 8
MM, 14, 26, 8
MM, 17, 24, 8
MM, 19, 24, 8
MM, 24, 24, 8
MM, 26, 23, 9
MM, 32, 23, 7
MM, 606, 594, 9
MM, 0, 23, 7
MM, 1, 22, 31
MM, 3, 21, 40
MM, 4, 20, 16
MM, 5, 20, 16
MM, 6, 19, 8
MM, 6, 18, 17
MM, 6, 16, 80
MM, 7, 14, 8
MM, 9, 12, 16
MM, 11, 10, 8
MM, 12, 9, 15
MC, 1, 136
MM, 12, 10, 15
MM, 11, 11, 9
MM, 7, 15, 8
MM, 1, 16, 8
MM, 605, 588, 8
MM, 25, 21, 8
MM, 14, 24, 8
MM, 568, 596, 8
MM, 23, 30, 8
MM, 536, 604, 8
MM, 18, 0, 8
MM, 495, 611, 8
MM, 13, 5, 8
MM, 33, 12, 8
MM, 17, 17, 8
MM, 8, 19, 8
MM, 6, 20, 7
MM, 5, 21, 17
MM, 5, 22, 16
MM, 5, 23, 9
MM, 5, 24, 7
MM, 5, 27, 8
MM, 3, 29, 9
MM, 1, 30, 8
MM, 419, 641, 7
MM, 418, 642, 8
MM, 416, 643, 8
MM, 416, 644, 9
MM, 6, 1, 7
MM, 5, 2, 8
MM, 5, 4, 24
MM, 5, 5, 32
MM, 5, 6, 17
MM, 5, 9, 16
MM, 5, 10, 32
MM, 6, 12, 16
MM, 6, 13, 7
MM, 7, 13, 48
MM, 8, 14, 97
MM, 9, 15, 16
MM, 10, 16, 31
MC, 1, 200
MM, 12, 16, 48
MM, 13, 16, 8
MM, 14, 16, 153
MM, 17, 16, 7
MM, 18, 16, 9
MM, 22, 18, 7
MM, 31, 23, 8
MM, 445, 672, 8
MM, 452, 677, 9
MM, 457, 680, 7
MM, 62, 0, 8
MM, 65, 2, 8
MM, 69, 5, 8
MM, 73, 7, 8
MM, 77, 8, 8
MM, 81, 9, 8
MM, 83, 10, 8
MM, 90, 14, 8
MM, 93, 15, 8
MM, 96, 16, 8
MM, 98, 16, 8
MM, 101, 19, 8
MM, 104, 20, 24
MM, 105, 21, 8
MM, 108, 22, 9
MM, 114, 24, 7
MM, 122, 24, 8
MM, 132, 26, 8
MM, 144, 26, 8
MM, 155, 26, 8
MM, 567, 708, 8
MM, 575, 708, 8
MM, 585, 708, 8
MM, 635, 706, 56
MM, 641, 705, 8
MM, 642, 704, 8
MM, 643, 703, 16
MM, 644, 701, 32
MM, 645, 701, 17
MM, 647, 700, 9
MM, 648, 700, 7
MM, 651, 699, 16
MM, 651, 698, 16
MM, 653, 696, 15
MM, 653, 695, 9
MM, 655, 695, 7
MM, 659, 691, 8
MM, 661, 690, 8
MM, 663, 689, 15
MM, 663, 688, 57
MM, 663, 687, 8
MM, 663, 686, 8
MM, 661, 683, 8
MM, 660, 683, 8
MM, 657, 682, 9
MM, 655, 681, 7
MM, 653, 681, 8
MM, 651, 680, 8
MM, 651, 679, 32
MM, 650, 678, 24
MM, 649, 677, 8
MM, 647, 677, 8
MM, 644, 676, 8
MM, 642, 676, 8
MM, 24, 30, 8
MM, 21, 29, 8
MM, 21, 28, 80
MM, 21, 27, 25
MM, 21, 25, 32
MM, 20, 24, 15
MM, 20, 22, 16
MM, 19, 20, 8
MM, 19, 19, 16
MM, 19, 18, 9
MM, 19, 17, 7
MM, 18, 17, 8
MM, 17, 16, 16
MM, 11, 16, 143
MM, 2, 19, 8
MM, 38, 22, 11
MM, 27, 25, 6
MM, 17, 28, 8
MM, 8, 30, 8
MM, 570, 677, 8
MM, 563, 681, 8
MM, 558, 681, 8
MM, 155, 0, 8
MM, 152, 1, 7
MM, 145, 5, 9
MM, 141, 6, 8
MM, 138, 7, 7
MM, 135, 10, 9
MM, 134, 10, 23
MM, 132, 10, 17
MM, 130, 10, 7
MM, 124, 10, 8
MM, 121, 10, 8
MM, 117, 10, 9
MM, 114, 10, 7
MM, 112, 12, 8
MM, 111, 12, 9
MM, 108, 12, 7
MM, 107, 13, 17
MM, 107, 14, 16
MM, 106, 16, 16
MM, 105, 18, 23
MM, 105, 19, 8
MM, 104, 21, 9
MM, 102, 23, 8
MM, 100, 25, 7
MM, 99, 26, 9
MM, 97, 27, 16
MM, 96, 27, 8
MM, 93, 28, 8
MM, 92, 29, 130
MM, 92, 28, 39
MM, 90, 25, 23
MM, 89, 24, 16
MM, 88, 23, 24
MM, 87, 23, 8
MM, 84, 21, 8
MM, 82, 20, 9
MM, 77, 20, 7
MM, 73, 17, 8
MM, 68, 15, 8
MM, 64, 12, 8
MM, 59, 7, 9
MM, 52, 3, 7
MM, 32, 29, 9
MM, 25, 21, 7
MM, 13, 10, 8
MM, 6, 6, 8
MM, 407, 647, 8
MM, 400, 642, 8
MM, 395, 640, 8
MM, 9, 28, 8
MM, 6, 26, 8
MM, 5, 25, 8
MM, 3, 23, 8
MM, 1, 22, 8
MM, 376, 626, 7
MM, 34, 18, 9
MM, 31, 16, 7
MM, 26, 14, 9
MM, 23, 11, 8
MM, 20, 8, 9
MM, 19, 7, 8
MM, 19, 6, 16
MM, 19, 4, 63
MM, 18, 4, 16
MC, 1, 200
MM, 21, 4, 7
MM, 29, 5, 8
MM, 378, 615, 9
MM, 10, 11, 8
MM, 25, 13, 8
MM, 0, 15, 8
MM, 16, 20, 8
MM, 28, 21, 8
MM, 461, 629, 8
MM, 6, 22, 7
MM, 10, 22, 9
MM, 17, 26, 8
MM, 22, 27, 9
MM, 25, 29, 7
MM, 28, 29, 8
MM, 495, 639, 8
MM, 499, 640, 8
MM, 501, 640, 8
MM, 506, 640, 8
MM, 507, 641, 9
MM, 511, 641, 7
MM, 513, 642, 9
MM, 514, 642, 15
MM, 517, 643, 8
MM, 517, 644, 24
MM, 30, 0, 8
MM, 31, 1, 8
MM, 33, 1, 8
MM, 523, 649, 16
MM, 524, 649, 80
MM, 525, 649, 8
MM, 526, 649, 8
MM, 527, 649, 16
MM, 527, 650, 8
MM, 0, 5, 56
MM, 1, 5, 24
MM, 2, 5, 8
MM, 5, 5, 7
MM, 7, 5, 9
MM, 8, 5, 7
MM, 9, 5, 9
MM, 11, 5, 7
MM, 13, 5, 9
MM, 16, 6, 8
MM, 20, 9, 8
MM, 21, 9, 8
MM, 22, 9, 8
MC, 1, 304
MM, 20, 9, 48
MM, 13, 8, 8
MM, 1, 5, 8
MM, 31, 1, 9
MM, 513, 644, 7
MM, 506, 642, 8
MM, 504, 640, 8
MM, 2, 29, 8
MM, 494, 635, 8
MM, 29, 26, 8
MM, 24, 25, 9
MM, 20, 23, 8
MM, 15, 21, 8
MM, 6, 19, 8
MM, 2, 18, 7
MM, 32, 17, 8
MM, 29, 15, 8
MM, 23, 15, 8
MM, 20, 14, 7
MM, 19, 14, 17
MM, 18, 14, 8
MM, 17, 13, 16
MC, 1, 216
MM, 18, 13, 56
MM, 20, 13, 8
MM, 21, 15, 9
MM, 25, 21, 8
MM, 26, 23, 8
MM, 28, 28, 8
MM, 452, 641, 8
MM, 6, 5, 8
MM, 7, 7, 8
MM, 9, 13, 8
MM, 12, 16, 7
MM, 13, 21, 9
MM, 17, 28, 8
MM, 469, 680, 8
MM, 71, 3, 8
MM, 73, 6, 8
MM, 74, 9, 8
MM, 77, 14, 7
MM, 79, 16, 8
MM, 79, 18, 8
MM, 80, 19, 8
MM, 80, 20, 8
MM, 81, 21, 8
MM, 81, 22, 16
MM, 82, 22, 64
MM, 83, 22, 24
MM, 85, 22, 32
MC, 1, 561
MM, 86, 22, 47
MM, 86, 20, 7
MM, 86, 18, 9
MM, 86, 14, 7
MM, 86, 9, 8
MM, 86, 7, 9
MM, 86, 4, 8
MM, 86, 3, 8
MM, 86, 2, 8
MM, 86, 0, 8
MM, 486, 681, 16
MM, 486, 680, 8
MM, 486, 678, 8
MM, 486, 677, 8
MM, 486, 676, 8
MM, 486, 675, 8
MM, 486, 674, 8
MM, 486, 673, 8
MM, 486, 672, 7
MM, 486, 669, 9
MM, 487, 666, 8
MM, 487, 660, 8
MM, 487, 654, 8
MM, 487, 647, 8
MM, 487, 639, 7
MM, 25, 27, 9
MM, 25, 21, 8
MM, 25, 16, 8
MM, 25, 10, 8
MM, 25, 4, 9
MM, 485, 605, 7
MM, 28, 26, 7
MM, 24, 19, 8
MM, 22, 9, 10
MM, 20, 2, 8
MM, 473, 569, 8
MM, 472, 566, 8
MM, 472, 565, 8
MM, 16, 28, 8
MM, 16, 27, 31
MM, 16, 26, 8
MM, 15, 25, 8
MM, 15, 24, 8
MM, 15, 23, 8
MM, 14, 22, 48
MM, 13, 22, 8
MM, 12, 21, 16
MM, 9, 16, 8
MM, 8, 16, 8
MM, 7, 15, 8
MM, 5, 13, 8
MM, 3, 11, 8
MM, 2, 9, 8
MM, 1, 7, 8
MM, 0, 3, 8
MM, 452, 534, 8
MM, 451, 532, 8
MM, 448, 528, 8
MM, 445, 526, 8
MM, 441, 524, 8
MM, 440, 522, 8
MM, 438, 521, 8
MM, 436, 519, 8
MM, 184, 89, 24
MM, 183, 87, 16
MM, 182, 84, 16
MM, 181, 83, 16
MM, 181, 82, 56
MM, 181, 79, 24
MM, 182, 78, 7
MM, 183, 78, 9
MM, 186, 75, 8
MM, 186, 74, 8
MM, 187, 72, 7
MM, 190, 69, 9
MM, 190, 68, 8
MM, 191, 67, 7
MM, 192, 65, 9
MM, 193, 64, 16
MM, 194, 63, 8
MM, 195, 62, 8
MM, 196, 61, 216
MM, 199, 61, 8
MM, 201, 62, 8
MM, 206, 68, 8
MM, 210, 77, 8
MM, 216, 84, 8
MM, 473, 519, 8
MM, 479, 530, 8
MM, 26, 5, 8
MM, 33, 20, 8
MM, 494, 570, 8
MM, 5, 17, 8
MM, 505, 607, 8
MM, 15, 17, 8
MM, 520, 642, 8
MM, 527, 655, 8
MM, 2, 18, 8
MM, 8, 29, 8
MM, 143, 1, 8
MM, 146, 6, 8
MM, 150, 13, 7
MM, 151, 15, 9
MM, 154, 20, 8
MM, 154, 21, 8
MM, 154, 20, 56
MM, 154, 18, 7
MM, 154, 16, 9
MM, 154, 14, 8
MM, 154, 11, 8
MM, 154, 10, 8
MM, 154, 6, 8
MM, 153, 3, 8
MM, 553, 679, 8
MM, 24, 28, 8
MM, 23, 23, 8
MM, 23, 20, 8
MM, 23, 18, 8
MM, 23, 15, 8
MM, 23, 14, 10
MM, 23, 12, 6
MM, 24, 11, 8
MM, 25, 10, 8
MM, 25, 9, 8
MM, 25, 5, 8
MM, 26, 3, 8
MM, 26, 0, 16
MM, 555, 644, 8
MM, 555, 643, 9
MM, 555, 640, 7
MM, 555, 639, 8
MM, 15, 30, 8
MM, 15, 29, 8
MM, 16, 27, 9
MM, 16, 26, 39
MM, 16, 24, 32
MM, 16, 23, 16
MM, 16, 22, 8
MM, 16, 21, 8
MM, 16, 19, 16
MM, 10, 18, 240
MM, 7, 17, 7
MM, 538, 625, 9
MM, 27, 15, 8
MM, 14, 10, 8
MM, 0, 9, 8
MM, 23, 7, 7
MM, 12, 4, 9
MM, 4, 3, 8
MM, 1, 3, 8
MM, 461, 611, 7
MM, 459, 610, 8
MM, 458, 610, 8
MM, 457, 609, 33
MM, 456, 608, 8
MM, 454, 606, 8
MM, 451, 605, 8
MM, 444, 602, 8
MM, 26, 30, 8
MM, 24, 29, 8
MM, 23, 29, 8
MM, 21, 29, 8
MM, 21, 28, 8
MM, 20, 27, 16
MM, 19, 26, 8
MM, 18, 25, 8
MM, 17, 24, 16
MM, 16, 23, 24
MM, 16, 21, 24
MM, 16, 20, 8
MM, 16, 18, 8
MM, 15, 17, 8
MM, 15, 15, 16
MM, 15, 13, 24
MC, 1, 136
MM, 16, 19, 16
MM, 17, 20, 8
MM, 18, 24, 7
MM, 434, 605, 9
MM, 18, 8, 8
MM, 19, 16, 8
MM, 24, 29, 8
MM, 445, 647, 8
MM, 447, 659, 8
MM, 1, 25, 8
MM, 54, 0, 7
MM, 57, 11, 9
MM, 62, 20, 7
MM, 65, 30, 9
MM, 467, 717, 8
MM, 468, 720, 8
MM, 470, 725, 7
MM, 470, 727, 9
MM, 470, 730, 8
MM, 471, 733, 8
MM, 471, 735, 16
MM, 471, 736, 16
MM, 471, 737, 161
MM, 469, 737, 33
MM, 468, 736, 7
MM, 468, 734, 15
MM, 468, 732, 9
MM, 468, 730, 7
MM, 468, 727, 9
MM, 468, 725, 7
MM, 467, 721, 9
MM, 467, 718, 7
MM, 467, 714, 9
MM, 67, 28, 8
MM, 67, 26, 8
MM, 67, 23, 7
MM, 67, 22, 8
MM, 67, 19, 8
MM, 67, 18, 8
MM, 67, 17, 8
MM, 67, 16, 16
MM, 67, 15, 32
MM, 68, 14, 160
MM, 69, 13, 7
MM, 76, 10, 8
MM, 83, 6, 9
MM, 93, 5, 8
MM, 506, 680, 8
MM, 31, 29, 8
MM, 2, 24, 8
MM, 15, 18, 8
MM, 30, 11, 8
MM, 569, 653, 8
MM, 10, 2, 7
MM, 589, 643, 8
MM, 594, 640, 8
MM, 16, 30, 9
MM, 18, 27, 8
MM, 22, 23, 8
MM, 23, 22, 8
MM, 26, 19, 8
MM, 27, 17, 7
MM, 30, 14, 8
MM, 612, 620, 9
MM, 614, 618, 8
MM, 616, 617, 8
MM, 617, 616, 8
MM, 0, 6, 8
MM, 0, 4, 8
MM, 1, 2, 8
MM, 622, 606, 16
MM, 622, 604, 23
MM, 622, 602, 18
MM, 11, 30, 7
MM, 11, 29, 7
MM, 11, 28, 17
MM, 11, 27, 8
MM, 12, 26, 16
MM, 13, 25, 8
MM, 15, 24, 8
MM, 17, 22, 8
MM, 18, 21, 8
MM, 20, 19, 8
MM, 22, 16, 8
MM, 23, 15, 8
MM, 25, 15, 8
MM, 26, 14, 8
MM, 29, 14, 8
MM, 643, 584, 8
MM, 645, 584, 9
MM, 0, 11, 7
MM, 2, 11, 265
MM, 3, 11, 8
MC, 1, 175
MM, 0, 11, 56
MM, 642, 583, 8
MM, 27, 12, 8
MM, 21, 15, 7
MM, 16, 16, 10
MM, 10, 17, 8
MM, 5, 18, 7
MM, 610, 591, 8
MM, 33, 24, 8
MM, 31, 24, 8
MM, 25, 25, 9
MM, 20, 26, 7
MM, 14, 26, 9
MM, 7, 29, 7
MM, 569, 601, 9
MM, 31, 30, 7
MM, 552, 603, 8
MM, 543, 607, 8
MM, 539, 607, 8
MM, 32, 1, 8
MM, 28, 1, 8
MM, 21, 2, 9
MM, 18, 2, 7
MM, 14, 2, 8
MM, 8, 3, 8
MM, 4, 3, 8
MM, 3, 3, 8
MM, 2, 5, 9
MM, 0, 5, 15
MM, 498, 613, 8
MM, 497, 613, 8
MM, 494, 614, 8
MM, 30, 6, 8
MM, 27, 7, 9
MM, 23, 8, 7
MM, 22, 8, 8
MM, 18, 10, 8
MM, 17, 11, 9
MM, 15, 12, 15
MM, 13, 13, 24
MM, 9, 16, 16
MC, 1, 168
MM, 9, 17, 7
MM, 11, 16, 16
MM, 15, 14, 10
MM, 18, 11, 7
MM, 21, 8, 8
MM, 23, 7, 8
MM, 27, 5, 8
MM, 28, 4, 8
MM, 493, 610, 8
MM, 494, 609, 7
MM, 496, 607, 17
MM, 497, 606, 7
MM, 498, 606, 17
MM, 499, 605, 8
MM, 501, 603, 8
MM, 502, 602, 16
MM, 8, 30, 16
MM, 10, 30, 25
MM, 11, 29, 8
MM, 12, 28, 32
MM, 13, 27, 8
MM, 14, 26, 16
MM, 15, 24, 7
MM, 16, 23, 8
MM, 16, 22, 16
MM, 17, 22, 40
MC, 1, 104
MM, 16, 22, 8
MM, 13, 19, 8
MM, 10, 19, 9
MM, 4, 19, 7
MM, 492, 590, 8
MM, 29, 19, 7
MM, 25, 19, 9
MM, 21, 19, 8
MM, 20, 19, 8
MM, 18, 19, 8
MM, 16, 19, 10
MM, 15, 19, 6
MM, 13, 19, 16
MM, 10, 19, 8
MM, 8, 19, 8
MM, 5, 18, 8
MM, 3, 18, 8
MM, 0, 18, 9
MM, 454, 588, 7
MM, 450, 588, 16
MM, 34, 17, 16
MM, 32, 17, 8
MM, 31, 17, 16
MM, 30, 17, 8
MM, 29, 17, 8
MM, 28, 17, 8
MM, 27, 16, 8
MC, 1, 240
MM, 31, 16, 32
MM, 450, 588, 8
MM, 455, 591, 8
MM, 10, 28, 8
MM, 473, 602, 8
MM, 20, 0, 8
MM, 493, 614, 8
MM, 9, 14, 8
MM, 22, 23, 8
MM, 535, 639, 8
MM, 21, 2, 8
MM, 32, 12, 8
MM, 569, 662, 8
MM, 8, 23, 7
MM, 11, 27, 9
MM, 14, 29, 7
MM, 15, 30, 8
MM, 15, 28, 137
MM, 14, 27, 8
MM, 14, 26, 8
MM, 13, 26, 48
MM, 12, 26, 8
MM, 9, 26, 8
MM, 7, 26, 8
MM, 1, 24, 8
MM, 566, 668, 8
MM, 33, 22, 8
MM, 29, 21, 9
MM, 29, 20, 7
MM, 28, 19, 16
MM, 27, 18, 16
MM, 26, 18, 16
MC, 1, 216
MM, 25, 18, 63
MM, 24, 19, 9
MM, 23, 20, 8
MM, 21, 23, 8
MM, 21, 24, 8
MM, 20, 26, 7
MM, 20, 29, 9
MM, 547, 676, 8
MM, 546, 678, 7
MM, 144, 0, 9
MM, 141, 3, 8
MM, 135, 8, 8
MM, 133, 11, 7
MM, 130, 14, 9
MM, 126, 16, 8
MM, 124, 17, 9
MM, 122, 18, 7
MM, 119, 21, 8
MM, 117, 22, 8
MM, 115, 23, 16
MM, 114, 23, 8
MM, 113, 23, 160
MM, 112, 23, 7
MM, 111, 22, 18
MM, 108, 19, 16
MM, 106, 18, 16
MM, 104, 17, 7
MM, 102, 15, 9
MM, 100, 15, 8
MM, 99, 14, 8
MC, 1, 263
MM, 98, 14, 64
MM, 96, 12, 9
MM, 94, 10, 15
MM, 92, 6, 7
MM, 91, 6, 9
MM, 88, 1, 8
MM, 486, 681, 8
MM, 484, 678, 8
MM, 32, 29, 8
MM, 27, 23, 7
MM, 23, 16, 8
MM, 17, 10, 8
MM, 14, 7, 8
MM, 457, 643, 9
MM, 32, 28, 8
MM, 26, 21, 8
MM, 20, 12, 8
MM, 17, 7, 8
MM, 14, 4, 8
MM, 12, 1, 8
MM, 10, 0, 9
MM, 427, 605, 8
MM, 425, 602, 7
MM, 8, 28, 8
MM, 6, 25, 9
MM, 5, 25, 8
MM, 4, 25, 8
MM, 2, 23, 7
MM, 1, 22, 9
MM, 0, 21, 7
MM, 414, 591, 17
MM, 411, 589, 8
MM, 409, 589, 8
MM, 34, 17, 8
MM, 31, 15, 8
MM, 28, 15, 8
MM, 25, 13, 8
MC, 1, 279
MM, 31, 13, 7
MM, 0, 13, 9
MM, 14, 13, 7
MM, 26, 13, 8
MM, 451, 584, 9
MM, 1, 13, 7
MM, 5, 13, 8
MM, 6, 13, 17
MM, 7, 13, 120
MM, 9, 13, 8
MM, 10, 13, 8
MM, 11, 13, 16
MC, 1, 248
MM, 17, 13, 47
MM, 29, 13, 8
MM, 7, 13, 9
MM, 21, 13, 7
MM, 0, 13, 8
MM, 16, 13, 9
MM, 28, 13, 8
MM, 569, 584, 8
MM, 7, 13, 7
MM, 12, 13, 9
MM, 15, 13, 7
MM, 17, 13, 17
MM, 18, 13, 8
MM, 19, 13, 8
MM, 23, 13, 16
MM, 27, 14, 8
MM, 33, 14, 8
MM, 610, 585, 8
MM, 7, 15, 8
MM, 13, 15, 8
MM, 19, 15, 8
MM, 20, 15, 8
MM, 21, 15, 8
MM, 25, 15, 137
MM, 642, 589, 7
MM, 647, 589, 8
MM, 3, 18, 8
MM, 5, 18, 9
MC, 1, 263
MM, 2, 18, 56
MM, 646, 589, 7
MM, 642, 589, 9
MM, 26, 17, 8
MM, 20, 17, 9
MM, 14, 17, 8
MM, 9, 16, 7
MM, 6, 16, 8
MM, 0, 15, 8
MM, 605, 586, 8
MM, 30, 15, 9
MM, 24, 15, 8
MM, 18, 15, 8
MM, 14, 15, 7
MM, 9, 15, 9
MM, 6, 15, 7
MM, 3, 15, 8
MM, 1, 15, 8
MM, 569, 586, 8
MM, 568, 586, 8
MM, 566, 586, 8
MM, 564, 586, 8
MM, 30, 15, 8
MM, 27, 15, 8
MM, 25, 15, 8
MM, 20, 15, 8
MM, 14, 13, 8
MM, 11, 13, 8
MM, 8, 13, 8
MM, 2, 11, 8
MM, 528, 581, 8
MM, 29, 10, 8
MM, 27, 10, 8
MM, 24, 10, 8
MM, 22, 10, 8
MM, 20, 9, 8
MM, 19, 9, 8
MM, 18, 8, 97
MC, 1, 150
MM, 17, 7, 41
MM, 16, 7, 7
MM, 14, 7, 9
MM, 10, 7, 8
MM, 5, 7, 8
MM, 2, 7, 8
MM, 491, 579, 8
MM, 31, 8, 9
MM, 26, 8, 8
MM, 25, 8, 7
MM, 24, 8, 16
MM, 22, 9, 9
MM, 21, 9, 15
MM, 19, 9, 8
MM, 15, 10, 8
MM, 11, 10, 8
MM, 5, 10, 8
MM, 453, 584, 8
MM, 31, 14, 8
MM, 29, 14, 8
MM, 26, 14, 8
MM, 25, 14, 8
MM, 24, 14, 48
MM, 21, 15, 16
MM, 20, 15, 8
MM, 16, 15, 10
MM, 15, 15, 7
MM, 12, 15, 15
MM, 11, 15, 8
MC, 1, 400
MM, 10, 16, 64
MM, 11, 17, 8
MM, 12, 19, 7
MM, 12, 20, 9
MM, 13, 22, 8
MM, 14, 25, 8
MM, 16, 28, 8
MM, 433, 602, 8
MM, 435, 606, 8
MM, 16, 1, 8
MM, 18, 7, 7
MM, 23, 14, 9
MM, 25, 23, 8
MM, 452, 640, 8
MM, 6, 2, 8
MM, 11, 12, 8
MM, 12, 25, 8
MM, 13, 29, 8
MM, 465, 681, 8
MM, 66, 1, 8
MM, 66, 4, 8
MM, 66, 5, 8
MM, 67, 6, 280
MM, 67, 8, 8
MM, 68, 9, 7
MM, 69, 11, 58
MM, 70, 11, 16
MM, 70, 13, 16
MM, 70, 14, 15
MM, 70, 15, 8
MM, 70, 16, 16
MM, 70, 17, 8
MC, 1, 184
MM, 71, 17, 31
MM, 72, 14, 9
MM, 72, 12, 8
MM, 75, 6, 8
MM, 76, 5, 8
MM, 76, 3, 9
MM, 77, 1, 7
MM, 478, 680, 8
MM, 480, 677, 16
MM, 481, 677, 17
MM, 481, 676, 7
MM, 482, 675, 8
MM, 483, 673, 32
MM, 485, 672, 15
MM, 487, 671, 25
MM, 0, 25, 16
MM, 0, 24, 8
MM, 1, 23, 8
MM, 3, 22, 8
MM, 8, 20, 8
MM, 9, 19, 16
MM, 11, 19, 24
MC, 1, 320
MM, 12, 18, 88
MM, 8, 18, 32
MM, 6, 15, 8
MM, 1, 14, 8
MM, 32, 14, 8
MM, 18, 13, 8
MM, 5, 8, 8
MM, 443, 650, 8
MM, 20, 3, 8
MM, 6, 0, 8
MM, 399, 644, 8
MM, 387, 642, 8
MM, 374, 641, 8
MM, 23, 29, 8
MM, 15, 28, 8
MM, 8, 28, 8
MM, 6, 28, 8
MM, 6, 27, 8
MM, 4, 27, 8
MM, 3, 27, 32
MM, 2, 27, 8
MM, 1, 27, 16
MM, 338, 635, 32
MM, 336, 635, 17
MM, 333, 635, 7
MM, 56, 27, 8
MM, 53, 27, 8
MM, 55, 26, 104
MM, 57, 26, 8
MM, 337, 630, 7
MM, 338, 629, 17
MM, 0, 21, 16
MM, 0, 20, 8
MM, 2, 18, 8
MM, 3, 17, 8
MM, 4, 17, 8
MM, 4, 16, 8
MM, 7, 14, 8
MM, 8, 13, 16
MM, 9, 12, 80
MC, 1, 224
MM, 11, 12, 8
MM, 13, 12, 7
MM, 17, 12, 9
MM, 25, 12, 8
MM, 375, 622, 8
MM, 7, 17, 8
MM, 21, 20, 8
MM, 32, 24, 8
MM, 3, 28, 8
MM, 435, 639, 8
MM, 442, 641, 8
MM, 445, 642, 8
MM, 448, 645, 8
MM, 0, 0, 8
MM, 1, 1, 16
MM, 2, 2, 8
MM, 1, 2, 96
MM, 0, 2, 8
MM, 448, 649, 8
MM, 446, 649, 8
MM, 33, 4, 9
MM, 31, 4, 7
MM, 28, 5, 9
MM, 25, 5, 8
MM, 23, 5, 7
MM, 21, 6, 8
MM, 21, 8, 145
MC, 1, 167
MM, 21, 9, 7
MM, 21, 10, 9
MM, 25, 10, 8
MM, 31, 10, 8
MM, 446, 655, 8
MM, 5, 10, 8
MM, 19, 10, 7
MM, 29, 10, 9
MM, 0, 10, 8
MM, 12, 10, 8
MM, 26, 10, 8
MM, 524, 655, 7
MM, 9, 10, 9
MM, 21, 10, 8
MM, 31, 10, 8
MM, 3, 8, 8
MM, 11, 8, 8
MM, 18, 6, 8
MM, 20, 5, 7
MM, 22, 5, 9
MM, 23, 5, 40
MM, 24, 4, 16
MM, 28, 4, 24
MM, 33, 1, 9
MM, 37, 1, 8
MM, 611, 645, 8
MM, 615, 644, 8
MM, 620, 642, 8
MM, 621, 641, 8
MM, 622, 640, 16
MM, 623, 639, 8
MM, 6, 29, 16
MM, 7, 28, 7
MM, 8, 24, 8
MM, 8, 23, 8
MM, 11, 20, 8
MM, 12, 20, 8
MM, 14, 18, 8
MM, 16, 15, 8
MM, 17, 15, 8
MM, 18, 14, 8
MM, 18, 12, 24
MC, 1, 312
MM, 18, 11, 32
MM, 15, 11, 8
MM, 9, 11, 7
MM, 617, 619, 8
MM, 26, 10, 9
MM, 14, 8, 8
MM, 580, 613, 8
MM, 28, 3, 8
MM, 14, 0, 8
MM, 541, 605, 8
MM, 531, 602, 8
MM, 28, 30, 7
MM, 20, 28, 9
MM, 15, 27, 8
MM, 10, 25, 8
MM, 6, 25, 7
MM, 0, 25, 9
MM, 31, 23, 8
MM, 25, 23, 8
MM, 19, 23, 7
MM, 13, 23, 9
MM, 8, 23, 8
MM, 4, 23, 8
MM, 454, 594, 7
MM, 34, 23, 9
MM, 30, 22, 8
MM, 23, 19, 8
MM, 18, 19, 8
MM, 13, 19, 8
MM, 6, 18, 8
MM, 3, 18, 8
MM, 413, 588, 8
MM, 410, 588, 8
MM, 36, 16, 8
MM, 34, 15, 80
MM, 32, 13, 8
MM, 31, 12, 8
MM, 27, 11, 16
MM, 26, 11, 8
MM, 24, 9, 8
MM, 22, 8, 8
MM, 21, 8, 64
MM, 20, 7, 8
MC, 1, 184
MM, 16, 7, 48
MM, 11, 10, 8
MM, 11, 11, 8
MM, 9, 13, 8
MM, 6, 16, 8
MM, 5, 18, 8
MM, 5, 19, 8
MM, 4, 21, 8
MM, 4, 23, 8
MM, 4, 24, 8
MM, 4, 25, 15
MM, 4, 27, 9
MM, 1, 30, 8
MM, 372, 604, 16
MM, 371, 606, 8
MM, 31, 2, 16
MM, 29, 4, 8
MM, 28, 5, 8
MM, 27, 7, 8
MM, 26, 9, 8
MM, 25, 10, 8
MM, 23, 12, 16
MM, 23, 13, 8
MM, 22, 14, 7
MC, 1, 193
MM, 25, 12, 48
MM, 25, 11, 8
MM, 31, 9, 8
MM, 33, 8, 8
MM, 374, 615, 8
MM, 379, 615, 8
MM, 2, 6, 9
MM, 5, 6, 7
MM, 10, 6, 8
MM, 16, 4, 8
MM, 20, 4, 8
MM, 25, 2, 8
MM, 28, 2, 8
MM, 33, 2, 8
MM, 419, 609, 8
MM, 2, 0, 8
MM, 6, 0, 8
MM, 431, 606, 8
MM, 434, 606, 8
MM, 438, 606, 8
MM, 440, 606, 8
MM, 443, 604, 8
MM, 445, 604, 8
MM, 448, 604, 8
MM, 451, 604, 8
MM, 456, 604, 8
MM, 458, 603, 8
MM, 459, 603, 32
MM, 460, 602, 8
MM, 4, 30, 16
MM, 6, 28, 8
MM, 7, 28, 64
MM, 8, 27, 8
MM, 8, 25, 32
MM, 8, 24, 16
MM, 8, 23, 8
MM, 8, 22, 8
MM, 9, 22, 9
MM, 10, 21, 7
MM, 10, 20, 114
MC, 1, 150
MM, 10, 21, 32
MM, 9, 22, 8
MM, 8, 22, 8
MM, 6, 25, 8
MM, 5, 26, 8
MM, 3, 28, 8
MM, 2, 30, 8
MM, 455, 605, 8
MM, 451, 607, 8
MM, 27, 2, 7
MM, 24, 5, 8
MM, 20, 6, 8
MM, 17, 8, 9
MM, 16, 9, 8
MM, 14, 11, 17
MM, 13, 13, 8
MM, 13, 14, 15
MM, 12, 17, 8
MM, 12, 19, 137
MC, 1, 79
MM, 9, 19, 120
MM, 2, 18, 8
MM, 0, 18, 8
MM, 417, 625, 8
MM, 32, 17, 8
MM, 28, 17, 8
MM, 25, 17, 8
MM, 20, 17, 7
MM, 19, 17, 9
MM, 18, 17, 8
MC, 1, 255
MM, 23, 17, 57
MM, 33, 17, 8
MM, 4, 17, 8
MM, 20, 17, 8
MM, 457, 625, 8
MM, 14, 17, 7
MM, 496, 625, 9
MM, 15, 17, 8
MM, 534, 625, 8
MM, 10, 17, 8
MM, 22, 17, 8
MM, 32, 17, 8
MM, 579, 626, 8
MM, 5, 21, 7
MM, 13, 24, 9
MM, 15, 26, 8
MM, 23, 30, 8
MM, 613, 639, 7
MM, 621, 642, 9
MM, 17, 2, 8
MM, 30, 8, 8
MM, 2, 11, 7
MM, 12, 17, 10
MM, 16, 19, 7
MM, 20, 20, 8
MM, 21, 21, 8
MM, 21, 22, 24
MM, 21, 23, 25
MM, 21, 24, 39
MM, 21, 25, 8
MM, 21, 27, 8
MM, 21, 28, 88
MM, 20, 28, 64
MM, 18, 28, 9
MM, 14, 25, 7
MM, 8, 24, 9
MM, 1, 22, 8
MM, 647, 666, 8
MM, 30, 20, 8
MM, 29, 20, 7
MM, 28, 19, 24
MM, 28, 18, 89
MM, 29, 16, 15
MM, 30, 15, 8
MM, 646, 660, 24
MM, 647, 659, 16
MM, 648, 659, 16
MM, 649, 659, 24
MM, 651, 659, 16
MM, 0, 14, 8
MM, 4, 14, 8
MM, 8, 14, 8
MM, 11, 14, 8
MM, 15, 14, 8
MM, 16, 14, 8
MC, 1, 232
MM, 17, 12, 55
MM, 17, 11, 9
MM, 17, 10, 8
MM, 17, 9, 8
MM, 17, 7, 8
MM, 17, 5, 8
MM, 17, 2, 8
MM, 669, 644, 8
MM, 669, 641, 8
MM, 669, 640, 8
MM, 11, 29, 8
MM, 10, 27, 8
MM, 10, 26, 8
MM, 9, 23, 8
MM, 9, 22, 8
MM, 8, 19, 7
MM, 7, 16, 8
MM, 4, 13, 9
MM, 4, 11, 8
MM, 1, 3, 8
MM, 8, 29, 7
MM, 4, 20, 9
MM, 645, 577, 8
MM, 641, 566, 8
MM, 16, 19, 8
MM, 6, 6, 8
MM, 616, 524, 8
MM, 355, 83, 9
MM, 345, 70, 7
MM, 336, 57, 9
MM, 328, 44, 7
MM, 320, 31, 8
MM, 310, 18, 8
MM, 300, 7, 8
MM, 543, 422, 8
MM, 532, 409, 9
MM, 519, 395, 7
MM, 504, 386, 9
MM, 234, 80, 7
MM, 216, 72, 9
MM, 192, 62, 7
MM, 170, 55, 8
MM, 154, 49, 8
MM, 140, 47, 8
MM, 131, 43, 8
MM, 126, 42, 8
MM, 124, 42, 8
MM, 121, 40, 8
MM, 116, 37, 8
MM, 113, 36, 8
MM, 108, 35, 8
MM, 104, 33, 8
MM, 99, 31, 8
MM, 97, 30, 8
MM, 96, 29, 9
MM, 94, 29, 7
MM, 93, 29, 16
MM, 92, 29, 16
MM, 91, 29, 8
MM, 88, 28, 8
MM, 84, 28, 88
MM, 80, 28, 8
MM, 74, 32, 8
MM, 65, 40, 8
MM, 61, 42, 8
MM, 58, 45, 9
MM, 54, 49, 7
MM, 52, 51, 8
MM, 52, 52, 9
MM, 51, 54, 7
MM, 50, 56, 8
MM, 49, 59, 16
MM, 47, 61, 9
MM, 46, 62, 7
MM, 46, 65, 8
MM, 45, 66, 8
MM, 45, 69, 8
MM, 45, 71, 16
MM, 45, 73, 8
MM, 45, 75, 8
MM, 45, 78, 8
MM, 45, 80, 8
MM, 296, 382, 8
MM, 296, 386, 8
MM, 298, 390, 8
MM, 302, 399, 8
MM, 304, 406, 8
MM, 307, 409, 8
MM, 308, 416, 8
MM, 61, 0, 8
MM, 64, 7, 8
MM, 67, 14, 8
MM, 69, 19, 8
MM, 70, 22, 8
MM, 73, 27, 8
MM, 74, 29, 8
MM, 74, 31, 8
MM, 75, 32, 8
MM, 76, 34, 128
MM, 77, 34, 24
MM, 78, 37, 16
MM, 79, 38, 8
MM, 80, 39, 8
MM, 81, 41, 8
MM, 83, 42, 8
MM, 88, 43, 8
MM, 90, 44, 16
MM, 91, 45, 24
MM, 91, 46, 24
MM, 91, 47, 8
MM, 93, 49, 8
MM, 93, 50, 32
MM, 90, 49, 113
MM, 88, 48, 16
MM, 88, 47, 47
MM, 88, 46, 15
MM, 88, 45, 17
MM, 88, 42, 8
MM, 88, 41, 8
MM, 88, 39, 8
MM, 86, 36, 8
MM, 85, 34, 8
MM, 85, 31, 8
MM, 84, 24, 8
MM, 83, 20, 8
MM, 82, 13, 8
MM, 80, 7, 8
MM, 80, 1, 8
MM, 331, 418, 8
MM, 331, 414, 8
MM, 331, 412, 8
MM, 331, 408, 8
MM, 331, 403, 7
MM, 331, 402, 9
MM, 331, 399, 8
MM, 331, 396, 8
MM, 331, 394, 8
MM, 330, 391, 8
MM, 330, 389, 8
MM, 328, 387, 8
MM, 328, 384, 16
MM, 327, 383, 7
MM, 327, 382, 17
MM, 327, 381, 8
MM, 327, 380, 8
MM, 76, 82, 8
MM, 75, 79, 17
MM, 75, 77, 7
MM, 72, 75, 8
MM, 71, 71, 8
MM, 70, 69, 8
MM, 70, 66, 9
MM, 70, 64, 7
MM, 70, 62, 8
MM, 70, 60, 16
MM, 70, 59, 8
MM, 70, 58, 8
MM, 70, 57, 8
MM, 70, 56, 9
MM, 70, 55, 8
MM, 70, 53, 15
MM, 70, 52, 16
MM, 70, 51, 16
MM, 70, 49, 113
MM, 70, 48, 7
MM, 70, 46, 32
MM, 71, 46, 8
MM, 72, 46, 16
MM, 73, 46, 120
MM, 75, 45, 8
MM, 77, 44, 8
MM, 79, 42, 8
MM, 81, 42, 8
MM, 82, 42, 8
MM, 84, 41, 16
MC, 1, 288
MM, 86, 41, 40
MM, 89, 41, 8
MM, 93, 41, 8
MM, 97, 41, 8
MM, 100, 41, 8
MM, 104, 41, 8
MM, 107, 42, 8
MM, 115, 44, 8
MM, 118, 45, 8
MM, 120, 46, 8
MM, 125, 49, 8
MM, 130, 51, 8
MM, 140, 55, 8
MM, 145, 58, 8
MM, 152, 59, 8
MM, 157, 61, 8
MM, 160, 61, 9
MM, 162, 62, 7
MM, 163, 62, 9
MM, 165, 62, 144
MM, 169, 62, 7
MM, 174, 62, 8
MM, 175, 62, 16
MM, 177, 62, 3016
MM, 178, 62, 8
MM, 180, 62, 8
MM, 182, 62, 8
MM, 183, 62, 8
MM, 184, 62, 16
MM, 188, 62, 9
MM, 196, 62, 7
MM, 205, 62, 9
MM, 213, 62, 10
MM, 225, 62, 5
MM, 237, 62, 8
MM, 253, 62, 8
MM, 269, 66, 8
MM, 298, 74, 8
MM, 330, 81, 8
MM, 607, 387, 8
MM, 629, 389, 8
MM, 647, 396, 8
MM, 669, 405, 8
MM, 691, 414, 8
MM, 709, 417, 8
MM, 722, 424, 8
MM, 485, 6, 8
MM, 498, 12, 8
MM, 511, 19, 9
MM, 526, 29, 7
MM, 543, 39, 8
MM, 561, 47, 8
MM, 576, 57, 8
MM, 589, 65, 8
MM, 604, 71, 8
MM, 606, 74, 8
MM, 608, 74, 8
MM, 611, 76, 16
MM, 612, 76, 8
MM, 616, 81, 8
MM, 618, 88, 7
MM, 874, 524, 9
MM, 879, 539, 7
MM, 882, 547, 9
MM, 884, 552, 8
MM, 885, 554, 8
MM, 885, 555, 8
MM, 885, 556, 8
MM, 885, 558, 8
MM, 885, 561, 8
MM, 885, 562, 8
MM, 885, 565, 8
MM, 883, 567, 8
MM, 879, 572, 8
MM, 877, 574, 8
MM, 874, 576, 8
MM, 872, 578, 8
MM, 867, 581, 8
MM, 862, 583, 8
MM, 855, 586, 7
MM, 850, 587, 10
MM, 842, 590, 7
MM, 835, 593, 9
MM, 828, 599, 8
MM, 824, 601, 8
MM, 819, 605, 7
MM, 819, 608, 17
MM, 819, 610, 7
MM, 816, 615, 8
MM, 815, 620, 8
MM, 813, 622, 9
MM, 40, 2, 7
MM, 37, 7, 8
MM, 33, 16, 9
MM, 31, 18, 8
MM, 28, 24, 7
MM, 27, 25, 8
MM, 26, 27, 8
MM, 26, 29, 17
MM, 25, 31, 7
MM, 25, 32, 8
MM, 25, 33, 8
MM, 25, 32, 296
MM, 25, 31, 8
MM, 25, 29, 16
MM, 25, 28, 8
MM, 25, 27, 128
