**********************************
LOGGING TIME: 20180907_175932
CLIENT IP: 10.102.59.17
USERNAME: Baba_Bradpitt
OS: Windows 10
*********************Neutral database**********************************
MC, 1, 1537598300347
MM, 45, 9, 26432
MM, 168, 16, 3424
MM, 61, 15, 864
MM, 192, 6, 1584
MM, 217, 14, 8
MM, 232, 17, 7
MM, 244, 22, 9
MM, 249, 23, 7
MM, 254, 24, 8
MM, 256, 25, 8
MM, 258, 28, 9
MM, 258, 27, 71
MM, 255, 20, 10
MM, 247, 13, 8
MM, 238, 5, 8
MC, 1, 702
MM, 236, 39, 20970
MM, 40, 8, 16
MM, 74, 23, 14
MM, 96, 32, 8
MM, 70, 23, 145
MM, 50, 19, 7
MM, 32, 16, 9
MM, 18, 16, 8
MM, 11, 18, 7
MM, 8, 21, 8
MM, 5, 22, 8
MM, 0, 25, 9
MM, 195, 32, 47
MM, 160, 37, 8
MM, 131, 37, 9
MM, 106, 37, 8
MM, 85, 37, 8
MM, 71, 37, 10
MM, 51, 36, 7
MM, 36, 31, 8
MM, 22, 30, 8
MM, 9, 23, 9
MM, 7, 21, 7
MM, 4, 20, 8
MM, 4, 14, 8
MM, 11, 3, 7
MM, 31, 29, 8
MM, 37, 18, 9
MM, 37, 10, 7
MM, 37, 22, 15
MM, 36, 10, 8
MM, 42, 26, 40
MM, 38, 21, 8
MM, 35, 18, 8
MM, 35, 17, 9
MM, 33, 15, 8
MM, 30, 11, 7
MM, 28, 7, 8
MM, 26, 4, 9
MM, 29, 63, 130
MM, 29, 61, 6
MM, 30, 58, 9
MM, 32, 56, 7
MM, 33, 55, 9
MM, 33, 53, 7
MM, 34, 52, 9
MM, 37, 51, 31
MM, 38, 50, 8
MM, 41, 47, 8
MM, 43, 46, 7
MM, 46, 43, 8
MM, 53, 37, 9
MM, 58, 35, 8
MM, 67, 29, 7
MM, 76, 23, 9
MM, 80, 21, 8
MM, 83, 18, 8
MM, 87, 16, 8
MM, 87, 15, 40
MC, 1, 215
MM, 87, 16, 626
MM, 87, 17, 103
MM, 84, 25, 31
MM, 75, 40, 8
MM, 69, 49, 8
MM, 65, 61, 9
MM, 7, 5, 24
MM, 3, 12, 8
MM, 1, 15, 8
MM, 1, 17, 16
MM, 1, 15, 103
MM, 1, 14, 8
MM, 1, 13, 9
MM, 1, 10, 31
MM, 4, 7, 8
MM, 8, 3, 8
MM, 11, 1, 8
MM, 15, 0, 8
MM, 21, 0, 137
MM, 26, 2, 10
MM, 32, 3, 6
MM, 39, 3, 8
MM, 0, 3, 24
MM, 1, 3, 8
MM, 4, 3, 7
MM, 5, 3, 17
MM, 9, 3, 7
MM, 15, 3, 8
MM, 16, 3, 8
MM, 20, 3, 8
MM, 21, 3, 8
MM, 24, 3, 8
MM, 25, 3, 8
MM, 27, 3, 88
MM, 28, 3, 8
MM, 29, 3, 8
MM, 30, 3, 7
MM, 31, 4, 33
MC, 1, 168
MM, 29, 4, 32
MM, 23, 4, 8
MM, 17, 6, 8
MM, 10, 8, 9
MM, 5, 8, 8
MM, 41, 9, 23
MM, 37, 9, 8
MM, 35, 9, 7
MM, 33, 10, 9
MM, 31, 10, 9
MM, 28, 10, 7
MM, 26, 12, 8
MM, 25, 12, 9
MM, 22, 12, 7
MM, 20, 12, 9
MM, 15, 14, 6
MM, 13, 16, 10
MM, 11, 16, 7
MM, 9, 17, 8
MM, 7, 17, 8
MM, 4, 19, 48
MM, 3, 20, 129
MM, 2, 20, 8
MM, 0, 20, 8
MM, 42, 20, 31
MM, 40, 20, 8
MM, 38, 20, 8
MM, 37, 20, 9
MM, 36, 20, 8
MM, 33, 20, 8
MM, 32, 20, 7
MM, 31, 20, 105
MM, 29, 20, 8
MC, 1, 119
MM, 32, 20, 24
MM, 38, 20, 8
MM, 43, 20, 8
MM, 6, 25, 16
MM, 19, 28, 9
MM, 29, 30, 8
MM, 7, 2, 88
MM, 14, 5, 7
MM, 19, 6, 8
MM, 25, 9, 8
MM, 32, 10, 9
MM, 39, 13, 7
MM, 9, 19, 16
MM, 21, 23, 9
MM, 36, 27, 6
MM, 0, 28, 10
MM, 38, 1, 23
MM, 43, 2, 8
MM, 3, 8, 17
MM, 7, 10, 7
MM, 10, 13, 9
MM, 12, 14, 8
MM, 15, 17, 8
MM, 19, 19, 7
MM, 20, 20, 8
MM, 23, 23, 8
MM, 24, 23, 9
MM, 25, 23, 8
MM, 29, 26, 8
MM, 30, 28, 8
MM, 32, 31, 8
MM, 12, 30, 192
MM, 13, 28, 8
MM, 16, 26, 9
MM, 18, 21, 8
MM, 19, 20, 7
MM, 19, 19, 17
MM, 20, 17, 7
MM, 21, 16, 8
MC, 1, 296
MM, 20, 15, 232
MM, 18, 15, 8
MM, 17, 15, 16
MM, 16, 15, 8
MM, 12, 15, 8
MM, 6, 15, 8
MM, 0, 15, 8
MM, 36, 15, 16
MM, 23, 12, 8
MM, 13, 12, 7
MM, 5, 10, 9
MM, 41, 11, 16
MM, 35, 10, 7
MM, 32, 10, 9
MM, 26, 10, 7
MM, 20, 9, 9
MM, 11, 6, 8
MM, 5, 6, 8
MM, 37, 3, 23
MM, 33, 2, 9
MM, 27, 2, 8
MM, 23, 2, 9
MM, 19, 0, 7
MM, 24, 30, 144
MM, 24, 29, 8
MM, 24, 28, 8
MM, 24, 27, 8
MM, 24, 25, 32
MM, 23, 25, 16
MM, 21, 25, 24
MM, 20, 22, 32
MM, 20, 20, 56
MM, 20, 19, 7
MM, 20, 18, 9
MM, 20, 17, 7
MM, 20, 15, 9
MC, 1, 143
MM, 12, 14, 24
MM, 33, 14, 16
MM, 17, 16, 8
MM, 35, 18, 16
MM, 23, 21, 8
MM, 7, 21, 8
MM, 36, 21, 17
MM, 26, 24, 7
MM, 18, 24, 8
MM, 12, 24, 8
MM, 5, 24, 8
MM, 3, 25, 8
MM, 43, 27, 24
MM, 40, 27, 8
MM, 36, 28, 9
MM, 31, 28, 8
MM, 27, 28, 8
MM, 22, 28, 7
MM, 19, 28, 8
MM, 16, 28, 8
MM, 11, 28, 8
MM, 9, 28, 8
MM, 9, 29, 25
MM, 8, 29, 63
MM, 5, 28, 9
MM, 2, 28, 8
MM, 42, 25, 23
MM, 41, 25, 9
MM, 40, 25, 16
MM, 38, 23, 23
MM, 35, 22, 49
MM, 34, 21, 8
MM, 33, 20, 8
MM, 29, 18, 8
MM, 28, 17, 8
MM, 25, 16, 8
MM, 24, 16, 8
MM, 22, 14, 8
MM, 20, 13, 8
MM, 18, 12, 8
MM, 15, 10, 8
MC, 1, 175
MM, 16, 8, 57
MM, 18, 7, 8
MM, 21, 7, 8
MM, 26, 6, 9
MM, 38, 0, 382
MM, 33, 6, 9
MM, 30, 9, 8
MM, 28, 11, 7
MM, 28, 13, 8
MM, 27, 14, 8
MM, 27, 15, 8
MM, 27, 17, 16
MM, 27, 18, 41
MM, 26, 19, 48
MM, 24, 20, 8
MM, 22, 22, 16
MM, 21, 23, 8
MM, 19, 24, 8
MM, 32, 24, 168
MM, 9, 17, 16
MM, 30, 10, 8
MM, 2, 9, 7
MM, 30, 5, 8
MM, 17, 24, 41
MM, 36, 21, 7
MM, 0, 19, 9
MM, 14, 14, 7
MM, 23, 13, 8
MM, 29, 12, 8
MM, 33, 11, 8
MM, 33, 10, 8
MM, 33, 9, 130
MM, 32, 9, 15
MM, 33, 9, 95
MM, 34, 9, 9
MM, 39, 9, 7
MM, 43, 9, 9
MM, 0, 10, 15
MM, 1, 11, 41
MM, 3, 11, 16
MM, 3, 12, 8
MM, 5, 14, 8
MM, 6, 15, 15
MM, 7, 15, 8
MM, 8, 15, 8
MM, 9, 16, 8
MM, 9, 17, 8
MM, 10, 18, 8
MM, 10, 19, 9
MC, 1, 208
MC, 2, 151
MM, 10, 20, 17
MM, 10, 23, 7
MM, 10, 25, 9
MM, 10, 29, 7
MM, 43, 3, 25
MM, 39, 8, 7
MM, 36, 13, 9
MM, 32, 18, 7
MM, 29, 24, 9
MM, 23, 29, 8
MM, 16, 5, 15
MM, 5, 11, 8
MM, 0, 17, 9
MM, 169, 3, 31
MM, 167, 7, 8
MM, 166, 8, 17
MM, 163, 13, 8
MM, 163, 15, 24
MM, 163, 16, 8
MC, 1, 431
MM, 163, 15, 137
MM, 162, 13, 8
MM, 162, 11, 8
MM, 162, 10, 8
MM, 162, 7, 7
MM, 160, 3, 9
MM, 160, 1, 7
MM, 16, 29, 24
MM, 16, 28, 9
MM, 16, 25, 8
MM, 16, 24, 8
MM, 16, 21, 16
MM, 16, 19, 8
MM, 16, 17, 8
MM, 16, 16, 8
MM, 16, 13, 8
MM, 15, 10, 7
MM, 14, 8, 9
MM, 13, 6, 8
MM, 12, 4, 8
MM, 12, 2, 7
MM, 11, 1, 8
MM, 11, 0, 32
MM, 1, 31, 121
MM, 1, 30, 8
MM, 1, 29, 64
MM, 1, 28, 47
MM, 1, 27, 8
MM, 1, 25, 9
MM, 1, 21, 24
MM, 0, 21, 15
MM, 0, 15, 105
MM, 1, 15, 7
MM, 2, 15, 9
MM, 5, 14, 16
MC, 1, 168
MM, 1, 14, 14
MM, 45, 14, 9
MM, 31, 14, 8
MM, 19, 14, 9
MM, 5, 14, 7
MM, 39, 14, 9
MM, 23, 14, 7
MM, 11, 14, 9
MM, 37, 14, 15
MM, 29, 14, 8
MM, 22, 16, 9
MM, 13, 18, 7
MM, 1, 22, 9
MM, 32, 25, 16
MM, 24, 27, 7
MM, 16, 27, 8
MM, 7, 30, 8
MM, 1, 30, 9
MM, 39, 31, 153
MM, 38, 28, 88
MM, 36, 27, 8
MM, 35, 25, 8
MM, 34, 24, 8
MM, 32, 23, 14
MM, 30, 20, 2
MM, 28, 19, 7
MM, 27, 18, 8
MM, 25, 16, 8
MM, 24, 15, 8
MC, 1, 184
MM, 25, 15, 16
MM, 31, 17, 8
MM, 38, 18, 7
MM, 4, 24, 24
MM, 10, 25, 9
MM, 11, 25, 16
MM, 13, 25, 8
MM, 14, 25, 81
MC, 1, 231
MM, 15, 26, 39
MM, 36, 1, 17
MM, 3, 8, 8
MM, 17, 14, 7
MM, 36, 19, 9
MM, 0, 26, 8
MM, 11, 30, 8
MM, 71, 2, 16
MM, 79, 6, 8
MM, 81, 8, 8
MM, 86, 10, 7
MM, 89, 13, 8
MM, 90, 14, 33
MC, 1, 391
MM, 90, 12, 48
MM, 90, 6, 9
MM, 90, 2, 7
MM, 0, 9, 97
MM, 0, 4, 8
MM, 1, 1, 8
MC, 1, 383
MM, 35, 1, 41
MM, 44, 5, 8
MM, 5, 14, 15
MM, 8, 16, 8
MM, 9, 17, 9
MM, 11, 19, 8
MM, 12, 20, 7
MM, 12, 21, 8
MM, 14, 21, 8
MM, 15, 22, 8
MC, 1, 264
MM, 13, 22, 16
MM, 6, 21, 8
MM, 37, 13, 16
MM, 28, 9, 8
MM, 20, 6, 8
MM, 15, 5, 8
MM, 10, 1, 8
MC, 1, 488
MM, 2, 3, 98
MM, 11, 10, 8
MM, 20, 16, 7
MM, 29, 26, 9
MM, 0, 8, 23
MM, 3, 15, 9
MM, 4, 19, 7
MM, 9, 25, 9
MM, 10, 29, 8
MM, 106, 0, 24
MM, 109, 4, 8
MM, 109, 5, 15
MM, 110, 6, 8
MM, 111, 7, 8
MM, 113, 9, 16
MM, 114, 10, 120
MM, 114, 11, 23
MM, 114, 13, 17
MM, 114, 14, 8
MM, 114, 16, 16
MM, 114, 17, 24
MM, 115, 18, 7
MM, 116, 19, 25
MC, 1, 215
MM, 118, 19, 49
MM, 121, 14, 7
MM, 123, 9, 9
MM, 125, 3, 8
MM, 6, 24, 24
MM, 19, 16, 8
MM, 28, 10, 7
MM, 38, 3, 8
MM, 1, 27, 17
MM, 10, 20, 8
MM, 21, 10, 7
MM, 30, 2, 9
MM, 10, 30, 16
MM, 17, 24, 8
MM, 24, 20, 8
MM, 31, 16, 7
MM, 1, 5, 16
MM, 2, 4, 17
MM, 4, 2, 8
MM, 5, 1, 8
MM, 7, 1, 25
MM, 9, 1, 47
MM, 10, 0, 8
MM, 5, 4, 287
MM, 5, 7, 8
MM, 5, 12, 9
MM, 5, 14, 8
MM, 5, 17, 7
MM, 5, 20, 8
MM, 4, 23, 9
MM, 4, 24, 8
MM, 4, 25, 16
MC, 1, 199
MM, 3, 27, 178
MM, 0, 29, 7
MM, 4, 6, 31
MM, 37, 13, 17
MM, 26, 19, 8
MM, 17, 22, 8
MM, 6, 28, 7
MM, 3, 29, 8
MM, 43, 5, 96
MM, 40, 6, 17
MM, 38, 7, 8
MM, 37, 8, 16
MM, 36, 8, 8
MM, 34, 9, 8
MM, 33, 10, 9
MM, 32, 11, 8
MM, 29, 12, 7
MM, 29, 13, 8
MM, 10, 10, 207
MM, 21, 5, 9
MM, 37, 4, 7
MM, 34, 31, 41
MM, 38, 28, 7
MM, 40, 27, 8
MM, 41, 26, 9
MM, 41, 24, 15
MM, 42, 23, 74
MM, 43, 23, 16
MM, 2, 21, 176
MM, 3, 20, 14
MM, 4, 19, 24
MM, 5, 18, 8
MM, 7, 18, 8
MM, 8, 17, 8
MM, 9, 16, 16
MC, 1, 136
MM, 9, 15, 17
MM, 8, 14, 15
MM, 6, 13, 9
MM, 1, 11, 8
MM, 40, 8, 24
MM, 35, 7, 8
MM, 28, 3, 8
MM, 27, 3, 7
MM, 23, 1, 9
MM, 11, 27, 23
MM, 5, 24, 9
MM, 35, 18, 16
MM, 27, 17, 7
MM, 21, 17, 9
MM, 18, 15, 8
MM, 17, 15, 8
MM, 15, 14, 40
MM, 13, 14, 7
MM, 10, 13, 11
MM, 0, 13, 7
MM, 38, 13, 17
MM, 35, 12, 7
MM, 33, 12, 16
MM, 32, 12, 9
MM, 31, 12, 78
MC, 1, 144
MM, 32, 13, 56
MM, 34, 16, 7
MM, 34, 20, 8
MM, 34, 26, 9
MM, 21, 3, 17
MM, 21, 9, 8
MM, 21, 13, 7
MM, 21, 19, 9
MM, 21, 23, 8
MM, 21, 26, 8
MM, 17, 6, 24
MM, 15, 11, 8
MM, 14, 17, 8
MM, 12, 21, 7
MM, 12, 24, 8
MM, 11, 28, 8
MM, 11, 29, 7
MM, 10, 31, 8
MM, 150, 0, 138
MM, 149, 2, 8
MM, 149, 3, 8
MM, 148, 5, 8
MM, 148, 7, 16
MM, 148, 8, 8
MM, 148, 9, 16
MM, 147, 12, 8
MM, 147, 14, 8
MM, 143, 18, 7
MM, 143, 19, 24
MM, 143, 21, 8
MM, 142, 22, 16
MC, 1, 136
MM, 142, 21, 8
MM, 141, 18, 8
MM, 139, 12, 7
MM, 137, 3, 9
MM, 41, 21, 15
MM, 39, 16, 8
MM, 37, 6, 7
MM, 26, 29, 17
MM, 25, 25, 7
MM, 21, 19, 9
MM, 20, 16, 9
MM, 19, 12, 7
MM, 15, 6, 8
MM, 0, 10, 544
MM, 11, 10, 9
MM, 17, 10, 7
MM, 30, 4, 9
MM, 32, 4, 8
MM, 37, 3, 8
MM, 41, 3, 8
MM, 0, 3, 16
MM, 7, 3, 9
MM, 17, 3, 7
MM, 21, 3, 8
MM, 26, 3, 8
MM, 30, 3, 8
MM, 35, 3, 8
MM, 39, 3, 16
MM, 40, 3, 8
MM, 43, 3, 8
MM, 1, 0, 72
MM, 3, 0, 8
MM, 5, 0, 72
MM, 7, 0, 8
MM, 9, 0, 8
MM, 14, 0, 8
MM, 17, 0, 8
MM, 19, 1, 8
MM, 20, 1, 8
MM, 21, 2, 7
MM, 21, 3, 9
MM, 22, 3, 8
MM, 23, 3, 15
MM, 25, 5, 8
MM, 27, 6, 17
MM, 30, 6, 7
MM, 1, 8, 56
MM, 2, 8, 16
MM, 6, 8, 8
MM, 10, 10, 8
MM, 12, 10, 8
MM, 14, 10, 9
MM, 15, 10, 8
MM, 17, 10, 8
MC, 1, 232
MM, 15, 10, 32
MM, 9, 10, 7
MM, 3, 10, 8
MM, 29, 10, 16
MM, 27, 10, 9
MM, 26, 10, 7
MM, 24, 10, 17
MM, 23, 10, 8
MM, 21, 10, 7
MM, 17, 10, 9
MM, 9, 10, 8
MM, 39, 10, 16
MM, 27, 10, 8
MM, 19, 11, 8
MM, 11, 11, 8
MM, 4, 11, 8
MM, 0, 13, 8
MM, 41, 13, 80
MM, 35, 13, 8
MM, 32, 13, 8
MM, 26, 13, 7
MM, 24, 13, 9
MC, 1, 208
MM, 16, 13, 24
MM, 6, 14, 8
MM, 6, 4, 104
MM, 42, 4, 7
MM, 25, 10, 9
MM, 15, 12, 8
MM, 8, 13, 7
MM, 1, 17, 9
MM, 40, 19, 24
MM, 31, 24, 8
MM, 28, 24, 7
MM, 21, 25, 9
MM, 17, 26, 8
MM, 12, 27, 8
MM, 11, 27, 7
MM, 12, 27, 209
MM, 13, 27, 7
MM, 17, 25, 8
MM, 19, 23, 8
MM, 20, 22, 8
MM, 21, 21, 16
MM, 21, 20, 8
MC, 1, 192
MM, 22, 18, 72
MM, 23, 17, 81
MM, 27, 17, 15
MM, 33, 17, 8
MM, 41, 17, 9
MM, 10, 22, 16
MM, 18, 22, 8
MM, 30, 24, 8
MM, 12, 25, 16
MM, 32, 25, 8
MM, 4, 25, 8
MM, 22, 25, 8
MM, 40, 25, 8
MM, 12, 25, 8
MM, 33, 25, 8
MM, 5, 25, 8
MM, 33, 25, 8
MM, 3, 25, 8
MM, 25, 25, 9
MM, 43, 25, 7
MM, 5, 25, 8
MM, 11, 25, 8
MM, 13, 25, 8
MM, 13, 24, 16
MM, 14, 24, 8
MM, 16, 24, 23
MM, 17, 23, 9
MM, 20, 22, 8
MM, 26, 22, 8
MM, 29, 21, 8
MM, 35, 21, 8
MM, 40, 18, 8
MM, 0, 14, 40
MM, 2, 12, 7
MM, 4, 12, 8
MM, 6, 10, 8
MM, 7, 9, 9
MM, 9, 8, 7
MM, 10, 1, 9
MM, 0, 25, 55
MM, 0, 27, 185
MM, 0, 30, 7
MM, 23, 0, 16
MM, 24, 4, 8
MM, 28, 9, 8
MM, 28, 10, 8
MM, 28, 11, 16
MM, 28, 12, 8
MM, 28, 14, 24
MC, 1, 192
MM, 28, 16, 55
MM, 27, 17, 10
MM, 18, 19, 8
MM, 15, 22, 7
MM, 9, 23, 8
MM, 0, 27, 8
MM, 0, 0, 49
MM, 41, 5, 8
MM, 35, 6, 8
MM, 28, 8, 8
MM, 23, 10, 8
MM, 21, 11, 8
MM, 19, 11, 8
MM, 17, 12, 8
MM, 17, 13, 32
MM, 16, 14, 15
MM, 15, 15, 9
MM, 14, 17, 8
MM, 13, 18, 9
MM, 11, 21, 7
MM, 9, 22, 8
MM, 6, 25, 8
MM, 2, 30, 8
MM, 185, 2, 23
MM, 181, 5, 10
MM, 181, 6, 7
MM, 180, 8, 7
MM, 179, 9, 8
MM, 179, 10, 8
MM, 179, 12, 10
MM, 178, 14, 7
MM, 178, 15, 7
MM, 174, 21, 8
MM, 174, 22, 8
MM, 174, 23, 9
MM, 173, 23, 7
MM, 172, 25, 8
MM, 170, 26, 32
MM, 169, 27, 26
MM, 166, 29, 8
MC, 1, 246
MM, 167, 28, 40
MM, 170, 26, 7
MM, 177, 22, 9
MM, 186, 17, 8
MM, 195, 13, 8
MM, 207, 7, 8
MM, 12, 20, 24
MM, 31, 10, 7
MM, 43, 3, 9
MM, 16, 28, 16
MM, 23, 20, 8
MM, 31, 13, 8
MM, 34, 10, 8
MM, 34, 8, 9
MM, 35, 6, 7
MM, 35, 2, 8
MM, 35, 1, 9
MM, 16, 31, 23
MM, 16, 30, 25
MM, 17, 28, 16
MM, 19, 26, 24
MM, 19, 25, 48
MM, 19, 22, 16
MM, 20, 20, 8
MM, 21, 19, 8
MM, 22, 16, 9
MM, 22, 15, 15
MM, 22, 12, 8
MM, 22, 11, 8
MM, 24, 9, 8
MM, 24, 8, 8
MM, 24, 6, 16
MM, 24, 5, 9
MM, 24, 3, 15
MC, 1, 199
MM, 24, 5, 120
MM, 24, 8, 8
MM, 22, 14, 15
MM, 16, 20, 10
MM, 14, 22, 8
MM, 8, 26, 7
MM, 1, 29, 9
MM, 41, 1, 25
MM, 32, 4, 7
MM, 22, 5, 9
MM, 8, 9, 8
MM, 26, 10, 15
MM, 6, 12, 8
MM, 32, 17, 8
MM, 11, 19, 8
MM, 33, 19, 8
MM, 5, 19, 8
MM, 35, 19, 8
MM, 13, 19, 8
MM, 31, 19, 15
MM, 19, 19, 10
MM, 9, 20, 6
MM, 42, 20, 17
MM, 38, 20, 8
MM, 33, 20, 8
MM, 32, 20, 8
MM, 30, 20, 8
MM, 28, 20, 7
MM, 27, 20, 32
MM, 25, 20, 17
MM, 23, 20, 7
MM, 19, 20, 8
MM, 14, 20, 8
MM, 8, 19, 9
MM, 4, 18, 8
MM, 43, 17, 23
MM, 40, 17, 9
MM, 39, 17, 7
MM, 36, 17, 9
MM, 34, 17, 15
MM, 31, 17, 7
MM, 26, 17, 9
MM, 24, 17, 8
MM, 20, 17, 8
MM, 18, 17, 8
MM, 15, 17, 9
MM, 13, 17, 7
MM, 9, 17, 8
MM, 8, 17, 24
MC, 1, 176
MM, 10, 16, 16
MM, 17, 16, 8
MM, 29, 16, 8
MM, 13, 12, 16
MM, 33, 12, 9
MM, 7, 12, 8
MM, 40, 12, 7
MM, 12, 12, 8
MM, 32, 12, 9
MM, 2, 12, 7
MM, 20, 12, 8
MM, 38, 12, 8
MM, 0, 12, 9
MM, 14, 12, 7
MM, 28, 12, 8
MM, 42, 12, 8
MM, 6, 12, 9
MM, 26, 12, 7
MM, 42, 12, 8
MM, 6, 12, 8
MM, 22, 12, 8
MM, 32, 12, 8
MM, 40, 12, 9
MM, 3, 10, 200
MM, 8, 12, 8
MM, 11, 13, 8
MM, 14, 13, 8
MM, 15, 13, 8
MM, 18, 14, 8
MM, 19, 14, 8
MM, 20, 15, 8
MM, 22, 15, 8
MM, 23, 15, 24
MM, 24, 18, 143
MM, 19, 19, 9
MM, 11, 19, 8
MM, 37, 19, 16
MM, 17, 19, 7
MM, 31, 19, 16
MM, 13, 19, 9
MM, 31, 19, 15
MM, 17, 19, 8
MM, 3, 19, 9
MM, 46, 19, 8
MM, 32, 19, 7
MM, 18, 19, 8
MM, 2, 23, 8
MM, 36, 23, 8
MM, 20, 23, 8
MM, 2, 23, 8
MM, 38, 23, 8
MM, 28, 23, 8
MM, 18, 23, 8
MM, 10, 23, 8
MM, 4, 23, 8
MM, 43, 24, 32
MM, 41, 25, 9
MM, 37, 25, 7
MM, 32, 25, 8
MM, 28, 25, 9
MM, 22, 25, 8
MM, 19, 25, 7
MM, 17, 25, 8
MM, 15, 25, 9
MM, 12, 25, 8
MM, 9, 25, 7
MM, 5, 25, 8
MM, 3, 25, 8
MM, 2, 25, 8
MM, 1, 25, 8
MM, 40, 25, 105
MM, 36, 23, 8
MM, 34, 23, 8
MM, 31, 22, 8
MC, 1, 183
MM, 39, 23, 113
MM, 2, 24, 7
MM, 12, 27, 8
MM, 41, 1, 16
MM, 6, 4, 8
MM, 16, 7, 7
MM, 20, 9, 10
MM, 20, 10, 103
MM, 20, 12, 56
MM, 17, 0, 184
MM, 16, 27, 16
MM, 13, 24, 8
MM, 13, 22, 8
MM, 11, 19, 9
MM, 11, 17, 8
MM, 11, 16, 8
MM, 11, 15, 7
MM, 11, 12, 9
MM, 11, 10, 7
MM, 11, 7, 8
MM, 11, 5, 8
MM, 11, 2, 9
MM, 11, 1, 8
MM, 11, 0, 7
MC, 1, 288
MM, 38, 1, 152
MM, 6, 11, 17
MM, 15, 19, 7
MM, 24, 27, 8
MM, 38, 2, 16
MM, 42, 7, 9
MM, 0, 16, 16
MM, 2, 18, 7
MM, 3, 19, 8
MM, 4, 21, 8
MM, 5, 21, 8
MM, 6, 22, 8
MM, 7, 24, 8
MM, 9, 28, 16
MM, 12, 31, 8
MM, 116, 2, 25
MM, 121, 6, 8
MM, 124, 9, 7
MM, 127, 13, 8
MM, 129, 16, 8
MM, 133, 19, 9
MM, 135, 22, 8
MM, 136, 25, 7
MM, 137, 26, 8
MM, 139, 28, 8
MM, 140, 30, 9
MM, 141, 30, 7
MM, 141, 31, 8
MM, 142, 31, 34
MM, 143, 32, 16
MM, 143, 33, 7
MM, 144, 34, 15
MM, 149, 27, 200
MM, 153, 20, 8
MM, 161, 9, 8
MM, 34, 22, 16
MM, 40, 13, 8
MM, 1, 27, 16
MM, 7, 16, 8
MM, 14, 2, 8
MM, 33, 29, 8
MM, 41, 18, 8
MP, 1, 488
MR, 1, 88
MM, 14, 4, 8
MM, 12, 6, 8
MM, 7, 11, 8
MM, 3, 18, 8
MM, 2, 19, 9
MM, 0, 22, 8
MM, 22, 2, 41
MM, 20, 4, 7
MM, 18, 5, 9
MM, 16, 7, 7
MM, 15, 9, 7
MM, 14, 10, 8
MM, 12, 12, 8
MM, 11, 13, 8
MM, 10, 14, 8
MM, 8, 18, 8
MM, 6, 20, 8
MM, 4, 22, 9
MM, 3, 23, 7
MM, 2, 24, 16
MM, 1, 25, 8
MM, 43, 30, 48
MM, 42, 31, 16
MM, 1, 24, 98
MM, 5, 18, 7
MM, 7, 16, 9
MM, 12, 11, 7
MM, 14, 9, 8
MM, 18, 5, 9
MM, 43, 31, 31
MM, 1, 19, 64
MM, 2, 18, 8
MM, 3, 17, 8
MM, 6, 14, 7
MM, 6, 13, 17
MM, 7, 12, 8
MM, 8, 11, 24
MM, 9, 11, 9
MM, 11, 10, 7
MM, 12, 9, 16
MM, 13, 6, 8
MM, 11, 6, 176
MM, 10, 7, 8
MM, 9, 7, 8
MM, 9, 8, 8
MC, 1, 143
MM, 7, 11, 48
MM, 6, 15, 8
MM, 4, 19, 8
MM, 4, 21, 8
MM, 0, 26, 9
MM, 24, 3, 23
MM, 16, 12, 8
MM, 11, 17, 9
MM, 3, 25, 7
MM, 43, 3, 24
MM, 39, 8, 8
MM, 34, 13, 8
MM, 32, 15, 7
MM, 28, 19, 10
MM, 23, 20, 7
MM, 23, 21, 8
MM, 19, 22, 8
MM, 18, 22, 9
MM, 15, 23, 7
MC, 1, 192
MM, 14, 24, 57
MM, 14, 26, 7
MM, 14, 28, 9
MM, 14, 29, 7
MM, 151, 3, 40
MM, 148, 8, 7
MM, 144, 14, 9
MM, 141, 17, 9
MM, 140, 22, 8
MM, 137, 25, 8
MM, 136, 27, 8
MC, 1, 167
MM, 135, 27, 24
MM, 134, 23, 9
MM, 134, 17, 8
MM, 134, 9, 7
MM, 132, 0, 9
MM, 39, 28, 16
MM, 38, 22, 7
MM, 35, 13, 8
MM, 32, 6, 9
MM, 27, 31, 15
MM, 24, 26, 9
MM, 22, 22, 8
MM, 21, 20, 8
MM, 21, 17, 8
MM, 21, 16, 8
MM, 21, 15, 8
MM, 21, 13, 7
MM, 21, 12, 9
MM, 21, 10, 16
MM, 22, 8, 16
MM, 23, 7, 8
MM, 23, 6, 8
MM, 25, 4, 8
MM, 26, 3, 8
MM, 27, 1, 8
MC, 1, 471
MM, 4, 5, 48
MM, 11, 11, 9
MM, 16, 15, 7
MM, 19, 18, 8
MM, 21, 20, 8
MM, 22, 20, 9
MC, 1, 216
MM, 19, 17, 24
MM, 11, 13, 7
MM, 2, 8, 9
MM, 40, 5, 16
MM, 31, 1, 7
MM, 22, 0, 8
MC, 1, 433
MM, 3, 10, 128
MM, 11, 16, 8
MM, 21, 21, 7
MM, 30, 25, 8
MM, 39, 30, 9
MM, 6, 0, 32
MM, 8, 3, 7
MM, 11, 7, 8
MM, 15, 10, 8
MM, 19, 15, 9
MM, 30, 27, 8
MM, 150, 6, 15
MM, 166, 12, 9
MM, 183, 19, 7
MM, 199, 27, 9
MM, 214, 36, 7
MM, 209, 41, 360
MM, 208, 40, 8
MM, 207, 40, 25
MM, 207, 39, 7
MM, 206, 38, 8
MM, 206, 37, 7
MM, 206, 35, 17
MM, 203, 33, 8
MM, 198, 29, 8
MM, 196, 27, 8
MM, 193, 25, 7
MM, 187, 22, 9
MM, 182, 21, 8
MM, 180, 20, 9
MM, 177, 19, 8
MM, 175, 18, 7
MM, 174, 17, 8
MC, 1, 176
MM, 174, 16, 16
MM, 177, 13, 8
MM, 179, 8, 8
MM, 181, 6, 9
MM, 183, 4, 7
MM, 0, 27, 17
MM, 7, 14, 7
MM, 9, 7, 8
MM, 13, 18, 16
MM, 17, 9, 9
MM, 20, 3, 7
MM, 36, 28, 24
MM, 37, 27, 8
MM, 38, 24, 8
MM, 38, 22, 7
MM, 38, 19, 10
MM, 38, 18, 23
MM, 37, 16, 64
MM, 36, 15, 10
MM, 36, 14, 16
MM, 35, 13, 7
MM, 35, 12, 9
MM, 32, 10, 7
MM, 29, 8, 9
MM, 27, 7, 15
MM, 26, 7, 8
MC, 1, 216
MM, 23, 9, 7
MM, 23, 15, 8
MM, 22, 20, 7
MM, 21, 22, 9
MM, 19, 28, 8
MM, 3, 2, 17
MM, 1, 6, 8
MM, 0, 10, 7
MM, 43, 29, 88
MM, 42, 30, 8
MM, 41, 31, 8
MM, 39, 0, 32
MM, 38, 1, 33
MM, 37, 1, 17
MM, 36, 3, 23
MM, 35, 3, 24
MM, 33, 4, 16
MM, 31, 5, 8
MM, 31, 6, 16
MM, 29, 8, 24
MC, 1, 143
MM, 31, 8, 9
MM, 34, 6, 7
MM, 41, 0, 7
MM, 6, 26, 17
MM, 10, 22, 8
MM, 17, 17, 8
MM, 22, 13, 8
MM, 30, 5, 8
MM, 32, 3, 8
MM, 35, 1, 8
MM, 2, 31, 16
MM, 3, 30, 8
MM, 5, 28, 8
MM, 6, 26, 8
MM, 6, 25, 9
MM, 8, 23, 7
MM, 10, 21, 8
MM, 13, 20, 8
MM, 13, 19, 9
MM, 14, 19, 7
MM, 15, 18, 8
MM, 16, 17, 32
MM, 17, 17, 8
MC, 1, 200
MM, 16, 16, 9
MM, 7, 16, 7
MM, 30, 11, 16
MM, 20, 11, 9
MM, 6, 11, 7
MM, 36, 11, 16
MM, 30, 11, 8
MM, 25, 11, 9
MM, 21, 11, 7
MM, 19, 11, 8
MM, 18, 11, 8
MM, 16, 11, 8
MM, 14, 11, 9
MM, 11, 11, 7
MM, 9, 10, 9
MM, 3, 10, 7
MC, 1, 288
MC, 1, 424
MM, 22, 0, 129
MM, 23, 4, 24
MM, 23, 6, 7
MM, 24, 7, 8
MM, 25, 9, 33
MC, 1, 183
MM, 26, 10, 88
MM, 28, 12, 8
MM, 31, 15, 8
MM, 33, 18, 8
MM, 40, 25, 7
MM, 17, 7, 25
MM, 24, 18, 8
MM, 28, 25, 9
MM, 74, 0, 40
MM, 75, 4, 9
MM, 75, 6, 8
MM, 76, 9, 7
MM, 77, 10, 8
MM, 78, 11, 8
MM, 79, 13, 17
MM, 80, 13, 15
MM, 82, 18, 32
MM, 83, 18, 16
MM, 84, 22, 7
MM, 84, 23, 8
MM, 85, 25, 8
MM, 85, 26, 8
MM, 87, 29, 8
MM, 87, 30, 8
MM, 87, 31, 16
MM, 88, 33, 8
MC, 1, 224
MM, 85, 30, 8
MM, 80, 22, 8
MM, 70, 15, 8
MM, 60, 9, 8
MM, 50, 1, 8
MM, 36, 27, 24
MM, 31, 23, 8
MM, 22, 17, 8
MM, 18, 15, 8
MM, 16, 12, 8
MM, 13, 9, 8
MM, 12, 7, 8
MM, 11, 6, 8
MM, 11, 4, 16
MM, 10, 3, 8
MM, 8, 2, 9
MM, 7, 1, 72
MM, 1, 31, 32
MM, 43, 25, 57
MM, 42, 24, 7
MM, 40, 22, 16
MM, 38, 21, 8
MM, 35, 19, 8
MM, 32, 19, 8
MM, 28, 16, 8
MM, 25, 14, 8
MM, 19, 11, 8
MM, 15, 9, 9
MM, 14, 9, 15
MM, 31, 4, 160
MM, 37, 3, 7
MM, 42, 2, 8
MM, 38, 0, 633
MM, 31, 3, 7
MM, 29, 3, 8
MM, 26, 4, 9
MM, 25, 5, 8
MM, 24, 5, 8
MM, 22, 6, 8
MM, 21, 7, 24
MM, 20, 7, 16
MM, 19, 7, 16
MM, 18, 7, 64
MM, 31, 3, 199
MM, 39, 3, 8
MM, 1, 2, 8
MM, 13, 0, 8
MC, 1, 872
MM, 0, 0, 89
MM, 42, 14, 39
MM, 41, 14, 17
MC, 1, 255
MM, 42, 15, 41
MM, 7, 15, 16
MM, 23, 13, 6
MM, 19, 13, 18
MM, 39, 10, 9
MM, 20, 10, 7
MM, 41, 8, 15
MM, 26, 3, 9
MM, 2, 1, 7
MM, 25, 31, 40
MM, 29, 30, 9
MM, 32, 30, 7
MM, 0, 27, 17
MM, 9, 26, 8
MM, 17, 26, 8
MM, 31, 23, 7
MM, 365, 63, 402
MM, 27, 8, 239
MM, 27, 14, 8
MM, 29, 18, 8
MM, 30, 22, 8
MM, 31, 25, 8
MM, 31, 29, 8
MM, 14, 1, 32
MM, 15, 6, 8
MM, 15, 9, 8
MM, 16, 11, 7
MM, 17, 16, 9
MM, 19, 19, 8
MM, 19, 22, 7
MM, 19, 25, 8
MM, 20, 26, 8
MM, 20, 30, 8
MM, 24, 4, 24
MM, 28, 9, 9
MM, 29, 12, 7
MM, 30, 16, 8
MM, 30, 19, 8
MM, 31, 21, 8
MM, 31, 23, 9
MM, 32, 24, 7
MM, 33, 24, 9
MM, 33, 25, 8
MM, 33, 27, 15
MM, 33, 29, 8
MM, 34, 30, 8
MM, 33, 30, 153
MM, 32, 30, 7
MM, 31, 29, 8
MM, 31, 28, 8
MM, 30, 27, 8
MM, 29, 27, 8
MM, 29, 26, 40
MM, 28, 24, 9
MM, 27, 22, 8
MM, 26, 21, 15
MM, 25, 20, 8
MC, 1, 160
MM, 25, 19, 32
MM, 28, 19, 17
MM, 30, 17, 8
MM, 35, 16, 7
MM, 39, 16, 9
MM, 0, 5, 39
MM, 5, 3, 8
MM, 7, 2, 8
MM, 8, 2, 8
MM, 10, 1, 9
MM, 11, 1, 8
MM, 12, 29, 197183
MM, 8, 24, 8
MM, 7, 21, 8
MM, 3, 16, 8
MM, 1, 12, 8
MM, 40, 3, 16
MM, 31, 31, 40
MM, 21, 28, 7
MM, 20, 28, 8
MM, 18, 28, 8
MM, 16, 28, 8
MM, 14, 28, 24
MM, 13, 28, 16
MM, 12, 28, 17
MM, 10, 28, 32
MM, 7, 24, 8
MM, 4, 18, 8
MM, 2, 27, 23
MM, 187, 62, 81
MM, 181, 51, 8
MM, 178, 40, 8
MM, 172, 30, 8
MM, 167, 19, 7
MM, 164, 10, 10
MM, 163, 8, 7
MM, 163, 5, 7
MM, 163, 3, 8
MM, 162, 0, 9
MM, 327, 23, 273
MM, 61, 19, 47
MM, 71, 35, 8
MM, 85, 37, 289
MM, 84, 34, 8
MM, 81, 32, 7
MM, 81, 31, 8
MM, 80, 30, 32
MM, 79, 29, 48
MM, 79, 28, 8
MM, 79, 25, 64
