********************************************************************************
LOGGING TIME: 20180907_154653
CLIENT IP: 10.102.59.17
USERNAME: Baba_Bradpitt
OS: Windows 10
**********************************Emotional database********************************************************************************
MM, 194, 30, 1537598292215
MM, 173, 14, 25
MM, 168, 10, 7
MM, 166, 9, 8
MM, 162, 8, 8
MM, 159, 5, 8
MM, 157, 4, 8
MM, 155, 3, 8
MM, 402, 425, 16
MM, 399, 423, 8
MM, 396, 422, 8
MM, 391, 417, 8
MM, 383, 411, 8
MM, 378, 406, 8
MM, 371, 400, 7
MM, 367, 398, 9
MM, 365, 397, 8
MM, 362, 396, 9
MM, 361, 394, 7
MM, 361, 393, 16
MM, 360, 392, 9
MM, 359, 391, 127
MM, 359, 389, 7
MM, 359, 385, 9
MM, 107, 82, 8
MM, 106, 78, 8
MM, 106, 74, 7
MM, 105, 68, 9
MM, 100, 57, 8
MM, 99, 47, 8
MM, 97, 38, 8
MM, 91, 27, 8
MM, 90, 24, 8
MM, 86, 18, 8
MM, 84, 13, 8
MM, 83, 11, 8
MM, 80, 7, 8
MM, 79, 4, 8
MM, 76, 2, 8
MM, 75, 1, 8
MM, 326, 296, 8
MM, 326, 295, 16
MM, 325, 293, 8
MM, 324, 292, 8
MM, 324, 291, 8
MM, 322, 289, 48
MM, 321, 289, 31
MM, 319, 289, 9
MM, 316, 290, 7
MM, 312, 291, 8
MM, 308, 294, 9
MM, 53, 0, 8
MM, 46, 6, 8
MM, 44, 7, 8
MM, 43, 8, 7
MM, 41, 9, 9
MM, 39, 9, 8
MM, 38, 9, 24
MM, 37, 10, 48
MM, 37, 11, 24
MM, 37, 12, 8
MM, 37, 14, 8
MM, 37, 15, 8
MM, 37, 17, 8
MM, 37, 18, 24
MM, 37, 20, 9
MM, 37, 23, 7
MM, 37, 25, 8
MM, 37, 26, 8
MM, 37, 27, 16
MM, 38, 27, 16
MM, 39, 27, 136
MC, 1, 200
MM, 40, 28, 22680
MM, 46, 36, 8
MM, 58, 53, 8
MM, 69, 64, 8
MM, 84, 76, 8
MM, 343, 382, 8
MM, 345, 389, 8
MM, 351, 396, 8
MM, 354, 401, 8
MM, 357, 405, 8
MM, 361, 410, 8
MM, 368, 411, 8
MM, 371, 415, 8
MM, 376, 416, 8
MM, 379, 417, 8
MM, 380, 417, 8
MM, 381, 417, 8
MM, 382, 418, 120
MM, 381, 420, 23
MM, 377, 422, 9
MM, 374, 425, 8
MM, 122, 0, 8
MM, 120, 4, 8
MM, 118, 7, 8
MM, 113, 9, 8
MM, 106, 12, 8
MM, 98, 13, 8
MM, 93, 15, 8
MM, 91, 17, 8
MM, 86, 18, 8
MM, 85, 18, 8
MM, 84, 18, 8
MM, 84, 19, 8
MM, 83, 19, 40
MC, 1, 272
MM, 85, 21, 40
MM, 87, 22, 8
MM, 91, 24, 8
MM, 92, 24, 8
MM, 94, 25, 7
MM, 95, 25, 9
MM, 96, 26, 8
MM, 96, 27, 16
MM, 96, 30, 16
MM, 96, 31, 8
MM, 96, 32, 8
MM, 96, 34, 8
MM, 96, 35, 312
MM, 95, 37, 40
MM, 93, 37, 32
MM, 91, 39, 7
MM, 88, 39, 25
MM, 87, 39, 8
MM, 85, 39, 16
MM, 83, 39, 8
MM, 80, 39, 8
MM, 75, 38, 8
MM, 69, 37, 8
MM, 64, 37, 8
MM, 58, 36, 7
MM, 56, 34, 8
MM, 53, 34, 9
MM, 51, 33, 8
MM, 49, 32, 24
MM, 48, 32, 40
MM, 48, 31, 8
MM, 48, 30, 24
MC, 1, 160
MM, 48, 29, 32
MM, 50, 29, 8
MM, 58, 31, 8
MM, 62, 34, 8
MM, 67, 38, 8
MM, 72, 42, 8
MM, 81, 50, 8
MM, 87, 57, 8
MM, 97, 68, 8
MM, 103, 75, 8
MM, 107, 82, 8
MM, 111, 89, 7
MM, 366, 520, 8
MM, 366, 524, 9
MM, 367, 524, 8
MM, 367, 526, 8
MM, 367, 528, 8
MM, 366, 530, 16
MM, 364, 531, 7
MM, 360, 531, 9
MM, 356, 533, 8
MM, 9, 21, 616
MM, 26, 26, 8
MM, 419, 565, 8
MM, 30, 1, 8
MM, 27, 15, 8
MM, 18, 24, 8
MM, 541, 603, 8
MM, 23, 4, 8
MM, 577, 617, 8
MM, 13, 15, 8
MM, 28, 24, 8
MM, 3, 30, 8
MM, 634, 643, 8
MM, 28, 1, 8
MM, 650, 651, 8
MM, 3, 9, 8
MM, 10, 15, 8
MM, 13, 17, 8
MM, 17, 22, 8
MM, 24, 28, 8
MM, 29, 30, 8
MM, 685, 679, 8
MM, 688, 682, 8
MM, 689, 682, 8
MM, 690, 682, 16
MM, 691, 683, 8
MM, 692, 684, 16
MM, 693, 685, 16
MM, 695, 685, 8
MM, 696, 686, 8
MM, 698, 686, 8
MM, 699, 686, 8
MM, 700, 686, 64
MM, 700, 683, 8
MM, 697, 680, 8
MM, 695, 677, 8
MM, 692, 673, 8
MM, 689, 671, 8
MM, 687, 669, 8
MM, 686, 668, 8
MM, 685, 667, 32
MM, 684, 667, 48
MM, 30, 22, 24
MM, 27, 22, 8
MM, 25, 22, 16
MM, 24, 22, 8
MM, 22, 22, 8
MM, 20, 22, 24
MM, 17, 22, 8
MM, 15, 22, 8
MM, 12, 22, 8
MM, 11, 22, 8
MM, 10, 22, 8
MM, 9, 21, 80
MC, 1, 160
MM, 7, 20, 32
MM, 4, 20, 7
MM, 0, 20, 9
MM, 647, 665, 8
MM, 28, 20, 8
MM, 26, 20, 8
MM, 20, 20, 8
MM, 14, 20, 8
MM, 5, 20, 8
MM, 614, 663, 8
MM, 36, 18, 8
MM, 31, 18, 8
MM, 25, 18, 8
MM, 19, 18, 8
MM, 15, 18, 8
MM, 9, 18, 8
MM, 1, 18, 8
MM, 564, 663, 8
MM, 31, 18, 8
MM, 26, 18, 8
MM, 22, 18, 8
MM, 16, 18, 8
MM, 13, 18, 8
MM, 10, 18, 8
MM, 8, 18, 8
MM, 4, 18, 8
MM, 0, 16, 8
MM, 528, 661, 8
MM, 526, 661, 8
MM, 523, 661, 9
MM, 33, 15, 6
MM, 31, 15, 8
MM, 30, 15, 9
MM, 28, 15, 8
MM, 25, 15, 8
MM, 24, 16, 8
MM, 23, 16, 8
MM, 21, 17, 8
MM, 20, 17, 25
MM, 20, 18, 7
MM, 18, 19, 24
MM, 17, 20, 8
MM, 16, 20, 8
MM, 12, 20, 8
MM, 11, 20, 8
MM, 8, 20, 8
MM, 6, 17, 16
MM, 6, 16, 16
MM, 6, 14, 7
MM, 6, 11, 17
MM, 6, 10, 8
MM, 6, 7, 8
MM, 6, 6, 8
MM, 7, 5, 16
MC, 1, 208
MM, 8, 4, 7
MM, 11, 4, 8
MM, 16, 4, 10
MM, 23, 4, 7
MM, 31, 4, 8
MM, 0, 4, 8
MM, 10, 3, 8
MM, 23, 0, 8
MM, 562, 643, 8
MM, 578, 640, 8
MM, 6, 28, 8
MM, 20, 26, 8
MM, 614, 633, 7
MM, 8, 25, 8
MM, 20, 22, 9
MM, 30, 20, 8
MM, 657, 627, 8
MM, 11, 17, 8
MM, 20, 14, 8
MM, 24, 14, 8
MM, 30, 13, 7
MM, 692, 620, 8
MP, 1, 201
MR, 1, 72
MC, 1, 0
MM, 689, 620, 40
MM, 25, 12, 8
MM, 20, 13, 8
MM, 16, 13, 8
MM, 12, 13, 8
MM, 7, 15, 8
MC, 1, 240
MM, 6, 15, 24
MM, 3, 15, 9
MM, 657, 619, 7
MM, 652, 615, 8
MM, 29, 5, 7
MM, 642, 607, 9
MM, 637, 603, 8
MM, 22, 30, 8
MM, 16, 28, 8
MM, 12, 25, 8
MM, 10, 23, 8
MM, 7, 21, 8
MM, 5, 20, 9
MM, 2, 19, 7
MM, 0, 19, 8
MM, 607, 589, 8
MM, 607, 588, 8
MM, 606, 587, 8
MM, 33, 15, 8
MM, 31, 14, 8
MM, 29, 14, 8
MM, 28, 14, 24
MM, 26, 13, 24
MM, 24, 13, 24
MM, 23, 13, 8
MC, 1, 224
MM, 22, 13, 7
MM, 16, 13, 9
MM, 6, 13, 8
MM, 564, 584, 8
MM, 21, 13, 9
MM, 5, 13, 7
MM, 30, 13, 8
MM, 18, 13, 8
MM, 10, 13, 8
MM, 3, 13, 8
MM, 31, 13, 8
MM, 28, 13, 8
MM, 24, 13, 8
MM, 18, 13, 8
MM, 14, 13, 8
MM, 12, 13, 8
MM, 9, 13, 8
MM, 8, 13, 8
MM, 5, 11, 32
MM, 3, 11, 8
MM, 454, 581, 8
MM, 33, 9, 8
MM, 28, 9, 8
MM, 25, 9, 8
MM, 22, 8, 8
MM, 20, 8, 8
MM, 18, 8, 8
MM, 17, 8, 8
MM, 16, 8, 56
MM, 15, 8, 16
MM, 13, 8, 8
MM, 12, 8, 8
MC, 1, 152
MM, 12, 10, 88
MM, 12, 11, 8
MM, 12, 15, 8
MM, 13, 19, 8
MM, 14, 22, 8
MM, 16, 28, 8
MM, 434, 604, 8
MM, 436, 607, 8
MM, 17, 3, 8
MM, 21, 6, 8
MM, 24, 10, 8
MM, 26, 13, 8
MM, 29, 15, 16
MM, 31, 19, 8
MM, 33, 20, 8
MM, 457, 631, 8
MM, 0, 26, 8
MM, 2, 29, 8
MM, 7, 30, 8
MM, 476, 639, 8
MM, 479, 641, 8
MM, 484, 643, 8
MM, 487, 643, 8
MM, 489, 644, 8
MM, 491, 644, 8
MM, 4, 0, 8
MM, 7, 1, 8
MM, 8, 1, 16
MM, 10, 1, 16
MM, 11, 1, 96
MM, 13, 1, 17
MM, 16, 1, 7
MM, 18, 1, 8
MM, 21, 1, 8
MM, 23, 1, 8
MM, 25, 1, 8
MM, 25, 2, 96
MM, 22, 4, 16
MM, 21, 6, 16
MM, 21, 7, 8
MM, 21, 8, 16
MC, 1, 160
MM, 19, 5, 31
MM, 15, 0, 9
MM, 496, 637, 8
MM, 29, 26, 8
MM, 18, 19, 8
MM, 7, 15, 8
MM, 2, 9, 8
MM, 34, 3, 8
MM, 446, 607, 8
MM, 442, 603, 8
MM, 440, 602, 8
MM, 22, 30, 8
MM, 22, 29, 16
MM, 22, 28, 16
MM, 22, 27, 8
MM, 22, 25, 8
MM, 22, 24, 8
MM, 22, 23, 8
MM, 22, 22, 16
MM, 22, 21, 8
MM, 22, 20, 8
MM, 22, 19, 8
MC, 1, 232
MM, 23, 18, 8
MM, 26, 18, 8
MM, 450, 589, 8
MM, 455, 589, 7
MM, 6, 18, 8
MM, 12, 18, 8
MM, 16, 18, 9
MM, 19, 18, 8
MC, 1, 344
MC, 2, 200
MM, 20, 18, 72
MM, 23, 18, 16
MM, 24, 18, 8
MM, 30, 18, 8
MM, 493, 589, 8
MM, 7, 18, 8
MM, 19, 18, 8
MM, 27, 18, 8
MM, 529, 589, 8
MM, 12, 18, 8
MM, 26, 18, 8
MM, 3, 18, 8
MM, 17, 18, 8
MM, 27, 18, 8
MM, 609, 589, 8
MM, 8, 18, 8
MM, 13, 18, 8
MM, 15, 18, 8
MM, 17, 18, 8
MM, 19, 17, 97
MM, 21, 17, 47
MM, 22, 17, 8
MC, 1, 208
MM, 15, 15, 24
MM, 9, 13, 8
MM, 608, 583, 8
MM, 21, 9, 8
MM, 11, 7, 9
MM, 567, 575, 7
MM, 27, 4, 8
MM, 17, 3, 8
MM, 9, 3, 8
MM, 531, 569, 8
MM, 527, 569, 8
MM, 522, 569, 8
MM, 521, 569, 8
MM, 520, 569, 8
MM, 518, 569, 16
MM, 516, 569, 8
MM, 513, 569, 8
MM, 512, 569, 8
MM, 508, 569, 8
MM, 502, 569, 8
MM, 499, 569, 8
MM, 494, 569, 8
MM, 490, 568, 9
MM, 488, 568, 7
MM, 484, 568, 8
MM, 483, 568, 9
MM, 481, 568, 7
MM, 480, 568, 8
MM, 478, 568, 8
MM, 476, 568, 16
MM, 474, 568, 8
MM, 473, 568, 8
MM, 470, 568, 8
MM, 467, 569, 16
MM, 463, 570, 8
MM, 4, 0, 8
MM, 2, 0, 8
MM, 455, 571, 8
MM, 454, 572, 8
MM, 452, 574, 8
MM, 450, 575, 8
MM, 33, 5, 16
MM, 31, 5, 16
MM, 30, 6, 8
MM, 27, 8, 8
MM, 26, 8, 8
MM, 25, 8, 8
MM, 21, 9, 8
MM, 19, 9, 8
MM, 19, 10, 8
MM, 16, 11, 8
MM, 14, 12, 8
MM, 13, 13, 32
MM, 12, 13, 32
MM, 7, 16, 143
MM, 4, 16, 9
MM, 0, 18, 8
MM, 410, 591, 8
MM, 36, 21, 8
MM, 34, 23, 8
MM, 31, 27, 16
MM, 30, 30, 8
MM, 401, 606, 16
MM, 18, 0, 8
MM, 17, 3, 8
MM, 16, 4, 8
MM, 16, 7, 8
MM, 13, 9, 8
MM, 12, 11, 8
MM, 12, 12, 8
MM, 11, 13, 8
MM, 11, 14, 64
MC, 1, 168
MM, 13, 16, 16
MM, 18, 18, 8
MM, 29, 21, 8
MM, 419, 630, 8
MM, 9, 29, 9
MM, 439, 641, 7
MM, 2, 1, 8
MM, 13, 7, 8
MM, 24, 15, 8
MM, 484, 666, 8
MM, 495, 676, 8
MM, 501, 680, 8
MM, 104, 1, 8
MM, 108, 5, 8
MM, 111, 7, 8
MM, 113, 10, 8
MM, 114, 11, 8
MM, 115, 12, 8
MC, 1, 400
MM, 116, 11, 152
MM, 116, 9, 8
MM, 114, 3, 8
MM, 512, 678, 8
MM, 19, 24, 8
MM, 18, 18, 8
MM, 15, 3, 8
MM, 498, 638, 8
MM, 496, 623, 8
MM, 493, 607, 8
MM, 490, 591, 8
MM, 481, 570, 8
MM, 14, 16, 8
MM, 462, 533, 8
MM, 457, 521, 8
MM, 204, 88, 8
MM, 199, 77, 8
MM, 198, 71, 8
MM, 197, 64, 8
MM, 192, 57, 8
MM, 191, 51, 8
MM, 190, 44, 8
MM, 190, 38, 8
MM, 190, 32, 8
MM, 190, 24, 8
MM, 187, 19, 8
MM, 186, 14, 8
MM, 185, 11, 8
MM, 185, 6, 8
MM, 182, 3, 8
MM, 182, 1, 8
MM, 433, 423, 8
MM, 431, 421, 8
MM, 430, 416, 8
MM, 429, 413, 8
MM, 429, 409, 8
MM, 429, 406, 8
MM, 429, 403, 8
MM, 429, 401, 8
MM, 429, 397, 8
MM, 429, 395, 8
MM, 429, 390, 8
MM, 429, 388, 8
MM, 429, 385, 8
MM, 178, 82, 8
MM, 178, 78, 10
MM, 178, 76, 6
MM, 175, 71, 8
MM, 174, 69, 16
MM, 173, 68, 8
MM, 173, 67, 24
MM, 173, 65, 8
MM, 172, 64, 24
MM, 170, 63, 8
MM, 168, 62, 8
MM, 167, 62, 8
MM, 165, 61, 8
MM, 164, 60, 16
MM, 161, 59, 8
MM, 161, 58, 8
MM, 158, 56, 8
MM, 156, 56, 8
MM, 152, 55, 8
MM, 150, 55, 8
MM, 150, 54, 8
MM, 147, 54, 16
MM, 145, 52, 16
MM, 145, 50, 80
MM, 145, 48, 8
MM, 145, 47, 8
MM, 145, 46, 8
MM, 145, 45, 8
MM, 145, 43, 16
MM, 145, 42, 16
MM, 146, 42, 72
MM, 147, 42, 8
MM, 149, 42, 8
MM, 150, 42, 16
MM, 152, 41, 8
MM, 154, 41, 88
MM, 155, 40, 56
MC, 1, 232
MM, 155, 39, 40
MM, 158, 38, 8
MM, 164, 38, 8
MM, 173, 38, 8
MM, 179, 41, 8
MM, 194, 46, 8
MM, 204, 47, 8
MM, 221, 52, 8
MM, 235, 56, 8
MM, 253, 61, 8
MM, 262, 63, 8
MM, 278, 68, 8
MM, 291, 71, 8
MM, 301, 74, 8
MM, 314, 78, 8
MM, 320, 79, 8
MM, 327, 82, 8
MM, 580, 381, 8
MM, 585, 382, 8
MM, 588, 383, 8
MM, 590, 384, 8
MM, 591, 385, 8
MM, 595, 385, 2376
MM, 607, 385, 7
MM, 623, 385, 8
MM, 625, 385, 11
MM, 624, 384, 246
MM, 363, 80, 8
MM, 349, 73, 8
MM, 334, 67, 8
MM, 327, 64, 8
MM, 325, 63, 7
MM, 319, 63, 80
MM, 309, 63, 9
MM, 299, 60, 8
MM, 286, 58, 7
MM, 276, 58, 11
MM, 268, 58, 6
MM, 256, 58, 8
MM, 242, 58, 8
MM, 232, 59, 8
MM, 223, 62, 9
MM, 214, 68, 6
MM, 203, 76, 8
MM, 447, 380, 9
MM, 443, 385, 8
MM, 437, 391, 8
MM, 432, 398, 8
MM, 429, 405, 8
MM, 425, 412, 8
MM, 422, 419, 7
MM, 417, 424, 8
MM, 160, 3, 9
MM, 158, 7, 8
MM, 154, 12, 7
MM, 154, 15, 8
MM, 154, 18, 9
MM, 154, 19, 8
MM, 154, 22, 8
MM, 155, 24, 8
MM, 155, 25, 8
MM, 155, 27, 16
MM, 155, 28, 15
MM, 151, 29, 8
MM, 141, 29, 9
MM, 129, 29, 8
MM, 121, 29, 8
MM, 113, 31, 8
MM, 104, 34, 8
MM, 99, 35, 8
MM, 96, 36, 7
MM, 94, 37, 8
MM, 92, 39, 9
MM, 91, 39, 8
MM, 89, 39, 8
MM, 88, 40, 184
MM, 90, 40, 32
MM, 93, 40, 8
MM, 95, 40, 8
MM, 96, 40, 8
MM, 98, 40, 8
MM, 99, 40, 8
MM, 99, 43, 65
MM, 99, 44, 7
MM, 99, 45, 8
MM, 99, 50, 8
MM, 99, 53, 8
MM, 99, 56, 8
MM, 99, 59, 8
MM, 100, 62, 8
MM, 100, 59, 176
MM, 100, 58, 8
MM, 100, 55, 8
MM, 100, 51, 8
MM, 100, 48, 8
MC, 1, 240
MM, 100, 46, 72
MM, 100, 45, 8
MM, 104, 42, 8
MM, 109, 37, 8
MM, 112, 33, 8
MM, 113, 31, 8
MM, 113, 29, 8
MM, 114, 28, 8
MM, 114, 29, 264
MM, 112, 36, 8
MM, 99, 44, 8
MM, 94, 45, 8
MM, 94, 46, 32
MM, 94, 48, 8
MM, 100, 54, 8
MM, 107, 60, 8
MM, 114, 61, 7
MM, 116, 62, 9
MM, 118, 63, 8
MM, 120, 63, 8
MM, 119, 63, 48
MM, 116, 63, 8
MM, 114, 63, 8
MM, 114, 62, 32
MM, 115, 61, 8
MM, 117, 58, 8
MM, 118, 56, 8
MM, 118, 54, 7
MM, 120, 50, 8
MM, 119, 47, 57
MM, 114, 45, 8
MM, 110, 45, 8
MM, 105, 44, 8
MM, 103, 44, 8
MM, 102, 44, 10
MM, 99, 43, 6
MC, 1, 312
MM, 99, 45, 120
MM, 98, 46, 8
MM, 97, 46, 8
MM, 96, 46, 8
MM, 95, 46, 40
MM, 94, 47, 16
MM, 93, 48, 40
MM, 92, 48, 88
MM, 91, 48, 16
MM, 90, 48, 8
MM, 89, 48, 8
MM, 87, 48, 40
MM, 86, 48, 16
MC, 1, 216
MM, 86, 47, 88
MM, 86, 46, 24
MM, 86, 45, 24
MM, 86, 44, 8
MM, 85, 44, 16
MM, 84, 43, 40
MC, 1, 224
MM, 84, 44, 128
MM, 84, 46, 8
MM, 84, 48, 8
MM, 86, 50, 32
MM, 87, 51, 24
MM, 88, 50, 232
MM, 89, 50, 9
MM, 91, 50, 7
MM, 96, 51, 8
MM, 99, 55, 8
MM, 104, 58, 8
MM, 107, 63, 8
MM, 111, 70, 7
MM, 112, 77, 8
MM, 116, 89, 9
MM, 370, 526, 8
MM, 1, 3, 8
MM, 3, 13, 8
MM, 4, 21, 8
MM, 5, 28, 8
MM, 378, 568, 8
MM, 9, 4, 8
MM, 10, 7, 8
MM, 11, 13, 8
MM, 13, 18, 8
MM, 17, 27, 8
MM, 392, 606, 8
MM, 18, 7, 8
MM, 24, 18, 8
MM, 32, 28, 8
MM, 416, 643, 8
MM, 11, 5, 8
MM, 17, 14, 8
MM, 18, 17, 8
MM, 22, 23, 8
MM, 24, 25, 8
MM, 24, 29, 8
MM, 25, 30, 8
MM, 435, 677, 16
MM, 27, 30, 72
MM, 30, 24, 8
MM, 31, 15, 8
MM, 31, 5, 8
MM, 19, 30, 9
MM, 14, 13, 7
MM, 428, 607, 8
MM, 5, 25, 8
MM, 0, 10, 8
MM, 409, 569, 8
MM, 30, 22, 8
MM, 23, 9, 8
MM, 21, 4, 8
MM, 390, 533, 8
MM, 389, 531, 7
MM, 388, 529, 8
MM, 387, 527, 9
MM, 386, 525, 8
MM, 385, 524, 7
MM, 384, 522, 41
MM, 383, 521, 8
MM, 380, 519, 7
MM, 377, 516, 9
MM, 124, 89, 8
MM, 117, 86, 8
MM, 115, 84, 16
MM, 113, 83, 8
MM, 112, 82, 8
MM, 112, 81, 16
MM, 111, 80, 8
MM, 110, 78, 8
MM, 108, 76, 8
MM, 107, 74, 8
MM, 104, 67, 8
MM, 103, 63, 16
MM, 101, 61, 8
MM, 100, 60, 8
MM, 100, 59, 8
MM, 99, 58, 16
MM, 98, 56, 15
MM, 96, 54, 9
MM, 95, 53, 8
MM, 93, 51, 8
MM, 91, 50, 8
MM, 89, 49, 8
MM, 89, 48, 32
MM, 89, 47, 40
MM, 89, 45, 128
MM, 88, 44, 16
MM, 88, 43, 16
MM, 87, 42, 24
MC, 1, 288
MM, 86, 41, 112
MM, 85, 41, 8
MM, 84, 41, 8
MM, 82, 43, 16
MM, 81, 44, 16
MC, 1, 232
MM, 81, 46, 120
MM, 82, 46, 8
MM, 83, 47, 16
MM, 84, 48, 24
MM, 83, 48, 216
MM, 78, 48, 8
MM, 70, 48, 8
MM, 62, 48, 8
MM, 52, 48, 8
MM, 48, 48, 8
MM, 44, 48, 8
MM, 43, 48, 8
MM, 41, 48, 8
MC, 1, 200
MM, 43, 48, 56
MM, 45, 48, 8
MM, 49, 48, 8
MM, 56, 48, 8
MM, 62, 48, 8
MM, 69, 48, 8
MM, 77, 49, 8
MM, 86, 52, 8
MM, 92, 55, 8
MM, 103, 58, 8
MM, 111, 59, 8
MM, 118, 62, 8
MM, 125, 64, 8
MM, 127, 65, 8
MM, 130, 68, 8
MM, 131, 68, 8
MM, 132, 69, 8
MM, 135, 71, 8
MM, 137, 73, 8
MM, 139, 76, 8
MM, 143, 79, 8
MM, 146, 83, 8
MM, 148, 86, 8
MM, 402, 517, 8
MM, 404, 522, 8
MM, 404, 524, 8
MM, 404, 528, 8
MM, 31, 0, 8
MM, 33, 7, 8
MM, 34, 15, 8
MM, 410, 558, 8
MM, 411, 570, 8
MM, 414, 578, 8
MM, 3, 24, 8
MM, 0, 3, 8
MM, 0, 19, 8
MM, 421, 639, 8
MM, 10, 3, 8
MM, 5, 11, 8
MM, 0, 17, 8
MM, 32, 23, 8
MM, 29, 24, 8
MM, 24, 25, 8
MM, 19, 26, 8
MM, 13, 26, 8
MM, 9, 26, 8
MM, 3, 26, 8
MM, 366, 671, 8
MM, 31, 26, 8
MM, 28, 21, 8
MM, 23, 17, 8
MM, 20, 10, 9
MM, 17, 5, 7
MM, 343, 643, 8
MM, 343, 641, 8
MM, 2, 27, 8
MM, 2, 22, 7
MM, 2, 16, 8
MM, 1, 14, 9
MM, 1, 11, 8
MM, 1, 10, 7
MM, 1, 9, 9
MM, 1, 8, 8
MM, 1, 7, 24
MM, 1, 6, 8
MM, 1, 5, 8
MM, 3, 4, 16
MM, 5, 2, 8
MM, 9, 1, 8
MM, 12, 1, 8
MM, 15, 0, 8
MM, 358, 607, 7
MM, 362, 607, 9
MM, 366, 603, 8
MM, 370, 602, 8
MM, 371, 601, 7
MM, 1, 27, 8
MM, 2, 26, 9
MM, 3, 23, 16
MM, 4, 23, 8
MM, 5, 22, 32
MM, 7, 21, 24
MM, 7, 20, 7
MM, 8, 19, 9
MM, 8, 18, 16
MM, 8, 17, 8
MM, 8, 16, 16
MM, 8, 15, 104
MC, 1, 144
MM, 9, 14, 16
MM, 10, 14, 8
MM, 11, 14, 72
MM, 12, 14, 168
MM, 13, 15, 16
MM, 15, 15, 8
MM, 17, 16, 8
MM, 20, 17, 8
MM, 24, 18, 8
MM, 27, 19, 8
MM, 28, 20, 8
MM, 33, 21, 8
MM, 35, 21, 8
MM, 409, 593, 8
MM, 0, 24, 8
MM, 4, 25, 8
MM, 9, 28, 8
MM, 12, 28, 8
MM, 14, 30, 8
MM, 432, 602, 7
MM, 437, 604, 9
MM, 439, 604, 8
MM, 24, 0, 8
MM, 28, 0, 8
MM, 34, 3, 8
MM, 3, 3, 8
MM, 15, 6, 8
MM, 26, 6, 8
MM, 3, 8, 8
MM, 15, 8, 8
MM, 25, 9, 8
MM, 33, 10, 8
MM, 1, 10, 8
MM, 5, 10, 8
MM, 11, 10, 8
MM, 14, 10, 8
MM, 16, 10, 8
MM, 19, 10, 8
MM, 21, 10, 8
MM, 26, 8, 8
MM, 28, 7, 8
MM, 32, 5, 8
MM, 576, 610, 9
MM, 579, 608, 7
MM, 579, 607, 8
MM, 580, 605, 24
MM, 581, 604, 8
MM, 581, 602, 16
MM, 11, 30, 8
MM, 11, 29, 8
MM, 11, 28, 8
MM, 11, 27, 40
MM, 11, 26, 24
MM, 15, 21, 128
MM, 18, 20, 8
MM, 23, 20, 8
MM, 27, 20, 8
MM, 32, 20, 8
MM, 33, 20, 8
MM, 34, 20, 8
MM, 607, 591, 8
MM, 608, 591, 24
MM, 609, 591, 48
MM, 0, 20, 16
MM, 1, 20, 16
MM, 2, 20, 8
MM, 6, 20, 8
MM, 7, 20, 40
MM, 10, 20, 24
MM, 12, 20, 8
MM, 15, 20, 8
MM, 16, 20, 7
MM, 17, 20, 9
MM, 18, 20, 128
MM, 30, 25, 128
MM, 3, 29, 8
MM, 10, 30, 8
MM, 9, 0, 8
MM, 17, 2, 8
MM, 26, 7, 8
MM, 693, 618, 8
MM, 700, 620, 8
MM, 705, 623, 8
MM, 708, 624, 8
MM, 709, 624, 16
MP, 1, 120
MR, 1, 88
MC, 1, 0
MM, 708, 624, 7
MM, 702, 627, 8
MM, 697, 627, 9
MM, 691, 627, 8
MM, 30, 19, 7
MM, 28, 19, 8
MM, 27, 19, 9
MC, 1, 312
MC, 2, 240
MM, 26, 19, 64
MM, 24, 19, 8
MM, 20, 21, 8
MM, 18, 22, 8
MM, 13, 27, 8
MM, 666, 639, 8
MM, 659, 641, 8
MM, 654, 644, 8
MM, 647, 648, 8
MM, 23, 8, 8
MM, 9, 12, 8
MM, 0, 17, 8
MM, 32, 20, 8
MM, 22, 23, 8
MM, 8, 26, 8
MM, 34, 29, 8
MM, 553, 677, 8
MM, 542, 680, 7
MM, 135, 1, 8
MM, 133, 2, 8
MM, 130, 2, 9
MM, 129, 3, 8
MM, 128, 4, 8
MM, 126, 4, 8
MM, 124, 4, 8
MM, 120, 6, 8
MM, 119, 6, 8
MM, 118, 7, 8
MM, 113, 7, 8
MM, 110, 7, 8
MM, 108, 7, 8
MM, 105, 7, 8
MM, 104, 7, 9
MM, 102, 8, 7
MM, 101, 9, 32
MM, 101, 11, 16
MM, 99, 12, 8
MM, 98, 12, 8
MM, 98, 14, 16
MM, 98, 15, 8
MM, 107, 8, 176
MM, 114, 2, 8
MM, 119, 0, 8
MM, 526, 676, 8
MM, 8, 25, 8
MM, 17, 22, 7
MM, 24, 16, 8
MM, 26, 15, 9
MM, 31, 12, 8
MM, 32, 11, 16
MM, 33, 10, 8
MM, 33, 9, 88
MM, 33, 10, 160
MM, 30, 12, 8
MM, 28, 13, 16
MM, 25, 13, 8
MM, 22, 14, 8
MM, 17, 15, 8
MM, 15, 15, 8
MM, 15, 16, 8
MM, 14, 17, 8
MC, 1, 168
MM, 17, 11, 32
MM, 24, 10, 9
MM, 564, 650, 7
MM, 4, 1, 8
MM, 4, 30, 8
MM, 15, 25, 8
MM, 22, 23, 7
MM, 25, 19, 8
MM, 29, 17, 8
MM, 30, 15, 9
MM, 612, 621, 16
MM, 612, 619, 16
MM, 612, 618, 8
MM, 612, 617, 24
MM, 612, 616, 24
MM, 613, 616, 16
MM, 613, 615, 8
MM, 613, 614, 24
MM, 613, 613, 8
MM, 614, 612, 8
MM, 615, 611, 8
MM, 616, 609, 8
MM, 0, 0, 8
MM, 620, 607, 8
MM, 622, 606, 8
MM, 626, 604, 8
MM, 628, 602, 8
MM, 629, 602, 8
MM, 18, 30, 7
MM, 23, 28, 8
MM, 27, 27, 9
MM, 645, 597, 8
MM, 5, 26, 8
MM, 9, 24, 8
MM, 11, 24, 7
MM, 15, 24, 9
MM, 16, 23, 144
MM, 17, 22, 8
MM, 19, 21, 8
MM, 20, 21, 8
MM, 21, 21, 15
MC, 1, 145
MM, 16, 21, 32
MM, 8, 21, 8
MM, 645, 592, 8
MM, 20, 19, 8
MM, 6, 16, 8
MM, 33, 15, 8
MM, 17, 15, 8
MM, 3, 13, 8
MM, 32, 13, 8
MM, 19, 13, 8
MM, 9, 13, 7
MM, 528, 584, 8
MM, 26, 13, 8
MM, 20, 13, 9
MM, 12, 13, 8
MM, 6, 13, 8
MM, 492, 584, 8
MM, 23, 11, 8
MM, 17, 11, 8
MM, 10, 9, 8
MM, 8, 8, 8
MM, 6, 8, 40
MM, 4, 8, 16
MM, 12, 8, 136
MM, 26, 8, 8
MM, 492, 579, 8
MM, 8, 8, 8
MM, 16, 8, 8
MM, 23, 8, 8
MM, 27, 8, 8
MM, 28, 8, 8
MC, 1, 232
MM, 28, 9, 32
MM, 26, 14, 16
MM, 23, 19, 8
MM, 23, 23, 8
MM, 23, 26, 8
MM, 515, 604, 8
MM, 515, 607, 8
MM, 13, 5, 8
MM, 11, 12, 8
MM, 5, 21, 8
MM, 3, 24, 8
MM, 2, 28, 8
MM, 12, 0, 8
MM, 10, 3, 8
MM, 10, 8, 8
MM, 10, 11, 8
MM, 10, 17, 8
MM, 8, 23, 8
MM, 8, 25, 8
MM, 8, 30, 8
MM, 495, 679, 8
MM, 495, 681, 8
MM, 95, 0, 7
MM, 95, 2, 9
MM, 94, 3, 8
MM, 94, 4, 56
MM, 94, 5, 40
MM, 94, 6, 8
MM, 94, 7, 24
MM, 94, 8, 64
MM, 93, 10, 88
MM, 93, 11, 16
MM, 93, 12, 64
MM, 91, 2, 96
MM, 489, 677, 8
MM, 482, 664, 8
MM, 25, 6, 9
MM, 468, 640, 7
MM, 1, 23, 8
MM, 461, 628, 7
MM, 456, 621, 9
MM, 32, 7, 8
MM, 29, 3, 9
MM, 27, 0, 7
MM, 446, 606, 8
MM, 446, 603, 8
MM, 31, 28, 7
MM, 30, 26, 9
MM, 30, 24, 16
MM, 30, 23, 16
MM, 31, 21, 16
MM, 31, 20, 16
MM, 32, 18, 16
MM, 34, 17, 8
MM, 450, 587, 8
MM, 451, 586, 8
MM, 453, 585, 8
MM, 454, 584, 16
MM, 0, 11, 10
MM, 3, 8, 5
MM, 4, 8, 9
MM, 5, 7, 16
MM, 6, 5, 8
MM, 7, 4, 32
MC, 1, 224
MM, 11, 4, 16
MM, 21, 6, 8
MM, 31, 7, 8
MM, 3, 7, 9
MM, 12, 9, 7
MM, 18, 11, 8
MM, 25, 11, 8
MM, 27, 12, 8
MM, 29, 12, 8
MM, 526, 583, 8
MM, 528, 583, 8
MM, 529, 584, 8
MM, 2, 13, 8
MM, 8, 13, 8
MM, 16, 16, 8
MM, 27, 18, 8
MM, 1, 18, 8
MM, 16, 19, 8
MM, 28, 19, 8
MM, 34, 20, 7
MM, 606, 591, 9
MM, 608, 591, 8
MM, 609, 591, 73
MM, 610, 591, 7
MM, 610, 590, 40
MM, 610, 589, 8
MM, 610, 587, 16
MM, 0, 15, 24
MM, 2, 13, 16
MM, 6, 10, 16
MM, 7, 10, 8
MM, 12, 9, 8
MM, 19, 8, 8
MM, 22, 7, 8
MM, 25, 6, 8
MC, 1, 296
MM, 25, 7, 88
MM, 26, 10, 8
MM, 30, 11, 8
MM, 647, 583, 8
MM, 1, 12, 8
MM, 5, 12, 8
MM, 10, 14, 8
MM, 11, 14, 8
MM, 15, 14, 8
MM, 18, 14, 8
MM, 24, 16, 8
MM, 30, 16, 8
MM, 1, 16, 8
MM, 10, 16, 8
MM, 16, 16, 8
MM, 20, 16, 8
MM, 22, 16, 8
MC, 1, 240
MM, 21, 16, 64
MM, 18, 16, 8
MM, 10, 16, 8
MM, 2, 16, 8
MM, 25, 16, 8
MM, 8, 16, 8
MM, 17, 16, 8
MM, 34, 16, 8
MM, 16, 16, 8
MM, 0, 16, 8
MM, 29, 16, 8
MM, 21, 16, 8
MM, 14, 16, 8
MM, 10, 16, 8
MM, 4, 16, 8
MM, 527, 587, 8
MM, 27, 16, 8
MM, 18, 16, 8
MM, 6, 16, 8
MM, 488, 587, 8
MM, 20, 16, 8
MM, 12, 16, 8
MM, 2, 16, 8
MM, 454, 587, 8
MM, 34, 16, 8
MM, 30, 16, 8
MM, 28, 16, 8
MM, 26, 16, 8
MM, 25, 16, 8
MM, 23, 16, 8
MM, 19, 16, 8
MM, 15, 16, 8
MM, 12, 16, 8
MM, 8, 16, 8
MM, 6, 17, 7
MM, 5, 17, 9
MM, 4, 17, 8
MM, 5, 17, 232
MM, 8, 17, 16
MM, 9, 17, 8
MM, 10, 17, 8
MM, 11, 17, 8
MM, 12, 17, 16
MM, 14, 17, 80
MM, 15, 16, 8
MC, 1, 128
MM, 16, 16, 16
MM, 18, 16, 8
MM, 25, 16, 8
MM, 455, 592, 8
MM, 12, 26, 8
MM, 480, 603, 8
MM, 493, 609, 7
MM, 5, 8, 9
MM, 12, 13, 8
MM, 19, 19, 8
MM, 25, 26, 8
MM, 530, 642, 8
MM, 2, 1, 8
MM, 5, 6, 8
MM, 8, 11, 8
MM, 8, 13, 8
MM, 11, 20, 8
MM, 13, 22, 16
MC, 1, 280
MM, 14, 24, 64
MM, 14, 26, 8
MM, 14, 28, 8
MM, 13, 30, 8
MM, 542, 676, 8
MM, 542, 679, 8
MM, 541, 679, 8
MM, 541, 680, 8
MM, 141, 0, 8
MM, 141, 2, 8
MM, 139, 3, 8
MM, 138, 5, 8
MM, 137, 6, 8
MM, 136, 8, 8
MM, 135, 10, 16
MM, 135, 11, 8
MM, 135, 12, 16
MM, 135, 14, 16
MC, 1, 184
MM, 135, 12, 49
MM, 137, 10, 7
MM, 137, 8, 8
MM, 137, 6, 8
MM, 137, 2, 8
MM, 537, 681, 8
MM, 537, 677, 8
MM, 8, 27, 8
MM, 8, 23, 8
MM, 8, 21, 8
MM, 7, 20, 8
MM, 7, 16, 8
MM, 7, 15, 8
MM, 7, 13, 8
MM, 7, 11, 8
MM, 8, 9, 16
MM, 8, 8, 8
MM, 9, 6, 8
MM, 10, 5, 16
MM, 11, 4, 8
MM, 11, 3, 16
MM, 11, 2, 8
MM, 12, 1, 8
MM, 542, 644, 8
MM, 542, 643, 8
MM, 543, 640, 8
MM, 3, 30, 8
MM, 3, 27, 8
MM, 3, 21, 8
MM, 3, 14, 8
MM, 3, 8, 8
MM, 3, 5, 8
MM, 3, 1, 8
MM, 544, 607, 8
MM, 544, 605, 8
MM, 544, 604, 8
MM, 544, 603, 16
MM, 13, 30, 8
MM, 12, 28, 15
MM, 11, 27, 17
MM, 10, 26, 72
MM, 11, 25, 16
MM, 12, 25, 16
MM, 12, 24, 8
MM, 15, 23, 7
MM, 20, 23, 8
MM, 28, 21, 9
MM, 565, 591, 8
MM, 566, 590, 8
MM, 567, 590, 8
MM, 569, 590, 72
MM, 569, 589, 24
MP, 1, 96
MR, 1, 48
MC, 1, 0
MM, 0, 18, 8
MM, 2, 17, 8
MM, 4, 16, 7
MM, 3, 18, 120
MM, 3, 19, 9
MM, 2, 23, 8
MM, 0, 24, 8
MM, 568, 600, 8
MM, 568, 602, 7
MM, 568, 605, 9
MM, 567, 607, 8
MM, 27, 2, 8
MM, 27, 3, 7
MM, 25, 6, 8
MM, 25, 8, 9
MM, 24, 11, 8
MM, 24, 12, 8
MM, 23, 14, 8
MM, 22, 17, 8
MM, 22, 18, 9
MM, 22, 19, 7
MM, 22, 21, 8
MM, 22, 18, 64
MM, 22, 15, 8
MM, 25, 9, 8
MM, 28, 4, 8
MM, 569, 607, 8
MM, 569, 603, 8
MM, 1, 28, 8
MM, 1, 26, 8
MM, 1, 25, 16
MM, 569, 597, 72
MM, 567, 601, 8
MM, 566, 603, 8
MM, 26, 0, 7
MM, 25, 3, 9
MM, 25, 5, 8
MM, 25, 6, 24
MM, 25, 7, 24
MM, 26, 7, 16
MM, 27, 6, 8
MM, 28, 4, 8
MM, 30, 2, 8
MM, 573, 607, 9
MM, 574, 606, 7
MM, 576, 602, 8
MM, 7, 26, 16
MM, 7, 25, 24
MM, 7, 24, 24
MM, 8, 21, 8
MM, 9, 21, 16
MM, 9, 20, 16
MM, 9, 18, 8
MC, 1, 152
MM, 9, 20, 48
MM, 9, 22, 8
MM, 8, 25, 8
MM, 6, 29, 8
MM, 575, 603, 8
MM, 574, 606, 8
MM, 33, 2, 8
MM, 31, 5, 8
MM, 30, 8, 8
MM, 30, 13, 8
MM, 28, 17, 8
MM, 27, 24, 8
MM, 27, 28, 8
MM, 565, 640, 8
MM, 564, 646, 8
MM, 33, 7, 8
MM, 33, 9, 8
MM, 32, 11, 8
MM, 30, 15, 8
MM, 29, 17, 8
MM, 28, 19, 8
MM, 28, 21, 8
MM, 27, 23, 15
MM, 26, 26, 9
MM, 25, 27, 8
MM, 25, 28, 24
MM, 25, 30, 16
MM, 24, 30, 8
MM, 23, 30, 40
MM, 22, 30, 16
MM, 21, 30, 16
MM, 20, 30, 16
MM, 19, 30, 24
MM, 17, 30, 16
MM, 16, 30, 16
MM, 15, 30, 16
MM, 15, 28, 80
MM, 16, 26, 16
MM, 16, 25, 32
MM, 16, 23, 8
MM, 17, 22, 8
MM, 18, 19, 8
MM, 18, 18, 8
MM, 18, 17, 24
MM, 18, 16, 8
MM, 18, 14, 16
MM, 18, 13, 16
MM, 18, 12, 8
MC, 1, 152
MM, 18, 10, 16
MM, 18, 9, 8
MM, 18, 6, 8
MM, 13, 1, 8
MM, 536, 640, 8
MM, 30, 26, 8
MM, 23, 22, 7
MM, 18, 18, 8
MM, 12, 11, 9
MM, 7, 9, 8
MM, 4, 5, 8
MM, 2, 2, 8
MM, 2, 0, 16
MM, 501, 607, 8
MM, 501, 605, 8
MM, 501, 604, 8
MM, 501, 603, 48
MM, 7, 30, 23
MM, 7, 29, 17
MM, 7, 28, 8
MM, 7, 27, 8
MM, 7, 26, 8
MM, 7, 25, 8
MM, 7, 24, 32
MM, 7, 23, 8
MM, 9, 23, 8
MM, 10, 22, 8
MM, 13, 20, 8
MM, 14, 20, 16
MM, 16, 19, 16
MM, 18, 19, 24
MM, 20, 18, 8
MM, 20, 17, 24
MM, 22, 15, 8
MM, 24, 14, 16
MM, 25, 14, 8
MM, 26, 13, 8
MC, 1, 152
MM, 28, 13, 24
MM, 526, 584, 16
MM, 3, 13, 8
MM, 10, 13, 8
MM, 16, 16, 8
MM, 23, 16, 8
MM, 31, 17, 8
MM, 0, 19, 8
MM, 10, 19, 8
MM, 17, 20, 8
MM, 25, 20, 8
MM, 30, 22, 8
MM, 607, 595, 8
MM, 610, 595, 8
MM, 2, 24, 8
MM, 4, 24, 8
MM, 7, 24, 8
MM, 8, 24, 8
MM, 11, 24, 8
MM, 18, 24, 8
MM, 27, 25, 8
MM, 646, 596, 8
MM, 2, 25, 8
MM, 6, 25, 8
MM, 4, 25, 240
MM, 2, 25, 8
MM, 646, 596, 8
MM, 642, 595, 8
MM, 28, 24, 8
MM, 25, 23, 8
MM, 21, 23, 8
MM, 20, 23, 8
MM, 19, 22, 8
MM, 19, 20, 55
MM, 19, 19, 17
MC, 1, 168
MM, 22, 18, 16
MM, 29, 20, 8
MM, 4, 25, 8
MM, 11, 29, 7
MM, 16, 30, 9
MM, 671, 605, 8
MM, 672, 606, 8
MM, 672, 607, 8
MM, 14, 0, 8
MM, 14, 2, 8
MM, 14, 4, 32
MM, 14, 5, 16
MM, 14, 6, 16
MM, 14, 7, 40
MM, 14, 9, 40
MC, 1, 192
MC, 2, 168
MM, 14, 10, 48
MM, 14, 12, 16
MM, 12, 14, 8
MM, 9, 19, 8
MM, 4, 24, 8
MM, 654, 640, 8
MM, 649, 645, 8
MM, 27, 8, 8
MM, 16, 16, 8
MM, 6, 23, 8
MM, 610, 678, 8
MM, 597, 684, 8
MM, 585, 687, 8
MM, 571, 690, 8
MM, 158, 10, 8
MM, 146, 15, 8
MM, 141, 15, 8
MM, 137, 16, 8
MM, 135, 16, 8
MM, 132, 16, 8
MM, 130, 16, 8
MM, 126, 16, 8
MM, 121, 16, 8
MM, 116, 16, 8
MM, 113, 16, 8
MM, 107, 16, 8
MM, 104, 16, 8
MM, 99, 16, 8
MM, 98, 16, 8
MM, 97, 16, 8
MM, 95, 16, 8
MM, 94, 16, 9
MM, 93, 16, 15
MM, 92, 17, 7
MM, 89, 18, 17
MM, 88, 18, 56
MC, 1, 160
MM, 87, 18, 7
MM, 84, 17, 17
MM, 84, 13, 8
MM, 83, 9, 8
MM, 480, 678, 8
MM, 26, 21, 8
MM, 25, 9, 8
MM, 7, 29, 8
MM, 1, 3, 8
MM, 2, 22, 8
MM, 455, 582, 8
MM, 455, 576, 8
MM, 455, 573, 8
MM, 455, 572, 7
MM, 453, 569, 8
MM, 453, 568, 9
MM, 453, 567, 15
MM, 453, 565, 8
MM, 453, 564, 97
MM, 0, 30, 16
MM, 458, 565, 8
MM, 462, 566, 8
MM, 465, 568, 8
MM, 20, 0, 8
MM, 27, 2, 7
MM, 491, 575, 8
MM, 2, 6, 9
MM, 3, 6, 8
MM, 4, 6, 8
MM, 4, 8, 184
MC, 1, 152
MM, 8, 12, 32
MM, 16, 13, 16
MM, 23, 17, 7
MM, 30, 19, 9
MM, 526, 591, 8
MM, 528, 592, 8
MM, 0, 23, 8
MM, 1, 24, 8
MM, 1, 27, 24
MM, 2, 27, 8
MM, 2, 28, 8
MM, 535, 604, 8
MM, 536, 604, 8
MM, 537, 605, 8
MM, 538, 606, 8
MM, 538, 607, 8
MM, 538, 608, 64
MM, 539, 609, 16
MM, 539, 610, 120
MM, 539, 611, 16
MM, 539, 612, 32
MM, 539, 613, 7
MM, 0, 6, 25
MM, 1, 7, 8
MM, 2, 8, 16
MC, 1, 192
MM, 0, 8, 32
MM, 535, 616, 8
MM, 30, 7, 8
MM, 27, 6, 8
MM, 19, 3, 8
MM, 10, 0, 8
MM, 500, 602, 8
MM, 493, 599, 8
MM, 31, 27, 8
MM, 24, 23, 8
MM, 13, 20, 8
MM, 5, 17, 8
MM, 454, 587, 8
MM, 450, 587, 8
MM, 31, 15, 8
MM, 31, 14, 23
MM, 30, 14, 9
MM, 28, 12, 40
MM, 27, 11, 16
MM, 25, 11, 48
MM, 24, 11, 8
MM, 23, 11, 24
MM, 31, 11, 184
MM, 454, 582, 8
MM, 8, 11, 8
MM, 20, 11, 8
MM, 30, 11, 8
MM, 493, 582, 8
MM, 1, 11, 8
MM, 3, 11, 9
MM, 4, 11, 6
MM, 5, 11, 26
MM, 10, 12, 7
MM, 15, 14, 8
MM, 21, 14, 7
MM, 25, 15, 9
MM, 27, 15, 8
MM, 526, 586, 8
MM, 528, 586, 8
MM, 530, 586, 40
MM, 1, 15, 16
MM, 3, 15, 16
MM, 4, 15, 8
MM, 5, 15, 8
MM, 6, 15, 8
MM, 8, 15, 32
MM, 9, 15, 16
MM, 10, 15, 16
MM, 12, 15, 8
MM, 13, 15, 24
MM, 15, 15, 24
MM, 15, 14, 7
MC, 1, 129
MM, 13, 16, 32
MM, 12, 20, 8
MM, 11, 25, 8
MM, 8, 30, 8
MM, 536, 608, 7
MM, 31, 9, 8
MM, 28, 21, 8
MM, 24, 30, 8
MM, 32, 2, 8
MM, 25, 16, 8
MM, 25, 22, 8
MM, 511, 676, 8
MM, 509, 681, 8
MM, 109, 2, 8
MM, 109, 4, 9
MM, 109, 5, 8
MM, 109, 6, 8
MM, 109, 7, 8
MM, 109, 8, 112
MM, 109, 9, 8
MM, 109, 10, 152
MC, 1, 152
MM, 108, 10, 48
MM, 106, 10, 25
MM, 104, 12, 7
MM, 100, 12, 8
MM, 97, 12, 8
MM, 86, 12, 8
MM, 70, 8, 8
MM, 52, 3, 8
MM, 429, 680, 8
MM, 404, 672, 8
MM, 367, 661, 7
MM, 19, 9, 8
MM, 4, 3, 9
MM, 325, 645, 8
MM, 322, 642, 8
MM, 321, 642, 8
MM, 321, 641, 8
MM, 321, 639, 8
MM, 46, 29, 16
MM, 46, 28, 8
MM, 46, 26, 8
MM, 46, 25, 24
MM, 46, 24, 16
MM, 47, 21, 8
MM, 49, 19, 8
MM, 50, 18, 16
MM, 50, 16, 8
MM, 50, 15, 8
MM, 50, 14, 16
MM, 51, 14, 24
MM, 53, 12, 8
MM, 54, 11, 24
MM, 56, 11, 16
MM, 333, 619, 7
MM, 336, 619, 8
MM, 338, 619, 9
MM, 3, 11, 8
MM, 5, 11, 8
MM, 10, 11, 8
MM, 14, 11, 8
MM, 15, 11, 32
MM, 16, 11, 23
MM, 17, 11, 10
MC, 1, 191
MM, 19, 11, 7
MM, 25, 11, 8
MM, 374, 618, 8
MM, 8, 9, 9
MM, 20, 7, 8
MM, 33, 4, 8
MM, 2, 2, 8
MM, 14, 1, 8
MM, 448, 607, 8
MM, 462, 604, 8
MM, 470, 603, 8
MM, 23, 30, 8
MM, 491, 601, 8
MM, 3, 30, 8
MM, 6, 29, 7
MM, 8, 29, 9
MM, 9, 28, 24
MM, 8, 26, 8
MM, 6, 25, 80
MM, 5, 25, 8
MM, 3, 25, 8
MM, 0, 25, 8
MM, 488, 593, 8
MM, 27, 22, 8
MM, 24, 20, 8
MM, 22, 20, 7
MM, 21, 20, 9
MM, 20, 20, 48
MM, 17, 20, 16
MM, 12, 18, 8
MM, 10, 18, 8
MM, 9, 18, 8
MC, 1, 160
MM, 8, 17, 40
MM, 7, 17, 8
MM, 0, 16, 8
MM, 450, 587, 8
MM, 29, 16, 8
MM, 25, 16, 7
MM, 23, 16, 9
MM, 19, 16, 9
MC, 1, 272
MM, 25, 21, 39
MM, 29, 26, 8
MM, 31, 28, 8
MM, 451, 606, 8
MM, 457, 613, 8
MM, 460, 620, 8
MM, 4, 19, 8
MM, 6, 26, 8
MM, 474, 643, 8
MM, 30, 7, 8
MM, 483, 660, 8
MM, 0, 24, 8
MM, 490, 678, 8
MM, 97, 11, 8
MM, 102, 21, 8
MM, 103, 23, 8
MM, 103, 25, 8
MM, 104, 27, 8
MM, 104, 28, 8
MM, 104, 29, 16
MM, 104, 26, 216
MM, 104, 25, 7
MM, 104, 24, 9
MM, 105, 22, 8
MM, 106, 18, 8
MM, 107, 16, 8
MM, 108, 15, 8
MM, 109, 14, 8
MM, 109, 12, 8
MM, 109, 11, 8
MM, 109, 10, 24
MC, 1, 168
MM, 110, 9, 16
MM, 112, 9, 8
MM, 117, 9, 8
MM, 120, 6, 8
MM, 133, 1, 8
MM, 547, 678, 8
MM, 29, 30, 8
MM, 4, 25, 8
MM, 25, 18, 8
MM, 611, 660, 8
MM, 15, 8, 8
MM, 29, 5, 8
MM, 1, 1, 8
MM, 662, 643, 8
MM, 665, 643, 8
MM, 670, 640, 8
MM, 670, 639, 8
MM, 671, 639, 8
MM, 672, 639, 7
MM, 15, 30, 17
MM, 16, 29, 24
MM, 17, 28, 8
MM, 18, 27, 8
MM, 19, 26, 16
MM, 20, 25, 24
MM, 20, 24, 16
MM, 21, 23, 8
MM, 22, 22, 8
MM, 23, 19, 8
MM, 25, 17, 8
MM, 28, 13, 8
MM, 689, 618, 8
MM, 691, 616, 8
MM, 693, 611, 8
MM, 697, 608, 8
MM, 10, 30, 7
MM, 11, 27, 8
MM, 11, 26, 9
MM, 11, 23, 8
MM, 12, 21, 8
MM, 13, 20, 8
MC, 1, 248
MM, 8, 20, 16
MM, 0, 20, 8
MM, 29, 20, 8
MM, 19, 20, 8
MM, 9, 19, 8
MM, 5, 19, 8
MM, 2, 19, 8
MM, 1, 19, 8
MM, 646, 590, 72
MM, 645, 590, 8
MM, 644, 590, 24
MM, 642, 590, 16
MM, 30, 19, 48
MM, 28, 19, 32
MM, 26, 21, 55
MM, 25, 21, 17
MM, 22, 21, 8
MM, 21, 21, 16
MC, 1, 216
MM, 20, 21, 32
MM, 15, 24, 10
MM, 6, 26, 6
MM, 610, 599, 8
MM, 600, 602, 9
MM, 590, 603, 7
MM, 581, 606, 7
MM, 30, 1, 10
MM, 24, 4, 7
MM, 13, 8, 8
MM, 4, 11, 8
MM, 538, 621, 8
MM, 30, 16, 8
MM, 21, 20, 8
MM, 17, 21, 8
MM, 8, 23, 8
MM, 1, 25, 8
MM, 30, 27, 8
MM, 23, 29, 8
MM, 17, 29, 8
MM, 472, 640, 8
MM, 466, 641, 7
MM, 462, 642, 8
MM, 459, 644, 9
MM, 458, 644, 8
MM, 456, 644, 8
MM, 4, 0, 16
MM, 3, 1, 8
MM, 2, 1, 8
MM, 1, 1, 8
MM, 446, 646, 8
MM, 445, 646, 15
MM, 33, 2, 33
MM, 31, 3, 8
MM, 29, 4, 8
MM, 27, 5, 8
MM, 25, 6, 8
MM, 23, 6, 8
MM, 19, 8, 8
MM, 33, 8, 328
MM, 3, 8, 8
MM, 17, 8, 8
MM, 31, 8, 7
MM, 6, 8, 9
MM, 19, 5, 8
MM, 31, 3, 8
MM, 527, 647, 8
MM, 6, 2, 8
MM, 10, 1, 7
MM, 16, 1, 9
MM, 550, 643, 8
MM, 556, 643, 8
MM, 562, 642, 8
MM, 569, 642, 8
MM, 577, 642, 7
MM, 585, 642, 8
MM, 593, 639, 9
MM, 605, 639, 8
MM, 614, 639, 8
MM, 2, 28, 8
MM, 4, 28, 8
MM, 6, 28, 8
MM, 7, 27, 8
MM, 8, 26, 40
MM, 10, 24, 7
MM, 12, 23, 17
MM, 15, 23, 8
MM, 16, 22, 7
MM, 17, 21, 9
MM, 17, 20, 24
MM, 17, 19, 24
MM, 17, 18, 39
MM, 17, 16, 8
MM, 17, 15, 17
MM, 18, 14, 8
MC, 1, 152
MM, 17, 12, 7
MM, 12, 12, 9
MM, 9, 12, 8
MM, 0, 10, 9
MM, 26, 8, 6
MM, 16, 7, 9
MM, 3, 2, 8
MM, 570, 607, 8
MM, 555, 602, 8
MM, 10, 29, 8
MM, 527, 599, 7
MM, 17, 26, 8
MM, 5, 23, 8
MM, 30, 21, 8
MM, 22, 21, 9
MM, 19, 20, 8
MM, 14, 20, 8
MM, 10, 19, 8
MM, 5, 19, 8
MM, 2, 19, 8
MM, 453, 588, 9
MM, 450, 588, 7
MM, 33, 17, 8
MM, 29, 17, 8
MM, 27, 17, 7
MM, 24, 17, 8
MM, 23, 17, 9
MM, 22, 16, 184
MC, 1, 104
MM, 22, 17, 24
MM, 22, 20, 8
MM, 22, 21, 8
MM, 22, 25, 8
MM, 22, 28, 7
MM, 437, 602, 9
MM, 437, 604, 8
MM, 437, 606, 8
MM, 16, 0, 8
MM, 16, 3, 8
MM, 16, 5, 16
MM, 17, 6, 16
MM, 18, 7, 56
MC, 1, 160
MM, 21, 9, 32
MM, 32, 12, 8
MM, 1, 13, 8
MM, 12, 18, 8
MM, 24, 21, 9
MM, 0, 25, 6
MM, 10, 28, 8
MM, 518, 641, 9
MM, 2, 2, 8
MM, 13, 10, 8
MM, 24, 15, 8
MM, 567, 666, 8
MM, 6, 24, 8
MM, 13, 28, 7
MM, 592, 676, 8
MM, 595, 678, 9
MM, 601, 680, 7
MM, 602, 680, 81
MM, 604, 680, 8
MM, 605, 680, 8
MM, 606, 680, 23
MM, 607, 680, 8
MM, 607, 679, 9
MM, 609, 677, 8
MM, 610, 676, 8
MM, 611, 674, 7
MM, 612, 672, 9
MM, 614, 670, 16
MM, 0, 23, 16
MM, 1, 22, 8
MM, 3, 22, 16
MM, 5, 22, 8
MM, 9, 21, 8
MM, 10, 21, 8
MM, 11, 21, 8
MM, 14, 21, 8
MM, 15, 21, 8
MM, 16, 20, 8
MM, 16, 19, 56
MM, 17, 19, 16
MM, 18, 19, 8
MM, 19, 19, 8
MM, 23, 18, 16
MM, 26, 17, 8
MM, 28, 17, 8
MM, 29, 17, 8
MM, 30, 17, 56
MM, 647, 662, 56
MM, 648, 662, 16
MM, 0, 16, 88
MM, 5, 14, 24
MM, 7, 14, 8
MM, 8, 14, 72
MM, 9, 13, 8
MC, 1, 144
MM, 10, 13, 16
MM, 13, 12, 8
MM, 19, 12, 8
MM, 683, 657, 8
MM, 691, 657, 8
MM, 705, 657, 8
MM, 719, 655, 8
MM, 730, 652, 8
MM, 742, 652, 8
MM, 754, 651, 8
MM, 770, 648, 8
MM, 9, 25, 8
MM, 19, 25, 8
MM, 33, 25, 8
MM, 42, 25, 8
MM, 48, 25, 8
MM, 54, 25, 8
MM, 57, 25, 8
MM, 58, 24, 32
