********************************************************************************
LOGGING TIME: 20180907_170341
CLIENT IP: 10.102.59.17
USERNAME: Baba_Bradpitt
OS: Windows 10
**********************************Emotional database********************************************************************************
MM, 493, 186, 1537598292619
MM, 490, 183, 8
MM, 488, 181, 8
MM, 487, 180, 8
MM, 483, 179, 8
MM, 478, 178, 8
MM, 471, 174, 9
MM, 465, 172, 8
MM, 458, 170, 7
MM, 453, 166, 8
MM, 449, 163, 9
MM, 448, 161, 8
MM, 447, 161, 8
MM, 445, 159, 8
MM, 443, 155, 8
MM, 440, 153, 8
MM, 436, 151, 8
MM, 431, 147, 7
MM, 426, 145, 8
MM, 420, 143, 9
MM, 415, 142, 7
MM, 410, 138, 8
MM, 408, 137, 8
MM, 403, 135, 8
MM, 396, 131, 8
MM, 394, 130, 8
MM, 388, 128, 8
MM, 381, 124, 8
MM, 376, 123, 8
MM, 373, 122, 8
MM, 370, 120, 8
MM, 368, 119, 9
MM, 366, 119, 7
MM, 365, 118, 8
MM, 361, 118, 49
MM, 360, 118, 8
MM, 356, 118, 8
MM, 353, 118, 7
MM, 351, 118, 8
MM, 348, 118, 9
MM, 346, 118, 7
MM, 343, 118, 8
MM, 340, 118, 8
MM, 336, 118, 9
MM, 332, 118, 8
MM, 329, 118, 8
MM, 310, 125, 479
MM, 310, 127, 8
MM, 314, 131, 8
MM, 315, 133, 8
MM, 318, 138, 8
MM, 319, 138, 8
MM, 321, 143, 8
MM, 323, 145, 8
MM, 324, 146, 8
MM, 326, 149, 8
MM, 326, 151, 8
MM, 330, 154, 8
MM, 331, 155, 8
MM, 334, 158, 8
MM, 336, 160, 8
MM, 337, 162, 8
MM, 340, 165, 8
MM, 343, 170, 8
MM, 347, 176, 8
MM, 353, 186, 8
MM, 340, 267, 457
MM, 336, 272, 8
MM, 332, 278, 8
MM, 329, 281, 9
MM, 325, 286, 7
MM, 320, 287, 8
MM, 317, 291, 8
MM, 313, 292, 9
MM, 307, 296, 7
MM, 55, 0, 8
MM, 53, 2, 7
MM, 52, 5, 8
MM, 51, 8, 9
MM, 50, 13, 8
MM, 49, 16, 7
MM, 49, 17, 8
MM, 47, 19, 9
MM, 47, 20, 8
MM, 47, 21, 72
MM, 45, 22, 479
MM, 45, 23, 33105
MM, 45, 25, 9
MM, 50, 28, 7
MM, 61, 34, 8
MM, 76, 40, 7
MM, 92, 47, 9
MM, 105, 52, 7
MM, 116, 56, 9
MM, 119, 58, 7
MM, 126, 61, 8
MM, 126, 62, 90
MM, 126, 65, 8
MM, 120, 76, 7
MM, 360, 395, 9
MM, 347, 415, 7
MM, 86, 6, 9
MM, 77, 17, 7
MM, 71, 26, 8
MM, 68, 31, 7
MM, 66, 34, 8
MM, 65, 36, 8
MM, 65, 37, 105
MM, 66, 37, 8
MM, 67, 37, 9
MM, 69, 35, 7
MM, 69, 34, 11
MM, 69, 31, 5
MM, 70, 29, 8
MM, 72, 24, 8
MM, 72, 22, 8
MM, 73, 18, 9
MM, 76, 11, 6
MM, 78, 6, 8
MM, 78, 5, 9
MM, 79, 4, 8
MM, 80, 4, 7
MM, 81, 4, 8
MM, 82, 4, 57
MM, 83, 5, 144
MM, 83, 8, 9
MM, 79, 13, 7
MM, 72, 22, 8
MM, 66, 28, 7
MM, 59, 35, 8
MM, 50, 40, 8
MM, 48, 43, 8
MM, 47, 43, 129
MM, 46, 43, 8
MM, 42, 43, 528
MM, 47, 43, 9
MM, 64, 48, 8
MM, 80, 51, 7
MM, 94, 51, 9
MM, 108, 51, 8
MM, 121, 48, 8
MM, 129, 43, 7
MM, 132, 41, 8
MM, 131, 38, 8
MM, 120, 32, 8
MM, 95, 16, 7
MM, 321, 423, 8
MM, 296, 407, 8
MM, 264, 389, 8
MM, 240, 375, 8
MM, 208, 357, 9
MM, 192, 347, 8
MM, 175, 337, 8
MM, 172, 332, 8
MM, 168, 321, 9
MM, 168, 316, 7
MM, 169, 314, 9
MM, 172, 314, 31
MM, 176, 319, 9
MM, 181, 330, 8
MM, 184, 342, 7
MM, 185, 359, 8
MM, 189, 377, 7
MM, 189, 385, 9
MM, 190, 397, 10
MM, 192, 404, 5
MM, 193, 406, 8
MM, 195, 410, 8
MM, 196, 411, 8
MM, 198, 416, 9
MM, 200, 418, 7
MM, 202, 420, 9
MM, 206, 428, 7
MM, 215, 437, 9
MM, 226, 443, 7
MM, 245, 450, 9
MM, 14, 26, 7
MM, 42, 28, 8
MM, 50, 28, 8
MM, 62, 28, 8
MM, 69, 32, 9
MM, 71, 32, 8
MM, 74, 32, 201
MM, 74, 31, 24
MM, 73, 29, 15
MM, 73, 28, 39
MM, 75, 29, 16
MM, 75, 35, 8
MM, 78, 44, 8
MM, 81, 54, 8
MM, 84, 63, 8
MM, 84, 75, 8
MM, 84, 83, 8
MM, 84, 89, 8
MM, 335, 520, 9
MM, 335, 522, 8
MM, 334, 524, 7
MM, 333, 526, 9
MM, 333, 527, 8
MM, 333, 530, 8
MM, 333, 532, 7
MM, 334, 536, 8
MM, 13, 7, 40
MM, 26, 18, 9
MM, 32, 23, 7
MM, 35, 26, 8
MM, 410, 599, 8
MM, 412, 600, 8
MM, 2, 30, 8
MM, 5, 30, 8
MM, 6, 30, 8
MM, 8, 30, 17
MM, 10, 30, 7
MM, 13, 27, 8
MM, 14, 26, 10
MM, 16, 26, 8
MM, 18, 25, 8
MM, 20, 23, 8
MM, 22, 22, 7
MM, 24, 19, 8
MM, 24, 16, 8
MM, 27, 14, 8
MM, 27, 13, 7
MM, 27, 12, 8
MM, 27, 11, 16
MM, 27, 9, 16
MM, 27, 8, 9
MM, 27, 7, 7
MM, 25, 5, 16
MM, 20, 3, 9
MM, 15, 2, 7
MM, 11, 1, 8
MM, 421, 570, 8
MM, 420, 570, 9
MM, 418, 569, 7
MM, 417, 568, 8
MM, 416, 567, 8
MM, 415, 566, 8
MM, 0, 30, 8
MM, 413, 563, 16
MM, 412, 562, 8
MM, 409, 561, 9
MM, 33, 25, 7
MM, 31, 24, 9
MM, 26, 24, 8
MM, 20, 22, 7
MM, 14, 22, 8
MM, 9, 22, 9
MM, 5, 22, 8
MM, 3, 22, 7
MM, 5, 22, 329
MM, 13, 22, 7
MM, 17, 22, 8
MM, 31, 22, 8
MM, 6, 22, 8
MM, 28, 22, 8
MM, 4, 22, 8
MM, 26, 22, 8
MM, 4, 22, 8
MM, 32, 22, 8
MM, 23, 22, 8
MM, 23, 22, 9
MM, 19, 22, 7
MM, 15, 22, 8
MM, 696, 556, 8
MM, 10, 22, 8
MM, 18, 22, 8
MM, 31, 22, 16
MM, 737, 556, 8
MM, 738, 556, 8
MM, 740, 556, 10
MM, 740, 555, 22
MM, 740, 554, 8
MM, 738, 553, 8
MM, 737, 553, 9
MM, 34, 18, 8
MM, 33, 17, 23
MM, 31, 15, 8
MM, 29, 13, 17
MM, 26, 13, 7
MM, 17, 9, 8
MM, 14, 8, 16
MM, 12, 7, 8
MM, 11, 6, 16
MM, 10, 6, 8
MM, 9, 6, 8
MM, 9, 5, 8
MM, 8, 4, 8
MM, 7, 3, 8
MM, 3, 3, 8
MM, 1, 2, 8
MM, 701, 536, 8
MM, 697, 536, 9
MM, 696, 536, 7
MM, 33, 2, 8
MM, 29, 2, 8
MM, 26, 2, 9
MM, 25, 2, 7
MM, 24, 2, 8
MM, 23, 2, 25
MM, 23, 3, 8
MM, 23, 4, 8
MM, 23, 6, 23
MM, 24, 7, 16
MM, 24, 8, 16
MM, 24, 9, 8
MM, 24, 10, 16
MM, 24, 12, 17
MM, 24, 13, 280
MM, 24, 18, 7
MM, 24, 23, 8
MM, 22, 30, 9
MM, 33, 2, 8
MM, 28, 11, 7
MM, 22, 24, 8
MM, 665, 607, 9
MM, 1, 12, 7
MM, 644, 640, 8
MM, 21, 8, 9
MM, 13, 24, 7
MM, 625, 678, 9
MM, 620, 687, 8
MM, 619, 693, 8
MM, 619, 697, 7
MM, 618, 694, 89
MM, 618, 692, 7
MM, 618, 691, 8
MM, 616, 689, 8
MM, 616, 688, 8
MM, 616, 687, 8
MM, 615, 686, 42
MM, 615, 684, 7
MM, 615, 682, 8
MM, 615, 680, 9
MM, 615, 678, 8
MM, 615, 677, 7
MM, 1, 29, 7
MM, 4, 26, 8
MM, 7, 24, 9
MM, 8, 22, 7
MM, 11, 21, 9
MM, 13, 18, 7
MM, 17, 15, 8
MM, 19, 13, 16
MM, 22, 14, 88
MM, 23, 16, 9
MM, 24, 17, 8
MM, 27, 20, 7
MM, 29, 22, 9
MM, 646, 668, 7
MM, 647, 668, 8
MM, 648, 668, 24
MM, 649, 668, 25
MM, 651, 668, 24
MM, 1, 23, 7
MM, 2, 23, 8
MM, 6, 23, 8
MM, 6, 22, 41
MM, 7, 21, 47
MM, 7, 20, 32
MM, 8, 19, 8
MM, 9, 19, 9
MM, 10, 18, 7
MC, 1, 160
MM, 10, 16, 24
MM, 5, 16, 9
MM, 651, 659, 7
MM, 28, 14, 8
MM, 22, 14, 8
MM, 12, 14, 8
MM, 611, 659, 8
MM, 21, 10, 8
MM, 3, 9, 8
MM, 24, 5, 8
MM, 1, 2, 9
MM, 510, 642, 7
MM, 490, 642, 8
MM, 474, 640, 9
MM, 463, 639, 8
MM, 34, 29, 7
MM, 24, 26, 8
MM, 20, 25, 8
MM, 17, 24, 8
MM, 15, 24, 8
MM, 13, 23, 9
MM, 12, 23, 16
MM, 11, 23, 7
MM, 8, 23, 9
MM, 5, 23, 8
MM, 0, 21, 7
MM, 418, 629, 8
MM, 415, 627, 8
MM, 30, 19, 8
MM, 26, 19, 8
MM, 25, 19, 8
MM, 27, 18, 48
MM, 24, 18, 88
MM, 15, 18, 9
MM, 4, 15, 7
MM, 378, 621, 8
MM, 33, 13, 8
MM, 28, 12, 9
MM, 25, 12, 8
MM, 22, 11, 8
MM, 21, 11, 8
MM, 19, 11, 7
MM, 18, 10, 41
MM, 18, 9, 40
MC, 1, 263
MM, 19, 8, 64
MM, 23, 8, 9
MM, 28, 9, 7
MM, 33, 13, 8
MM, 1, 19, 8
MM, 8, 24, 8
MM, 17, 29, 8
MM, 408, 643, 8
MM, 10, 4, 8
MM, 25, 12, 8
MM, 447, 664, 8
MM, 12, 25, 8
MM, 19, 28, 8
MM, 475, 679, 8
MM, 476, 680, 9
MM, 477, 681, 7
MM, 79, 2, 8
MM, 76, 2, 40
MM, 74, 2, 16
MM, 71, 2, 16
MM, 70, 2, 8
MM, 69, 1, 8
MM, 68, 0, 8
MM, 468, 680, 8
MM, 466, 677, 8
MM, 465, 676, 16
MM, 15, 30, 8
MM, 14, 29, 8
MM, 13, 27, 8
MM, 10, 24, 16
MM, 10, 23, 16
MM, 11, 22, 48
MM, 17, 22, 8
MM, 25, 22, 8
MM, 0, 22, 9
MM, 18, 22, 7
MM, 528, 667, 8
MM, 26, 22, 8
MM, 14, 22, 8
MM, 612, 667, 8
MM, 649, 667, 8
MM, 26, 22, 8
MM, 703, 667, 8
MM, 728, 667, 8
MM, 743, 667, 8
MM, 752, 667, 8
MM, 755, 666, 9
MM, 755, 665, 23
MM, 755, 664, 10
MM, 754, 663, 8
MM, 753, 663, 7
MM, 752, 662, 9
MM, 751, 661, 31
MM, 751, 660, 8
MM, 751, 659, 7
MM, 751, 658, 9
MM, 751, 656, 8
MM, 751, 655, 15
MM, 751, 652, 8
MM, 751, 651, 9
MM, 751, 649, 8
MM, 752, 648, 8
MM, 752, 646, 8
MM, 753, 644, 7
MM, 754, 641, 8
MM, 758, 638, 9
MM, 758, 636, 7
MM, 759, 635, 8
MM, 760, 633, 9
MM, 760, 632, 8
MM, 761, 630, 24
MM, 763, 628, 16
MM, 764, 626, 8
MM, 765, 624, 8
MM, 768, 620, 8
MM, 769, 619, 8
MM, 770, 616, 8
MM, 771, 611, 8
MM, 773, 609, 8
MM, 775, 603, 8
MM, 780, 594, 8
MM, 782, 590, 8
MM, 783, 590, 12
MM, 785, 585, 4
MM, 785, 582, 16
MM, 785, 580, 8
MM, 785, 579, 16
MM, 785, 577, 9
MM, 785, 576, 7
MM, 785, 575, 24
MM, 787, 573, 16
MM, 788, 570, 15
MM, 790, 567, 17
MM, 790, 566, 7
MM, 790, 565, 17
MM, 785, 567, 263
MM, 776, 575, 9
MM, 767, 582, 8
MM, 756, 592, 7
MM, 739, 599, 8
MM, 721, 607, 8
MM, 702, 617, 8
MM, 17, 22, 8
MM, 651, 644, 8
MM, 20, 4, 9
MM, 5, 12, 8
MM, 35, 18, 7
MM, 25, 24, 8
MM, 14, 27, 8
MM, 575, 677, 8
MM, 567, 680, 9
MM, 565, 681, 7
MM, 162, 1, 8
MM, 162, 2, 9
MM, 158, 3, 8
MM, 154, 4, 8
MM, 151, 6, 7
MM, 149, 7, 8
MM, 139, 8, 8
MM, 131, 11, 8
MM, 122, 13, 8
MM, 110, 14, 9
MM, 98, 16, 8
MM, 86, 16, 8
MM, 78, 16, 8
MM, 70, 16, 8
MM, 63, 16, 7
MM, 57, 16, 8
MM, 53, 16, 8
MM, 50, 16, 8
MM, 49, 16, 8
MM, 46, 16, 8
MM, 42, 15, 9
MM, 40, 10, 7
MM, 38, 5, 8
MM, 432, 680, 9
MM, 17, 27, 7
MM, 12, 17, 9
MM, 9, 6, 8
MM, 414, 642, 8
MM, 32, 22, 8
MM, 31, 8, 7
MM, 411, 596, 8
MM, 411, 582, 9
MM, 411, 578, 7
MM, 411, 576, 8
MM, 411, 572, 8
MM, 413, 570, 9
MM, 414, 566, 7
MM, 415, 565, 8
MM, 1, 30, 8
MM, 2, 28, 9
MM, 3, 26, 15
MM, 4, 25, 8
MM, 5, 24, 9
MM, 8, 24, 7
MM, 9, 24, 8
MM, 13, 22, 8
MM, 15, 21, 9
MM, 16, 20, 15
MM, 17, 20, 49
MM, 19, 20, 7
MM, 20, 20, 8
MM, 23, 21, 8
MM, 25, 23, 9
MM, 25, 27, 7
MM, 25, 29, 8
MM, 439, 566, 8
MM, 440, 569, 9
MM, 28, 3, 7
MM, 29, 4, 9
MM, 31, 6, 7
MM, 33, 8, 8
MM, 451, 580, 8
MM, 454, 582, 8
MM, 5, 14, 9
MM, 14, 18, 8
MM, 18, 19, 8
MM, 23, 20, 8
MM, 27, 22, 8
MM, 29, 22, 8
MM, 30, 22, 8
MM, 490, 593, 8
MM, 2, 22, 7
MM, 5, 22, 8
MM, 7, 22, 8
MM, 8, 22, 8
MM, 11, 22, 56
MM, 12, 20, 24
MM, 12, 19, 41
MM, 12, 18, 15
MM, 12, 16, 8
MM, 12, 15, 17
MM, 12, 14, 7
MM, 12, 11, 8
MM, 11, 9, 8
MM, 10, 7, 32
MM, 16, 6, 225
MM, 20, 8, 7
MM, 23, 9, 8
MM, 25, 12, 8
MM, 29, 16, 8
MM, 525, 589, 8
MM, 527, 591, 8
MM, 529, 594, 8
MM, 2, 28, 8
MM, 537, 605, 8
MM, 0, 0, 8
MM, 1, 1, 9
MM, 5, 5, 8
MM, 10, 8, 8
MM, 12, 10, 8
MM, 17, 11, 8
MC, 1, 248
MM, 16, 11, 7
MM, 13, 11, 9
MM, 11, 11, 8
MM, 3, 9, 7
MM, 536, 615, 8
MM, 31, 4, 9
MM, 22, 0, 7
MM, 517, 605, 8
MM, 513, 603, 8
MM, 15, 30, 8
MM, 11, 29, 8
MM, 6, 26, 8
MM, 491, 594, 8
MM, 24, 19, 8
MM, 16, 16, 8
MM, 5, 11, 8
MM, 32, 10, 8
MM, 26, 10, 8
MM, 19, 8, 8
MM, 16, 8, 8
MM, 15, 8, 8
MM, 14, 7, 16
MM, 13, 7, 40
MM, 11, 7, 8
MM, 10, 7, 9
MM, 9, 7, 7
MM, 7, 7, 9
MM, 6, 7, 49
MM, 5, 7, 8
MM, 4, 7, 8
MM, 3, 7, 8
MM, 2, 7, 8
MM, 1, 7, 15
MM, 0, 7, 8
MM, 414, 579, 16
MM, 414, 580, 7
MM, 414, 581, 8
MM, 414, 585, 8
MM, 1, 16, 8
MM, 2, 17, 8
MM, 6, 20, 9
MM, 7, 20, 8
MM, 10, 21, 7
MM, 12, 21, 8
MM, 15, 21, 8
MM, 16, 21, 8
MM, 18, 21, 8
MM, 21, 21, 8
MM, 23, 21, 8
MM, 25, 21, 8
MM, 27, 21, 8
MM, 28, 21, 8
MM, 31, 20, 16
MC, 1, 177
MM, 30, 20, 55
MM, 29, 20, 8
MM, 27, 22, 16
MM, 26, 24, 8
MM, 26, 25, 8
MM, 26, 29, 8
MM, 26, 30, 8
MM, 440, 605, 8
MM, 440, 607, 8
MM, 19, 2, 8
MM, 19, 6, 8
MM, 19, 12, 8
MM, 19, 16, 7
MM, 19, 19, 9
MM, 19, 23, 8
MM, 21, 30, 8
MM, 443, 644, 8
MM, 444, 647, 9
MM, 448, 654, 8
MM, 0, 12, 7
MM, 1, 14, 8
MM, 2, 17, 8
MM, 4, 21, 8
MM, 5, 22, 8
MM, 6, 25, 10
MM, 7, 27, 6
MM, 7, 28, 8
MM, 7, 29, 25
MM, 456, 676, 8
MM, 456, 677, 16
MM, 457, 679, 15
MM, 458, 680, 17
MM, 59, 0, 15
MM, 59, 3, 25
MM, 59, 4, 7
MM, 60, 6, 9
MM, 61, 8, 120
MM, 61, 9, 8
MM, 63, 11, 8
MM, 64, 12, 24
MC, 1, 183
MM, 65, 11, 24
MM, 65, 5, 8
MM, 466, 680, 8
MM, 23, 24, 8
MM, 26, 14, 8
MM, 482, 646, 9
MM, 26, 25, 7
MM, 30, 18, 8
MM, 496, 619, 8
MM, 3, 6, 9
MM, 4, 2, 8
MM, 507, 605, 7
MM, 508, 603, 8
MM, 15, 29, 8
MM, 15, 28, 8
MM, 16, 24, 8
MM, 17, 23, 8
MM, 18, 23, 8
MM, 18, 21, 16
MM, 18, 20, 8
MM, 19, 19, 56
MM, 20, 17, 8
MM, 21, 16, 7
MM, 21, 15, 9
MM, 21, 14, 16
MM, 22, 12, 8
MM, 22, 11, 8
MM, 24, 9, 8
MM, 25, 8, 8
MM, 28, 6, 8
MM, 30, 5, 8
MM, 526, 575, 8
MM, 529, 574, 8
MM, 0, 2, 8
MM, 0, 1, 16
MM, 1, 0, 8
MM, 1, 2, 88
MM, 1, 5, 8
MM, 1, 6, 8
MM, 1, 9, 8
MM, 0, 10, 120
MM, 530, 581, 8
MM, 525, 582, 8
MM, 27, 11, 9
MM, 25, 12, 7
MM, 23, 12, 24
MM, 22, 12, 9
MM, 21, 12, 7
MM, 20, 12, 9
MM, 18, 12, 7
MM, 18, 13, 9
MC, 1, 207
MM, 22, 13, 24
MM, 26, 13, 8
MM, 29, 13, 8
MM, 527, 584, 8
MM, 528, 584, 8
MM, 530, 584, 33
MM, 0, 13, 79
MM, 1, 13, 16
MC, 1, 144
MM, 4, 13, 25
MM, 5, 13, 7
MM, 7, 15, 8
MM, 9, 16, 161
MM, 10, 16, 16
MM, 16, 17, 8
MM, 20, 18, 8
MM, 28, 18, 7
MM, 2, 21, 8
MM, 16, 23, 8
MM, 30, 23, 8
MM, 3, 24, 8
MM, 19, 24, 8
MM, 644, 595, 8
MM, 6, 24, 8
MM, 12, 24, 8
MM, 19, 24, 8
MM, 21, 24, 8
MM, 21, 23, 40
MM, 21, 21, 138
MM, 23, 19, 7
MM, 26, 18, 16
MM, 29, 16, 8
MM, 685, 587, 7
MM, 4, 15, 8
MM, 6, 15, 8
MM, 8, 13, 8
MC, 1, 304
MM, 8, 12, 16
MM, 5, 12, 8
MM, 688, 583, 8
MM, 31, 12, 8
MM, 21, 11, 8
MM, 13, 9, 9
MM, 8, 9, 7
MM, 7, 9, 8
MM, 5, 9, 17
MM, 4, 9, 64
MM, 3, 9, 16
MM, 2, 9, 25
MM, 0, 9, 7
MM, 646, 580, 9
MM, 643, 580, 8
MM, 29, 9, 8
MM, 23, 9, 7
MM, 21, 9, 9
MM, 19, 9, 7
MM, 15, 9, 8
MM, 13, 9, 8
MM, 8, 9, 8
MM, 7, 9, 7
MM, 4, 11, 8
MM, 4, 12, 56
MM, 5, 12, 16
MM, 7, 12, 24
MM, 8, 12, 24
MM, 9, 12, 154
MC, 1, 150
MM, 5, 12, 48
MM, 32, 14, 9
MM, 18, 15, 8
MM, 7, 20, 8
MM, 567, 592, 8
MM, 26, 23, 8
MM, 11, 28, 8
MM, 530, 602, 7
MM, 519, 605, 8
MM, 11, 0, 9
MM, 1, 4, 8
MM, 29, 7, 7
MM, 23, 8, 8
MM, 18, 11, 9
MM, 16, 12, 7
MM, 11, 14, 8
MM, 9, 14, 8
MM, 4, 17, 8
MM, 3, 18, 8
MM, 1, 19, 8
MM, 0, 19, 65
MM, 0, 20, 17
MM, 0, 21, 30
MM, 0, 22, 16
MM, 0, 23, 24
MM, 0, 26, 8
MM, 457, 635, 8
MM, 29, 30, 8
MM, 445, 640, 8
MM, 442, 642, 8
MM, 439, 643, 8
MM, 23, 2, 8
MM, 21, 3, 8
MM, 20, 4, 8
MM, 18, 4, 8
MM, 17, 5, 8
MM, 17, 6, 8
MM, 14, 8, 8
MM, 13, 8, 10
MM, 11, 9, 6
MM, 11, 10, 16
MC, 1, 240
MM, 9, 11, 7
MM, 5, 7, 9
MM, 0, 3, 8
MM, 396, 641, 9
MM, 7, 27, 6
MM, 2, 25, 9
MM, 0, 24, 8
MM, 374, 628, 8
MM, 30, 17, 8
MM, 23, 13, 8
MM, 18, 12, 8
MM, 16, 11, 8
MM, 14, 9, 8
MM, 13, 9, 8
MM, 12, 8, 9
MC, 1, 239
MM, 13, 8, 24
MM, 17, 8, 8
MM, 22, 8, 8
MM, 28, 9, 9
MM, 377, 619, 7
MM, 11, 12, 8
MM, 28, 16, 8
MM, 11, 17, 8
MM, 31, 19, 8
MM, 15, 21, 8
MM, 498, 634, 8
MM, 17, 28, 9
MM, 536, 637, 8
MM, 11, 29, 8
MM, 574, 641, 7
MM, 588, 642, 8
MM, 604, 644, 9
MM, 3, 0, 7
MM, 17, 0, 8
MM, 26, 3, 10
MM, 1, 3, 6
MM, 9, 3, 8
MM, 15, 3, 9
MM, 22, 3, 7
MM, 24, 3, 8
MM, 27, 3, 9
MM, 28, 3, 24
MM, 27, 2, 16
MM, 677, 644, 7
MM, 676, 644, 9
MM, 675, 644, 7
MM, 675, 643, 73
MM, 675, 641, 7
MM, 675, 639, 8
MM, 16, 26, 8
MM, 15, 26, 8
MM, 14, 25, 16
MM, 14, 23, 8
MM, 14, 22, 8
MM, 14, 21, 9
MM, 14, 20, 7
MM, 14, 18, 16
MM, 14, 17, 24
MM, 14, 16, 25
MC, 1, 167
MM, 13, 15, 56
MM, 11, 15, 8
MM, 10, 15, 8
MM, 7, 15, 8
MM, 3, 18, 8
MM, 656, 628, 8
MM, 30, 21, 8
MM, 21, 24, 8
MM, 15, 26, 8
MM, 6, 28, 8
MM, 615, 641, 8
MM, 603, 644, 8
MM, 24, 2, 8
MM, 15, 5, 8
MM, 6, 11, 8
MM, 3, 12, 8
MM, 566, 662, 8
MM, 32, 20, 8
MM, 28, 22, 8
MM, 25, 24, 8
MM, 22, 28, 9
MM, 547, 676, 7
MM, 542, 680, 9
MM, 541, 681, 8
MM, 140, 1, 9
MM, 138, 3, 7
MM, 137, 5, 16
MM, 136, 6, 8
MM, 135, 8, 8
MM, 135, 9, 8
MM, 134, 9, 8
MM, 133, 11, 9
MM, 128, 12, 6
MM, 127, 13, 9
MM, 124, 14, 16
MM, 123, 15, 104
MC, 1, 231
MM, 125, 16, 24
MM, 128, 16, 7
MM, 134, 13, 9
MM, 138, 10, 8
MM, 143, 4, 9
MM, 147, 1, 7
MM, 25, 30, 8
MM, 34, 24, 9
MM, 10, 18, 7
MM, 24, 10, 8
MM, 611, 648, 8
MM, 5, 0, 8
MM, 627, 639, 9
MM, 16, 29, 8
MM, 19, 26, 8
MM, 21, 25, 8
MM, 22, 25, 7
MM, 24, 24, 8
MM, 25, 23, 8
MM, 25, 22, 8
MM, 25, 21, 16
MM, 26, 19, 16
MM, 26, 18, 8
MM, 26, 17, 8
MM, 27, 17, 9
MM, 29, 15, 72
MM, 30, 13, 7
MM, 31, 13, 66
MM, 33, 13, 7
MM, 652, 621, 17
MM, 653, 621, 16
MM, 653, 620, 8
MM, 655, 620, 7
MM, 657, 620, 8
MM, 0, 12, 17
MM, 2, 12, 70
MM, 3, 12, 16
MM, 4, 12, 24
MM, 6, 12, 24
MM, 7, 12, 9
MM, 8, 11, 8
MC, 1, 255
MM, 7, 11, 49
MM, 3, 11, 7
MM, 1, 11, 8
MM, 654, 619, 8
MM, 32, 11, 9
MM, 27, 11, 7
MM, 25, 11, 8
MM, 19, 11, 9
MM, 11, 11, 8
MM, 615, 614, 8
MM, 18, 4, 8
MM, 580, 606, 8
MM, 568, 604, 8
MM, 554, 603, 7
MM, 10, 27, 9
MM, 527, 596, 8
MM, 21, 22, 8
MM, 10, 18, 7
MM, 3, 16, 8
MM, 491, 586, 9
MM, 489, 586, 7
MM, 29, 13, 8
MM, 24, 13, 8
MM, 17, 12, 8
MM, 11, 12, 8
MM, 5, 12, 8
MM, 452, 581, 8
MM, 31, 10, 8
MM, 25, 10, 9
MM, 23, 10, 8
MM, 22, 10, 8
MM, 21, 10, 8
MM, 20, 9, 40
MM, 19, 9, 16
MM, 16, 8, 8
MM, 16, 7, 8
MM, 14, 6, 8
MC, 1, 191
MM, 13, 6, 16
MM, 12, 6, 8
MM, 9, 7, 8
MM, 6, 9, 9
MM, 413, 584, 7
MM, 409, 585, 8
MM, 30, 16, 9
MM, 23, 20, 7
MM, 16, 23, 8
MM, 10, 23, 9
MM, 3, 27, 7
MM, 366, 601, 9
MM, 361, 604, 7
MM, 356, 606, 8
MM, 354, 607, 9
MM, 352, 607, 7
MM, 11, 1, 8
MM, 9, 2, 24
MM, 8, 3, 24
MM, 8, 4, 16
MM, 9, 4, 56
MM, 11, 4, 16
MM, 13, 6, 16
MM, 14, 7, 8
MM, 14, 8, 25
MM, 15, 9, 7
MM, 20, 11, 160
MM, 22, 11, 9
MM, 27, 11, 8
MM, 31, 11, 7
MM, 378, 620, 8
MM, 3, 12, 9
MM, 10, 12, 7
MM, 18, 12, 8
MM, 26, 12, 8
MM, 417, 621, 8
MM, 420, 621, 8
MM, 1, 13, 8
MM, 2, 13, 137
MM, 3, 13, 16
MM, 6, 13, 39
MM, 7, 13, 16
MM, 8, 13, 8
MM, 9, 13, 8
MC, 1, 193
MM, 11, 13, 80
MM, 13, 15, 8
MM, 14, 17, 7
MM, 16, 22, 9
MM, 19, 25, 7
MM, 20, 30, 9
MM, 443, 643, 8
MM, 445, 645, 7
MM, 446, 648, 10
MM, 0, 6, 6
MM, 1, 8, 8
MM, 1, 9, 8
MM, 2, 12, 9
MM, 3, 14, 7
MM, 4, 15, 8
MM, 5, 18, 9
MM, 6, 19, 8
MM, 6, 20, 7
MM, 7, 22, 8
MM, 7, 23, 9
MM, 7, 26, 15
MM, 7, 27, 8
MM, 9, 29, 8
MM, 458, 676, 9
MM, 458, 677, 8
MM, 458, 678, 8
MM, 459, 679, 16
MM, 459, 680, 8
MM, 459, 681, 8
MM, 60, 0, 8
MM, 60, 1, 16
MM, 60, 3, 16
MM, 60, 4, 24
MM, 60, 5, 16
MM, 61, 7, 8
MM, 61, 8, 8
MM, 63, 10, 16
MC, 1, 175
MM, 63, 11, 25
MM, 65, 11, 15
MM, 69, 8, 8
MM, 71, 6, 8
MM, 73, 6, 8
MM, 78, 3, 8
MM, 81, 2, 8
MM, 87, 0, 9
MM, 494, 678, 8
MM, 13, 30, 7
MM, 24, 26, 8
MM, 32, 24, 8
MM, 2, 21, 8
MM, 14, 17, 8
MM, 29, 13, 8
MM, 0, 9, 9
MM, 14, 7, 8
MM, 27, 2, 7
MM, 611, 643, 8
MM, 622, 640, 8
MM, 14, 29, 8
MM, 27, 22, 8
MM, 652, 627, 8
MM, 5, 13, 8
MM, 12, 11, 8
MM, 17, 5, 8
MM, 21, 2, 8
MM, 682, 607, 8
MM, 685, 604, 9
MM, 688, 602, 7
MM, 688, 601, 16
MM, 688, 600, 8
MM, 688, 599, 24
MM, 688, 597, 41
MM, 0, 24, 41
MM, 2, 23, 23
MM, 5, 19, 16
MM, 6, 18, 8
MM, 7, 17, 8
MM, 8, 17, 7
MM, 11, 15, 8
MM, 13, 13, 8
MM, 15, 11, 8
MM, 20, 9, 8
MM, 22, 8, 9
MM, 24, 7, 8
MM, 25, 6, 7
MM, 26, 6, 8
MC, 1, 160
MM, 22, 6, 40
MM, 19, 6, 8
MM, 15, 6, 9
MM, 10, 6, 7
MM, 5, 6, 8
MM, 688, 577, 9
MM, 30, 6, 7
MM, 18, 6, 8
MM, 10, 6, 8
MM, 646, 577, 9
MM, 25, 6, 7
MM, 11, 6, 8
MM, 610, 577, 7
MM, 28, 6, 10
MM, 16, 6, 6
MM, 6, 6, 9
MM, 566, 577, 8
MM, 27, 6, 8
MM, 19, 6, 9
MM, 8, 6, 8
MM, 529, 577, 7
MM, 27, 6, 8
MM, 19, 6, 8
MM, 9, 9, 8
MM, 2, 11, 8
MM, 490, 582, 9
MM, 27, 12, 8
MM, 24, 12, 7
MM, 18, 13, 8
MM, 12, 13, 9
MM, 1, 16, 8
MM, 451, 587, 8
MM, 30, 18, 7
MM, 26, 19, 8
MM, 24, 19, 8
MM, 23, 19, 64
MM, 22, 19, 17
MM, 19, 19, 8
MM, 18, 19, 7
MM, 17, 19, 16
MM, 20, 19, 225
MM, 22, 20, 15
MM, 24, 22, 8
MM, 26, 24, 8
MM, 28, 25, 8
MM, 32, 28, 8
MM, 34, 29, 8
MM, 452, 604, 9
MM, 457, 606, 7
MM, 2, 1, 8
MM, 7, 4, 8
MM, 10, 5, 9
MM, 12, 6, 8
MM, 18, 8, 7
MM, 22, 10, 8
MM, 27, 13, 8
MM, 496, 627, 8
MM, 7, 23, 8
MM, 16, 26, 8
MM, 19, 28, 8
MM, 522, 639, 9
MM, 525, 640, 7
MM, 526, 640, 16
MM, 526, 641, 33
MM, 526, 642, 7
MM, 526, 643, 57
MM, 527, 643, 15
MM, 529, 644, 8
MM, 1, 0, 8
MM, 1, 1, 8
MM, 2, 2, 16
MM, 2, 4, 25
MM, 3, 6, 7
MM, 5, 7, 8
MM, 6, 8, 8
MM, 6, 9, 9
MM, 7, 10, 7
MM, 8, 11, 8
MM, 5, 11, 208
MM, 0, 11, 9
MM, 525, 656, 7
MM, 34, 11, 9
MM, 31, 11, 7
MM, 30, 11, 9
MM, 27, 11, 7
MM, 25, 11, 8
MM, 22, 11, 8
MM, 21, 11, 8
MM, 17, 11, 8
MM, 15, 11, 8
MM, 12, 11, 8
MM, 11, 11, 8
MM, 7, 11, 9
MM, 6, 11, 7
MM, 1, 11, 8
MM, 484, 656, 8
MM, 32, 11, 8
MM, 28, 11, 8
MM, 21, 11, 8
MM, 17, 12, 8
MM, 11, 12, 9
MM, 9, 13, 7
MM, 7, 13, 9
MM, 6, 13, 7
MM, 5, 14, 56
MM, 4, 15, 8
MM, 2, 15, 8
MM, 1, 15, 9
MM, 448, 660, 16
MM, 446, 661, 8
MM, 444, 661, 8
MM, 32, 17, 8
MM, 31, 17, 16
MC, 1, 327
MM, 444, 662, 32
MM, 1, 17, 8
MM, 8, 14, 8
MM, 11, 13, 8
MM, 16, 12, 9
MM, 23, 7, 7
MM, 484, 649, 8
MM, 5, 0, 8
MM, 7, 30, 8
MM, 20, 26, 8
MM, 28, 21, 8
MM, 534, 627, 9
MM, 1, 14, 8
MM, 5, 13, 7
MM, 8, 12, 8
MM, 10, 10, 8
MM, 11, 8, 8
MM, 12, 7, 16
MM, 12, 6, 8
MM, 13, 5, 16
MM, 14, 5, 8
MM, 16, 4, 16
MM, 21, 3, 8
MM, 26, 1, 8
MM, 572, 607, 9
MM, 577, 606, 7
MM, 579, 604, 8
MM, 14, 30, 8
MM, 18, 30, 8
MM, 20, 30, 8
MM, 24, 30, 9
MM, 26, 29, 8
MM, 29, 29, 15
MM, 30, 28, 8
MM, 32, 26, 32
MM, 33, 26, 17
MM, 34, 26, 8
MM, 606, 596, 8
MM, 610, 595, 23
MM, 0, 23, 48
MM, 3, 21, 17
MM, 4, 21, 7
MM, 5, 20, 8
MM, 8, 19, 8
MM, 10, 18, 32
MM, 11, 17, 56
MC, 1, 152
MM, 10, 17, 8
MM, 4, 17, 8
MM, 606, 588, 9
MM, 28, 17, 8
MM, 14, 17, 7
MM, 568, 588, 8
MM, 21, 17, 8
MM, 7, 17, 8
MM, 526, 588, 8
MM, 20, 17, 8
MM, 10, 17, 9
MM, 492, 588, 8
MM, 26, 17, 7
MM, 20, 17, 8
MM, 14, 17, 8
MM, 2, 17, 7
MM, 450, 588, 9
MM, 27, 17, 9
MM, 16, 17, 8
MM, 8, 17, 7
MM, 0, 17, 8
MM, 36, 18, 9
MM, 32, 18, 8
MM, 30, 18, 6
MM, 28, 18, 9
MM, 27, 18, 8
MM, 25, 19, 8
MM, 24, 20, 48
MM, 24, 21, 9
MM, 23, 22, 47
MM, 23, 23, 24
MM, 23, 24, 9
MM, 24, 27, 8
MM, 30, 28, 8
MM, 414, 600, 8
MM, 433, 605, 8
MM, 458, 609, 8
MM, 25, 1, 8
MM, 27, 8, 8
MM, 29, 13, 8
MM, 615, 625, 8
MM, 652, 625, 8
MM, 21, 21, 8
MM, 697, 629, 8
MM, 711, 629, 8
MM, 719, 631, 8
MM, 722, 631, 8
MM, 723, 631, 8
MM, 719, 631, 96
MM, 717, 631, 7
MM, 713, 631, 8
MM, 711, 631, 8
MM, 710, 631, 9
MM, 699, 627, 56
MM, 698, 627, 8
MM, 696, 627, 8
MM, 695, 627, 9
MM, 694, 627, 7
MM, 693, 627, 9
MM, 691, 627, 7
MM, 690, 627, 8
MM, 689, 627, 8
MM, 27, 19, 8
MM, 26, 19, 32
MC, 1, 544
MM, 25, 18, 111
MM, 23, 18, 8
MM, 22, 18, 9
MM, 19, 18, 23
MM, 18, 18, 8
MM, 14, 18, 16
MM, 6, 18, 8
MM, 656, 626, 8
MM, 26, 18, 8
MM, 12, 18, 8
MM, 2, 18, 8
MM, 29, 18, 8
MM, 21, 18, 9
MM, 12, 18, 8
MM, 10, 18, 7
MM, 7, 18, 9
MM, 6, 18, 8
MM, 5, 18, 7
MM, 4, 20, 8
MM, 2, 21, 9
MM, 580, 630, 7
MM, 576, 631, 8
MM, 29, 26, 8
MM, 19, 28, 9
MM, 8, 29, 7
MM, 536, 642, 9
MM, 524, 642, 7
MM, 510, 643, 8
MM, 9, 0, 8
MM, 487, 646, 8
MM, 24, 5, 9
MM, 15, 6, 7
MM, 7, 7, 8
MM, 2, 7, 9
MM, 447, 653, 7
MM, 445, 656, 8
MM, 32, 12, 8
MM, 32, 13, 8
MM, 31, 13, 8
MM, 28, 16, 9
MM, 27, 16, 7
MM, 26, 18, 24
MM, 25, 19, 8
MM, 25, 21, 9
MM, 24, 23, 7
MM, 22, 24, 8
MM, 22, 25, 8
MM, 22, 27, 8
MM, 22, 29, 8
MM, 430, 676, 8
MM, 430, 677, 17
MM, 430, 678, 7
MM, 430, 679, 8
MM, 430, 680, 8
MM, 430, 681, 24
MM, 31, 0, 208
MM, 31, 1, 8
MM, 32, 2, 25
MM, 32, 3, 23
MM, 33, 5, 8
MM, 33, 7, 8
MM, 35, 9, 9
MM, 35, 10, 7
MM, 36, 11, 8
MM, 37, 12, 72
MM, 38, 13, 24
MM, 38, 4, 144
MM, 435, 679, 8
MM, 435, 676, 9
MM, 26, 29, 7
MM, 26, 26, 9
MM, 26, 24, 7
MM, 26, 21, 9
MM, 26, 19, 8
MM, 26, 17, 7
MM, 26, 16, 9
MM, 26, 15, 8
MM, 26, 14, 8
MM, 26, 12, 8
MC, 1, 231
MM, 26, 11, 40
MM, 22, 10, 9
MM, 15, 10, 7
MM, 1, 5, 8
MM, 29, 3, 9
MM, 23, 2, 8
MM, 15, 1, 7
MM, 10, 1, 8
MM, 372, 643, 8
MM, 369, 642, 9
MM, 367, 642, 7
MM, 366, 641, 40
MM, 365, 641, 25
MM, 364, 640, 17
MM, 363, 639, 23
MM, 362, 639, 16
MM, 23, 30, 24
MM, 22, 29, 7
MM, 20, 28, 8
MM, 20, 27, 8
MM, 19, 26, 16
MM, 19, 25, 41
MM, 19, 24, 7
MC, 1, 136
MM, 21, 24, 24
MM, 25, 24, 8
MM, 32, 25, 9
MM, 378, 636, 8
MM, 4, 29, 7
MM, 399, 642, 9
MM, 2, 0, 8
MM, 20, 2, 8
MM, 444, 652, 7
MM, 9, 10, 9
MM, 21, 14, 8
MM, 32, 17, 8
MM, 0, 22, 8
MM, 7, 24, 8
MM, 16, 29, 8
MM, 19, 30, 7
MM, 509, 676, 8
MM, 514, 680, 8
MM, 517, 681, 8
MM, 121, 0, 8
MM, 127, 2, 9
MM, 130, 2, 9
MM, 135, 2, 7
MM, 136, 2, 8
MM, 137, 2, 8
MM, 139, 2, 24
MM, 140, 2, 56
MM, 141, 2, 24
MM, 542, 681, 8
MM, 543, 680, 16
MM, 543, 679, 16
MM, 543, 676, 8
MM, 14, 30, 16
MM, 14, 29, 16
MM, 14, 28, 16
MM, 14, 27, 7
MM, 14, 26, 25
MM, 14, 23, 7
MM, 14, 22, 24
MM, 14, 21, 8
MC, 1, 200
MM, 12, 22, 49
MM, 12, 23, 8
MM, 11, 26, 8
MM, 9, 29, 7
MM, 9, 30, 8
MM, 537, 677, 8
MM, 536, 678, 8
MM, 535, 679, 8
MM, 535, 680, 8
MM, 534, 681, 8
MM, 133, 1, 17
MM, 133, 2, 8
MM, 132, 4, 16
MM, 131, 5, 8
MM, 129, 8, 8
MM, 129, 9, 32
MM, 128, 10, 8
MM, 126, 10, 8
MM, 125, 11, 7
MM, 124, 12, 16
MM, 123, 13, 9
MM, 122, 14, 7
MC, 1, 168
MM, 122, 13, 16
MM, 120, 8, 9
MM, 514, 681, 7
MM, 507, 676, 8
MM, 11, 23, 8
MM, 4, 17, 8
MM, 32, 9, 8
MM, 23, 5, 8
MM, 16, 1, 9
MM, 462, 642, 8
MM, 34, 29, 8
MM, 28, 25, 7
MM, 23, 21, 8
MM, 16, 15, 8
MM, 14, 13, 9
MM, 10, 9, 8
MM, 7, 7, 8
MM, 7, 6, 16
MM, 6, 5, 89
MM, 5, 5, 142
MM, 7, 6, 8
MM, 9, 8, 8
MM, 12, 10, 8
MM, 13, 10, 56
MM, 14, 11, 17
MM, 23, 4, 143
MM, 25, 2, 9
MM, 27, 0, 7
MM, 452, 604, 8
MM, 1, 28, 8
MM, 3, 27, 8
MM, 7, 23, 8
MM, 10, 22, 8
MM, 13, 21, 8
MM, 15, 19, 16
MC, 1, 208
MM, 14, 19, 16
MM, 8, 19, 8
MM, 2, 19, 9
MM, 452, 590, 7
MM, 23, 19, 9
MM, 11, 21, 7
MM, 0, 21, 8
MM, 409, 593, 9
MM, 30, 25, 8
MM, 24, 26, 7
MM, 17, 28, 8
MM, 14, 29, 8
MM, 12, 29, 8
MM, 10, 30, 24
MM, 381, 603, 17
MM, 378, 604, 16
MM, 377, 605, 23
MM, 377, 606, 8
MM, 376, 607, 8
MM, 375, 607, 16
MM, 375, 608, 8
MM, 375, 611, 8
MM, 374, 612, 8
MM, 34, 5, 8
MM, 32, 7, 8
MM, 32, 8, 8
MM, 31, 9, 9
MM, 30, 9, 7
MM, 29, 10, 64
MC, 1, 120
MM, 30, 10, 17
MM, 31, 10, 7
MM, 34, 9, 8
MM, 34, 7, 9
MM, 34, 3, 7
MM, 374, 609, 8
MM, 374, 607, 8
MM, 374, 606, 8
MM, 374, 605, 9
MM, 376, 602, 7
MM, 5, 29, 8
MM, 5, 28, 8
MM, 7, 27, 9
MM, 9, 25, 8
MM, 10, 24, 8
MM, 11, 24, 8
MM, 12, 23, 23
MM, 14, 21, 8
MM, 16, 20, 16
MM, 17, 20, 16
MM, 19, 19, 8
MM, 20, 18, 57
MC, 1, 87
MM, 20, 20, 24
MM, 20, 22, 8
MM, 20, 25, 8
MM, 23, 30, 8
MM, 19, 0, 8
MM, 20, 6, 8
MM, 26, 15, 8
MM, 29, 22, 8
MM, 413, 639, 7
MM, 7, 1, 10
MM, 10, 9, 7
MM, 13, 22, 8
MM, 14, 28, 8
MM, 30, 2, 8
MM, 31, 4, 8
MM, 34, 9, 8
MM, 35, 12, 8
MM, 36, 13, 8
MM, 37, 14, 16
MM, 38, 15, 56
MM, 38, 16, 16
MM, 39, 17, 26
MM, 36, 15, 214
MM, 30, 8, 9
MM, 24, 1, 7
MM, 422, 679, 8
MM, 421, 677, 8
MM, 9, 29, 9
MM, 8, 28, 7
MM, 6, 25, 8
MM, 5, 23, 8
MM, 5, 22, 9
MM, 4, 19, 8
MM, 3, 18, 8
MM, 2, 16, 8
MM, 0, 14, 8
MM, 0, 13, 8
MM, 408, 658, 49
MM, 405, 655, 0
MM, 405, 654, 6
MM, 405, 653, 8
MM, 405, 652, 8
MM, 404, 652, 8
MM, 404, 651, 8
MM, 403, 650, 8
MM, 403, 649, 8
MM, 32, 3, 9
MM, 31, 2, 8
MM, 31, 1, 7
MM, 30, 1, 8
MM, 29, 0, 9
MM, 399, 644, 8
MM, 398, 644, 15
MM, 397, 643, 8
MM, 391, 640, 8
MM, 389, 639, 17
MM, 6, 29, 7
MM, 3, 28, 17
MM, 2, 28, 8
MM, 1, 28, 8
MM, 379, 635, 16
MM, 376, 634, 15
MM, 374, 632, 8
MM, 33, 24, 8
MM, 28, 22, 8
MM, 26, 21, 8
MM, 24, 21, 8
MM, 22, 21, 8
MM, 21, 20, 65
MC, 1, 143
MM, 24, 20, 24
MM, 27, 20, 9
MM, 374, 630, 7
MM, 1, 28, 9
MM, 388, 641, 7
MM, 31, 4, 8
MM, 3, 11, 8
MM, 16, 19, 9
MM, 23, 24, 8
MM, 31, 30, 8
MM, 449, 681, 7
MM, 54, 5, 8
MM, 57, 8, 8
MM, 61, 10, 9
MM, 64, 14, 8
MM, 65, 15, 8
MM, 69, 16, 7
MM, 73, 18, 8
MM, 76, 18, 17
MM, 78, 18, 16
MM, 79, 18, 152
MM, 92, 17, 87
MM, 101, 15, 8
MM, 115, 12, 9
MM, 131, 9, 7
MM, 145, 7, 8
MM, 156, 1, 8
MM, 569, 681, 8
MM, 13, 30, 8
MM, 24, 28, 8
MM, 36, 24, 8
MM, 2, 22, 8
MM, 14, 17, 8
MM, 28, 14, 9
MM, 4, 10, 7
MM, 13, 7, 8
MM, 29, 2, 8
MM, 692, 644, 8
MM, 699, 640, 9
MM, 701, 637, 7
MM, 701, 634, 17
MM, 701, 633, 7
MM, 701, 632, 9
MM, 700, 632, 64
MM, 697, 632, 8
MM, 696, 632, 8
MM, 695, 632, 39
MM, 692, 632, 24
MM, 29, 24, 9
MM, 23, 24, 8
MM, 15, 21, 8
MM, 11, 20, 8
MM, 10, 20, 9
MC, 1, 278
MM, 10, 19, 8
MM, 7, 17, 8
MM, 0, 12, 9
MM, 655, 617, 8
MM, 32, 6, 7
MM, 28, 2, 8
MM, 25, 0, 8
MM, 642, 606, 8
MM, 639, 604, 8
MM, 638, 603, 9
MM, 25, 29, 7
MM, 23, 27, 8
MM, 21, 23, 8
MM, 21, 22, 24
MM, 21, 21, 8
MM, 21, 19, 8
MM, 21, 18, 9
MM, 21, 15, 7
MM, 21, 14, 8
MM, 21, 13, 24
MC, 1, 184
MM, 21, 15, 32
MM, 17, 22, 8
MM, 15, 25, 8
MM, 11, 30, 9
MM, 614, 608, 7
MM, 28, 6, 8
MM, 23, 11, 8
MM, 17, 17, 8
MM, 14, 19, 8
MM, 10, 22, 9
MM, 8, 26, 8
MM, 585, 639, 8
MM, 583, 641, 8
MM, 582, 643, 8
MM, 11, 0, 7
MM, 10, 3, 8
MM, 9, 4, 8
MM, 8, 5, 9
MM, 7, 7, 7
MM, 7, 8, 9
MM, 5, 8, 16
MM, 4, 8, 8
MM, 2, 9, 8
MM, 1, 10, 15
MM, 1, 11, 8
MM, 569, 658, 8
MM, 568, 661, 40
MM, 567, 662, 25
MM, 567, 663, 15
MM, 566, 664, 9
MP, 1, 55
MR, 1, 121
MC, 1, 0
MM, 565, 664, 495
MM, 34, 18, 16
MM, 33, 17, 9
MM, 32, 17, 7
MM, 30, 16, 9
MM, 28, 15, 8
MM, 26, 15, 7
MM, 19, 15, 8
MM, 14, 14, 9
MM, 12, 14, 8
MM, 10, 14, 7
MM, 9, 14, 8
MM, 9, 13, 8
MM, 9, 12, 73
MC, 1, 135
MM, 9, 11, 81
MM, 9, 10, 7
MM, 8, 9, 8
MM, 5, 7, 8
MM, 527, 649, 9
MM, 32, 0, 7
MM, 516, 644, 8
MM, 512, 643, 8
MM, 506, 639, 8
MM, 497, 636, 8
MM, 27, 24, 9
MM, 20, 21, 7
MM, 15, 17, 8
MM, 10, 15, 8
MM, 3, 10, 9
MM, 0, 8, 8
MM, 458, 613, 7
MM, 34, 2, 8
MM, 32, 0, 8
MM, 451, 607, 9
MM, 449, 606, 7
MM, 447, 603, 8
MM, 445, 602, 8
MM, 26, 29, 9
MM, 23, 26, 8
MM, 22, 26, 8
MM, 21, 25, 16
MM, 21, 24, 16
MM, 19, 22, 7
MM, 18, 21, 9
MM, 16, 20, 7
MM, 14, 19, 8
MM, 13, 19, 8
MM, 11, 17, 8
MC, 1, 369
MM, 10, 17, 208
MM, 9, 18, 8
MM, 7, 18, 16
MM, 6, 18, 16
MM, 5, 19, 464
MM, 5, 21, 8
MM, 5, 22, 8
MM, 7, 29, 9
MM, 10, 19, 31
MM, 15, 29, 7
MM, 437, 644, 8
MM, 29, 7, 8
MM, 29, 15, 8
MM, 29, 27, 8
MM, 38, 0, 8
MM, 38, 5, 8
MM, 38, 9, 8
MM, 37, 14, 8
MM, 35, 18, 8
MM, 34, 20, 8
MM, 34, 22, 9
MM, 33, 23, 15
MM, 33, 25, 8
MM, 32, 26, 8
MM, 31, 26, 9
MM, 30, 26, 8
MM, 29, 26, 8
MM, 28, 26, 23
MM, 26, 26, 41
MM, 25, 25, 8
MM, 23, 24, 15
MM, 22, 23, 8
MM, 21, 22, 9
MM, 20, 22, 24
MM, 20, 21, 183
MM, 21, 19, 8
MM, 23, 17, 8
MM, 27, 17, 8
MM, 28, 16, 16
MM, 30, 16, 50
MC, 1, 143
MM, 31, 14, 7
MM, 32, 12, 8
MM, 32, 11, 8
MM, 34, 7, 8
MM, 37, 0, 8
MM, 439, 677, 8
MM, 33, 29, 8
MM, 445, 669, 8
MM, 1, 17, 8
MM, 3, 13, 8
MM, 8, 7, 8
MM, 11, 2, 8
MM, 463, 642, 8
MM, 3, 30, 8
MM, 3, 27, 16
MM, 3, 26, 8
MM, 3, 24, 8
MM, 6, 22, 8
MM, 6, 21, 8
MM, 6, 20, 9
MM, 7, 16, 7
MM, 8, 14, 9
MM, 10, 8, 8
MM, 14, 4, 9
MM, 481, 607, 7
MM, 483, 604, 8
MM, 28, 29, 8
MM, 31, 27, 8
MM, 489, 596, 7
MM, 491, 593, 9
MM, 493, 589, 7
MM, 493, 588, 9
MM, 0, 16, 15
MM, 1, 16, 137
MM, 2, 15, 8
MM, 3, 14, 31
MC, 1, 432
MM, 5, 15, 313
MM, 6, 15, 16
MM, 7, 15, 25
MM, 9, 16, 8
MM, 10, 16, 63
MM, 12, 17, 16
MM, 15, 19, 8
MM, 18, 21, 7
MM, 22, 22, 8
MM, 24, 24, 8
MM, 25, 25, 8
MM, 29, 30, 9
MM, 526, 603, 7
MM, 530, 605, 8
MM, 532, 607, 8
MM, 535, 610, 8
MM, 537, 612, 17
MM, 537, 613, 24
MM, 537, 615, 8
MM, 537, 617, 23
MM, 537, 619, 24
MM, 537, 620, 8
MM, 537, 621, 56
MM, 537, 622, 8
MM, 538, 621, 257
MM, 538, 620, 24
MM, 539, 620, 8
MM, 0, 11, 7
MM, 1, 8, 56
MM, 2, 7, 24
MM, 3, 7, 112
MM, 4, 7, 8
MM, 5, 7, 8
MM, 9, 7, 8
MM, 12, 7, 8
MM, 13, 7, 8
MC, 1, 248
MM, 7, 8, 49
MM, 6, 8, 7
MM, 536, 616, 9
MM, 29, 8, 7
MM, 13, 8, 8
MM, 494, 616, 9
MM, 16, 8, 7
MM, 0, 7, 9
MM, 27, 5, 7
MM, 11, 4, 10
MM, 418, 609, 7
MM, 407, 607, 8
MM, 397, 606, 8
MM, 393, 606, 8
MM, 388, 604, 8
MM, 387, 604, 8
MM, 385, 603, 24
MM, 384, 603, 16
MM, 383, 603, 8
MM, 4, 30, 7
MM, 0, 30, 8
MM, 366, 600, 8
MM, 30, 29, 8
MM, 26, 29, 8
MM, 24, 29, 8
MM, 21, 29, 9
MM, 19, 29, 8
MM, 18, 29, 15
MM, 16, 29, 8
MM, 15, 29, 9
MM, 13, 29, 7
MM, 10, 29, 9
MM, 9, 30, 8
MM, 340, 603, 24
MM, 340, 605, 8
MM, 340, 606, 8
MM, 1, 0, 16
MM, 1, 1, 8
MM, 1, 2, 16
MM, 2, 3, 24
MM, 3, 4, 32
MM, 5, 5, 16
MM, 6, 6, 7
MM, 7, 7, 25
MM, 8, 8, 15
MM, 9, 9, 8
MM, 11, 11, 8
MM, 12, 11, 104
MM, 17, 12, 96
MM, 26, 12, 8
MM, 377, 620, 8
MM, 17, 12, 8
MM, 416, 620, 8
MM, 11, 12, 8
MM, 27, 12, 8
MM, 3, 10, 9
MM, 9, 10, 7
MM, 15, 8, 8
MM, 19, 8, 9
MM, 19, 7, 15
MM, 20, 6, 58
MM, 20, 5, 40
MM, 20, 4, 23
MM, 20, 2, 7
MM, 20, 0, 8
MM, 483, 606, 8
MM, 483, 605, 9
MM, 484, 603, 7
MM, 485, 603, 9
MM, 486, 602, 7
MM, 30, 29, 9
MM, 31, 28, 8
MM, 31, 27, 8
MM, 489, 596, 8
MM, 492, 593, 8
MM, 0, 20, 8
MM, 5, 17, 8
MM, 12, 15, 8
MM, 17, 12, 8
MM, 18, 11, 7
MM, 21, 12, 200
MM, 21, 15, 8
MM, 21, 18, 8
MM, 21, 24, 10
MM, 515, 603, 6
MM, 18, 4, 8
MM, 18, 12, 8
MM, 18, 22, 8
MM, 517, 642, 8
MM, 29, 5, 9
MM, 29, 13, 8
MM, 25, 20, 7
MM, 24, 27, 9
MM, 512, 676, 8
MM, 511, 677, 7
MM, 511, 680, 8
MM, 511, 681, 8
MM, 111, 2, 8
MM, 111, 3, 9
MM, 111, 4, 7
MM, 111, 7, 24
MM, 111, 9, 16
MM, 111, 11, 8
MM, 111, 13, 9
MM, 111, 14, 7
MM, 111, 16, 8
MM, 111, 17, 8
MM, 111, 18, 24
MM, 111, 20, 9
MM, 111, 21, 15
MC, 1, 208
MM, 114, 19, 24
MM, 115, 16, 8
MM, 119, 9, 8
MM, 122, 2, 9
MM, 526, 675, 8
MM, 527, 671, 7
MM, 1, 17, 8
MM, 4, 10, 7
MM, 5, 8, 9
MM, 6, 5, 8
MM, 7, 2, 8
MM, 539, 642, 9
MM, 540, 640, 8
MM, 1, 29, 7
MM, 4, 25, 8
MM, 6, 22, 8
MM, 7, 20, 8
MM, 11, 18, 9
MM, 12, 17, 8
MM, 14, 15, 8
MM, 14, 14, 8
MM, 16, 12, 8
MM, 21, 11, 8
MM, 26, 10, 7
MM, 30, 9, 9
MM, 34, 6, 7
MM, 578, 614, 9
MM, 579, 613, 8
MM, 0, 5, 7
MM, 2, 4, 8
MM, 5, 4, 8
MM, 8, 3, 8
MM, 12, 3, 8
MM, 15, 1, 9
MM, 16, 1, 8
MM, 18, 0, 8
MM, 599, 607, 96
MM, 599, 605, 8
MM, 599, 604, 24
MM, 599, 603, 8
MM, 30, 29, 7
MM, 33, 27, 16
MM, 33, 26, 9
MM, 33, 25, 8
MM, 34, 23, 15
MM, 34, 22, 8
MM, 605, 592, 9
MM, 605, 591, 7
MM, 605, 590, 8
MM, 605, 589, 16
MM, 606, 588, 17
MM, 607, 587, 7
MM, 608, 586, 248
MM, 1, 14, 9
MM, 2, 14, 8
MM, 3, 14, 7
MC, 1, 224
MM, 607, 585, 32
MM, 29, 14, 8
MM, 21, 15, 8
MM, 5, 15, 9
MM, 22, 15, 7
MM, 0, 15, 8
MM, 15, 15, 8
MM, 489, 586, 9
MM, 12, 16, 7
MM, 452, 587, 9
MM, 28, 16, 6
MM, 24, 16, 9
MM, 21, 18, 8
MM, 19, 18, 16
MM, 18, 18, 8
MM, 14, 18, 8
MM, 8, 18, 8
MM, 2, 18, 8
MM, 409, 589, 8
MM, 25, 18, 8
MM, 18, 18, 8
MM, 14, 19, 8
MM, 7, 21, 9
MM, 4, 21, 8
MM, 371, 594, 7
MM, 370, 594, 8
MM, 368, 595, 9
MM, 367, 597, 23
MM, 367, 599, 8
MM, 367, 602, 16
MM, 367, 604, 8
MM, 367, 607, 10
MM, 28, 1, 8
MM, 30, 6, 8
MM, 33, 10, 7
MM, 374, 620, 8
MM, 377, 624, 8
MM, 379, 627, 8
MM, 2, 20, 8
MM, 3, 22, 7
MM, 4, 23, 8
MM, 5, 23, 25
MM, 5, 22, 247
MC, 1, 216
MM, 6, 21, 40
MM, 7, 21, 40
MM, 8, 21, 9
MM, 9, 22, 7
MM, 10, 23, 8
MM, 13, 26, 8
MM, 14, 26, 9
MM, 16, 29, 7
MM, 401, 641, 8
MM, 406, 644, 8
MM, 408, 646, 8
MM, 2, 3, 8
MM, 4, 4, 8
MM, 8, 7, 8
MM, 11, 10, 9
MM, 13, 12, 7
MM, 16, 14, 8
MM, 19, 17, 9
MM, 21, 20, 8
MM, 23, 22, 7
MM, 25, 24, 9
MM, 27, 27, 7
MM, 439, 676, 8
MM, 442, 679, 8
MM, 443, 680, 9
MM, 44, 1, 7
MM, 45, 2, 9
MM, 45, 3, 8
MM, 47, 6, 8
MM, 48, 6, 8
MM, 48, 7, 16
MM, 49, 8, 8
MM, 50, 10, 8
MM, 50, 11, 8
MM, 50, 13, 8
MM, 53, 14, 8
MM, 54, 16, 8
MM, 54, 17, 8
MM, 55, 18, 8
MM, 56, 18, 8
MM, 57, 20, 8
MM, 57, 21, 16
MM, 58, 22, 8
MM, 58, 24, 8
MM, 58, 26, 8
MM, 58, 27, 8
MM, 59, 27, 8
MM, 59, 28, 7
MC, 1, 280
MM, 59, 26, 8
MM, 59, 25, 16
MM, 59, 24, 8
MM, 59, 22, 9
MM, 59, 21, 9
MM, 59, 20, 16
MM, 59, 19, 23
MM, 59, 17, 16
MM, 59, 16, 15
MM, 59, 15, 16
MM, 60, 12, 16
MM, 61, 11, 8
MM, 61, 10, 8
MM, 61, 9, 8
MM, 61, 7, 8
MM, 62, 1, 8
MM, 462, 679, 9
MM, 463, 676, 8
MM, 15, 25, 8
MM, 19, 18, 8
MM, 22, 7, 8
MM, 474, 644, 8
MM, 14, 27, 8
MM, 15, 21, 8
MM, 16, 14, 8
MM, 18, 8, 8
MM, 18, 7, 8
MM, 19, 3, 8
MM, 21, 0, 8
MM, 483, 607, 8
MM, 484, 604, 8
MM, 485, 603, 8
MM, 486, 602, 8
MM, 31, 29, 8
MM, 488, 599, 15
MM, 489, 597, 8
MM, 490, 597, 8
MM, 491, 596, 17
MM, 493, 595, 24
MM, 0, 24, 16
MM, 1, 24, 8
MM, 3, 23, 8
MM, 5, 21, 8
MM, 7, 20, 8
MM, 10, 20, 8
MM, 15, 19, 7
MM, 22, 16, 8
MM, 27, 13, 8
MM, 30, 13, 8
MM, 525, 584, 8
MM, 526, 583, 8
MM, 525, 583, 146
MM, 29, 12, 8
MM, 28, 12, 7
MM, 26, 12, 7
MM, 24, 12, 9
MM, 23, 12, 15
MM, 22, 12, 8
MM, 19, 13, 8
MM, 19, 14, 9
MM, 16, 15, 8
MM, 14, 16, 7
MM, 10, 17, 16
MM, 9, 17, 17
MM, 8, 18, 7
MC, 1, 184
MM, 8, 19, 88
MM, 9, 19, 8
MM, 10, 20, 9
MM, 12, 21, 7
MM, 15, 23, 9
MM, 17, 25, 7
MM, 19, 26, 8
MM, 21, 30, 8
MM, 517, 603, 9
MM, 521, 606, 8
MM, 24, 2, 8
MM, 26, 3, 7
MM, 28, 5, 8
MM, 29, 6, 48
MM, 29, 9, 40
MM, 31, 11, 8
MM, 32, 12, 17
MM, 33, 13, 8
MM, 534, 622, 17
MM, 535, 623, 7
MM, 536, 623, 25
MM, 539, 624, 15
MM, 0, 16, 9
MM, 1, 16, 7
MM, 3, 16, 8
MM, 4, 16, 80
MM, 5, 16, 39
MM, 5, 15, 25
MM, 6, 14, 7
MM, 8, 12, 10
MM, 9, 11, 16
MC, 1, 182
MM, 9, 10, 17
MM, 9, 9, 7
MM, 9, 7, 16
MM, 9, 5, 9
MM, 9, 4, 8
MM, 8, 2, 7
MM, 8, 0, 8
MM, 548, 605, 8
MM, 548, 604, 16
MM, 548, 603, 48
MM, 548, 602, 32
MM, 17, 29, 24
MM, 18, 28, 24
MM, 21, 28, 16
MM, 22, 28, 8
MM, 24, 28, 9
MM, 29, 28, 7
MM, 569, 599, 9
MM, 9, 28, 8
MM, 21, 28, 7
MM, 33, 28, 9
MM, 4, 28, 8
MM, 14, 28, 8
MM, 24, 28, 7
MM, 642, 599, 8
MM, 643, 599, 8
MM, 643, 598, 32
MM, 643, 596, 80
MM, 643, 595, 24
MM, 643, 594, 8
MM, 643, 592, 17
MM, 643, 591, 8
MM, 642, 590, 8
MM, 30, 18, 16
MM, 27, 18, 8
MM, 21, 17, 8
MM, 14, 14, 8
MM, 8, 13, 8
MM, 3, 13, 8
MM, 0, 13, 8
MM, 609, 583, 8
MM, 608, 582, 64
MM, 610, 582, 169
MM, 1, 11, 8
MM, 3, 13, 15
MM, 5, 14, 8
MM, 6, 14, 8
MM, 7, 15, 7
MM, 9, 16, 16
MM, 9, 17, 17
MM, 10, 17, 15
MC, 1, 176
MM, 8, 17, 25
MM, 3, 20, 7
MM, 608, 592, 8
MM, 28, 21, 9
MM, 10, 21, 8
MM, 564, 592, 8
MM, 17, 21, 7
MM, 3, 21, 8
MM, 26, 21, 8
MM, 16, 21, 9
MM, 9, 21, 7
MM, 6, 19, 8
MM, 5, 19, 40
MM, 4, 19, 8
MM, 1, 19, 8
MM, 489, 590, 9
MM, 30, 19, 8
MM, 26, 19, 8
MM, 21, 19, 8
MM, 19, 19, 8
MM, 17, 19, 16
MM, 16, 19, 47
MM, 15, 19, 25
MM, 3, 19, 207
MM, 19, 20, 8
MM, 2, 20, 8
MM, 18, 20, 9
MM, 26, 22, 7
MM, 28, 22, 8
MM, 25, 22, 32
MM, 19, 22, 8
MM, 14, 22, 8
MM, 13, 22, 8
MM, 11, 22, 8
MM, 9, 22, 49
MM, 7, 22, 15
MM, 6, 22, 8
MM, 5, 22, 16
MM, 4, 22, 17
MM, 2, 22, 7
MM, 1, 22, 24
MM, 529, 593, 8
MM, 527, 593, 8
MM, 28, 22, 8
MM, 27, 22, 8
MM, 23, 22, 9
MM, 22, 22, 7
MM, 21, 21, 121
MM, 20, 19, 15
MM, 19, 18, 24
MC, 1, 144
MM, 20, 20, 24
MM, 23, 20, 9
MM, 29, 20, 6
MM, 525, 591, 8
MM, 527, 591, 9
MM, 528, 591, 48
MM, 529, 591, 8
MM, 529, 590, 72
MM, 1, 18, 9
MM, 2, 17, 8
MM, 6, 16, 8
MM, 7, 15, 8
MC, 1, 207
MM, 7, 19, 72
MM, 6, 21, 8
MM, 5, 28, 8
MM, 32, 1, 9
MM, 31, 10, 8
MM, 29, 16, 7
MM, 29, 22, 8
MM, 527, 639, 10
MM, 524, 647, 8
MM, 523, 656, 7
MM, 523, 660, 8
MM, 523, 664, 8
MM, 523, 665, 8
MM, 523, 667, 7
MM, 523, 669, 9
MM, 523, 670, 16
MM, 523, 672, 24
MM, 523, 673, 16
MM, 523, 674, 8
MM, 523, 677, 16
MM, 523, 679, 16
MM, 123, 1, 8
MM, 123, 3, 16
MM, 123, 5, 8
MM, 123, 7, 7
MM, 123, 9, 16
MM, 123, 10, 8
MM, 123, 12, 8
MM, 123, 15, 9
MM, 124, 17, 7
MM, 124, 20, 9
MM, 124, 21, 7
MM, 124, 23, 9
MM, 124, 24, 7
MC, 1, 249
MM, 123, 24, 47
MM, 122, 24, 17
MM, 120, 24, 15
MM, 119, 23, 16
MM, 118, 21, 8
MM, 114, 17, 8
MM, 112, 15, 8
MM, 109, 12, 8
MM, 107, 10, 8
MM, 105, 6, 8
MM, 102, 2, 8
MM, 499, 680, 9
MM, 497, 677, 8
MM, 7, 28, 7
MM, 6, 25, 8
MM, 4, 23, 8
MM, 2, 21, 8
MM, 1, 18, 8
MM, 485, 658, 8
MM, 32, 9, 9
MM, 29, 6, 7
MM, 29, 5, 7
MM, 28, 2, 9
MM, 27, 0, 16
MM, 475, 644, 8
MM, 475, 643, 8
MM, 475, 642, 8
MM, 475, 641, 56
MM, 13, 29, 41
MM, 14, 28, 71
MC, 1, 256
MM, 16, 24, 48
MM, 18, 22, 9
MM, 26, 22, 7
MM, 493, 628, 8
MM, 1, 16, 9
MM, 13, 14, 8
MM, 29, 8, 7
MM, 5, 3, 8
MM, 17, 0, 8
MM, 570, 605, 8
MM, 575, 602, 8
MM, 6, 30, 17
MM, 7, 29, 39
MM, 9, 27, 8
MM, 10, 27, 16
MM, 11, 27, 24
MM, 12, 27, 24
MM, 12, 26, 8
MM, 14, 26, 8
MM, 16, 25, 8
MM, 17, 24, 9
MM, 18, 23, 8
MM, 19, 23, 8
MM, 20, 22, 8
MM, 21, 21, 7
MM, 23, 21, 9
MM, 27, 20, 8
MM, 34, 20, 8
MM, 0, 20, 8
MM, 6, 20, 24
MC, 1, 232
MM, 2, 20, 47
MM, 606, 595, 8
MM, 25, 26, 8
MM, 583, 602, 8
MM, 572, 603, 8
MM, 18, 2, 8
MM, 11, 3, 8
MM, 5, 4, 8
MM, 536, 617, 8
MM, 25, 10, 8
MM, 18, 11, 8
MM, 7, 16, 8
MM, 3, 17, 8
MM, 495, 626, 9
MM, 29, 20, 8
MM, 27, 22, 7
MM, 22, 23, 8
MM, 21, 24, 8
MM, 21, 26, 25
MM, 21, 27, 16
MM, 21, 28, 7
MM, 483, 639, 9
MM, 483, 640, 8
MM, 483, 641, 7
MM, 483, 644, 9
MM, 483, 647, 16
MM, 484, 649, 8
MM, 485, 650, 7
MM, 486, 651, 25
MM, 486, 653, 65
MM, 485, 653, 16
MM, 483, 653, 8
MM, 31, 8, 8
MM, 29, 8, 8
MM, 25, 9, 8
MM, 24, 9, 8
MM, 22, 9, 8
MM, 21, 9, 8
MM, 20, 9, 86
MM, 18, 10, 24
MC, 1, 184
MM, 17, 10, 32
MM, 17, 8, 8
MM, 13, 2, 9
MM, 456, 640, 7
MM, 31, 27, 8
MM, 24, 17, 9
MM, 20, 12, 8
MM, 16, 9, 8
MM, 14, 5, 7
MM, 9, 0, 8
MM, 428, 606, 8
MM, 425, 603, 9
MM, 8, 30, 7
MM, 5, 26, 8
MM, 4, 24, 8
MM, 3, 22, 8
MM, 2, 20, 8
MM, 1, 19, 9
MM, 1, 18, 63
MM, 1, 17, 9
MM, 0, 16, 7
MM, 0, 15, 16
MM, 414, 583, 8
MM, 413, 581, 8
MM, 412, 580, 32
MM, 411, 580, 74
MM, 410, 580, 16
MM, 411, 580, 110
MM, 414, 580, 8
MM, 3, 9, 9
MM, 7, 9, 7
MM, 12, 9, 8
MM, 16, 9, 9
MM, 17, 9, 7
MM, 21, 9, 9
MM, 23, 9, 8
MC, 1, 255
MM, 23, 11, 24
MM, 23, 12, 8
MM, 23, 15, 9
MM, 23, 16, 7
MM, 24, 23, 9
MM, 25, 24, 7
MM, 444, 602, 8
MM, 25, 0, 8
MM, 29, 5, 9
MM, 33, 13, 7
MM, 460, 628, 9
MM, 1, 25, 7
MM, 465, 639, 8
MM, 19, 1, 10
MM, 22, 8, 6
MM, 23, 15, 8
MM, 27, 18, 8
MM, 29, 23, 8
MM, 32, 30, 8
MM, 88, 0, 9
MM, 92, 4, 8
MM, 92, 6, 143
MM, 92, 7, 8
MM, 92, 8, 8
MM, 92, 11, 8
MM, 95, 13, 8
MM, 96, 15, 16
MM, 97, 17, 8
MM, 97, 18, 16
MC, 1, 216
MM, 97, 17, 16
MM, 102, 13, 8
MM, 108, 11, 8
MM, 117, 9, 8
MM, 129, 8, 8
MM, 140, 5, 8
MM, 150, 2, 8
MM, 156, 2, 8
MM, 560, 681, 9
MM, 563, 680, 7
MM, 565, 679, 8
MM, 566, 677, 65
MM, 566, 676, 32
MM, 566, 675, 8
MM, 566, 674, 23
MM, 567, 673, 48
MM, 569, 671, 8
MM, 0, 25, 8
MM, 1, 25, 8
MM, 2, 25, 9
MM, 3, 24, 8
MM, 5, 22, 8
MM, 5, 21, 25
MM, 5, 20, 7
MM, 8, 17, 12
MM, 9, 17, 13
MM, 12, 16, 16
MM, 15, 13, 189
MM, 17, 10, 9
MM, 18, 6, 8
MM, 19, 4, 8
MM, 595, 641, 8
MM, 18, 28, 8
MM, 21, 23, 8
MM, 24, 18, 8
MM, 26, 16, 8
MM, 29, 9, 9
MM, 612, 614, 7
MM, 613, 611, 9
MM, 614, 607, 7
MM, 615, 606, 8
MM, 617, 604, 8
MM, 617, 603, 25
MM, 617, 602, 16
MM, 6, 29, 15
MM, 6, 28, 8
MM, 6, 27, 17
MM, 6, 26, 24
MM, 6, 25, 32
MM, 6, 21, 7
MC, 1, 248
MM, 7, 22, 81
MM, 7, 23, 8
MM, 10, 26, 8
MM, 10, 27, 8
MM, 12, 30, 8
MM, 631, 606, 8
MM, 19, 2, 8
MM, 24, 5, 8
MM, 26, 6, 8
MM, 29, 8, 7
MM, 30, 9, 8
MM, 32, 10, 8
MM, 33, 10, 8
MM, 653, 619, 8
MM, 656, 622, 8
MM, 657, 622, 137
MP, 1, 56
MR, 1, 111
MC, 1, 0
MM, 0, 14, 169
MM, 1, 14, 32
MM, 2, 14, 7
MM, 3, 13, 33
MC, 2, 247
MM, 657, 621, 32
MM, 33, 13, 8
MM, 26, 13, 8
MM, 18, 13, 8
MM, 14, 13, 9
MM, 8, 13, 8
MM, 615, 619, 8
MM, 16, 6, 8
MM, 0, 5, 8
MM, 21, 1, 8
MM, 543, 604, 8
MM, 528, 603, 8
MM, 22, 30, 8
MM, 12, 27, 8
MM, 1, 26, 8
MM, 29, 26, 8
MM, 21, 24, 8
MM, 18, 24, 7
MM, 11, 23, 8
MM, 5, 23, 9
MM, 454, 592, 7
MM, 450, 592, 9
MM, 33, 20, 8
MM, 28, 20, 7
MM, 25, 18, 8
MM, 23, 18, 8
MM, 21, 18, 8
MM, 19, 18, 8
MM, 16, 18, 8
MM, 15, 18, 32
MM, 14, 18, 24
MM, 12, 18, 16
MM, 11, 18, 9
MM, 10, 17, 31
MM, 9, 16, 8
MC, 1, 144
MM, 9, 19, 48
MM, 9, 21, 8
MM, 7, 23, 8
MM, 6, 24, 9
MM, 5, 25, 7
MM, 4, 26, 9
MM, 4, 29, 8
MM, 416, 602, 8
MM, 415, 604, 15
MM, 414, 606, 8
MM, 414, 607, 8
MM, 33, 0, 8
MM, 33, 1, 16
MM, 33, 2, 9
MM, 31, 3, 7
MM, 30, 4, 8
MM, 28, 5, 24
MM, 26, 7, 16
MM, 25, 8, 8
MM, 24, 8, 9
MM, 22, 9, 456
MM, 21, 9, 16
MM, 19, 9, 96
MC, 1, 287
MM, 18, 10, 64
MM, 19, 14, 8
MM, 26, 22, 17
MM, 30, 25, 8
MM, 417, 637, 8
MM, 421, 643, 7
MM, 17, 2, 9
MM, 24, 9, 7
MM, 29, 11, 9
MM, 444, 662, 7
MM, 4, 23, 9
MM, 9, 25, 7
MM, 465, 676, 8
MM, 472, 679, 8
MM, 474, 680, 9
MM, 475, 681, 7
MM, 477, 681, 89
MM, 478, 681, 7
MM, 481, 681, 16
MM, 82, 0, 88
MM, 82, 1, 16
MM, 83, 2, 8
MM, 83, 3, 25
MM, 83, 4, 31
MC, 1, 240
MM, 84, 2, 16
MM, 86, 0, 8
MM, 489, 680, 8
MM, 493, 676, 8
MM, 13, 27, 8
MM, 28, 25, 8
MM, 3, 19, 8
MM, 19, 15, 8
MM, 565, 656, 8
MM, 13, 4, 9
MM, 26, 1, 7
MM, 610, 641, 8
MM, 621, 639, 9
MM, 627, 639, 8
MM, 15, 30, 8
MM, 16, 29, 8
MM, 17, 28, 24
MM, 18, 28, 47
MM, 19, 28, 16
MM, 20, 28, 17
MM, 24, 28, 24
MM, 25, 28, 7
MM, 27, 28, 9
MM, 30, 28, 8
MM, 657, 636, 8
MM, 7, 28, 8
MM, 15, 28, 8
MM, 24, 28, 8
MM, 30, 28, 8
MM, 692, 636, 8
MM, 693, 636, 8
MM, 692, 634, 112
MM, 691, 633, 16
MM, 690, 632, 16
MM, 690, 631, 8
MM, 690, 630, 7
MM, 689, 629, 24
MM, 29, 18, 8
MM, 28, 18, 17
MM, 27, 17, 7
MM, 25, 16, 9
MM, 24, 15, 15
MM, 23, 14, 8
MM, 23, 13, 8
MM, 22, 12, 16
MM, 21, 11, 9
MC, 1, 191
MM, 21, 10, 24
MM, 20, 8, 8
MM, 20, 5, 9
MM, 675, 606, 7
MM, 27, 29, 8
MM, 23, 20, 8
MM, 20, 12, 8
MM, 18, 7, 9
MM, 15, 2, 7
MM, 661, 569, 8
MM, 659, 567, 8
MM, 658, 566, 8
MM, 657, 564, 8
MM, 655, 561, 8
MP, 1, 104
MR, 1, 96
MC, 1, 0
MM, 655, 562, 25
MM, 655, 564, 7
MM, 655, 566, 8
MM, 655, 567, 8
MM, 655, 568, 8
MM, 655, 569, 16
MM, 655, 570, 8
MM, 8, 0, 9
MM, 8, 1, 24
MM, 9, 2, 40
MM, 10, 3, 8
MM, 11, 5, 8
MM, 11, 7, 24
MM, 11, 8, 24
MM, 12, 9, 8
MM, 12, 10, 55
MM, 12, 12, 17
MC, 1, 159
MM, 11, 14, 49
MM, 9, 15, 7
MM, 2, 19, 16
MM, 0, 19, 8
MM, 646, 592, 16
MM, 25, 24, 8
MM, 20, 27, 8
MM, 16, 28, 8
MM, 620, 603, 9
MM, 613, 606, 7
MM, 606, 607, 9
MM, 22, 2, 7
MM, 19, 4, 9
MM, 14, 7, 8
MM, 9, 8, 9
MM, 2, 14, 8
MM, 578, 625, 7
MM, 31, 21, 7
MM, 24, 24, 9
MM, 22, 26, 8
MM, 19, 28, 7
MM, 18, 29, 8
MM, 556, 639, 9
MM, 555, 640, 7
MM, 554, 640, 17
MM, 553, 641, 15
MM, 553, 642, 8
MM, 553, 643, 8
MM, 553, 644, 17
MM, 24, 0, 15
MM, 24, 3, 9
MM, 25, 3, 16
MM, 25, 4, 16
MM, 25, 6, 15
MM, 25, 7, 24
MM, 25, 9, 16
MM, 24, 11, 32
MM, 20, 12, 144
MM, 18, 10, 9
MM, 17, 8, 7
MM, 14, 4, 8
MM, 11, 1, 8
MM, 535, 639, 9
MM, 31, 26, 7
MM, 27, 22, 8
MM, 22, 20, 8
MM, 17, 17, 8
MM, 14, 16, 8
MM, 11, 13, 8
MM, 7, 12, 8
MM, 3, 11, 9
MM, 2, 11, 15
MM, 0, 10, 8
MM, 498, 617, 16
MM, 498, 616, 96
MM, 1, 8, 16
MM, 2, 7, 9
MM, 3, 7, 55
MM, 5, 7, 17
MM, 6, 7, 7
MM, 7, 7, 8
MM, 11, 7, 8
MM, 13, 7, 16
MM, 15, 7, 9
MM, 16, 7, 7
MM, 18, 7, 24
MM, 18, 8, 24
MM, 19, 9, 16
MM, 20, 10, 16
MM, 21, 10, 24
MM, 22, 10, 33
MC, 1, 63
MM, 25, 10, 16
MM, 29, 10, 8
MM, 32, 10, 9
MM, 539, 620, 8
MM, 9, 13, 7
MM, 18, 15, 8
MM, 26, 16, 8
MM, 579, 629, 9
MM, 8, 21, 7
MM, 22, 22, 8
MM, 612, 633, 8
MM, 4, 25, 9
MM, 11, 28, 7
MM, 17, 28, 9
MM, 18, 28, 8
MM, 18, 29, 7
MM, 19, 29, 8
MM, 20, 30, 41
MM, 638, 639, 24
MM, 638, 640, 16
MM, 638, 641, 16
MM, 638, 642, 8
MM, 24, 0, 16
MM, 25, 1, 8
MM, 26, 2, 8
MM, 29, 3, 16
MM, 30, 3, 8
MM, 30, 4, 8
MM, 646, 650, 8
MM, 647, 651, 8
MM, 649, 652, 8
MM, 0, 9, 8
MM, 1, 10, 8
MM, 3, 10, 8
MM, 5, 12, 8
MM, 7, 12, 8
MM, 8, 13, 8
MM, 9, 14, 16
MC, 1, 207
MM, 13, 14, 64
MM, 19, 14, 10
MM, 26, 13, 7
MM, 29, 11, 9
MM, 686, 654, 7
MM, 689, 653, 9
MM, 695, 653, 7
MM, 700, 652, 9
MM, 706, 652, 7
MM, 710, 651, 8
MM, 717, 651, 8
MM, 720, 648, 8
MM, 723, 648, 8
MM, 724, 648, 8
MM, 727, 648, 8
MM, 728, 648, 8
MM, 729, 648, 8
MM, 731, 648, 8
MM, 735, 648, 8
MM, 738, 648, 9
MM, 740, 648, 6
MM, 743, 648, 8
MM, 745, 648, 9
MM, 748, 648, 7
MM, 749, 648, 8
MM, 750, 648, 8
MM, 752, 648, 8
MM, 752, 647, 8
MM, 753, 647, 72
MM, 754, 646, 8
MM, 756, 646, 8
MM, 758, 646, 8
MM, 759, 646, 8
MM, 763, 644, 8
MM, 764, 644, 8
MM, 767, 644, 8
MM, 769, 644, 10
MM, 1, 21, 6
MM, 3, 21, 8
MM, 7, 21, 8
MM, 12, 21, 8
MM, 16, 21, 8
MM, 21, 20, 8
MM, 27, 18, 8
MM, 30, 18, 8
MM, 35, 18, 8
MM, 37, 17, 8
MM, 39, 17, 8
MM, 40, 17, 8
