********************************************************************************
LOGGING TIME: 20180907_171158
CLIENT IP: 10.102.59.17
USERNAME: Baba_Bradpitt
OS: Windows 10
**********************************Emotional database********************************************************************************
MM, 785, 666, 1537598292126
MM, 786, 666, 262
MM, 784, 662, 15
MM, 11, 37, 8
MM, 8, 34, 7
MM, 2, 30, 8
MM, 768, 647, 9
MM, 759, 641, 8
MM, 750, 632, 7
MM, 738, 624, 8
MM, 729, 616, 8
MM, 716, 608, 7
MM, 18, 30, 8
MM, 7, 23, 10
MM, 687, 587, 6
MM, 34, 13, 8
MM, 27, 8, 8
MM, 22, 5, 8
MM, 17, 0, 8
MM, 661, 567, 8
MM, 658, 564, 8
MM, 32, 23, 8
MM, 28, 14, 9
MM, 21, 3, 8
MM, 633, 524, 7
MM, 370, 78, 8
MM, 356, 61, 9
MM, 346, 46, 7
MM, 336, 33, 8
MM, 324, 13, 7
MM, 310, 0, 9
MM, 548, 413, 9
MM, 540, 402, 7
MM, 530, 389, 9
MM, 272, 81, 9
MM, 266, 72, 7
MM, 262, 67, 8
MM, 257, 60, 8
MM, 252, 52, 9
MM, 248, 45, 8
MM, 244, 40, 8
MM, 240, 35, 7
MM, 237, 30, 10
MM, 234, 26, 6
MM, 233, 24, 8
MM, 230, 21, 8
MM, 226, 17, 8
MM, 223, 16, 8
MM, 222, 16, 8
MM, 218, 15, 7
MM, 217, 15, 8
MM, 216, 14, 8
MM, 214, 14, 9
MM, 210, 13, 7
MM, 208, 12, 10
MM, 204, 11, 6
MM, 197, 8, 9
MM, 188, 4, 7
MM, 430, 296, 9
MM, 421, 290, 8
MM, 408, 277, 9
MM, 395, 267, 7
MM, 382, 258, 8
MM, 334, 182, 55
MM, 333, 175, 9
MM, 333, 169, 7
MM, 333, 163, 9
MM, 333, 157, 7
MM, 333, 152, 10
MM, 334, 146, 7
MM, 334, 143, 8
MM, 336, 139, 8
MM, 337, 135, 8
MM, 337, 132, 8
MM, 338, 128, 8
MM, 338, 125, 8
MM, 338, 121, 8
MM, 338, 119, 9
MM, 338, 115, 7
MM, 338, 113, 16
MM, 338, 111, 17
MM, 337, 110, 6
MM, 336, 110, 16
MM, 335, 110, 9
MM, 332, 109, 8
MM, 329, 108, 7
MM, 324, 106, 34
MM, 323, 105, 9
MM, 322, 105, 14
MM, 321, 105, 24
MM, 318, 105, 16
MM, 316, 105, 17
MM, 313, 105, 7
MM, 311, 105, 8
MM, 312, 133, 431
MM, 312, 141, 8
MM, 312, 148, 8
MM, 312, 154, 8
MM, 314, 168, 9
MM, 315, 178, 8
MM, 315, 186, 8
MM, 305, 259, 166
MM, 304, 261, 8
MM, 304, 263, 8
MM, 304, 264, 8
MM, 304, 268, 17
MM, 304, 269, 17
MM, 304, 270, 8
MM, 304, 272, 8
MM, 304, 274, 8
MM, 303, 280, 8
MM, 303, 281, 7
MM, 301, 284, 9
MM, 301, 286, 8
MM, 300, 289, 8
MM, 299, 291, 8
MM, 299, 293, 7
MM, 299, 294, 9
MM, 298, 295, 8
MM, 47, 1, 8
MM, 47, 2, 8
MM, 47, 3, 16
MM, 47, 5, 8
MM, 47, 6, 8
MM, 47, 7, 40
MM, 47, 8, 25
MM, 47, 9, 7
MM, 47, 10, 8
MM, 47, 11, 8
MM, 47, 12, 9
MM, 47, 15, 7
MM, 47, 16, 10
MM, 45, 19, 6
MM, 45, 20, 9
MM, 45, 21, 17
MM, 45, 23, 7
MM, 45, 24, 40
MM, 45, 25, 7
MC, 1, 151
MM, 45, 23, 170
MM, 45, 22, 7
MM, 41, 22, 25697
MM, 24, 22, 7
MM, 249, 313, 9
MM, 223, 304, 7
MM, 202, 296, 9
MM, 186, 293, 7
MM, 172, 293, 9
MM, 162, 293, 8
MM, 158, 293, 7
MM, 155, 294, 8
MM, 154, 295, 8
MM, 154, 299, 8
MM, 154, 305, 8
MM, 154, 311, 9
MM, 154, 318, 8
MM, 154, 324, 7
MM, 156, 333, 9
MM, 158, 336, 7
MM, 158, 339, 8
MM, 158, 348, 9
MM, 160, 361, 8
MM, 161, 371, 7
MM, 161, 374, 9
MM, 161, 377, 7
MM, 163, 379, 9
MM, 164, 381, 7
MM, 167, 386, 9
MM, 171, 391, 7
MM, 180, 398, 8
MM, 193, 409, 8
MM, 210, 421, 9
MM, 226, 433, 8
MM, 237, 440, 7
MM, 250, 447, 8
MM, 8, 27, 9
MM, 15, 28, 7
MM, 18, 29, 8
MM, 19, 29, 8
MM, 21, 30, 9
MM, 23, 32, 8
MM, 24, 33, 7
MM, 26, 35, 8
MM, 26, 36, 9
MM, 26, 37, 7
MM, 26, 38, 8
MM, 26, 39, 8
MM, 25, 43, 9
MM, 20, 45, 7
MM, 14, 51, 8
MM, 11, 54, 8
MM, 10, 59, 8
MM, 6, 64, 8
MM, 6, 68, 8
MM, 4, 76, 8
MM, 4, 79, 9
MM, 4, 84, 8
MM, 4, 85, 7
MM, 4, 86, 8
MM, 5, 86, 9
MM, 7, 86, 24
MM, 9, 83, 8
MM, 9, 77, 7
MM, 10, 73, 8
MM, 10, 71, 8
MM, 10, 67, 9
MM, 11, 65, 7
MM, 13, 62, 8
MM, 15, 57, 8
MM, 17, 54, 8
MM, 18, 51, 7
MM, 19, 47, 9
MM, 20, 46, 9
MM, 21, 46, 8
MM, 21, 45, 7
MM, 22, 44, 9
MM, 22, 42, 8
MM, 23, 41, 15
MM, 23, 40, 16
MM, 24, 37, 25
MM, 25, 36, 8
MM, 25, 35, 15
MM, 25, 33, 8
MM, 26, 30, 9
MM, 26, 28, 15
MM, 26, 27, 9
MM, 26, 26, 8
MM, 26, 25, 71
MM, 26, 23, 9
MM, 27, 23, 8
MC, 1, 190
MM, 27, 22, 354
MM, 30, 22, 14
MM, 40, 30, 8
MM, 56, 58, 9
MM, 30, 7, 7
MM, 57, 12, 8
MM, 338, 722, 8
MM, 320, 757, 233
MM, 337, 739, 8
MM, 362, 720, 8
MM, 395, 699, 8
MM, 12, 3, 8
MM, 15, 28, 8
MM, 22, 21, 8
MM, 22, 18, 8
MM, 25, 14, 8
MM, 28, 7, 7
MM, 442, 644, 9
MM, 444, 640, 7
MM, 24, 28, 9
MM, 25, 27, 8
MM, 26, 24, 8
MM, 27, 22, 8
MM, 28, 19, 8
MM, 30, 16, 8
MM, 31, 16, 24
MM, 32, 14, 9
MM, 32, 12, 8
MM, 32, 11, 8
MM, 32, 8, 8
MM, 32, 6, 7
MM, 32, 2, 9
MM, 450, 606, 8
MM, 448, 604, 8
MM, 446, 603, 8
MM, 25, 29, 8
MM, 18, 27, 8
MM, 9, 24, 7
MM, 1, 21, 8
MM, 413, 591, 9
MM, 409, 589, 7
MM, 409, 587, 9
MM, 409, 584, 7
MM, 409, 580, 9
MM, 409, 574, 7
MM, 409, 570, 9
MM, 409, 564, 7
MM, 409, 559, 8
MM, 409, 556, 7
MM, 409, 553, 8
MM, 408, 551, 8
MM, 34, 15, 9
MM, 33, 14, 7
MM, 32, 13, 16
MM, 32, 12, 17
MM, 31, 11, 8
MM, 29, 11, 8
MM, 25, 8, 8
MM, 22, 8, 7
MM, 18, 7, 9
MM, 14, 7, 8
MM, 13, 7, 7
MM, 12, 7, 25
MM, 12, 8, 17
MM, 12, 9, 8
MM, 12, 10, 71
MM, 12, 11, 8
MM, 13, 12, 8
MM, 14, 13, 17
MM, 15, 13, 31
MM, 17, 14, 9
MM, 18, 14, 142
MM, 22, 14, 8
MM, 24, 14, 8
MM, 28, 14, 8
MM, 30, 14, 9
MM, 33, 14, 7
MM, 410, 548, 9
MM, 412, 548, 7
MM, 0, 14, 16
MM, 1, 14, 9
MM, 2, 14, 15
MM, 3, 14, 8
MM, 6, 14, 16
MM, 7, 14, 9
MM, 10, 14, 16
MM, 11, 14, 8
MM, 14, 14, 9
MM, 15, 14, 7
MM, 16, 14, 16
MM, 17, 14, 9
MM, 18, 14, 7
MM, 19, 14, 17
MM, 20, 14, 182
MM, 21, 14, 8
MM, 23, 14, 8
MM, 450, 554, 16
MM, 14, 27, 8
MM, 506, 567, 8
MM, 4, 5, 8
MM, 565, 589, 8
MM, 20, 25, 7
MM, 9, 0, 9
MM, 30, 7, 8
MM, 7, 15, 7
MM, 16, 18, 9
MM, 21, 22, 8
MM, 22, 23, 8
MM, 22, 25, 16
MM, 22, 26, 9
MM, 22, 27, 16
MM, 22, 29, 33
MM, 22, 30, 24
MM, 680, 639, 8
MM, 680, 640, 7
MM, 680, 643, 9
MM, 680, 644, 15
MM, 28, 1, 16
MM, 28, 2, 24
MM, 27, 3, 16
MM, 26, 4, 8
MM, 23, 7, 7
MM, 22, 8, 9
MM, 21, 10, 16
MM, 21, 11, 8
MM, 18, 14, 15
MM, 15, 15, 17
MM, 15, 16, 15
MM, 15, 17, 9
MM, 15, 18, 8
MM, 15, 20, 15
MM, 15, 21, 57
MC, 1, 167
MM, 14, 20, 64
MM, 13, 18, 8
MM, 11, 15, 9
MM, 7, 8, 6
MM, 0, 1, 9
MM, 26, 30, 9
MM, 15, 24, 7
MM, 2, 16, 9
MM, 30, 10, 8
MM, 21, 2, 8
MM, 595, 606, 8
MM, 18, 29, 8
MM, 13, 24, 8
MM, 10, 21, 7
MM, 8, 17, 9
MM, 7, 14, 17
MM, 7, 13, 17
MM, 7, 12, 7
MM, 7, 10, 15
MM, 8, 10, 25
MM, 9, 9, 8
MM, 9, 8, 7
MM, 10, 8, 25
MM, 11, 7, 8
MM, 13, 7, 8
MM, 16, 7, 7
MM, 17, 7, 9
MM, 18, 7, 7
MM, 20, 5, 9
MM, 21, 5, 7
MM, 22, 5, 9
MM, 25, 5, 31
MM, 26, 5, 16
MM, 27, 6, 33
MM, 29, 6, 16
MM, 30, 7, 7
MM, 30, 8, 8
MM, 30, 9, 24
MM, 30, 10, 65
MM, 31, 12, 8
MM, 31, 13, 8
MM, 32, 14, 8
MM, 34, 15, 8
MM, 605, 586, 15
MM, 607, 588, 17
MM, 608, 588, 8
MM, 609, 588, 7
MM, 610, 588, 9
MM, 1, 17, 8
MM, 2, 17, 15
MM, 4, 17, 40
MM, 6, 17, 32
MM, 7, 17, 17
MM, 8, 17, 7
MM, 9, 17, 17
MM, 11, 17, 8
MM, 12, 17, 15
MM, 13, 17, 8
MM, 16, 17, 8
MM, 17, 17, 8
MM, 18, 17, 16
MC, 1, 175
MM, 19, 17, 64
MM, 19, 18, 8
MM, 19, 22, 7
MM, 625, 602, 9
MM, 623, 607, 8
MM, 2, 2, 8
MM, 617, 615, 8
MM, 29, 20, 8
MM, 22, 29, 8
MM, 25, 0, 8
MM, 20, 4, 8
MM, 17, 7, 8
MM, 13, 12, 8
MM, 12, 13, 8
MM, 12, 15, 7
MM, 8, 18, 9
MM, 7, 20, 8
MM, 7, 21, 8
MM, 5, 23, 8
MM, 4, 25, 8
MM, 3, 26, 8
MM, 3, 28, 8
MM, 2, 29, 8
MM, 2, 30, 8
MM, 1, 30, 8
MM, 570, 676, 8
MM, 569, 677, 16
MM, 569, 679, 24
MM, 569, 680, 43
MM, 570, 680, 31
MM, 571, 680, 8
MM, 571, 679, 7
MM, 572, 677, 8
MM, 4, 29, 9
MM, 6, 27, 7
MM, 6, 26, 9
MM, 6, 22, 8
MM, 6, 16, 8
MM, 6, 10, 7
MM, 6, 9, 9
MM, 6, 8, 8
MM, 5, 6, 8
MM, 4, 6, 24
MM, 3, 6, 24
MM, 0, 8, 16
MM, 567, 653, 23
MM, 566, 653, 9
MM, 565, 653, 7
MM, 564, 653, 9
MM, 32, 8, 64
MM, 31, 8, 15
MC, 1, 160
MM, 29, 8, 79
MM, 28, 9, 8
MM, 27, 10, 24
MM, 26, 12, 16
MM, 26, 13, 8
MM, 25, 14, 9
MM, 23, 19, 8
MM, 22, 20, 8
MM, 21, 22, 7
MM, 19, 25, 9
MM, 17, 28, 8
MM, 14, 30, 8
MM, 541, 677, 8
MM, 536, 680, 8
MM, 133, 1, 8
MM, 127, 5, 8
MM, 125, 6, 9
MM, 120, 8, 7
MM, 119, 9, 7
MM, 117, 10, 9
MM, 117, 11, 48
MM, 117, 12, 65
MM, 117, 15, 7
MM, 116, 15, 25
MM, 116, 17, 32
MM, 116, 18, 39
MC, 1, 135
MM, 115, 16, 24
MM, 111, 8, 8
MM, 107, 3, 8
MM, 501, 678, 10
MM, 9, 27, 7
MM, 2, 20, 8
MM, 483, 658, 8
MM, 29, 10, 8
MM, 24, 6, 8
MM, 18, 1, 8
MM, 462, 643, 8
MM, 451, 639, 9
MM, 27, 29, 7
MM, 22, 26, 9
MM, 20, 25, 7
MM, 18, 24, 8
MM, 17, 23, 25
MM, 16, 23, 23
MM, 16, 22, 8
MM, 15, 22, 9
MM, 12, 22, 16
MM, 7, 22, 7
MM, 1, 22, 9
MM, 418, 630, 7
MM, 32, 22, 7
MM, 25, 20, 9
MM, 23, 19, 8
MM, 19, 19, 8
MM, 14, 19, 8
MM, 14, 18, 16
MM, 30, 19, 231
MM, 420, 627, 7
MM, 11, 18, 8
MM, 32, 11, 9
MM, 15, 6, 8
MM, 497, 612, 8
MM, 16, 1, 8
MM, 536, 604, 8
MM, 17, 29, 8
MM, 26, 25, 9
MM, 29, 24, 8
MM, 30, 23, 16
MM, 30, 22, 8
MM, 30, 21, 17
MM, 31, 20, 7
MM, 564, 591, 9
MM, 566, 591, 10
MM, 2, 18, 6
MM, 9, 16, 8
MM, 15, 16, 8
MM, 18, 16, 7
MM, 19, 15, 9
MM, 22, 15, 7
MM, 23, 15, 9
MM, 26, 15, 31
MM, 28, 15, 8
MM, 33, 15, 9
MM, 610, 589, 8
MM, 5, 19, 7
MM, 15, 19, 8
MM, 26, 22, 9
MM, 647, 594, 8
MM, 7, 23, 7
MM, 21, 25, 8
MM, 685, 596, 8
MM, 8, 25, 8
MM, 15, 25, 8
MM, 16, 25, 136
MC, 1, 158
MM, 16, 24, 16
MM, 12, 24, 8
MM, 9, 24, 8
MM, 6, 24, 8
MM, 687, 595, 8
MM, 27, 24, 8
MM, 8, 24, 8
MM, 23, 24, 9
MM, 1, 24, 7
MM, 18, 24, 9
MM, 28, 24, 8
MM, 3, 24, 8
MM, 22, 24, 7
MM, 8, 24, 9
MM, 492, 595, 8
MM, 30, 24, 8
MM, 24, 24, 8
MM, 19, 23, 17
MM, 15, 23, 8
MM, 9, 22, 8
MM, 2, 22, 8
MM, 450, 591, 7
MM, 27, 20, 9
MM, 15, 20, 8
MM, 7, 20, 7
MM, 1, 20, 8
MM, 412, 591, 8
MM, 410, 591, 9
MM, 34, 20, 8
MM, 33, 20, 8
MM, 32, 20, 9
MM, 30, 20, 32
MM, 29, 20, 24
MM, 29, 21, 16
MM, 29, 22, 7
MM, 29, 23, 8
MM, 29, 24, 9
MM, 29, 27, 8
MM, 28, 27, 8
MM, 24, 28, 7
MM, 21, 30, 10
MM, 390, 602, 7
MM, 387, 603, 16
MM, 382, 603, 7
MM, 379, 604, 9
MM, 377, 606, 7
MM, 34, 0, 8
MM, 34, 1, 8
MM, 33, 1, 9
MM, 31, 2, 8
MM, 30, 2, 15
MM, 29, 3, 16
MM, 28, 4, 8
MM, 27, 5, 41
MM, 26, 6, 16
MM, 24, 6, 7
MM, 20, 7, 9
MM, 14, 8, 8
MM, 12, 9, 7
MM, 11, 10, 24
MM, 16, 12, 174
MM, 22, 15, 9
MM, 31, 18, 8
MM, 1, 22, 8
MM, 11, 24, 7
MM, 24, 28, 9
MM, 414, 639, 8
MM, 421, 641, 8
MM, 19, 0, 8
MM, 20, 0, 8
MM, 22, 1, 8
MM, 24, 2, 8
MM, 24, 3, 16
MM, 26, 5, 8
MM, 27, 5, 8
MM, 28, 6, 24
MM, 29, 7, 8
MM, 30, 8, 50
MM, 31, 10, 7
MM, 32, 10, 49
MM, 30, 11, 127
MM, 28, 11, 8
MM, 27, 11, 9
MC, 1, 134
MM, 27, 9, 16
MM, 27, 6, 8
MM, 27, 3, 8
MM, 436, 642, 10
MM, 15, 28, 7
MM, 14, 21, 8
MM, 13, 15, 9
MM, 12, 10, 8
MM, 10, 7, 7
MM, 10, 6, 8
MM, 10, 4, 8
MM, 10, 2, 8
MM, 10, 1, 16
MM, 10, 0, 17
MM, 431, 607, 7
MM, 431, 606, 16
MM, 431, 605, 16
MM, 431, 604, 8
MM, 431, 603, 8
MM, 16, 30, 8
MM, 16, 29, 8
MM, 16, 28, 7
MM, 16, 26, 9
MM, 17, 25, 9
MM, 18, 23, 7
MM, 20, 21, 8
MM, 20, 20, 9
MM, 21, 18, 8
MM, 21, 17, 16
MC, 1, 197
MM, 21, 19, 115
MM, 21, 21, 8
MM, 21, 24, 9
MM, 21, 26, 7
MM, 21, 29, 7
MM, 436, 603, 9
MM, 436, 605, 8
MM, 436, 607, 7
MM, 15, 1, 10
MM, 15, 3, 6
MM, 15, 8, 9
MM, 19, 11, 7
MM, 21, 13, 9
MM, 24, 17, 8
MM, 28, 20, 8
MM, 29, 21, 8
MM, 31, 23, 8
MM, 33, 25, 7
MM, 456, 636, 9
MM, 457, 638, 7
MM, 458, 642, 9
MM, 458, 644, 7
MM, 10, 2, 9
MM, 13, 5, 7
MM, 13, 8, 9
MM, 14, 11, 6
MM, 16, 15, 8
MM, 18, 19, 16
MM, 20, 21, 8
MM, 21, 24, 8
MM, 24, 27, 8
MM, 475, 676, 8
MM, 476, 678, 8
MM, 477, 679, 8
MM, 479, 681, 8
MM, 80, 0, 8
MM, 81, 1, 16
MM, 82, 2, 8
MM, 83, 4, 8
MM, 84, 5, 24
MM, 85, 6, 41
MM, 85, 7, 24
MM, 86, 8, 16
MM, 87, 8, 16
MM, 88, 8, 33
MM, 90, 8, 8
MM, 98, 8, 7
MM, 104, 8, 9
MM, 112, 8, 7
MM, 122, 8, 8
MM, 132, 8, 8
MM, 140, 8, 8
MM, 145, 8, 9
MM, 149, 8, 8
MM, 150, 8, 7
MM, 152, 6, 9
MM, 152, 4, 16
MM, 153, 2, 7
MM, 554, 681, 16
MM, 556, 678, 9
MM, 557, 678, 7
MM, 560, 676, 9
MM, 33, 28, 7
MM, 34, 26, 8
MM, 565, 669, 8
MM, 565, 668, 9
MM, 565, 666, 7
MM, 565, 665, 16
MM, 566, 664, 9
MM, 567, 663, 16
MM, 569, 663, 23
MM, 0, 18, 16
MM, 2, 18, 8
MM, 4, 18, 8
MM, 7, 18, 8
MM, 16, 18, 10
MM, 24, 18, 7
MM, 32, 18, 7
MM, 610, 663, 8
MM, 2, 18, 9
MM, 6, 18, 7
MM, 7, 18, 17
MM, 9, 18, 8
MM, 11, 18, 24
MM, 12, 18, 8
MM, 13, 18, 7
MM, 15, 18, 8
MM, 16, 18, 8
MM, 18, 18, 8
MC, 1, 239
MM, 18, 19, 16
MM, 16, 20, 8
MM, 14, 21, 7
MM, 13, 21, 9
MM, 9, 22, 8
MM, 4, 23, 8
MM, 612, 672, 8
MM, 36, 27, 8
MM, 34, 27, 8
MM, 30, 29, 8
MM, 25, 29, 8
MM, 23, 29, 9
MM, 17, 29, 8
MM, 11, 29, 8
MM, 5, 29, 8
MM, 34, 28, 8
MM, 25, 24, 8
MM, 14, 21, 8
MM, 3, 16, 8
MM, 523, 655, 8
MM, 27, 7, 7
MM, 18, 1, 9
MM, 497, 638, 7
MM, 25, 23, 10
MM, 23, 18, 6
MM, 18, 12, 9
MM, 13, 5, 7
MM, 10, 2, 10
MM, 471, 607, 7
MM, 471, 606, 24
MM, 471, 604, 8
MM, 471, 603, 49
MM, 471, 602, 8
MM, 15, 30, 16
MM, 15, 29, 7
MM, 15, 28, 9
MM, 15, 27, 8
MM, 15, 26, 8
MM, 16, 25, 15
MM, 16, 24, 8
MM, 16, 23, 25
MM, 16, 22, 16
MM, 16, 20, 16
MM, 16, 19, 14
MM, 16, 18, 56
MM, 16, 17, 25
MM, 17, 15, 7
MM, 18, 14, 16
MM, 21, 13, 9
MM, 23, 13, 16
MM, 25, 13, 7
MM, 27, 12, 9
MM, 28, 12, 17
MM, 30, 12, 7
MM, 31, 12, 17
MM, 488, 583, 8
MM, 490, 583, 16
MM, 491, 583, 95
MM, 492, 583, 9
MM, 4, 19, 232
MM, 17, 8, 7
MM, 25, 26, 9
MM, 527, 649, 8
MM, 0, 24, 9
MM, 529, 681, 6
MM, 129, 7, 7
MM, 124, 14, 8
MM, 117, 18, 9
MM, 106, 26, 8
MM, 101, 27, 7
MM, 100, 27, 16
MM, 96, 25, 194
MM, 92, 18, 7
MM, 88, 11, 9
MM, 481, 680, 7
MM, 480, 677, 8
MM, 31, 29, 8
MM, 31, 27, 8
MM, 31, 21, 8
MM, 31, 16, 8
MM, 483, 655, 8
MM, 485, 653, 8
MM, 486, 648, 9
MM, 1, 0, 8
MM, 489, 640, 7
MM, 27, 30, 8
MM, 20, 22, 17
MM, 12, 19, 7
MM, 1, 18, 8
MM, 459, 625, 9
MM, 33, 17, 7
MM, 31, 17, 8
MM, 29, 17, 9
MM, 28, 17, 7
MM, 23, 17, 9
MM, 17, 16, 7
MM, 6, 13, 8
MM, 0, 11, 8
MM, 33, 11, 7
MM, 28, 11, 8
MM, 24, 11, 8
MM, 22, 11, 8
MM, 21, 10, 40
MM, 19, 9, 8
MM, 15, 9, 7
MM, 10, 7, 9
MM, 8, 6, 8
MM, 7, 6, 8
MM, 6, 6, 8
MM, 5, 6, 25
MM, 2, 6, 17
MM, 0, 6, 7
MM, 376, 614, 9
MM, 374, 614, 7
MM, 32, 6, 8
MM, 27, 6, 8
MM, 26, 6, 9
MM, 24, 6, 15
MM, 23, 7, 9
MM, 21, 8, 16
MM, 20, 9, 7
MM, 21, 9, 105
MM, 22, 10, 8
MC, 1, 110
MM, 25, 10, 8
MM, 26, 10, 8
MM, 31, 10, 9
MM, 32, 10, 7
MM, 375, 618, 8
MM, 379, 618, 8
MM, 0, 10, 8
MM, 2, 10, 8
MM, 3, 10, 8
MM, 4, 10, 8
MM, 5, 11, 24
MM, 7, 12, 34
MM, 8, 12, 15
MM, 9, 12, 113
MM, 11, 12, 93
MM, 15, 11, 9
MM, 17, 10, 8
MM, 25, 9, 8
MM, 33, 7, 8
MM, 3, 3, 8
MM, 9, 1, 9
MM, 437, 605, 7
MM, 442, 603, 9
MM, 447, 602, 8
MM, 0, 25, 8
MM, 6, 23, 7
MM, 12, 19, 9
MM, 16, 18, 7
MM, 18, 17, 8
MM, 23, 13, 8
MM, 24, 13, 9
MM, 25, 13, 8
MM, 28, 12, 7
MM, 29, 11, 25
MM, 30, 10, 16
MM, 30, 9, 32
MM, 31, 9, 17
MM, 488, 580, 15
MM, 490, 579, 32
MM, 493, 579, 16
MM, 4, 8, 8
MM, 6, 8, 8
MM, 8, 8, 23
MM, 9, 8, 41
MM, 10, 8, 16
MM, 11, 8, 8
MM, 11, 9, 17
MM, 11, 10, 15
MM, 11, 11, 15
MM, 12, 11, 17
MM, 12, 12, 7
MC, 1, 120
MM, 10, 13, 24
MM, 8, 13, 8
MM, 5, 13, 8
MM, 4, 13, 8
MM, 1, 13, 8
MM, 0, 13, 8
MM, 492, 585, 8
MM, 490, 585, 7
MM, 488, 586, 17
MM, 31, 15, 9
MM, 30, 15, 16
MM, 27, 16, 48
MM, 26, 17, 16
MM, 25, 18, 9
MM, 24, 18, 15
MM, 23, 19, 8
MC, 1, 192
MM, 24, 19, 39
MM, 27, 19, 10
MM, 488, 590, 8
MM, 491, 589, 7
MM, 5, 16, 10
MM, 21, 16, 6
MM, 2, 15, 9
MM, 20, 15, 7
MM, 1, 15, 10
MM, 17, 15, 7
MM, 34, 15, 10
MM, 9, 15, 6
MM, 23, 15, 8
MM, 30, 15, 7
MM, 645, 586, 8
MM, 647, 583, 8
MM, 0, 10, 129
MM, 1, 10, 7
MM, 2, 10, 9
MM, 3, 10, 7
MM, 4, 10, 8
MM, 5, 10, 9
MM, 6, 9, 8
MM, 7, 8, 103
MC, 1, 134
MM, 7, 9, 42
MM, 6, 10, 7
MM, 4, 12, 8
MM, 1, 13, 9
MM, 643, 588, 9
MM, 25, 21, 7
MM, 16, 27, 8
MM, 616, 604, 8
MM, 26, 1, 9
MM, 19, 6, 7
MM, 10, 12, 9
MM, 2, 18, 8
MM, 580, 630, 7
MM, 576, 633, 9
MM, 574, 640, 8
MM, 0, 0, 8
MM, 566, 648, 8
MM, 564, 652, 8
MM, 34, 10, 8
MM, 32, 12, 8
MM, 32, 13, 8
MM, 31, 15, 8
MM, 31, 16, 8
MM, 31, 17, 104
MM, 31, 18, 8
MM, 30, 18, 55
MM, 29, 18, 48
MC, 1, 103
MM, 29, 17, 7
MM, 27, 15, 10
MM, 25, 15, 7
MM, 16, 9, 8
MM, 8, 9, 8
MM, 1, 7, 8
MM, 523, 649, 8
MM, 26, 1, 8
MM, 20, 1, 7
MM, 14, 0, 9
MM, 9, 0, 8
MM, 5, 0, 8
MM, 489, 643, 9
MM, 485, 643, 8
MM, 480, 641, 7
MM, 474, 641, 9
MM, 467, 640, 8
MM, 461, 640, 8
MM, 451, 639, 8
MM, 21, 28, 8
MM, 13, 28, 8
MM, 3, 26, 8
MM, 417, 633, 8
MM, 31, 24, 8
MM, 26, 24, 8
MM, 24, 24, 8
MM, 24, 23, 8
MM, 23, 22, 16
MM, 21, 22, 24
MM, 16, 21, 8
MM, 12, 21, 9
MM, 9, 20, 8
MM, 7, 20, 8
MM, 5, 20, 8
MM, 1, 20, 8
MM, 1, 19, 7
MM, 0, 19, 16
MM, 379, 627, 8
MM, 375, 626, 8
MM, 374, 625, 8
MM, 33, 17, 8
MM, 31, 17, 8
MM, 30, 17, 7
MM, 28, 17, 8
MM, 27, 16, 8
MM, 26, 16, 8
MM, 24, 16, 7
MM, 23, 16, 8
MM, 22, 16, 25
MC, 1, 176
MM, 23, 15, 15
MM, 29, 14, 9
MM, 379, 619, 8
MM, 13, 11, 8
MM, 415, 619, 8
MM, 12, 11, 8
MM, 34, 9, 8
MM, 5, 8, 8
MM, 21, 4, 8
MM, 495, 611, 7
MM, 11, 0, 9
MM, 520, 606, 8
MM, 529, 603, 8
MM, 541, 602, 9
MM, 16, 30, 7
MM, 25, 28, 8
MM, 30, 24, 8
MM, 566, 594, 9
MM, 569, 593, 7
MM, 2, 20, 8
MM, 3, 19, 8
MM, 5, 17, 8
MM, 5, 16, 8
MM, 5, 15, 8
MM, 5, 14, 16
MM, 6, 11, 123
MM, 7, 11, 15
MC, 1, 158
MM, 3, 11, 40
MM, 567, 580, 9
MM, 565, 580, 9
MM, 28, 9, 7
MM, 24, 9, 8
MM, 18, 9, 8
MM, 14, 9, 8
MM, 12, 9, 8
MM, 8, 9, 9
MM, 6, 9, 7
MM, 0, 9, 8
MM, 528, 580, 8
MM, 28, 9, 8
MM, 23, 9, 8
MM, 20, 9, 8
MM, 18, 9, 8
MM, 17, 9, 8
MM, 16, 9, 121
MC, 1, 118
MM, 15, 9, 16
MM, 6, 12, 16
MM, 2, 13, 8
MM, 31, 16, 8
MM, 25, 17, 9
MM, 21, 18, 8
MM, 12, 19, 9
MM, 5, 25, 8
MM, 0, 26, 8
MM, 33, 28, 7
MM, 31, 30, 8
MM, 442, 602, 9
MM, 437, 606, 8
MM, 14, 0, 7
MM, 11, 1, 8
MM, 6, 5, 8
MM, 1, 7, 8
MM, 415, 619, 8
MM, 29, 13, 8
MM, 18, 17, 8
MM, 11, 18, 8
MM, 9, 20, 8
MM, 7, 21, 7
MM, 7, 20, 113
MM, 9, 18, 8
MM, 11, 17, 7
MM, 13, 16, 17
MM, 16, 15, 9
MM, 17, 14, 15
MC, 1, 215
MM, 19, 13, 40
MM, 21, 14, 8
MM, 28, 18, 8
MM, 417, 632, 8
MM, 1, 28, 8
MM, 431, 644, 8
MM, 33, 3, 9
MM, 444, 652, 8
MM, 2, 12, 8
MM, 5, 15, 7
MM, 7, 19, 9
MM, 10, 23, 8
MM, 12, 26, 8
MM, 13, 28, 16
MM, 14, 29, 16
MM, 463, 676, 73
MM, 463, 678, 24
MM, 463, 679, 17
MM, 463, 681, 7
MM, 63, 1, 16
MM, 63, 3, 25
MM, 63, 4, 7
MM, 63, 5, 8
MM, 63, 6, 31
MM, 63, 7, 65
MM, 63, 8, 16
MM, 63, 10, 134
MM, 61, 8, 8
MM, 59, 5, 8
MM, 58, 1, 8
MM, 455, 681, 7
MM, 454, 679, 9
MM, 454, 678, 8
MM, 5, 30, 8
MM, 4, 28, 8
MM, 3, 25, 8
MM, 1, 22, 16
MM, 448, 663, 8
MM, 447, 663, 8
MM, 445, 661, 8
MM, 444, 660, 9
MM, 444, 659, 16
MM, 444, 658, 16
MM, 444, 656, 8
MM, 444, 655, 8
MM, 443, 653, 24
MM, 33, 7, 24
MM, 33, 6, 48
MM, 32, 5, 7
MM, 31, 5, 59
MM, 30, 5, 15
MM, 27, 5, 15
MM, 26, 6, 17
MM, 25, 6, 16
MM, 23, 7, 72
MM, 22, 8, 32
MM, 22, 9, 39
MM, 19, 9, 134
MM, 375, 643, 41
MM, 368, 639, 11
MM, 22, 28, 7
MM, 17, 24, 7
MM, 10, 21, 8
MM, 7, 18, 9
MM, 5, 17, 8
MM, 3, 16, 8
MM, 2, 15, 7
MM, 2, 14, 49
MM, 2, 13, 103
MM, 5, 12, 8
MM, 8, 12, 17
MM, 11, 11, 7
MM, 14, 11, 9
MM, 19, 11, 8
MM, 20, 11, 7
MM, 22, 11, 40
MM, 23, 10, 8
MM, 24, 10, 25
MM, 29, 10, 157
MM, 33, 10, 17
MM, 5, 10, 8
MM, 13, 10, 8
MM, 27, 12, 8
MM, 2, 13, 8
MM, 15, 18, 7
MM, 456, 629, 10
MM, 12, 25, 7
MM, 29, 30, 8
MM, 8, 30, 8
MM, 515, 640, 7
MM, 520, 640, 8
MM, 523, 640, 8
MM, 524, 641, 8
MM, 526, 642, 8
MM, 529, 643, 17
MM, 1, 0, 24
MM, 1, 1, 48
MM, 1, 2, 8
MM, 1, 4, 16
MM, 1, 5, 16
MM, 1, 6, 25
MM, 1, 9, 16
MM, 1, 10, 7
MM, 2, 11, 9
MM, 3, 14, 7
MM, 5, 16, 9
MM, 6, 17, 7
MM, 8, 18, 8
MM, 9, 19, 17
MM, 10, 19, 7
MC, 1, 191
MM, 12, 18, 193
MM, 13, 18, 16
MM, 14, 17, 9
MM, 15, 16, 7
MM, 16, 15, 9
MM, 18, 13, 15
MM, 20, 12, 8
MM, 22, 10, 8
MM, 27, 7, 9
MM, 33, 4, 8
MM, 570, 641, 8
MM, 33, 30, 7
MM, 577, 633, 8
MM, 2, 18, 9
MM, 3, 14, 7
MM, 6, 13, 8
MM, 15, 8, 9
MM, 19, 5, 7
MM, 26, 1, 8
MM, 27, 0, 9
MM, 609, 607, 8
MM, 610, 607, 8
MM, 607, 607, 48
MM, 23, 2, 8
MM, 20, 7, 9
MM, 16, 14, 8
MM, 9, 21, 7
MM, 3, 29, 9
MM, 582, 640, 8
MM, 578, 643, 7
MM, 4, 5, 9
MM, 3, 6, 7
MM, 2, 9, 8
MM, 2, 10, 8
MM, 2, 11, 8
MM, 2, 12, 8
MM, 2, 13, 31
MM, 2, 14, 25
MM, 0, 16, 7
MM, 569, 662, 8
MM, 569, 663, 16
MM, 569, 664, 16
MM, 568, 665, 9
MM, 567, 665, 8
MM, 566, 665, 8
MM, 565, 665, 16
MM, 564, 665, 8
MM, 31, 20, 7
MM, 26, 23, 16
MM, 24, 23, 8
MM, 21, 23, 8
MM, 20, 23, 9
MM, 18, 23, 15
MM, 17, 23, 24
MM, 16, 23, 16
MM, 15, 23, 24
MM, 17, 21, 128
MM, 19, 19, 8
MM, 21, 17, 8
MM, 26, 13, 8
MM, 29, 12, 8
MM, 34, 7, 7
MM, 567, 649, 8
MM, 571, 643, 8
MM, 574, 640, 8
MM, 577, 635, 8
MM, 1, 21, 8
MM, 7, 16, 8
MM, 12, 10, 8
MM, 22, 7, 9
MM, 0, 1, 8
MM, 629, 603, 7
MM, 645, 599, 8
MM, 6, 25, 8
MM, 11, 24, 8
MM, 14, 22, 8
MM, 14, 20, 24
MM, 14, 19, 17
MM, 14, 18, 82
MM, 13, 18, 47
MC, 1, 111
MM, 10, 18, 32
MM, 7, 18, 9
MM, 4, 18, 8
MM, 647, 589, 8
MM, 27, 18, 8
MM, 15, 18, 8
MM, 7, 18, 9
MM, 3, 18, 7
MM, 608, 589, 9
MM, 606, 589, 7
MM, 31, 16, 8
MM, 28, 15, 8
MM, 26, 15, 8
MM, 23, 14, 8
MM, 22, 14, 8
MM, 18, 14, 8
MM, 10, 14, 8
MM, 2, 13, 8
MM, 564, 584, 8
MM, 26, 12, 9
MM, 22, 12, 7
MM, 18, 9, 8
MM, 16, 9, 8
MM, 15, 9, 50
MM, 13, 9, 15
MM, 12, 9, 7
MM, 6, 9, 9
MM, 3, 9, 8
MM, 1, 9, 7
MM, 529, 580, 9
MM, 528, 580, 80
MM, 527, 580, 25
MM, 525, 580, 23
MM, 30, 9, 8
MM, 29, 9, 8
MC, 1, 141
MM, 27, 10, 89
MM, 27, 13, 16
MM, 27, 18, 7
MM, 25, 23, 9
MM, 25, 26, 8
MM, 24, 30, 8
MM, 518, 606, 8
MM, 17, 4, 8
MM, 16, 7, 8
MM, 12, 14, 8
MM, 10, 21, 8
MM, 502, 640, 8
MM, 9, 2, 8
MM, 6, 9, 8
MM, 0, 16, 8
MM, 484, 666, 8
MM, 483, 669, 8
MM, 482, 671, 8
MM, 482, 673, 7
MM, 482, 674, 9
MM, 482, 675, 8
MM, 482, 677, 8
MM, 481, 679, 8
MM, 479, 681, 24
MM, 78, 0, 8
MM, 78, 1, 8
MM, 78, 2, 16
MM, 77, 5, 8
MM, 77, 7, 16
MM, 77, 10, 8
MM, 77, 11, 8
MM, 76, 15, 8
MM, 75, 19, 8
MM, 74, 21, 7
MM, 73, 21, 8
MM, 73, 22, 88
MM, 71, 23, 168
MM, 69, 23, 9
MM, 68, 21, 7
MM, 66, 19, 9
MM, 63, 14, 8
MM, 62, 11, 8
MM, 61, 9, 7
MM, 57, 4, 8
MM, 52, 0, 9
MM, 451, 680, 8
MM, 450, 678, 7
MM, 445, 673, 9
MM, 443, 672, 8
MM, 29, 26, 8
MM, 27, 22, 7
MM, 25, 22, 9
MM, 20, 21, 8
MM, 18, 20, 8
MM, 16, 20, 24
MM, 15, 19, 32
MM, 14, 17, 88
MM, 22, 11, 159
MM, 25, 10, 9
MM, 30, 6, 8
MM, 445, 646, 7
MM, 447, 644, 9
MM, 448, 642, 8
MM, 31, 26, 8
MM, 34, 22, 8
MM, 459, 623, 8
MM, 0, 12, 8
MM, 0, 10, 8
MM, 1, 7, 8
MM, 1, 5, 8
MM, 1, 4, 8
MM, 1, 2, 8
MM, 1, 1, 8
MM, 1, 0, 23
MM, 463, 607, 25
MM, 463, 606, 24
MM, 463, 605, 7
MM, 463, 603, 9
MM, 462, 602, 7
MM, 5, 30, 9
MM, 5, 27, 40
MM, 5, 23, 16
MM, 6, 20, 7
MM, 10, 15, 8
MM, 12, 13, 8
MM, 12, 11, 8
MM, 13, 10, 9
MM, 14, 9, 8
MM, 15, 9, 8
MM, 16, 8, 56
MM, 20, 8, 140
MM, 24, 8, 3
MM, 26, 8, 8
MM, 29, 8, 8
MM, 31, 10, 9
MM, 490, 582, 7
MM, 492, 582, 8
MM, 3, 12, 8
MM, 5, 12, 9
MM, 10, 14, 8
MM, 10, 15, 7
MM, 16, 16, 8
MM, 22, 16, 9
MM, 26, 16, 8
MM, 30, 16, 8
MM, 525, 587, 8
MM, 526, 587, 88
MM, 527, 587, 8
MM, 528, 587, 8
MM, 529, 587, 25
MM, 530, 587, 7
MM, 0, 16, 9
MM, 2, 16, 16
MM, 4, 16, 8
MM, 8, 16, 17
MM, 10, 16, 22
MC, 1, 176
MM, 10, 17, 56
MM, 10, 22, 7
MM, 10, 28, 9
MM, 541, 605, 7
MM, 539, 610, 9
MM, 537, 619, 8
MM, 536, 625, 8
MM, 535, 633, 8
MM, 532, 644, 8
MM, 3, 5, 8
MM, 1, 14, 8
MM, 0, 20, 8
MM, 0, 22, 8
MM, 528, 673, 8
MM, 525, 677, 8
MM, 524, 677, 8
MM, 524, 680, 7
MM, 122, 0, 9
MM, 122, 1, 24
MM, 122, 3, 24
MM, 121, 5, 16
MM, 121, 6, 8
MM, 121, 9, 23
MM, 120, 10, 9
MM, 119, 11, 7
MM, 118, 13, 16
MM, 118, 15, 16
MM, 118, 17, 16
MM, 118, 18, 9
MM, 117, 19, 47
MM, 114, 18, 112
MM, 111, 12, 8
MM, 110, 7, 9
MM, 109, 3, 7
MM, 508, 680, 8
MM, 16, 30, 8
MM, 16, 27, 9
MM, 15, 24, 8
MM, 14, 22, 8
MM, 12, 20, 16
MM, 12, 18, 24
MM, 12, 17, 16
MM, 12, 16, 8
MM, 11, 14, 33
MM, 11, 13, 23
MM, 11, 11, 17
MM, 12, 11, 23
MM, 12, 9, 8
MM, 12, 8, 8
MM, 12, 7, 8
MM, 15, 5, 8
MC, 1, 135
MM, 16, 4, 33
MM, 16, 3, 8
MM, 504, 644, 8
MM, 502, 642, 16
MM, 499, 639, 8
MM, 497, 637, 8
MM, 494, 635, 8
MM, 23, 22, 8
MM, 16, 16, 7
MM, 9, 13, 9
MM, 4, 9, 7
MM, 459, 613, 9
MM, 457, 611, 7
MM, 456, 610, 8
MM, 33, 0, 8
MM, 454, 607, 17
MM, 454, 606, 16
MM, 454, 604, 24
MM, 453, 602, 16
MM, 452, 601, 8
MM, 451, 601, 8
MM, 450, 600, 9
MM, 34, 28, 7
MM, 33, 28, 9
MM, 31, 27, 8
MM, 29, 26, 8
MM, 29, 24, 40
MM, 29, 23, 41
MM, 29, 22, 23
MM, 28, 21, 16
MM, 26, 20, 9
MM, 24, 18, 7
MM, 20, 17, 9
MM, 16, 17, 7
MM, 15, 16, 8
MM, 14, 16, 8
MM, 13, 15, 40
MC, 1, 135
MM, 14, 19, 15
MM, 14, 24, 9
MM, 15, 28, 8
MM, 11, 0, 8
MM, 15, 9, 8
MM, 16, 13, 8
MM, 19, 18, 9
MM, 21, 23, 7
MM, 21, 25, 8
MM, 21, 28, 8
MM, 21, 30, 9
MM, 442, 639, 8
MM, 442, 641, 7
MM, 442, 642, 9
MM, 442, 643, 15
MM, 442, 644, 18
MM, 33, 0, 15
MM, 33, 1, 23
MM, 33, 2, 17
MM, 33, 3, 7
MM, 33, 5, 8
MM, 33, 6, 15
MM, 33, 7, 8
MM, 33, 9, 16
MM, 33, 10, 8
MM, 33, 11, 17
MM, 32, 14, 56
MC, 1, 120
MM, 32, 15, 127
MM, 30, 15, 8
MM, 28, 14, 8
MM, 23, 10, 9
MM, 21, 9, 15
MM, 19, 8, 8
MM, 17, 6, 8
MM, 14, 3, 8
MM, 9, 0, 8
MM, 415, 642, 9
MM, 26, 29, 8
MM, 21, 25, 8
MM, 16, 22, 8
MM, 7, 16, 7
MM, 2, 14, 9
MM, 0, 12, 7
MM, 375, 617, 8
MM, 374, 616, 8
MM, 32, 8, 9
MM, 26, 5, 8
MM, 25, 4, 8
MM, 24, 3, 7
MM, 22, 3, 41
MM, 21, 3, 8
MM, 20, 3, 8
MM, 18, 3, 8
MM, 17, 3, 8
MM, 16, 3, 8
MM, 17, 3, 143
MM, 18, 4, 8
MM, 19, 5, 8
MM, 20, 7, 16
MM, 21, 8, 17
MC, 1, 152
MM, 24, 9, 16
MM, 33, 9, 8
MM, 1, 9, 8
MM, 11, 9, 8
MM, 14, 9, 8
MM, 18, 9, 7
MM, 19, 9, 8
MM, 22, 9, 8
MM, 24, 9, 9
MM, 29, 9, 7
MM, 33, 9, 9
MM, 419, 617, 7
MM, 8, 9, 8
MM, 18, 9, 8
MM, 24, 9, 9
MM, 31, 9, 7
MM, 458, 616, 8
MM, 7, 5, 8
MM, 13, 5, 9
MM, 21, 4, 7
MM, 494, 609, 9
MM, 1, 0, 7
MM, 504, 607, 9
MM, 508, 605, 7
MM, 511, 603, 9
MM, 515, 602, 8
MM, 517, 602, 7
MM, 24, 30, 8
MM, 24, 29, 9
MM, 25, 29, 23
MM, 26, 28, 9
MM, 27, 27, 23
MM, 28, 26, 17
MM, 29, 25, 24
MM, 29, 24, 24
MM, 29, 23, 8
MM, 30, 23, 8
MM, 30, 22, 8
MM, 525, 592, 8
MM, 526, 592, 8
MM, 528, 590, 8
MM, 0, 19, 7
MM, 2, 18, 8
MM, 5, 18, 8
MM, 10, 18, 9
MM, 12, 18, 7
MM, 14, 18, 8
MM, 16, 18, 8
MM, 18, 18, 8
MM, 20, 18, 16
MM, 21, 18, 16
MM, 25, 18, 8
MM, 28, 18, 8
MM, 32, 18, 8
MM, 568, 589, 8
MM, 0, 18, 8
MM, 2, 18, 8
MM, 3, 18, 8
MM, 3, 17, 8
MM, 4, 16, 8
MM, 6, 14, 25
MM, 7, 14, 16
MM, 9, 13, 15
MM, 12, 12, 9
MM, 14, 12, 7
MM, 15, 12, 73
MM, 16, 12, 8
MM, 17, 11, 8
MM, 13, 11, 103
MM, 8, 11, 8
MM, 5, 11, 8
MM, 2, 11, 9
MM, 566, 582, 8
MM, 26, 12, 8
MM, 20, 15, 8
MM, 11, 16, 7
MM, 1, 17, 8
MM, 28, 19, 9
MM, 19, 22, 7
MM, 5, 23, 9
MM, 27, 25, 7
MM, 16, 26, 10
MM, 4, 30, 7
MM, 448, 602, 9
MM, 437, 604, 7
MM, 431, 604, 9
MM, 425, 605, 7
MM, 418, 606, 8
MM, 416, 608, 8
MM, 33, 0, 8
MM, 32, 0, 8
MM, 29, 1, 16
MM, 28, 1, 8
MM, 26, 2, 8
MM, 24, 2, 8
MM, 23, 2, 8
MM, 22, 3, 32
MM, 22, 4, 48
MM, 22, 5, 16
MM, 22, 6, 16
MM, 22, 7, 24
MM, 24, 7, 119
MM, 27, 4, 9
MM, 30, 0, 7
MM, 413, 605, 9
MM, 416, 603, 7
MM, 3, 28, 8
MM, 6, 25, 8
MM, 6, 24, 9
MM, 7, 22, 7
MM, 7, 20, 8
MM, 8, 18, 8
MM, 11, 16, 8
MM, 11, 15, 8
MM, 12, 14, 16
MM, 13, 14, 8
MM, 15, 12, 8
MM, 16, 10, 8
MM, 17, 9, 9
MM, 18, 8, 24
MM, 19, 8, 8
MM, 19, 7, 8
MM, 20, 5, 32
MC, 1, 111
MM, 21, 5, 24
MM, 22, 7, 9
MM, 25, 12, 8
MM, 28, 17, 8
MM, 33, 24, 7
MM, 450, 602, 9
MM, 34, 2, 7
MM, 458, 621, 9
MM, 0, 22, 7
MM, 2, 30, 8
MM, 21, 4, 8
MM, 24, 11, 8
MM, 27, 16, 8
MM, 30, 21, 8
MM, 32, 26, 9
MM, 484, 674, 8
MM, 485, 678, 7
MM, 485, 681, 17
MM, 87, 1, 15
MM, 87, 2, 32
MM, 88, 5, 17
MM, 88, 6, 24
MM, 89, 7, 16
MM, 89, 8, 16
MM, 89, 9, 24
MM, 90, 10, 31
MC, 1, 137
MM, 90, 6, 24
MM, 486, 679, 7
MM, 486, 672, 8
MM, 486, 664, 8
MM, 485, 658, 9
MM, 484, 653, 8
MM, 484, 647, 7
MM, 484, 643, 9
MM, 22, 30, 8
MM, 22, 28, 8
MM, 22, 22, 8
MM, 21, 17, 8
MM, 21, 13, 8
MM, 17, 7, 8
MM, 16, 4, 8
MM, 15, 0, 8
MM, 477, 607, 8
MM, 477, 606, 8
MM, 477, 604, 8
MM, 477, 602, 39
MM, 20, 27, 9
MM, 19, 27, 7
MM, 19, 26, 24
MM, 19, 24, 8
MM, 19, 23, 8
MM, 20, 22, 32
MM, 20, 21, 57
MM, 20, 20, 16
MM, 20, 19, 8
MM, 20, 18, 16
MM, 20, 17, 8
MM, 23, 16, 136
MM, 30, 18, 7
MM, 493, 594, 8
MM, 6, 28, 8
MM, 12, 29, 8
MM, 519, 606, 9
MM, 29, 1, 8
MM, 535, 612, 7
MM, 0, 6, 9
MM, 2, 7, 7
MM, 6, 10, 9
MM, 8, 11, 8
MM, 12, 11, 8
MM, 12, 12, 7
MC, 1, 265
MM, 11, 12, 23
MM, 539, 616, 9
MM, 30, 4, 7
MM, 514, 605, 8
MM, 2, 28, 8
MM, 25, 23, 9
MM, 11, 20, 7
MM, 2, 18, 8
MM, 453, 587, 8
MM, 34, 15, 8
MM, 32, 13, 8
MM, 31, 13, 41
MM, 25, 10, 24
MM, 23, 10, 8
MM, 20, 10, 7
MM, 18, 10, 9
MC, 1, 232
MM, 21, 10, 7
MM, 27, 10, 8
MM, 30, 10, 8
MM, 34, 10, 8
MM, 455, 581, 8
MM, 2, 10, 9
MM, 4, 10, 8
MM, 5, 10, 8
MM, 7, 10, 80
MC, 1, 151
MM, 3, 10, 16
MM, 453, 579, 9
MM, 34, 8, 7
MM, 29, 8, 9
MM, 28, 8, 7
MM, 27, 8, 9
MM, 26, 8, 7
MM, 25, 8, 9
MM, 23, 8, 16
MM, 22, 8, 8
MM, 20, 8, 8
MM, 19, 8, 8
MM, 18, 8, 8
MC, 1, 207
MM, 19, 8, 32
MM, 20, 8, 9
MM, 23, 10, 7
MM, 24, 11, 8
MM, 25, 13, 9
MM, 29, 20, 8
MM, 31, 23, 8
MM, 451, 601, 8
MM, 454, 607, 8
MM, 458, 614, 9
MM, 459, 621, 7
MM, 2, 22, 8
MM, 4, 27, 9
MM, 468, 641, 8
MM, 21, 3, 8
MM, 23, 8, 8
MM, 24, 14, 8
MM, 25, 17, 8
MM, 25, 23, 8
MM, 27, 25, 8
MM, 27, 26, 7
MM, 27, 28, 8
MM, 27, 29, 17
MM, 28, 30, 56
MM, 478, 676, 8
MM, 478, 677, 40
MM, 478, 678, 8
MM, 478, 679, 9
MM, 478, 680, 7
MM, 479, 681, 8
MM, 79, 0, 8
MM, 79, 3, 8
MM, 81, 9, 16
MM, 81, 11, 16
MM, 81, 12, 16
MM, 82, 14, 8
MC, 1, 199
MM, 83, 11, 15
MM, 86, 5, 9
MM, 88, 4, 8
MM, 490, 681, 7
MM, 5, 29, 9
MM, 7, 27, 7
MM, 12, 22, 9
MM, 14, 19, 7
MM, 19, 15, 9
MM, 28, 9, 8
MM, 33, 8, 8
MM, 5, 2, 7
MM, 11, 0, 9
MM, 549, 639, 8
MM, 16, 27, 7
MM, 18, 26, 9
MM, 21, 23, 8
MM, 23, 19, 8
MM, 24, 17, 8
MM, 24, 15, 8
MM, 26, 13, 8
MM, 27, 11, 8
MM, 28, 9, 8
MM, 29, 7, 16
MM, 30, 5, 8
MM, 33, 4, 7
MM, 580, 611, 8
MM, 5, 0, 9
MM, 597, 605, 7
MM, 607, 603, 9
MM, 3, 28, 7
MM, 10, 27, 8
MM, 15, 22, 8
MM, 16, 19, 8
MM, 17, 19, 9
MM, 18, 18, 8
MM, 18, 17, 17
MM, 18, 16, 65
MM, 17, 16, 15
MC, 1, 231
MM, 15, 17, 32
MM, 12, 18, 8
MM, 10, 18, 8
MM, 4, 19, 8
MM, 1, 19, 8
MM, 605, 592, 8
MM, 30, 23, 8
MM, 22, 23, 8
MM, 16, 26, 8
MM, 7, 27, 8
MM, 569, 601, 8
MM, 558, 603, 8
MM, 546, 603, 8
MM, 538, 604, 7
MM, 526, 604, 8
MM, 516, 604, 8
MM, 502, 604, 9
MM, 489, 605, 8
MM, 481, 607, 8
MM, 16, 1, 8
MM, 11, 1, 8
MM, 8, 1, 8
MM, 2, 2, 8
MM, 459, 610, 8
MM, 456, 611, 8
MM, 27, 6, 8
MM, 24, 7, 8
MM, 18, 8, 8
MM, 14, 9, 8
MM, 12, 11, 8
MM, 11, 11, 8
MM, 11, 12, 24
MM, 11, 13, 8
MM, 10, 14, 23
MM, 8, 16, 8
MM, 7, 16, 17
MM, 6, 17, 7
MM, 6, 18, 90
MM, 3, 21, 15
MM, 2, 21, 16
MM, 0, 21, 16
MM, 420, 629, 81
MM, 418, 629, 6
MM, 417, 629, 9
MM, 416, 628, 8
MM, 415, 628, 7
MM, 34, 19, 8
MM, 31, 19, 65
MM, 28, 19, 15
MM, 26, 19, 9
MM, 25, 19, 7
MM, 23, 19, 8
MM, 20, 19, 8
MM, 18, 19, 17
MC, 1, 199
MM, 18, 20, 33
MM, 18, 21, 8
MM, 18, 22, 7
MM, 18, 23, 9
MM, 18, 24, 8
MM, 20, 27, 8
MM, 25, 30, 7
MM, 408, 640, 8
MM, 413, 642, 8
MM, 13, 2, 9
MM, 21, 5, 7
MM, 30, 9, 8
MM, 446, 657, 8
MM, 2, 14, 8
MM, 7, 17, 9
MM, 9, 20, 7
MM, 14, 22, 8
MM, 16, 23, 9
MM, 19, 26, 7
MM, 21, 28, 9
MM, 23, 30, 8
MM, 473, 676, 7
MM, 476, 677, 8
MM, 477, 678, 9
MM, 478, 678, 8
MM, 479, 679, 8
MM, 481, 681, 8
MM, 82, 0, 16
MM, 83, 1, 16
MM, 84, 1, 16
MM, 85, 1, 16
MM, 87, 2, 80
MM, 87, 4, 24
MM, 87, 5, 7
MM, 88, 7, 9
MM, 89, 9, 15
MM, 91, 13, 16
MM, 92, 15, 24
MM, 93, 16, 24
MM, 94, 17, 32
MC, 1, 137
MM, 99, 17, 39
MM, 104, 17, 9
MM, 107, 16, 7
MM, 110, 13, 8
MM, 114, 12, 9
MM, 119, 9, 7
MM, 121, 8, 9
MM, 123, 6, 8
MM, 124, 5, 8
MM, 125, 4, 7
MM, 126, 4, 8
MM, 127, 3, 8
MM, 127, 2, 8
MM, 127, 1, 16
MM, 527, 681, 16
MM, 528, 680, 16
MM, 528, 679, 8
MM, 529, 678, 8
MM, 532, 677, 17
MM, 533, 677, 16
MM, 5, 30, 96
MM, 6, 28, 15
MM, 7, 26, 9
MM, 8, 25, 8
MM, 8, 24, 16
MM, 8, 22, 16
MM, 8, 21, 8
MM, 9, 20, 151
MM, 10, 19, 8
MM, 10, 18, 8
MM, 11, 17, 8
MM, 12, 16, 9
MM, 20, 13, 192
MM, 31, 8, 7
MM, 1, 2, 9
MM, 579, 644, 7
MM, 9, 30, 8
MM, 18, 24, 9
MM, 612, 624, 8
MM, 617, 621, 7
MM, 8, 9, 8
MM, 13, 3, 8
MM, 17, 0, 9
MM, 638, 604, 7
MM, 642, 599, 8
MM, 643, 598, 8
MM, 644, 595, 8
MM, 645, 591, 8
MM, 647, 589, 8
MM, 647, 588, 8
MM, 647, 587, 17
MM, 647, 585, 8
MM, 647, 584, 104
MM, 0, 12, 55
MM, 1, 11, 16
MM, 2, 11, 8
MM, 3, 11, 8
MM, 4, 11, 8
MC, 1, 129
MM, 4, 13, 80
MM, 1, 17, 8
MM, 645, 594, 8
MM, 642, 597, 8
MM, 636, 602, 8
MM, 13, 2, 8
MM, 3, 9, 8
MM, 29, 19, 8
MM, 20, 25, 8
MM, 588, 641, 7
MM, 9, 0, 8
MM, 564, 657, 8
MM, 25, 15, 8
MM, 12, 21, 8
MM, 2, 23, 8
MM, 34, 24, 8
MM, 510, 676, 8
MM, 503, 677, 8
MM, 496, 681, 8
MM, 94, 0, 8
MM, 91, 1, 8
MM, 89, 3, 9
MM, 88, 4, 15
MM, 87, 5, 24
MM, 86, 6, 32
MM, 85, 7, 9
MM, 85, 8, 7
MM, 85, 9, 16
MM, 85, 11, 8
MM, 84, 12, 9
MM, 84, 13, 8
MM, 84, 14, 7
MM, 84, 15, 113
MC, 1, 79
MM, 85, 15, 8
MM, 87, 12, 8
MM, 87, 8, 8
MM, 90, 1, 8
MM, 492, 676, 8
MM, 6, 25, 8
MM, 8, 18, 8
MM, 9, 16, 8
MM, 10, 13, 9
MM, 12, 11, 7
MM, 12, 9, 8
MM, 12, 7, 8
MM, 14, 4, 8
MM, 15, 2, 8
MM, 505, 643, 8
MM, 507, 641, 8
MM, 509, 639, 16
MM, 12, 29, 8
MM, 13, 28, 9
MM, 14, 27, 7
MM, 15, 26, 8
MM, 16, 24, 8
MM, 18, 22, 17
MM, 19, 20, 7
MM, 19, 19, 9
MM, 20, 18, 7
MM, 21, 18, 9
MM, 21, 16, 24
MM, 23, 14, 8
MC, 1, 175
MM, 22, 11, 33
MM, 15, 9, 7
MM, 9, 8, 9
MM, 2, 6, 7
MM, 29, 2, 9
MM, 482, 607, 7
MM, 472, 605, 9
MM, 463, 602, 7
MM, 4, 30, 9
MM, 453, 599, 7
MM, 450, 597, 8
MM, 33, 25, 8
MM, 32, 24, 73
MM, 32, 22, 40
MM, 33, 20, 8
MM, 34, 19, 23
MM, 451, 589, 8
MM, 453, 589, 8
MM, 455, 587, 9
MM, 1, 16, 7
MM, 2, 15, 9
MM, 3, 14, 16
MM, 4, 13, 16
MM, 5, 13, 15
MM, 6, 13, 8
MM, 8, 12, 8
MM, 10, 11, 9
MM, 12, 11, 7
MM, 15, 11, 8
MM, 16, 11, 9
MC, 1, 208
MM, 17, 10, 16
MM, 9, 11, 16
MM, 1, 11, 7
MM, 32, 12, 8
MM, 23, 12, 9
MM, 17, 13, 7
MM, 9, 15, 9
MM, 2, 15, 8
MM, 35, 19, 8
MM, 26, 22, 8
MM, 21, 25, 7
MM, 15, 26, 8
MM, 11, 28, 8
MM, 378, 602, 16
MM, 378, 603, 16
MM, 377, 603, 41
MM, 376, 603, 7
MM, 375, 604, 9
MM, 373, 605, 16
MM, 372, 606, 24
MM, 372, 607, 8
MM, 33, 0, 8
MM, 33, 2, 8
MM, 31, 4, 8
MM, 31, 5, 8
MM, 31, 6, 8
MM, 30, 8, 8
MM, 30, 9, 8
MM, 29, 13, 8
MM, 29, 14, 16
MM, 28, 16, 8
MM, 26, 18, 8
MM, 25, 19, 8
MM, 24, 20, 8
MM, 23, 22, 8
MM, 22, 23, 16
MC, 1, 152
MM, 24, 23, 64
MM, 30, 23, 7
MM, 376, 632, 9
MM, 4, 25, 8
MM, 13, 28, 8
MM, 19, 30, 8
MM, 24, 30, 8
MM, 25, 30, 8
MM, 26, 30, 8
MM, 27, 30, 8
MM, 409, 639, 8
MM, 413, 639, 8
MM, 416, 642, 8
MM, 419, 644, 8
MM, 15, 0, 8
MM, 18, 2, 8
MM, 22, 3, 7
MM, 28, 6, 9
MM, 30, 8, 8
MM, 444, 654, 8
MM, 447, 655, 8
MM, 448, 655, 8
MM, 0, 10, 23
MM, 1, 11, 40
MM, 1, 12, 9
MM, 3, 13, 7
MM, 4, 14, 8
MM, 5, 14, 24
MM, 7, 14, 41
MM, 8, 14, 64
MM, 9, 14, 39
MC, 1, 81
MM, 13, 13, 7
MM, 18, 10, 9
MM, 27, 4, 8
MM, 485, 642, 8
MM, 496, 634, 7
MM, 10, 21, 8
MM, 22, 18, 8
MM, 34, 16, 8
MM, 3, 16, 9
MM, 12, 13, 7
MM, 15, 11, 8
MM, 19, 10, 8
MM, 23, 8, 8
MM, 24, 8, 8
MM, 28, 6, 8
MM, 577, 609, 8
MM, 584, 606, 8
MM, 23, 29, 9
MM, 605, 597, 8
MM, 5, 23, 7
MM, 19, 20, 8
MM, 26, 16, 8
MM, 30, 15, 9
MM, 642, 585, 7
MM, 642, 584, 9
MM, 642, 583, 23
MM, 642, 582, 73
MM, 30, 11, 17
MM, 28, 11, 16
MM, 27, 10, 7
MM, 26, 9, 56
MM, 25, 9, 8
MM, 24, 9, 7
MM, 23, 9, 8
MM, 22, 9, 9
MM, 21, 9, 15
MM, 20, 10, 17
MM, 19, 10, 7
MM, 19, 11, 8
MM, 18, 12, 8
MC, 1, 137
MM, 12, 12, 23
MM, 4, 12, 9
MM, 33, 12, 7
MM, 23, 12, 9
MM, 11, 12, 8
MM, 1, 12, 8
MM, 30, 12, 8
MM, 22, 12, 8
MM, 14, 12, 7
MM, 7, 12, 9
MM, 3, 12, 8
MM, 1, 12, 8
MM, 529, 583, 8
MM, 30, 12, 8
MM, 27, 12, 8
MM, 21, 12, 8
MM, 15, 12, 8
MM, 9, 12, 8
MM, 3, 12, 7
MM, 492, 583, 9
MM, 489, 583, 7
MM, 490, 583, 136
MM, 492, 583, 8
MM, 493, 583, 8
MM, 2, 12, 9
MM, 3, 12, 8
MM, 7, 12, 8
MM, 10, 12, 8
MM, 13, 12, 7
MM, 15, 12, 8
MM, 19, 12, 8
MM, 20, 12, 9
MM, 22, 12, 7
MC, 1, 177
MM, 25, 12, 31
MM, 529, 583, 8
MM, 4, 12, 8
MM, 12, 12, 8
MM, 18, 12, 8
MM, 24, 12, 8
MM, 29, 12, 8
MM, 31, 12, 8
MM, 32, 12, 24
MC, 1, 193
MM, 567, 585, 47
MM, 568, 589, 9
MM, 1, 21, 7
MM, 3, 24, 8
MM, 5, 28, 9
MM, 575, 602, 7
MM, 577, 605, 8
MM, 577, 608, 8
MM, 577, 610, 16
MM, 575, 611, 17
MM, 34, 3, 24
MM, 33, 4, 24
MM, 33, 5, 8
MM, 33, 6, 8
MM, 33, 8, 8
MM, 33, 9, 8
MM, 34, 10, 8
MM, 575, 619, 8
MM, 578, 624, 8
MM, 0, 19, 8
MM, 3, 22, 8
MM, 4, 25, 8
MM, 9, 29, 7
MM, 592, 640, 8
MM, 596, 644, 8
MM, 27, 1, 9
MM, 29, 3, 7
MM, 31, 5, 8
MM, 32, 6, 8
MM, 34, 8, 8
MM, 36, 10, 8
MM, 38, 12, 8
MM, 612, 659, 8
MM, 1, 16, 8
MM, 3, 18, 8
MM, 5, 18, 8
MM, 7, 19, 8
MM, 10, 20, 8
MM, 12, 20, 17
MM, 13, 20, 80
MM, 15, 20, 32
MM, 17, 20, 8
MM, 20, 20, 8
MM, 21, 20, 8
MM, 25, 20, 56
MM, 28, 20, 8
MM, 651, 665, 8
MM, 3, 20, 8
MM, 7, 20, 8
MM, 8, 20, 7
MM, 10, 20, 8
MM, 11, 20, 145
MM, 12, 20, 7
MM, 14, 22, 9
MM, 15, 22, 7
MM, 16, 22, 9
MM, 17, 22, 7
MM, 21, 22, 9
MM, 22, 22, 8
MC, 1, 224
MM, 22, 21, 111
MM, 22, 18, 17
MM, 22, 16, 8
MM, 26, 11, 8
MM, 683, 655, 8
MM, 693, 652, 8
MM, 698, 651, 8
MM, 707, 648, 8
MM, 713, 646, 8
MM, 726, 642, 8
MM, 732, 640, 8
MM, 739, 639, 8
MM, 745, 636, 8
MM, 749, 635, 8
MM, 752, 634, 8
MM, 754, 633, 7
MM, 755, 632, 8
MM, 756, 631, 8
MM, 757, 631, 8
MM, 758, 631, 16
MM, 760, 630, 24
MM, 762, 630, 8
MM, 765, 629, 8
MM, 767, 629, 8
MM, 768, 629, 8
MM, 1, 6, 8
MM, 3, 3, 8
MM, 4, 3, 8
MM, 5, 3, 40
MM, 9, 3, 8
MM, 11, 6, 9
MM, 13, 8, 8
MM, 18, 11, 7
MM, 19, 13, 9
MM, 23, 17, 7
MM, 23, 20, 9
MM, 24, 23, 7
MM, 24, 25, 8
MM, 24, 26, 9
MM, 24, 28, 8
MM, 25, 29, 8
MM, 26, 31, 24
MM, 28, 32, 16
MM, 28, 33, 16
MM, 28, 31, 176
MM, 29, 29, 7
MM, 30, 28, 8
MM, 30, 26, 9
MM, 30, 25, 7
MM, 30, 23, 8
MM, 31, 23, 8
MM, 31, 22, 16
MM, 31, 21, 9
MM, 31, 20, 7
MM, 31, 19, 9
MM, 31, 18, 88
MM, 31, 17, 16
