********************************************************************************
LOGGING TIME: 20180907_180431
CLIENT IP: 10.102.59.17
USERNAME: Baba_Bradpitt
OS: Windows 10
**********************************Emotional database********************************************************************************
MM, 818, 674, 1537598292374
MM, 815, 672, 444
MM, 804, 666, 8
MM, 22, 35, 8
MM, 5, 23, 8
MM, 761, 633, 9
MM, 747, 620, 7
MM, 738, 609, 8
MM, 730, 594, 8
MM, 724, 585, 8
MM, 27, 3, 8
MM, 8, 29, 9
MM, 1, 14, 7
MM, 692, 527, 10
MM, 430, 78, 7
MM, 412, 49, 8
MM, 397, 18, 8
MM, 635, 424, 8
MM, 627, 407, 7
MM, 619, 398, 8
MM, 612, 391, 8
MM, 609, 387, 8
MM, 606, 385, 8
MM, 599, 381, 9
MM, 345, 81, 8
MM, 340, 77, 8
MM, 329, 71, 7
MM, 322, 65, 9
MM, 315, 62, 8
MM, 306, 58, 7
MM, 297, 53, 8
MM, 290, 49, 9
MM, 278, 48, 9
MM, 271, 43, 7
MM, 262, 41, 7
MM, 253, 36, 9
MM, 247, 33, 8
MM, 240, 32, 8
MM, 233, 28, 8
MM, 228, 25, 8
MM, 221, 20, 8
MM, 212, 12, 8
MM, 201, 4, 8
MM, 437, 291, 9
MM, 414, 276, 7
MM, 403, 267, 8
MM, 396, 262, 8
MM, 391, 257, 8
MM, 360, 186, 64
MM, 359, 182, 8
MM, 358, 177, 9
MM, 358, 175, 7
MM, 358, 173, 9
MM, 358, 171, 7
MM, 358, 168, 8
MM, 358, 166, 8
MM, 358, 163, 9
MM, 358, 160, 7
MM, 358, 158, 8
MM, 358, 156, 8
MM, 358, 155, 9
MM, 358, 153, 8
MM, 358, 152, 7
MM, 358, 151, 9
MM, 355, 146, 8
MM, 353, 144, 8
MM, 351, 140, 8
MM, 348, 138, 7
MM, 344, 136, 8
MM, 344, 135, 8
MM, 338, 134, 8
MM, 326, 134, 9
MM, 319, 130, 7
MM, 309, 130, 7
MM, 304, 129, 8
MM, 302, 126, 9
MM, 301, 126, 137
MM, 301, 125, 8
MM, 328, 116, 55
MM, 336, 116, 8
MM, 349, 114, 9
MM, 361, 111, 7
MM, 370, 110, 8
MM, 374, 109, 9
MM, 375, 109, 7
MM, 376, 109, 8
MM, 375, 109, 104
MM, 374, 109, 9
MM, 370, 109, 9
MM, 368, 110, 15
MM, 364, 110, 8
MM, 359, 110, 9
MM, 353, 110, 7
MM, 350, 110, 8
MM, 346, 110, 7
MM, 340, 110, 8
MM, 335, 110, 8
MM, 331, 110, 8
MM, 310, 128, 408
MM, 308, 138, 8
MM, 308, 147, 7
MM, 307, 153, 9
MM, 306, 162, 7
MM, 304, 165, 8
MM, 302, 173, 8
MM, 300, 181, 10
MM, 296, 262, 55
MM, 296, 269, 9
MM, 298, 281, 7
MM, 298, 289, 8
MM, 299, 295, 8
MM, 49, 5, 8
MM, 49, 9, 8
MM, 49, 15, 8
MM, 51, 19, 8
MM, 51, 23, 9
MM, 53, 27, 8
MM, 53, 29, 17
MM, 53, 31, 7
MM, 54, 33, 8
MC, 1, 223
MM, 57, 33, 17370
MM, 52, 39, 199
MM, 49, 48, 8
MM, 48, 56, 8
MM, 50, 66, 8
MM, 53, 75, 8
MM, 310, 381, 8
MM, 314, 390, 8
MM, 318, 395, 8
MM, 324, 406, 7
MM, 327, 415, 8
MM, 83, 0, 8
MM, 89, 9, 8
MM, 90, 13, 8
MM, 90, 18, 8
MM, 90, 19, 8
MM, 90, 20, 8
MM, 90, 21, 8
MM, 90, 22, 17
MM, 90, 24, 23
MM, 90, 26, 8
MM, 90, 27, 16
MM, 90, 28, 8
MC, 1, 312
MM, 87, 28, 584
MM, 83, 28, 9
MM, 71, 27, 7
MM, 59, 24, 8
MM, 43, 19, 8
MM, 20, 15, 8
MM, 10, 15, 8
MM, 0, 14, 8
MM, 250, 440, 8
MM, 240, 440, 80
MM, 229, 448, 9
MM, 222, 452, 7
MM, 218, 453, 8
MM, 217, 453, 8
MM, 218, 453, 88
MM, 222, 453, 9
MM, 223, 453, 8
MM, 225, 452, 7
MM, 226, 451, 9
MM, 226, 450, 7
MM, 222, 450, 8
MM, 217, 450, 9
MM, 215, 450, 7
MM, 214, 450, 17
MM, 214, 451, 7
MM, 214, 452, 8
MM, 214, 455, 8
MM, 217, 457, 8
MM, 223, 460, 8
MM, 230, 462, 8
MM, 242, 464, 8
MM, 7, 38, 8
MM, 22, 37, 8
MM, 40, 34, 8
MM, 50, 30, 8
MM, 61, 25, 8
MM, 65, 23, 9
MM, 65, 22, 15
MM, 67, 24, 65
MM, 72, 27, 7
MM, 82, 37, 9
MM, 93, 45, 8
MM, 107, 53, 8
MM, 118, 61, 8
MM, 135, 69, 8
MM, 150, 76, 7
MM, 163, 84, 9
MM, 166, 85, 8
MM, 171, 88, 7
MM, 424, 517, 8
MM, 424, 519, 16
MM, 424, 520, 8
MM, 424, 522, 8
MM, 423, 522, 9
MM, 422, 522, 8
MM, 421, 523, 15
MM, 421, 524, 9
MM, 421, 525, 7
MM, 421, 526, 32
MM, 421, 528, 9
MM, 421, 530, 7
MM, 418, 533, 8
MM, 2, 3, 8
MM, 1, 4, 8
MM, 0, 5, 8
MM, 0, 7, 8
MM, 0, 9, 8
MM, 0, 10, 9
MM, 0, 11, 23
MM, 0, 14, 8
MM, 0, 16, 8
MM, 4, 21, 9
MM, 5, 22, 7
MM, 6, 23, 9
MM, 9, 26, 7
MM, 10, 26, 16
MM, 12, 26, 9
MM, 13, 26, 15
MM, 14, 26, 9
MM, 17, 26, 7
MM, 18, 26, 8
MM, 19, 26, 8
MM, 20, 26, 8
MM, 23, 26, 8
MM, 26, 24, 8
MM, 28, 23, 8
MM, 30, 21, 8
MM, 31, 20, 8
MM, 32, 20, 224
MM, 31, 20, 49
MM, 29, 20, 15
MM, 28, 20, 8
MM, 27, 20, 8
MM, 25, 20, 16
MM, 24, 20, 8
MM, 22, 20, 9
MM, 17, 22, 8
MM, 13, 23, 9
MM, 8, 23, 7
MM, 5, 23, 8
MM, 2, 23, 7
MM, 411, 557, 9
MM, 410, 557, 7
MM, 33, 23, 10
MM, 30, 23, 6
MM, 26, 23, 8
MM, 20, 23, 8
MM, 12, 23, 8
MM, 5, 23, 8
MM, 362, 533, 626
MM, 362, 531, 6
MM, 363, 528, 7
MM, 364, 527, 9
MM, 365, 527, 8
MM, 366, 527, 24
MM, 370, 526, 8
MM, 375, 524, 8
MM, 383, 524, 8
MM, 393, 524, 8
MM, 409, 528, 8
MM, 18, 7, 8
MM, 30, 15, 8
MM, 3, 23, 8
MM, 474, 567, 9
MM, 489, 577, 8
MM, 17, 19, 7
MM, 536, 606, 9
MM, 23, 13, 7
MM, 3, 28, 8
MM, 29, 1, 8
MM, 610, 656, 8
MM, 7, 24, 9
MM, 632, 682, 7
MM, 634, 689, 8
MM, 636, 692, 8
MM, 637, 694, 8
MM, 638, 696, 8
MM, 638, 697, 8
MM, 638, 698, 8
MM, 638, 699, 24
MM, 639, 699, 40
MM, 639, 698, 16
MM, 639, 696, 8
MM, 640, 694, 8
MM, 641, 693, 8
MM, 643, 689, 8
MM, 643, 688, 8
MM, 647, 682, 8
MM, 648, 680, 8
MM, 649, 678, 8
MM, 650, 678, 8
MM, 651, 673, 8
MM, 1, 26, 16
MM, 2, 24, 16
MM, 4, 22, 7
MM, 5, 21, 9
MM, 6, 20, 16
MM, 7, 19, 17
MM, 9, 19, 15
MM, 10, 18, 8
MM, 15, 15, 8
MM, 16, 15, 8
MM, 20, 14, 8
MM, 21, 14, 7
MM, 23, 13, 9
MM, 24, 13, 8
MC, 1, 160
MM, 22, 10, 32
MM, 14, 10, 8
MM, 5, 7, 8
MM, 0, 6, 8
MM, 646, 648, 8
MM, 20, 0, 8
MM, 623, 643, 8
MM, 606, 639, 9
MM, 9, 29, 7
MM, 30, 26, 8
MM, 18, 24, 7
MM, 6, 23, 9
MM, 34, 21, 8
MM, 28, 21, 8
MM, 22, 21, 8
MM, 16, 20, 7
MM, 11, 20, 8
MM, 5, 20, 9
MM, 3, 20, 9
MM, 0, 20, 7
MM, 2, 20, 120
MM, 4, 20, 16
MM, 5, 20, 64
MM, 7, 20, 8
MM, 8, 20, 8
MM, 11, 18, 16
MM, 15, 18, 8
MM, 19, 18, 8
MM, 25, 18, 8
MM, 30, 18, 8
MM, 536, 626, 7
MM, 2, 18, 9
MM, 6, 18, 8
MM, 7, 18, 82
MM, 8, 18, 23
MC, 1, 191
MM, 6, 18, 8
MM, 539, 626, 8
MM, 30, 18, 9
MM, 13, 16, 7
MM, 495, 624, 8
MM, 18, 15, 8
MM, 0, 13, 8
MM, 23, 10, 8
MM, 5, 10, 8
MM, 32, 10, 7
MM, 18, 10, 9
MM, 8, 10, 8
MM, 378, 618, 8
MM, 33, 10, 8
MM, 29, 11, 9
MM, 26, 12, 7
MM, 24, 13, 8
MM, 23, 14, 8
MM, 22, 15, 9
MM, 20, 17, 8
MM, 19, 17, 7
MM, 18, 17, 7
MM, 14, 19, 10
MM, 13, 20, 16
MM, 12, 20, 7
MM, 11, 20, 9
MM, 10, 21, 9
MM, 7, 21, 7
MM, 6, 21, 17
MM, 16, 18, 182
MM, 22, 12, 8
MM, 27, 10, 8
MM, 34, 4, 8
MM, 378, 610, 7
MM, 385, 602, 9
MM, 19, 24, 7
MM, 21, 21, 10
MM, 25, 14, 7
MM, 26, 13, 8
MM, 27, 9, 7
MM, 28, 6, 9
MM, 28, 5, 16
MM, 30, 3, 16
MM, 18, 21, 207
MM, 16, 24, 9
MM, 14, 26, 8
MM, 9, 28, 7
MM, 374, 602, 9
MM, 367, 606, 7
MM, 365, 607, 8
MM, 23, 3, 8
MM, 21, 5, 8
MM, 17, 8, 8
MM, 16, 9, 9
MM, 15, 10, 7
MM, 13, 11, 16
MM, 12, 12, 9
MM, 3, 5, 215
MM, 23, 3, 9
MM, 5, 0, 8
MM, 2, 28, 8
MM, 4, 21, 7
MM, 0, 19, 9
MM, 31, 15, 8
MM, 21, 7, 8
MM, 0, 5, 8
MM, 14, 0, 8
MM, 638, 568, 8
MM, 29, 30, 8
MM, 30, 30, 7
MM, 34, 29, 9
MM, 31, 29, 105
MM, 29, 30, 17
MM, 648, 565, 10
MM, 646, 567, 14
MM, 642, 568, 8
MM, 642, 569, 8
MM, 640, 570, 8
MM, 28, 2, 15
MM, 28, 3, 23
MM, 28, 4, 8
MM, 25, 7, 8
MM, 23, 8, 9
MM, 19, 9, 8
MM, 17, 10, 8
MM, 14, 10, 8
MM, 12, 12, 8
MM, 11, 12, 16
MM, 9, 12, 23
MM, 7, 13, 8
MC, 1, 192
MC, 2, 384
MM, 7, 18, 88
MM, 7, 26, 7
MM, 618, 603, 9
MM, 0, 5, 9
MM, 0, 16, 7
MM, 616, 634, 9
MM, 610, 649, 8
MM, 37, 20, 8
MM, 600, 686, 8
MM, 595, 700, 8
MM, 590, 711, 7
MM, 584, 720, 9
MM, 581, 723, 8
MM, 578, 727, 7
MM, 575, 732, 8
MM, 572, 739, 8
MM, 570, 741, 8
MM, 568, 744, 8
MM, 567, 745, 9
MM, 566, 746, 7
MM, 565, 746, 9
MM, 564, 746, 40
MM, 563, 746, 16
MM, 561, 746, 24
MM, 559, 746, 8
MM, 558, 745, 8
MM, 554, 741, 8
MM, 553, 739, 8
MM, 552, 737, 7
MM, 550, 734, 9
MM, 547, 730, 7
MM, 544, 727, 8
MM, 542, 725, 9
MM, 541, 725, 7
MM, 540, 723, 8
MM, 538, 721, 8
MM, 535, 720, 8
MM, 534, 720, 8
MM, 532, 718, 8
MM, 531, 717, 8
MM, 530, 717, 8
MM, 529, 716, 8
MM, 528, 714, 154
MM, 128, 30, 7
MM, 128, 29, 8
MM, 128, 28, 8
MM, 128, 26, 8
MM, 127, 24, 24
MM, 127, 23, 32
MC, 1, 143
MM, 127, 22, 24
MM, 126, 19, 8
MM, 126, 18, 7
MM, 126, 16, 10
MM, 126, 13, 8
MM, 126, 10, 6
MM, 126, 5, 8
MM, 126, 1, 9
MM, 526, 678, 8
MM, 526, 671, 9
MM, 526, 665, 8
MM, 526, 663, 7
MM, 526, 661, 7
MM, 527, 659, 8
MM, 528, 658, 10
MM, 1, 10, 7
MM, 2, 8, 8
MM, 4, 7, 8
MM, 7, 3, 8
MM, 8, 2, 8
MM, 10, 1, 8
MM, 542, 643, 9
MM, 543, 642, 8
MM, 544, 641, 8
MM, 545, 639, 7
MM, 6, 28, 25
MM, 6, 27, 33
MM, 8, 23, 15
MM, 9, 21, 16
MM, 9, 20, 79
MM, 10, 19, 8
MC, 1, 128
MM, 9, 19, 7
MM, 3, 19, 8
MM, 30, 19, 9
MM, 18, 19, 8
MM, 2, 19, 8
MM, 25, 19, 9
MM, 13, 19, 7
MM, 6, 22, 8
MM, 3, 22, 8
MM, 0, 23, 8
MM, 460, 632, 8
MM, 458, 632, 8
MM, 29, 26, 8
MM, 19, 29, 8
MM, 6, 30, 8
MM, 415, 638, 8
MM, 23, 30, 9
MM, 13, 30, 7
MM, 3, 30, 8
MM, 379, 638, 8
MM, 375, 638, 8
MM, 34, 30, 8
MM, 371, 639, 8
MM, 368, 639, 65
MM, 367, 639, 128
MM, 28, 29, 8
MM, 28, 26, 24
MM, 28, 25, 8
MM, 28, 24, 17
MC, 1, 230
MM, 30, 20, 7
MM, 31, 20, 9
MM, 34, 20, 7
MM, 378, 628, 8
MM, 4, 19, 9
MM, 10, 19, 8
MM, 13, 19, 8
MM, 15, 19, 9
MM, 18, 19, 7
MM, 19, 19, 32
MC, 1, 184
MM, 20, 19, 32
MM, 24, 22, 8
MM, 33, 28, 9
MM, 422, 642, 6
MM, 26, 6, 9
MM, 444, 657, 7
MM, 1, 22, 9
MM, 5, 27, 9
MM, 7, 30, 7
MM, 459, 680, 8
MM, 60, 1, 8
MM, 61, 3, 8
MM, 63, 7, 8
MM, 64, 8, 24
MM, 65, 11, 17
MM, 65, 12, 48
MM, 67, 14, 24
MM, 68, 16, 8
MM, 69, 18, 16
MM, 70, 19, 7
MM, 70, 20, 8
MM, 72, 22, 8
MM, 73, 23, 17
MM, 74, 24, 8
MM, 74, 25, 32
MM, 77, 10, 167
MM, 479, 680, 8
MM, 482, 667, 8
MM, 485, 655, 8
MM, 488, 644, 8
MM, 493, 635, 8
MM, 494, 629, 8
MM, 495, 622, 7
MM, 496, 620, 9
MM, 496, 618, 8
MM, 496, 616, 8
MM, 496, 615, 15
MM, 496, 613, 9
MM, 0, 4, 8
MM, 1, 3, 8
MM, 1, 1, 8
MM, 2, 0, 8
MM, 502, 606, 8
MM, 503, 604, 8
MM, 505, 602, 8
MM, 11, 28, 17
MM, 12, 25, 8
MM, 12, 23, 15
MM, 12, 22, 16
MM, 12, 21, 16
MM, 14, 18, 8
MM, 15, 16, 8
MM, 15, 15, 8
MM, 15, 13, 16
MM, 26, 19, 183
MM, 529, 596, 9
MM, 538, 602, 8
MM, 545, 607, 8
MM, 12, 5, 7
MM, 17, 9, 9
MM, 19, 11, 8
MM, 22, 13, 8
MM, 22, 14, 8
MM, 24, 16, 9
MM, 25, 21, 15
MM, 26, 21, 8
MM, 27, 22, 16
MC, 1, 192
MM, 27, 20, 40
MM, 25, 18, 9
MM, 20, 14, 7
MM, 15, 13, 7
MM, 10, 9, 9
MM, 7, 5, 8
MM, 0, 1, 8
MM, 535, 608, 8
MM, 530, 604, 8
MM, 27, 30, 8
MM, 17, 27, 8
MM, 10, 23, 8
MM, 493, 593, 9
MM, 26, 14, 7
MM, 16, 11, 8
MM, 7, 9, 8
MM, 455, 579, 8
MM, 31, 3, 8
MM, 25, 2, 9
MM, 18, 1, 7
MM, 14, 0, 8
MM, 424, 568, 8
MM, 419, 568, 9
MM, 418, 568, 7
MM, 417, 568, 8
MM, 416, 568, 97
MM, 414, 568, 8
MM, 412, 568, 8
MM, 407, 570, 8
MM, 406, 570, 9
MM, 31, 2, 6
MM, 29, 6, 8
MM, 29, 8, 8
MM, 29, 12, 8
MM, 29, 14, 8
MM, 29, 17, 9
MM, 30, 19, 7
MM, 32, 21, 9
MM, 36, 22, 8
MM, 411, 593, 24
MM, 413, 593, 7
MM, 414, 593, 9
MM, 2, 22, 7
MM, 3, 22, 9
MM, 6, 22, 8
MM, 7, 22, 8
MM, 8, 22, 8
MM, 10, 22, 55
MM, 11, 21, 8
MM, 12, 21, 8
MM, 14, 20, 8
MM, 15, 19, 7
MC, 1, 130
MM, 16, 18, 39
MM, 19, 18, 8
MM, 27, 25, 7
MM, 453, 602, 9
MM, 0, 2, 7
MM, 7, 9, 9
MM, 15, 17, 9
MM, 21, 26, 7
MM, 486, 644, 8
MM, 0, 4, 8
MM, 1, 11, 9
MM, 4, 19, 8
MM, 7, 26, 8
MM, 8, 29, 7
MM, 497, 679, 8
MM, 498, 681, 8
MM, 100, 1, 8
MM, 100, 2, 8
MM, 100, 4, 16
MM, 101, 5, 8
MM, 101, 6, 89
MM, 108, 5, 262
MM, 111, 2, 9
MM, 517, 678, 8
MM, 32, 30, 9
MM, 2, 24, 7
MM, 11, 19, 8
MM, 20, 15, 7
MM, 29, 12, 9
MM, 566, 652, 8
MM, 2, 3, 8
MM, 7, 1, 7
MM, 584, 642, 9
MM, 589, 639, 8
MM, 17, 25, 8
MM, 26, 19, 7
MM, 617, 621, 8
MM, 6, 9, 9
MM, 11, 6, 9
MM, 15, 4, 7
MM, 17, 2, 7
MM, 19, 0, 8
MM, 639, 607, 10
MM, 640, 606, 8
MM, 641, 606, 24
MM, 642, 606, 23
MM, 644, 604, 8
MM, 646, 604, 17
MM, 646, 603, 7
MM, 647, 603, 25
MM, 648, 603, 8
MM, 649, 602, 15
MM, 650, 602, 8
MM, 651, 602, 16
MM, 652, 602, 8
MM, 10, 29, 16
MM, 12, 28, 8
MM, 14, 26, 8
MM, 15, 23, 8
MM, 15, 22, 32
MM, 18, 19, 16
MM, 19, 18, 8
MM, 19, 17, 8
MM, 20, 17, 8
MC, 1, 152
MM, 19, 18, 33
MM, 17, 19, 8
MM, 14, 19, 7
MM, 12, 20, 7
MM, 7, 23, 9
MM, 0, 29, 8
MM, 645, 603, 9
MM, 23, 1, 7
MM, 20, 5, 9
MM, 16, 8, 8
MM, 9, 14, 8
MM, 0, 20, 8
MM, 613, 631, 8
MM, 27, 28, 7
MM, 601, 640, 9
MM, 596, 641, 8
MM, 591, 644, 8
MM, 14, 3, 7
MM, 11, 5, 8
MM, 6, 8, 8
MM, 4, 9, 8
MM, 3, 9, 8
MM, 2, 10, 8
MM, 567, 656, 16
MM, 34, 13, 16
MM, 31, 14, 8
MM, 29, 14, 16
MM, 27, 14, 8
MM, 24, 15, 8
MM, 23, 15, 8
MM, 21, 15, 17
MM, 19, 15, 7
MM, 17, 16, 57
MM, 27, 14, 150
MM, 569, 656, 9
MM, 13, 8, 8
MM, 22, 4, 7
MM, 34, 1, 8
MM, 615, 643, 8
MM, 621, 641, 9
MM, 630, 640, 8
MM, 636, 639, 7
MM, 25, 26, 10
MM, 29, 26, 7
MM, 32, 26, 8
MM, 652, 633, 7
MM, 653, 633, 10
MM, 654, 633, 6
MM, 655, 633, 9
MM, 657, 632, 24
MM, 1, 23, 40
MM, 2, 22, 8
MM, 3, 22, 73
MM, 4, 22, 6
MM, 5, 22, 10
MM, 7, 22, 8
MM, 9, 20, 7
MM, 10, 20, 17
MM, 13, 19, 47
MM, 13, 18, 8
MM, 2, 14, 136
MM, 31, 11, 8
MM, 19, 7, 8
MM, 6, 3, 8
MM, 612, 608, 8
MM, 604, 606, 8
MM, 21, 30, 8
MM, 11, 30, 8
MM, 2, 28, 8
MM, 568, 597, 7
MM, 565, 595, 9
MM, 32, 23, 8
MM, 31, 23, 16
MM, 30, 22, 8
MM, 29, 22, 8
MM, 28, 22, 8
MM, 27, 21, 8
MM, 26, 20, 9
MM, 25, 19, 7
MM, 21, 18, 8
MM, 19, 18, 8
MM, 16, 16, 9
MM, 15, 15, 15
MM, 14, 15, 7
MC, 1, 273
MM, 13, 16, 89
MM, 13, 20, 7
MM, 13, 22, 9
MM, 13, 25, 7
MM, 544, 602, 8
MM, 544, 607, 8
MM, 4, 3, 8
MM, 4, 8, 8
MM, 4, 14, 8
MM, 3, 19, 8
MM, 2, 27, 8
MM, 537, 642, 9
MM, 4, 4, 7
MM, 1, 11, 8
MM, 1, 14, 8
MM, 1, 19, 7
MM, 1, 23, 9
MM, 1, 26, 8
MM, 0, 30, 8
MM, 528, 677, 16
MM, 527, 678, 8
MM, 525, 679, 33
MM, 524, 680, 48
MM, 523, 681, 72
MM, 522, 681, 39
MM, 521, 681, 17
MM, 520, 681, 15
MM, 118, 0, 16
MM, 117, 1, 8
MM, 116, 1, 8
MM, 116, 2, 16
MM, 115, 4, 8
MC, 1, 240
MM, 115, 3, 49
MM, 515, 679, 7
MM, 23, 25, 8
MM, 20, 16, 7
MM, 16, 9, 9
MM, 13, 2, 8
MM, 497, 638, 8
MM, 495, 632, 8
MM, 495, 624, 9
MM, 494, 617, 8
MM, 494, 611, 8
MM, 494, 603, 8
MM, 493, 596, 8
MM, 490, 591, 8
MM, 489, 589, 7
MM, 488, 586, 9
MM, 30, 12, 7
MM, 28, 10, 8
MM, 26, 7, 8
MM, 22, 3, 9
MM, 21, 2, 264
MC, 1, 87
MM, 24, 2, 7
MM, 492, 573, 9
MM, 20, 2, 8
MM, 1, 2, 7
MM, 17, 2, 9
MM, 28, 4, 8
MM, 5, 5, 8
MM, 17, 5, 8
MM, 25, 7, 8
MM, 31, 7, 8
MM, 606, 578, 8
MM, 1, 7, 8
MM, 3, 8, 8
MM, 6, 10, 8
MM, 8, 10, 8
MM, 10, 10, 8
MM, 12, 10, 8
MM, 14, 11, 8
MM, 16, 11, 8
MM, 18, 11, 8
MM, 21, 11, 9
MM, 24, 12, 7
MM, 25, 12, 8
MM, 26, 12, 8
MM, 28, 12, 241
MM, 643, 584, 8
MM, 2, 13, 8
MM, 5, 15, 8
MM, 8, 15, 8
MM, 11, 15, 8
MM, 12, 16, 8
MC, 1, 223
MM, 8, 16, 73
MM, 2, 16, 7
MM, 30, 16, 8
MM, 24, 16, 8
MM, 18, 16, 8
MM, 14, 16, 7
MM, 12, 15, 9
MM, 7, 15, 7
MM, 6, 15, 9
MM, 3, 15, 7
MM, 1, 15, 9
MM, 608, 586, 8
MM, 606, 586, 7
MM, 32, 15, 10
MM, 27, 15, 7
MM, 22, 14, 8
MM, 19, 14, 8
MM, 15, 14, 9
MM, 12, 14, 8
MM, 10, 14, 8
MM, 5, 14, 8
MM, 3, 14, 8
MM, 0, 14, 7
MM, 568, 585, 9
MM, 566, 585, 7
MM, 564, 584, 8
MM, 32, 13, 8
MM, 30, 11, 16
MM, 29, 11, 106
MM, 28, 11, 8
MM, 25, 11, 15
MM, 23, 11, 8
MM, 21, 11, 8
MM, 20, 11, 40
MM, 19, 11, 23
MM, 2, 12, 167
MM, 29, 12, 9
MM, 13, 14, 7
MM, 491, 585, 10
MM, 17, 14, 8
MM, 453, 585, 7
MM, 22, 19, 8
MM, 8, 21, 8
MM, 412, 593, 8
MM, 26, 25, 8
MM, 21, 26, 7
MM, 15, 28, 9
MM, 12, 29, 7
MM, 376, 602, 9
MM, 371, 604, 7
MM, 366, 605, 10
MM, 363, 606, 7
MM, 361, 606, 8
MM, 20, 0, 8
MM, 19, 1, 8
MM, 18, 2, 8
MM, 17, 3, 16
MM, 16, 4, 9
MM, 15, 5, 7
MM, 14, 6, 9
MM, 13, 7, 8
MM, 10, 9, 8
MM, 8, 10, 8
MM, 7, 11, 15
MM, 7, 12, 25
MM, 9, 15, 16
MC, 1, 159
MM, 13, 14, 16
MM, 22, 14, 8
MM, 34, 14, 8
MM, 11, 12, 8
MM, 28, 12, 9
MM, 12, 12, 7
MM, 30, 12, 8
MM, 10, 12, 7
MM, 26, 12, 9
MM, 5, 12, 7
MM, 17, 12, 9
MM, 31, 12, 8
MM, 536, 620, 8
MM, 5, 12, 8
MM, 11, 12, 8
MM, 21, 12, 7
MM, 31, 12, 10
MM, 2, 12, 7
MM, 14, 14, 9
MM, 27, 16, 7
MM, 4, 16, 8
MM, 14, 17, 8
MM, 20, 17, 8
MM, 28, 17, 9
MM, 32, 17, 7
MM, 33, 17, 16
MM, 654, 625, 9
MM, 656, 624, 7
MM, 0, 16, 7
MM, 1, 16, 9
MM, 2, 16, 9
MM, 3, 15, 24
MM, 5, 15, 33
MM, 7, 14, 8
MM, 8, 13, 16
MM, 9, 13, 7
MM, 10, 13, 8
MM, 11, 13, 23
MM, 13, 12, 8
MM, 14, 11, 8
MM, 16, 11, 16
MC, 1, 153
MM, 15, 12, 39
MM, 11, 13, 8
MM, 6, 14, 9
MM, 3, 16, 7
MM, 653, 626, 8
MM, 28, 19, 8
MM, 18, 23, 8
MM, 7, 28, 9
MM, 612, 642, 7
MM, 33, 3, 8
MM, 24, 6, 8
MM, 16, 11, 9
MM, 11, 13, 7
MM, 5, 17, 8
MM, 2, 19, 9
MM, 567, 668, 8
MM, 564, 670, 8
MM, 31, 29, 8
MM, 555, 679, 7
MM, 150, 1, 9
MM, 146, 3, 8
MM, 146, 4, 7
MM, 141, 6, 9
MM, 140, 6, 7
MM, 139, 8, 9
MM, 137, 9, 7
MM, 136, 9, 17
MM, 135, 10, 7
MM, 147, 8, 208
MM, 160, 0, 7
MM, 572, 679, 9
MM, 21, 24, 8
MM, 609, 662, 8
MM, 15, 10, 7
MM, 4, 0, 8
MM, 670, 642, 9
MM, 27, 29, 9
MM, 692, 634, 6
MM, 699, 630, 9
MM, 703, 629, 8
MM, 705, 627, 8
MM, 708, 624, 8
MM, 708, 622, 32
MM, 710, 620, 8
MM, 712, 617, 16
MM, 713, 617, 16
MM, 715, 615, 8
MM, 716, 614, 8
MM, 717, 612, 7
MM, 718, 610, 9
MM, 720, 606, 8
MM, 721, 606, 8
MM, 722, 604, 7
MM, 723, 602, 10
MM, 725, 600, 7
MM, 726, 599, 15
MM, 726, 597, 10
MM, 726, 595, 8
MM, 726, 592, 8
MM, 726, 591, 7
MM, 726, 590, 9
MM, 726, 589, 16
MM, 726, 587, 16
MP, 1, 127
MR, 1, 96
MC, 1, 0
MM, 725, 586, 32
MM, 32, 15, 8
MM, 30, 16, 16
MM, 28, 16, 8
MM, 27, 17, 8
MM, 26, 17, 24
MM, 17, 20, 247
MM, 9, 20, 9
MM, 0, 22, 8
MM, 29, 22, 7
MM, 23, 22, 8
MM, 13, 22, 8
MM, 647, 593, 10
MM, 26, 22, 8
MM, 12, 22, 7
MM, 607, 593, 8
MM, 21, 22, 8
MM, 7, 22, 8
MM, 32, 22, 8
MM, 18, 22, 8
MM, 8, 23, 9
MM, 528, 597, 7
MM, 26, 28, 8
MM, 18, 28, 8
MM, 14, 29, 7
MM, 10, 30, 9
MM, 499, 602, 7
MM, 497, 603, 8
MM, 493, 604, 9
MM, 486, 605, 8
MM, 478, 607, 8
MM, 466, 607, 9
MM, 452, 607, 7
MM, 443, 607, 8
MM, 433, 607, 8
MM, 429, 607, 8
MM, 424, 607, 8
MM, 423, 607, 56
MM, 421, 607, 8
MM, 419, 609, 9
MM, 418, 609, 7
MM, 415, 609, 8
MM, 33, 1, 9
MM, 31, 1, 16
MM, 29, 2, 23
MM, 24, 4, 16
MM, 22, 4, 8
MM, 19, 4, 8
MM, 13, 7, 9
MM, 8, 7, 7
MM, 5, 7, 8
MM, 2, 8, 8
MM, 376, 617, 9
MM, 374, 617, 7
MM, 32, 9, 8
MM, 28, 10, 8
MM, 25, 11, 24
MM, 24, 12, 40
MM, 22, 13, 16
MM, 375, 618, 160
MM, 4, 6, 8
MM, 14, 3, 8
MM, 24, 1, 8
MM, 421, 606, 8
MM, 435, 604, 8
MM, 455, 603, 8
MM, 19, 30, 8
MM, 3, 27, 8
MM, 23, 27, 8
MM, 2, 27, 8
MM, 18, 27, 8
MM, 569, 598, 7
MM, 17, 27, 9
MM, 607, 598, 7
MM, 12, 27, 8
MM, 26, 27, 8
MM, 645, 598, 8
MM, 1, 27, 8
MM, 2, 27, 8
MM, 3, 27, 241
MM, 5, 28, 8
MM, 656, 602, 8
MM, 658, 603, 8
MM, 662, 604, 8
MM, 665, 604, 17
MM, 666, 605, 7
MM, 667, 606, 113
MM, 667, 607, 7
MM, 11, 0, 9
MM, 13, 2, 7
MM, 14, 3, 8
MM, 14, 4, 152
MM, 15, 5, 80
MM, 15, 7, 40
MM, 15, 8, 8
MM, 17, 11, 24
MM, 17, 12, 9
MM, 17, 13, 15
MM, 18, 14, 8
MC, 1, 152
MM, 9, 15, 41
MM, 31, 15, 7
MM, 8, 9, 8
MM, 14, 5, 7
MM, 21, 1, 9
MM, 522, 604, 7
MM, 31, 27, 9
MM, 0, 22, 8
MM, 15, 21, 8
MM, 414, 587, 8
MM, 32, 16, 8
MM, 27, 16, 8
MM, 25, 16, 8
MM, 22, 16, 8
MM, 21, 16, 24
MM, 20, 16, 8
MM, 18, 16, 57
MM, 16, 17, 24
MM, 14, 17, 8
MM, 13, 17, 8
MM, 12, 17, 8
MM, 11, 17, 8
MM, 8, 18, 15
MM, 6, 20, 8
MM, 5, 21, 9
MM, 2, 22, 8
MM, 369, 595, 16
MM, 368, 596, 8
MM, 367, 596, 8
MM, 366, 597, 8
MM, 34, 27, 8
MM, 33, 28, 7
MM, 32, 28, 8
MM, 360, 602, 9
MM, 358, 604, 7
MM, 358, 605, 8
MM, 356, 607, 8
MM, 17, 0, 24
MM, 17, 1, 16
MM, 17, 2, 16
MM, 17, 3, 8
MM, 18, 4, 40
MM, 19, 5, 24
MM, 19, 6, 7
MM, 20, 7, 9
MM, 21, 7, 8
MM, 22, 8, 8
MM, 24, 9, 16
MM, 31, 9, 136
MM, 378, 621, 8
MM, 6, 15, 9
MM, 15, 18, 7
MM, 25, 22, 7
MM, 32, 23, 9
MM, 415, 635, 8
MM, 419, 636, 8
MM, 420, 637, 16
MM, 420, 638, 16
MM, 422, 640, 8
MM, 423, 640, 8
MM, 424, 641, 8
MM, 427, 643, 9
MM, 428, 644, 7
MM, 22, 0, 8
MM, 23, 1, 9
MM, 23, 2, 25
MM, 24, 3, 7
MM, 25, 4, 15
MM, 27, 5, 9
MM, 28, 6, 7
MM, 29, 7, 17
MM, 29, 8, 49
MM, 29, 9, 16
MM, 27, 6, 198
MM, 27, 1, 7
MM, 436, 643, 9
MM, 14, 29, 7
MM, 13, 26, 9
MM, 13, 21, 7
MM, 13, 17, 9
MM, 13, 15, 7
MM, 13, 10, 9
MM, 13, 6, 8
MM, 13, 5, 8
MM, 13, 1, 7
MM, 434, 607, 9
MM, 434, 605, 7
MM, 436, 603, 9
MM, 436, 602, 7
MM, 22, 29, 19
MM, 22, 28, 24
MM, 22, 27, 7
MM, 22, 24, 16
MM, 22, 23, 25
MM, 22, 22, 7
MM, 22, 20, 8
MM, 22, 19, 8
MM, 22, 18, 9
MM, 22, 17, 8
MM, 22, 16, 7
MC, 1, 175
MM, 23, 15, 56
MM, 25, 15, 9
MM, 27, 16, 8
MM, 32, 20, 8
MM, 34, 22, 8
MM, 455, 598, 8
MM, 461, 603, 8
MM, 5, 5, 8
MM, 7, 8, 8
MM, 11, 14, 7
MM, 14, 21, 9
MM, 18, 26, 8
MM, 481, 641, 7
MM, 481, 643, 8
MM, 482, 646, 9
MM, 482, 648, 8
MM, 482, 649, 7
MM, 483, 650, 8
MM, 483, 651, 16
MM, 483, 652, 16
MM, 483, 653, 9
MM, 483, 654, 7
MM, 483, 656, 8
MM, 483, 657, 8
MM, 483, 658, 9
MM, 485, 663, 15
MM, 486, 663, 8
MM, 486, 666, 8
MM, 487, 668, 9
MM, 0, 27, 7
MM, 2, 29, 8
MM, 3, 30, 8
MM, 491, 676, 9
MM, 492, 676, 7
MM, 492, 677, 16
MM, 493, 678, 48
MM, 494, 681, 15
MM, 96, 0, 57
MM, 96, 1, 82
MM, 96, 3, 8
MM, 96, 5, 15
MM, 97, 7, 8
MM, 98, 9, 7
MM, 100, 12, 16
MM, 101, 13, 15
MM, 101, 14, 25
MM, 101, 15, 16
MM, 101, 16, 8
MM, 102, 18, 8
MM, 102, 19, 16
MM, 103, 20, 16
MC, 1, 224
MM, 105, 19, 81
MM, 107, 18, 8
MM, 108, 18, 7
MM, 110, 17, 8
MM, 112, 16, 9
MM, 116, 15, 7
MM, 122, 13, 8
MM, 130, 10, 7
MM, 141, 7, 10
MM, 150, 2, 8
MM, 157, 0, 8
MM, 563, 680, 7
MM, 568, 679, 9
MM, 571, 678, 7
MM, 577, 677, 8
MM, 582, 676, 8
MM, 13, 30, 8
MM, 16, 29, 9
MM, 17, 29, 14
MM, 22, 27, 26
MM, 23, 23, 6
MM, 24, 21, 9
MM, 27, 18, 9
MM, 30, 13, 8
MM, 33, 11, 7
MM, 34, 7, 9
MM, 38, 4, 7
MM, 609, 647, 8
MM, 611, 641, 9
MM, 614, 634, 7
MM, 614, 631, 8
MM, 615, 629, 8
MM, 615, 628, 8
MM, 615, 625, 8
MM, 616, 622, 8
MM, 617, 619, 8
MM, 617, 618, 9
MM, 1, 7, 7
MM, 2, 7, 8
MM, 2, 6, 8
MM, 2, 5, 8
MM, 2, 3, 24
MM, 2, 2, 8
MM, 622, 607, 41
MM, 623, 605, 7
MM, 625, 604, 9
MM, 626, 603, 7
MM, 15, 29, 16
MM, 16, 29, 9
MM, 16, 26, 7
MM, 16, 24, 8
MM, 19, 19, 8
MM, 20, 18, 8
MM, 21, 17, 8
MM, 21, 15, 9
MM, 21, 14, 7
MM, 21, 13, 8
MM, 21, 11, 9
MM, 21, 10, 7
MM, 21, 9, 8
MM, 21, 8, 8
MC, 1, 176
MM, 21, 7, 8
MM, 17, 7, 8
MM, 11, 7, 8
MM, 4, 11, 8
MM, 607, 593, 8
MM, 601, 602, 8
MM, 16, 1, 8
MM, 14, 4, 8
MM, 12, 9, 8
MM, 12, 11, 8
MM, 9, 15, 8
MM, 8, 17, 8
MM, 7, 21, 8
MM, 6, 22, 9
MM, 2, 25, 8
MM, 580, 635, 7
MM, 573, 639, 8
MM, 568, 641, 8
MM, 32, 1, 8
MM, 29, 4, 9
MM, 23, 8, 7
MM, 18, 11, 8
MM, 16, 13, 17
MM, 16, 17, 7
MM, 13, 21, 9
MM, 13, 22, 7
MM, 13, 23, 8
MM, 12, 25, 8
MM, 11, 27, 24
MC, 1, 200
MM, 10, 28, 81
MM, 10, 30, 7
MM, 538, 677, 9
MM, 536, 680, 7
MM, 134, 4, 9
MM, 134, 8, 8
MM, 134, 12, 7
MM, 130, 15, 9
MM, 129, 19, 8
MM, 126, 24, 8
MM, 123, 27, 8
MM, 123, 28, 8
MM, 522, 713, 8
MM, 520, 714, 7
MM, 519, 715, 9
MP, 1, 56
MR, 1, 120
MM, 518, 677, 7
MM, 30, 24, 8
MM, 30, 18, 8
MM, 30, 12, 8
MM, 30, 4, 8
MM, 518, 642, 9
MM, 19, 26, 7
MM, 16, 21, 8
MM, 15, 17, 8
MM, 13, 13, 8
MM, 13, 9, 9
MM, 9, 5, 8
MM, 9, 2, 8
MM, 507, 606, 8
MM, 506, 604, 8
MM, 12, 28, 8
MM, 12, 27, 8
MM, 12, 24, 8
MM, 12, 23, 8
MM, 12, 21, 7
MM, 12, 19, 9
MM, 12, 18, 8
MM, 12, 16, 8
MM, 12, 15, 7
MM, 12, 14, 9
MM, 12, 13, 16
MM, 12, 12, 16
MM, 12, 10, 8
MM, 12, 9, 16
MM, 12, 7, 8
MM, 13, 5, 24
MM, 7, 1, 183
MM, 13, 5, 8
MM, 16, 7, 8
MM, 18, 9, 7
MM, 19, 10, 18
MM, 19, 12, 136
MM, 19, 13, 7
MM, 19, 14, 9
MC, 1, 191
MM, 19, 15, 32
MM, 15, 15, 8
MM, 9, 15, 9
MM, 539, 623, 7
MM, 32, 15, 8
MM, 23, 11, 7
MM, 20, 10, 9
MM, 17, 10, 8
MM, 12, 10, 8
MM, 10, 9, 8
MM, 9, 9, 8
MM, 7, 9, 8
MM, 4, 9, 8
MM, 1, 7, 7
MM, 498, 615, 9
MM, 496, 614, 8
MM, 28, 5, 8
MM, 24, 3, 7
MM, 21, 3, 9
MM, 16, 1, 9
MM, 474, 607, 7
MM, 469, 605, 8
MM, 466, 603, 9
MM, 462, 603, 7
MM, 461, 602, 8
MM, 459, 602, 9
MM, 458, 602, 24
MM, 2, 30, 32
MM, 1, 28, 8
MM, 0, 27, 16
MM, 455, 597, 25
MM, 455, 595, 23
MM, 455, 593, 9
MM, 455, 592, 16
MM, 454, 592, 6
MM, 453, 590, 96
MM, 451, 588, 16
MM, 33, 16, 16
MM, 32, 16, 24
MM, 31, 16, 72
MM, 29, 16, 33
MM, 28, 16, 47
MM, 24, 16, 9
MM, 19, 16, 9
MM, 16, 16, 7
MM, 13, 16, 8
MM, 11, 16, 7
MC, 1, 248
MM, 12, 19, 128
MM, 21, 25, 9
MM, 25, 28, 7
MM, 445, 602, 9
MM, 448, 605, 8
MM, 31, 1, 7
MM, 33, 5, 9
MM, 456, 615, 7
MM, 458, 618, 8
MM, 459, 622, 8
MM, 3, 20, 8
MM, 3, 25, 9
MM, 5, 29, 8
MM, 471, 643, 8
MM, 24, 1, 9
MM, 28, 8, 7
MM, 29, 11, 8
MM, 31, 14, 8
MM, 483, 664, 7
MM, 484, 666, 9
MM, 485, 668, 7
MM, 487, 673, 9
MM, 1, 30, 7
MM, 492, 680, 9
MM, 94, 0, 7
MM, 94, 3, 9
MM, 96, 6, 8
MM, 97, 11, 8
MM, 101, 16, 7
MM, 104, 25, 8
MM, 106, 28, 8
MM, 509, 714, 9
MM, 509, 716, 7
MM, 510, 717, 17
MM, 508, 717, 207
MM, 507, 717, 16
MM, 506, 717, 8
MM, 504, 717, 16
MM, 503, 717, 8
MM, 501, 717, 104
MM, 498, 717, 9
MM, 496, 717, 7
MM, 492, 716, 8
MM, 490, 714, 8
MM, 487, 713, 8
MM, 486, 713, 16
MM, 84, 30, 8
MC, 1, 240
MM, 83, 29, 33
MM, 84, 27, 7
MM, 86, 27, 8
MM, 88, 26, 7
MM, 94, 25, 9
MM, 99, 24, 8
MM, 101, 23, 8
MM, 104, 21, 8
MM, 106, 21, 9
MM, 113, 17, 7
MM, 120, 9, 8
MM, 127, 2, 8
MM, 533, 679, 8
MM, 11, 24, 9
MM, 21, 15, 7
MM, 558, 642, 8
MM, 28, 19, 9
MM, 577, 617, 7
MM, 7, 3, 8
MM, 11, 2, 7
MM, 594, 607, 9
MM, 595, 605, 8
MM, 26, 30, 8
MM, 26, 29, 23
MM, 27, 26, 193
MM, 29, 25, 8
MM, 30, 24, 24
MM, 30, 22, 56
MM, 30, 21, 8
MM, 28, 20, 8
MM, 27, 20, 9
MM, 25, 20, 7
MM, 23, 20, 8
MM, 20, 19, 8
MM, 18, 18, 8
MM, 16, 17, 17
MM, 9, 16, 199
MM, 4, 22, 7
MM, 569, 600, 10
MM, 564, 605, 8
MM, 23, 4, 7
MM, 20, 9, 8
MM, 19, 9, 8
MM, 19, 10, 9
MM, 18, 12, 7
MM, 18, 15, 7
MM, 18, 17, 10
MM, 18, 22, 7
MM, 18, 25, 8
MM, 17, 27, 8
MM, 557, 639, 8
MM, 557, 640, 8
MM, 557, 641, 8
MM, 557, 643, 17
MM, 27, 0, 15
MM, 25, 2, 24
MM, 24, 4, 8
MM, 23, 5, 8
MM, 22, 6, 16
MM, 21, 7, 16
MM, 20, 8, 9
MM, 20, 9, 8
MM, 19, 11, 8
MM, 19, 12, 8
MM, 19, 13, 8
MM, 19, 14, 8
MM, 19, 15, 31
MM, 24, 1, 119
MM, 19, 30, 8
MM, 27, 21, 10
MM, 34, 14, 7
MM, 2, 9, 8
MM, 9, 4, 8
MM, 597, 607, 8
MM, 606, 601, 9
MM, 609, 600, 6
MM, 3, 27, 9
MM, 5, 25, 7
MM, 9, 22, 10
MM, 9, 21, 14
MM, 9, 20, 10
MM, 10, 19, 8
MM, 11, 17, 24
MM, 13, 15, 16
MM, 14, 14, 7
MM, 15, 13, 57
MM, 16, 12, 8
MM, 16, 11, 16
MC, 1, 135
MM, 16, 10, 41
MM, 11, 10, 7
MM, 1, 10, 7
MM, 32, 10, 9
MM, 22, 10, 9
MM, 12, 10, 7
MM, 3, 10, 7
MM, 32, 10, 9
MM, 24, 10, 8
MM, 16, 10, 8
MM, 12, 10, 7
MM, 7, 10, 8
MM, 1, 10, 9
MM, 529, 581, 7
MM, 29, 10, 8
MM, 24, 10, 9
MM, 18, 10, 8
MM, 14, 10, 9
MM, 8, 10, 8
MM, 3, 10, 8
MM, 1, 11, 8
MM, 493, 583, 10
MM, 492, 583, 15
MM, 491, 583, 7
MM, 490, 583, 32
MM, 489, 584, 15
MM, 490, 584, 106
MM, 491, 584, 7
MM, 0, 13, 15
MM, 2, 13, 9
MM, 5, 13, 7
MM, 7, 13, 9
MM, 8, 13, 7
MM, 10, 13, 9
MM, 11, 13, 16
MM, 12, 13, 23
MM, 13, 13, 49
MC, 1, 135
MM, 12, 13, 24
MM, 10, 13, 9
MM, 7, 13, 7
MM, 2, 13, 8
MM, 492, 584, 7
MM, 31, 13, 10
MM, 27, 13, 6
MM, 22, 13, 9
MM, 21, 13, 7
MM, 17, 13, 10
MM, 13, 13, 7
MM, 12, 13, 8
MM, 10, 13, 17
MM, 9, 13, 8
MM, 7, 13, 8
MM, 6, 13, 7
MM, 2, 13, 9
MM, 452, 584, 7
MM, 33, 13, 8
MM, 25, 13, 8
MM, 22, 13, 9
MM, 20, 13, 8
MM, 18, 13, 8
MM, 17, 14, 24
MC, 1, 216
MM, 17, 16, 46
MM, 17, 19, 8
MM, 17, 21, 8
MM, 17, 24, 8
MM, 17, 26, 9
MM, 17, 27, 7
MM, 17, 30, 8
MM, 432, 602, 8
MM, 432, 605, 201
MM, 11, 2, 9
MM, 11, 4, 7
MM, 11, 8, 9
MM, 12, 13, 7
MM, 15, 18, 8
MM, 15, 20, 8
MM, 16, 22, 8
MC, 1, 224
MM, 18, 27, 79
MM, 18, 30, 9
MM, 439, 640, 8
MM, 31, 1, 8
MM, 33, 6, 8
MM, 445, 661, 8
MM, 448, 674, 8
MM, 448, 680, 8
MM, 48, 4, 8
MM, 50, 13, 9
MM, 50, 16, 7
MM, 50, 19, 8
MM, 50, 22, 8
MM, 50, 24, 9
MM, 50, 26, 7
MM, 50, 27, 72
MC, 1, 223
MM, 49, 26, 25
MM, 47, 20, 9
MM, 42, 13, 7
MM, 36, 2, 8
MM, 432, 679, 8
MM, 22, 29, 8
MM, 20, 27, 7
MM, 19, 25, 8
MM, 17, 23, 8
MM, 16, 22, 9
MM, 16, 21, 8
MM, 15, 19, 16
MM, 14, 17, 16
MM, 13, 15, 17
MM, 12, 14, 7
MM, 10, 11, 8
MM, 9, 10, 8
MM, 7, 9, 8
MM, 5, 7, 8
MM, 3, 5, 7
MM, 0, 3, 9
MM, 407, 646, 9
MM, 404, 644, 8
MM, 19, 30, 8
MM, 16, 28, 16
MM, 15, 28, 7
MM, 14, 28, 9
MM, 14, 27, 7
MM, 14, 26, 24
MM, 14, 25, 24
MM, 14, 22, 8
MM, 14, 21, 16
MM, 14, 18, 16
MM, 26, 12, 175
MM, 31, 11, 8
MM, 34, 10, 9
MM, 416, 617, 8
MM, 418, 617, 7
MM, 7, 5, 9
MM, 13, 4, 8
MM, 18, 2, 7
MM, 26, 2, 8
MM, 33, 0, 9
MM, 460, 606, 8
MM, 467, 606, 8
MM, 471, 606, 8
MM, 474, 604, 8
MM, 476, 604, 55
MM, 478, 604, 9
MM, 481, 604, 9
MM, 482, 604, 7
MM, 483, 604, 7
MM, 485, 603, 17
MM, 31, 30, 33
MM, 488, 601, 15
MM, 491, 600, 8
MM, 493, 599, 8
MM, 0, 28, 8
MM, 3, 26, 8
MM, 5, 25, 8
MM, 8, 23, 9
MM, 15, 18, 6
MM, 18, 14, 9
MM, 20, 14, 8
MM, 22, 12, 8
MM, 23, 11, 9
MC, 1, 167
MM, 20, 11, 8
MM, 16, 11, 8
MM, 9, 13, 8
MM, 7, 14, 8
MM, 492, 587, 8
MM, 29, 18, 7
MM, 26, 19, 10
MM, 16, 23, 8
MM, 8, 24, 7
MM, 34, 29, 8
MM, 24, 29, 8
MM, 429, 602, 7
MM, 417, 603, 9
MM, 408, 606, 8
MM, 398, 607, 9
MM, 391, 607, 7
MM, 8, 1, 8
MM, 5, 1, 8
MM, 3, 1, 8
MM, 1, 1, 9
MM, 379, 610, 7
MM, 378, 610, 8
MM, 376, 610, 8
MM, 375, 610, 16
MM, 34, 3, 16
MM, 32, 5, 8
MM, 30, 5, 8
MM, 27, 5, 8
MM, 25, 5, 8
MM, 21, 6, 7
MM, 19, 7, 18
MM, 17, 9, 16
MM, 15, 9, 15
MM, 14, 9, 23
MM, 13, 9, 1
MM, 12, 10, 8
MM, 3, 1, 175
MM, 401, 606, 9
MM, 415, 603, 9
MM, 18, 30, 7
MM, 33, 28, 7
MM, 4, 27, 9
MM, 16, 24, 8
MM, 25, 21, 7
MM, 31, 20, 9
MM, 491, 591, 7
MM, 493, 591, 9
MM, 2, 17, 8
MM, 5, 16, 8
MM, 8, 15, 8
MM, 13, 15, 7
MM, 16, 14, 10
MM, 18, 14, 7
MM, 21, 14, 8
MM, 25, 14, 9
MM, 27, 12, 8
MM, 29, 12, 8
MM, 525, 583, 8
MM, 526, 582, 24
MM, 527, 582, 16
MP, 1, 144
MR, 1, 56
MM, 23, 12, 7
MM, 21, 12, 8
MM, 19, 13, 7
MM, 15, 14, 9
MM, 13, 16, 8
MM, 12, 17, 8
MM, 11, 17, 31
MC, 1, 337
MM, 9, 17, 25
MM, 7, 18, 7
MM, 3, 18, 7
MM, 493, 589, 9
MM, 489, 589, 8
MM, 28, 18, 8
MM, 25, 18, 7
MM, 22, 18, 9
MM, 20, 18, 8
MM, 18, 17, 7
MM, 17, 17, 90
MM, 16, 17, 8
MM, 15, 17, 8
MM, 13, 17, 9
MM, 10, 17, 7
MM, 7, 16, 8
MM, 5, 16, 7
MM, 3, 16, 16
MM, 2, 16, 16
MM, 1, 16, 16
MM, 0, 16, 16
MM, 454, 587, 16
MM, 453, 587, 17
MM, 450, 587, 7
MM, 33, 16, 16
MM, 30, 16, 9
MM, 28, 16, 7
MM, 27, 16, 8
MM, 23, 15, 8
MM, 17, 16, 176
MM, 16, 17, 8
MM, 13, 21, 8
MM, 12, 22, 8
MM, 10, 23, 8
MM, 8, 25, 8
MM, 7, 27, 8
MM, 418, 603, 8
MM, 416, 605, 9
MM, 415, 606, 7
MM, 32, 1, 9
MM, 31, 3, 8
MM, 30, 5, 8
MM, 27, 8, 8
MM, 26, 9, 8
MM, 25, 10, 8
MM, 25, 11, 16
MM, 24, 12, 24
MM, 23, 13, 8
MM, 22, 13, 8
MM, 20, 14, 8
MM, 19, 15, 16
MM, 17, 16, 8
MC, 1, 224
MM, 18, 16, 15
MM, 21, 15, 8
MM, 24, 15, 8
MM, 29, 14, 8
MM, 34, 13, 8
MM, 416, 621, 8
MM, 419, 620, 8
MM, 0, 11, 8
MM, 1, 10, 8
MM, 5, 8, 8
MM, 6, 8, 9
MM, 9, 7, 9
MM, 13, 7, 8
MM, 20, 4, 7
MM, 32, 4, 8
MM, 8, 4, 8
MM, 30, 4, 8
MM, 17, 4, 8
MM, 6, 5, 8
MM, 24, 7, 8
MM, 5, 8, 8
MM, 18, 13, 8
MM, 30, 13, 8
MM, 617, 623, 8
MM, 4, 16, 9
MM, 5, 16, 6
MM, 7, 16, 9
MM, 9, 18, 7
MM, 12, 20, 8
MM, 13, 21, 8
MM, 15, 24, 8
MM, 17, 26, 9
MM, 19, 26, 8
MM, 22, 28, 7
MM, 644, 640, 8
MM, 646, 642, 8
MM, 649, 643, 8
MM, 651, 644, 9
MM, 4, 1, 8
MM, 5, 2, 7
MM, 7, 3, 9
MM, 8, 4, 15
MM, 9, 4, 8
MM, 9, 5, 17
MM, 11, 5, 8
MM, 12, 5, 7
MM, 14, 5, 8
MM, 16, 5, 9
MM, 18, 6, 15
MM, 18, 7, 81
MM, 18, 9, 32
MM, 18, 10, 31
MM, 18, 11, 10
MM, 18, 12, 14
MM, 18, 13, 24
MM, 18, 15, 57
MC, 1, 248
MM, 19, 16, 95
MM, 21, 16, 41
MM, 22, 16, 32
MM, 23, 16, 8
MM, 26, 15, 15
MM, 27, 15, 33
MM, 28, 15, 8
MM, 683, 659, 8
MM, 685, 659, 9
MM, 689, 656, 7
MM, 694, 655, 8
MM, 696, 654, 8
MM, 701, 654, 8
MM, 707, 650, 8
MM, 714, 648, 9
MM, 718, 647, 7
MM, 723, 644, 8
MM, 727, 643, 7
MM, 733, 642, 8
MM, 739, 640, 8
MM, 746, 638, 8
MM, 758, 636, 8
MM, 767, 635, 9
MM, 8, 10, 7
MM, 14, 10, 8
MM, 21, 8, 8
MM, 24, 8, 8
MM, 27, 8, 8
MM, 28, 8, 16
MM, 29, 7, 24
MM, 31, 7, 16
MM, 32, 7, 8
MM, 33, 7, 8
MM, 37, 7, 8
MM, 41, 7, 9
MM, 44, 7, 7
MM, 46, 7, 8
MM, 50, 7, 8
MM, 53, 7, 16
MM, 54, 8, 8
MM, 57, 9, 24
MM, 58, 9, 80
MM, 59, 11, 9
MM, 59, 12, 128
MM, 59, 13, 8
