********************************************************************************
LOGGING TIME: 20180908_210415
CLIENT IP: 10.117.11.27
USERNAME: Ritesh Agrawal
OS: Windows 10
**********************************Emotional database********************************************************************************
MM, 784, 656, 1537598292082
MM, 783, 655, 487
MM, 781, 653, 7
MM, 779, 651, 9
MM, 5, 36, 5
MM, 1, 31, 9
MM, 768, 637, 7
MM, 765, 631, 8
MM, 759, 624, 9
MM, 749, 615, 8
MM, 733, 602, 7
MM, 717, 591, 6
MM, 12, 20, 9
MM, 684, 569, 7
MM, 661, 556, 8
MM, 14, 20, 8
MM, 614, 533, 9
MM, 19, 2, 8
MM, 587, 521, 7
MM, 579, 518, 7
MM, 572, 516, 8
MM, 568, 515, 7
MM, 564, 513, 8
MM, 561, 511, 8
MM, 235, 44, 55
MM, 219, 33, 8
MM, 197, 19, 7
MM, 174, 0, 8
MM, 404, 401, 9
MM, 382, 387, 6
MM, 364, 369, 8
MM, 98, 65, 7
MM, 88, 47, 8
MM, 82, 32, 8
MM, 79, 24, 8
MM, 77, 14, 6
MM, 75, 6, 8
MM, 323, 263, 24
MM, 322, 252, 8
MM, 319, 174, 88
MM, 318, 171, 8
MM, 316, 167, 8
MM, 315, 164, 8
MM, 312, 158, 8
MM, 309, 152, 8
MM, 306, 148, 20
MM, 298, 138, 16
MM, 296, 137, 16
MM, 296, 135, 6
MM, 295, 135, 60
MM, 294, 134, 12
MM, 290, 130, 16
MM, 287, 127, 10
MM, 283, 121, 6
MM, 281, 117, 8
MM, 280, 116, 12
MM, 280, 115, 6
MM, 280, 114, 8
MM, 278, 114, 576
MM, 279, 127, 12
MM, 281, 138, 10
MM, 285, 159, 10
MM, 287, 172, 8
MM, 304, 249, 55
MM, 306, 256, 7
MM, 306, 263, 6
MM, 308, 270, 9
MM, 308, 274, 8
MM, 308, 276, 8
MM, 308, 279, 8
MM, 307, 281, 8
MM, 307, 282, 8
MM, 306, 284, 7
MM, 305, 285, 6
MM, 53, 1, 8
MM, 52, 2, 8
MM, 52, 3, 8
MM, 51, 4, 16
MM, 50, 5, 96
MM, 49, 5, 12
MM, 49, 6, 8
MM, 47, 8, 13
MM, 45, 9, 5
MM, 44, 11, 8
MM, 43, 12, 8
MM, 42, 15, 8
MM, 41, 18, 8
MM, 40, 19, 9
MM, 40, 21, 7
MM, 39, 23, 6
MM, 39, 24, 8
MM, 38, 25, 9
MM, 38, 26, 7
MM, 36, 29, 59
MC, 1, 206
MM, 36, 35, 25380
MM, 36, 40, 7
MM, 36, 47, 9
MM, 35, 55, 8
MM, 34, 61, 7
MM, 33, 68, 6
MM, 31, 76, 9
MM, 281, 370, 7
MM, 280, 378, 9
MM, 278, 386, 8
MM, 278, 393, 8
MM, 278, 401, 8
MM, 278, 409, 6
MM, 28, 1, 7
MM, 29, 7, 9
MM, 44, 48, 53
MM, 47, 53, 8
MM, 50, 59, 8
MM, 53, 68, 9
MM, 55, 75, 7
MM, 57, 82, 8
MM, 58, 87, 7
MM, 309, 505, 8
MM, 309, 508, 8
MM, 309, 511, 8
MM, 309, 513, 8
MM, 309, 514, 8
MM, 309, 515, 15
MM, 309, 514, 69
MM, 309, 508, 7
MM, 58, 87, 9
MM, 57, 81, 8
MM, 57, 76, 8
MM, 57, 74, 8
MM, 57, 71, 8
MM, 57, 70, 5
MM, 57, 69, 16
MM, 57, 68, 75
MM, 57, 67, 8
MM, 59, 66, 8
MM, 61, 64, 5
MM, 62, 63, 9
MM, 64, 61, 8
MM, 66, 61, 7
MM, 68, 60, 9
MM, 71, 58, 8
MM, 72, 57, 7
MM, 73, 56, 8
MM, 75, 54, 7
MM, 76, 53, 8
MM, 76, 51, 8
MM, 76, 50, 7
MM, 76, 49, 8
MM, 76, 48, 9
MM, 76, 46, 7
MM, 76, 45, 8
MM, 75, 43, 7
MM, 73, 42, 16
MM, 73, 40, 7
MM, 71, 39, 9
MM, 70, 37, 8
MM, 68, 36, 8
MM, 68, 35, 5
MM, 67, 34, 9
MM, 66, 33, 8
MM, 65, 32, 8
MM, 64, 31, 7
MM, 63, 32, 286
MM, 64, 35, 9
MM, 67, 41, 8
MM, 71, 47, 8
MM, 75, 53, 6
MM, 80, 59, 10
MM, 87, 66, 5
MM, 93, 74, 9
MM, 99, 80, 8
MM, 371, 518, 69
MM, 372, 519, 55
MM, 373, 520, 8
MM, 374, 521, 14
MM, 375, 521, 15
MM, 375, 522, 97
MM, 4, 0, 8
MM, 4, 1, 7
MM, 6, 2, 8
MM, 7, 3, 17
MM, 8, 3, 7
MM, 9, 3, 14
MM, 13, 6, 276
MM, 14, 7, 6
MM, 16, 8, 8
MM, 17, 9, 8
MM, 19, 11, 9
MM, 22, 12, 8
MM, 24, 14, 7
MM, 28, 15, 8
MM, 31, 15, 9
MM, 34, 17, 5
MM, 409, 541, 9
MM, 410, 541, 7
MM, 411, 541, 9
MM, 413, 542, 8
MM, 0, 19, 15
MM, 1, 20, 9
MM, 2, 20, 5
MM, 3, 20, 17
MM, 5, 21, 8
MM, 6, 21, 8
MM, 7, 22, 8
MM, 9, 22, 7
MM, 10, 23, 6
MM, 11, 23, 9
MM, 13, 23, 7
MM, 13, 24, 8
MM, 14, 24, 8
MM, 16, 24, 8
MM, 17, 24, 8
MM, 18, 24, 6
MM, 19, 24, 8
MM, 20, 24, 12
MM, 21, 24, 51
MM, 22, 24, 20
MM, 23, 22, 16
MM, 23, 21, 53
MM, 23, 20, 39
MM, 23, 19, 16
MM, 22, 19, 177
MM, 16, 19, 66
MM, 15, 19, 7
MM, 17, 20, 259
MM, 23, 24, 9
MM, 27, 26, 7
MM, 33, 29, 9
MM, 452, 555, 8
MM, 456, 559, 5
MM, 4, 0, 8
MM, 10, 18, 62
MM, 17, 21, 8
MM, 24, 23, 11
MM, 525, 586, 6
MM, 0, 28, 8
MM, 4, 29, 6
MM, 7, 30, 8
MM, 538, 591, 8
MM, 539, 591, 7
MM, 540, 592, 8
MM, 541, 592, 8
MM, 543, 594, 9
MM, 544, 595, 8
MM, 545, 596, 7
MM, 7, 0, 6
MM, 8, 1, 8
MM, 10, 2, 8
MM, 11, 4, 8
MM, 13, 5, 8
MM, 13, 7, 8
MM, 15, 7, 8
MM, 16, 8, 6
MM, 17, 9, 9
MM, 17, 10, 10
MM, 17, 11, 6
MM, 18, 12, 19
MM, 18, 13, 8
MM, 20, 14, 7
MM, 21, 16, 7
MM, 24, 17, 9
MM, 29, 19, 7
MM, 575, 620, 8
MM, 0, 26, 9
MM, 6, 28, 8
MM, 11, 30, 5
MM, 598, 628, 9
MM, 602, 629, 7
MM, 606, 629, 8
MM, 609, 629, 10
MM, 612, 630, 6
MM, 613, 630, 8
MM, 614, 630, 6
MM, 615, 630, 8
MM, 616, 631, 8
MM, 617, 632, 8
MM, 618, 633, 8
MM, 5, 0, 8
MM, 6, 2, 8
MM, 7, 3, 8
MM, 9, 5, 6
MM, 10, 5, 8
MM, 11, 5, 8
MM, 13, 6, 8
MM, 14, 6, 8
MM, 16, 7, 10
MM, 18, 9, 12
MM, 19, 9, 8
MM, 23, 11, 8
MM, 25, 12, 8
MM, 28, 13, 8
MM, 646, 649, 8
MM, 649, 650, 8
MM, 651, 650, 8
MM, 0, 17, 6
MM, 1, 17, 8
MM, 2, 18, 55
MM, 3, 19, 7
MM, 4, 19, 8
MM, 6, 20, 8
MM, 7, 20, 8
MM, 8, 20, 8
MM, 10, 20, 8
MM, 11, 20, 7
MM, 12, 20, 7
MM, 14, 19, 9
MM, 15, 18, 7
MM, 16, 18, 8
MM, 16, 17, 23
MM, 17, 17, 7
MM, 17, 16, 84
MM, 17, 15, 7
MM, 17, 14, 21
MM, 17, 13, 21
MM, 18, 10, 135
MM, 16, 8, 9
MM, 15, 6, 8
MM, 661, 631, 29
MM, 3, 30, 8
MM, 3, 25, 9
MM, 2, 19, 8
MM, 2, 12, 6
MM, 1, 9, 7
MM, 1, 7, 9
MM, 657, 602, 8
MM, 657, 600, 8
MM, 655, 597, 8
MM, 654, 595, 8
MM, 652, 594, 8
MM, 651, 592, 5
MM, 649, 591, 9
MM, 0, 29, 8
MM, 647, 587, 8
MM, 645, 584, 8
MM, 642, 580, 8
MM, 30, 18, 8
MM, 28, 16, 6
MM, 27, 15, 7
MM, 26, 15, 9
MM, 25, 14, 28
MM, 23, 13, 22
MM, 22, 12, 8
MM, 21, 12, 8
MM, 19, 11, 7
MM, 19, 10, 9
MM, 18, 10, 16
MM, 17, 10, 64
MM, 16, 10, 30
MM, 15, 10, 18
MM, 14, 10, 5
MM, 13, 10, 10
MM, 12, 10, 6
MM, 11, 10, 16
MM, 15, 16, 163
MM, 15, 17, 7
MM, 15, 19, 8
MM, 14, 23, 8
MM, 12, 27, 8
MM, 621, 591, 6
MM, 620, 594, 8
MM, 0, 0, 8
MM, 616, 602, 8
MM, 615, 604, 8
MM, 613, 606, 9
MM, 30, 12, 8
MM, 29, 13, 5
MM, 25, 15, 8
MM, 22, 16, 8
MM, 19, 18, 9
MM, 15, 20, 8
MM, 11, 21, 8
MM, 8, 23, 8
MM, 4, 25, 8
MM, 2, 25, 5
MM, 0, 26, 9
MM, 579, 625, 7
MM, 576, 626, 8
MM, 574, 628, 8
MM, 573, 629, 8
MM, 571, 631, 8
MM, 570, 632, 8
MM, 569, 633, 6
MM, 567, 634, 8
MM, 567, 635, 8
MM, 566, 635, 8
MM, 565, 635, 17
MM, 564, 635, 13
MM, 33, 2, 17
MM, 32, 2, 7
MM, 31, 2, 9
MM, 30, 2, 7
MM, 28, 2, 9
MM, 27, 2, 14
MM, 25, 2, 7
MM, 24, 2, 9
MM, 23, 3, 8
MM, 22, 5, 8
MM, 21, 5, 8
MM, 20, 6, 8
MM, 19, 7, 6
MM, 19, 8, 8
MM, 18, 9, 8
MM, 18, 10, 24
MM, 20, 13, 258
MM, 20, 15, 32
MM, 20, 19, 8
MM, 18, 25, 5
MM, 16, 30, 8
MM, 142, 1, 9
MM, 137, 8, 8
MM, 131, 15, 8
MM, 127, 21, 7
MM, 125, 25, 9
MM, 122, 27, 8
MM, 120, 29, 6
MM, 518, 702, 7
MM, 517, 703, 8
MM, 515, 705, 8
MM, 514, 706, 9
MM, 512, 706, 8
MM, 511, 706, 22
MM, 510, 706, 58
MM, 509, 705, 90
MM, 508, 705, 7
MM, 507, 703, 9
MM, 106, 30, 5
MM, 106, 29, 8
MM, 106, 27, 17
MM, 106, 26, 8
MM, 106, 25, 8
MM, 106, 24, 16
MM, 106, 23, 30
MM, 106, 22, 20
MM, 106, 21, 120
MC, 1, 200
MM, 105, 20, 20
MM, 103, 18, 8
MM, 101, 17, 7
MM, 95, 14, 6
MM, 85, 10, 8
MM, 74, 6, 8
MM, 65, 4, 8
MM, 58, 2, 8
MM, 51, 0, 9
MM, 443, 669, 8
MM, 434, 666, 7
MM, 17, 29, 6
MM, 9, 27, 8
MM, 1, 25, 8
MM, 405, 657, 9
MM, 32, 21, 7
MM, 30, 21, 15
MM, 29, 20, 56
MM, 29, 19, 13
MM, 28, 18, 9
MM, 27, 17, 9
MM, 27, 15, 7
MM, 26, 14, 7
MM, 25, 13, 9
MM, 25, 11, 8
MM, 23, 10, 6
MM, 22, 9, 7
MM, 22, 7, 9
MM, 21, 6, 8
MM, 20, 4, 8
MM, 20, 3, 7
MM, 20, 1, 8
MM, 390, 633, 6
MM, 390, 631, 8
MM, 390, 629, 8
MM, 10, 29, 8
MM, 10, 26, 8
MM, 10, 25, 8
MM, 10, 24, 8
MM, 10, 23, 6
MM, 10, 21, 8
MM, 10, 20, 9
MM, 10, 19, 7
MM, 10, 17, 9
MM, 10, 16, 8
MM, 13, 11, 43
MM, 14, 11, 7
MM, 12, 16, 310
MM, 22, 17, 7
MM, 31, 18, 6
MM, 0, 19, 8
MM, 6, 20, 9
MM, 13, 20, 7
MM, 21, 20, 8
MM, 494, 615, 9
MM, 6, 16, 8
MM, 18, 13, 5
MM, 25, 12, 8
MM, 31, 11, 8
MM, 33, 10, 8
MM, 34, 10, 8
MM, 534, 607, 8
MM, 534, 606, 8
MM, 536, 606, 15
MM, 536, 605, 7
MM, 537, 605, 9
MM, 539, 604, 8
MM, 0, 7, 8
MM, 3, 7, 7
MM, 10, 6, 9
MM, 21, 5, 5
MM, 577, 602, 8
MM, 11, 6, 9
MM, 30, 8, 7
MM, 7, 9, 8
MM, 23, 13, 10
MM, 656, 612, 6
MM, 7, 15, 8
MM, 10, 15, 6
MM, 11, 15, 10
MM, 11, 14, 23
MM, 10, 14, 8
MM, 10, 12, 8
MM, 9, 11, 5
MM, 8, 10, 8
MM, 8, 9, 8
MM, 8, 8, 8
MM, 6, 7, 11
MM, 5, 5, 13
MM, 4, 5, 8
MM, 4, 4, 6
MM, 4, 3, 8
MM, 4, 2, 8
MM, 4, 1, 21
MM, 5, 1, 7
MM, 665, 596, 6
MM, 666, 595, 8
MM, 668, 594, 8
MM, 669, 594, 16
MM, 670, 592, 8
MM, 671, 592, 8
MM, 24, 30, 8
MM, 25, 29, 6
MM, 28, 27, 9
MM, 33, 26, 7
MM, 687, 584, 9
MM, 4, 22, 7
MM, 9, 21, 8
MM, 13, 20, 8
MM, 16, 20, 6
MM, 18, 20, 8
MM, 19, 19, 9
MM, 20, 19, 7
MM, 21, 19, 8
MM, 22, 18, 9
MM, 23, 18, 8
MM, 24, 17, 13
MM, 25, 17, 9
MM, 26, 17, 23
MM, 27, 17, 30
MM, 28, 17, 28
MM, 29, 17, 9
MM, 29, 16, 26
MM, 29, 15, 53
MC, 1, 152
MM, 28, 15, 23
MM, 27, 15, 39
MM, 25, 15, 16
MM, 24, 15, 7
MM, 23, 15, 8
MM, 20, 15, 8
MM, 17, 15, 8
MM, 16, 16, 8
MM, 14, 16, 8
MM, 13, 16, 5
MM, 11, 17, 9
MM, 10, 17, 16
MM, 9, 17, 16
MM, 9, 18, 11
MM, 8, 18, 9
MM, 7, 18, 14
MM, 6, 18, 8
MM, 5, 18, 12
MM, 4, 18, 112
MM, 3, 18, 7
MM, 2, 18, 9
MM, 2, 19, 8
MM, 1, 19, 5
MM, 0, 19, 41
MM, 688, 579, 7
MM, 687, 579, 6
MM, 686, 579, 9
MM, 685, 579, 9
MM, 683, 579, 6
MM, 34, 19, 8
MM, 33, 19, 9
MM, 34, 19, 38
MM, 683, 580, 7
MM, 0, 24, 8
MM, 8, 30, 8
MM, 700, 594, 8
MM, 702, 595, 6
MM, 703, 596, 8
MM, 706, 600, 16
MM, 707, 603, 8
MM, 708, 605, 8
MM, 709, 609, 8
MM, 711, 612, 14
MM, 713, 614, 10
MM, 713, 616, 6
MM, 714, 617, 8
MM, 716, 619, 8
MM, 716, 620, 8
MM, 716, 622, 14
MM, 716, 623, 8
MM, 717, 623, 8
MM, 717, 624, 12
MM, 718, 624, 28
MM, 720, 624, 6
MM, 722, 624, 9
MM, 726, 623, 7
MM, 731, 622, 8
MM, 736, 620, 9
MM, 742, 618, 8
MM, 749, 615, 8
MM, 755, 610, 5
MM, 761, 606, 8
MM, 766, 602, 8
MM, 770, 600, 8
MM, 771, 597, 8
MM, 773, 596, 8
MM, 774, 594, 8
MM, 776, 591, 8
MM, 780, 589, 6
MM, 786, 586, 8
MM, 797, 575, 16
MM, 800, 569, 8
MM, 803, 563, 8
MM, 807, 557, 8
MM, 752, 534, 668
MM, 739, 536, 8
MM, 20, 16, 8
MM, 3, 17, 8
MM, 659, 546, 14
MM, 15, 26, 8
MM, 614, 554, 8
MM, 600, 559, 8
MM, 20, 1, 8
MM, 3, 6, 22
MM, 567, 566, 17
MM, 32, 6, 16
MM, 30, 6, 8
MM, 29, 6, 8
MM, 26, 6, 14
MM, 23, 5, 8
MM, 22, 5, 7
MM, 21, 5, 8
MM, 19, 6, 9
MM, 18, 8, 7
MM, 14, 10, 14
MM, 12, 13, 8
MM, 9, 14, 8
MM, 5, 16, 8
MM, 0, 18, 8
MM, 527, 579, 8
MM, 525, 580, 8
MM, 28, 22, 14
MM, 26, 22, 8
MM, 25, 22, 8
MM, 24, 22, 8
MM, 22, 22, 8
MM, 21, 23, 8
MM, 19, 24, 8
MM, 16, 25, 6
MM, 11, 27, 8
MM, 5, 29, 10
MM, 491, 591, 6
MM, 478, 595, 16
MM, 9, 0, 8
MM, 1, 1, 8
MM, 30, 1, 15
MM, 26, 1, 7
MM, 22, 1, 9
MM, 20, 1, 8
MM, 19, 1, 8
MM, 17, 1, 13
MM, 16, 1, 16
MM, 15, 1, 8
MM, 14, 1, 8
MM, 12, 1, 8
MM, 10, 1, 8
MM, 9, 1, 6
MM, 8, 0, 8
MM, 425, 596, 8
MM, 422, 594, 8
MM, 416, 592, 8
MM, 412, 590, 9
MM, 409, 590, 7
MM, 34, 30, 15
MM, 406, 591, 98
MM, 406, 592, 7
MM, 407, 594, 15
MM, 407, 595, 8
MM, 407, 596, 8
MM, 26, 3, 15
MM, 24, 6, 16
MM, 22, 7, 6
MM, 20, 9, 16
MM, 19, 10, 8
MM, 18, 10, 12
MM, 17, 10, 27
MM, 16, 11, 19
MM, 15, 11, 16
MM, 13, 11, 16
MM, 14, 13, 246
MM, 17, 15, 8
MM, 23, 15, 9
MM, 418, 612, 16
MM, 5, 13, 8
MM, 28, 7, 14
MM, 458, 602, 8
MM, 3, 3, 7
MM, 10, 3, 8
MM, 16, 3, 8
MM, 22, 2, 9
MM, 496, 595, 14
MM, 502, 594, 7
MM, 506, 593, 9
MM, 510, 592, 7
MM, 22, 30, 9
MM, 28, 28, 8
MM, 529, 586, 8
MM, 23, 19, 14
MM, 569, 577, 8
MM, 20, 14, 8
MM, 34, 13, 7
MM, 3, 11, 8
MM, 11, 10, 8
MM, 17, 8, 8
MM, 22, 6, 6
MM, 25, 5, 8
MM, 27, 4, 8
MM, 28, 4, 8
MM, 28, 3, 88
MM, 29, 3, 84
MM, 646, 566, 14
MM, 6, 7, 16
MM, 12, 7, 6
MM, 14, 8, 8
MM, 16, 8, 8
MM, 18, 8, 8
MM, 19, 8, 8
MM, 23, 8, 16
MM, 24, 7, 6
MM, 26, 6, 8
MM, 27, 6, 8
MM, 28, 6, 8
MM, 30, 6, 8
MM, 31, 6, 8
MM, 32, 6, 8
MM, 33, 6, 8
MM, 34, 6, 14
MM, 684, 566, 8
MM, 685, 566, 8
MM, 686, 567, 8
MM, 687, 567, 8
MM, 688, 567, 8
MM, 0, 7, 6
MM, 2, 7, 16
MM, 3, 7, 8
MM, 4, 8, 8
MM, 5, 8, 8
MM, 6, 9, 8
MM, 7, 10, 8
MM, 8, 11, 15
MM, 9, 11, 15
MM, 9, 12, 8
MM, 10, 12, 8
MM, 11, 13, 8
MM, 12, 13, 6
MM, 13, 13, 17
MM, 10, 11, 212
MM, 8, 10, 8
MM, 6, 10, 8
MM, 3, 8, 7
MM, 688, 568, 8
MM, 34, 7, 8
MM, 29, 7, 8
MM, 16, 8, 14
MM, 9, 10, 8
MM, 0, 12, 8
MM, 23, 14, 8
MM, 11, 17, 8
MM, 610, 579, 8
MM, 24, 22, 16
MM, 17, 23, 6
MM, 6, 25, 9
MM, 11, 29, 15
MM, 519, 592, 9
MM, 505, 593, 8
MM, 491, 593, 7
MM, 476, 595, 6
MM, 463, 596, 8
MM, 22, 2, 16
MM, 15, 3, 8
MM, 9, 5, 9
MM, 6, 6, 7
MM, 5, 6, 7
MM, 3, 7, 7
MM, 2, 7, 9
MM, 1, 8, 16
MM, 0, 9, 7
MM, 420, 606, 16
MM, 418, 606, 104
MM, 417, 606, 9
MM, 416, 606, 8
MM, 415, 606, 5
MM, 34, 9, 8
MM, 33, 9, 8
MM, 26, 11, 16
MM, 21, 12, 9
MM, 15, 12, 8
MM, 7, 15, 5
MM, 33, 17, 17
MM, 26, 19, 8
MM, 20, 19, 7
MM, 17, 19, 8
MM, 15, 19, 9
MM, 14, 19, 6
MM, 376, 623, 402
MM, 1, 28, 7
MM, 14, 30, 17
MM, 400, 629, 7
MM, 406, 631, 9
MM, 411, 633, 7
MM, 8, 2, 16
MM, 10, 4, 7
MM, 11, 5, 8
MM, 13, 6, 7
MM, 13, 7, 8
MM, 14, 7, 8
MM, 14, 8, 51
MM, 15, 8, 12
MM, 16, 9, 7
MM, 18, 10, 8
MM, 18, 11, 7
MM, 19, 11, 8
MM, 20, 12, 15
MM, 20, 13, 9
MM, 19, 13, 145
MC, 1, 145
MM, 16, 7, 21
MM, 13, 4, 9
MM, 420, 633, 8
MM, 417, 629, 8
MM, 32, 25, 8
MM, 28, 19, 7
MM, 25, 9, 16
MM, 24, 7, 6
MM, 23, 6, 8
MM, 23, 4, 8
MM, 23, 3, 17
MM, 23, 2, 7
MM, 23, 1, 8
MM, 403, 596, 6
MM, 403, 595, 8
MM, 403, 594, 8
MM, 402, 592, 8
MM, 401, 592, 8
MM, 401, 591, 8
MM, 402, 591, 39
MM, 403, 591, 8
MM, 404, 591, 7
MM, 405, 591, 8
MM, 406, 591, 8
MM, 408, 591, 6
MM, 410, 590, 9
MM, 414, 589, 7
MM, 9, 26, 17
MM, 15, 24, 7
MM, 18, 23, 8
MM, 21, 22, 8
MM, 23, 21, 6
MM, 24, 20, 8
MM, 25, 20, 8
MM, 26, 20, 16
MM, 26, 19, 71
MM, 26, 18, 25
MM, 25, 18, 99
MM, 25, 17, 5
MM, 24, 17, 8
MM, 23, 16, 8
MM, 22, 16, 8
MM, 21, 15, 8
MM, 19, 14, 8
MM, 18, 13, 14
MM, 17, 13, 55
MC, 1, 218
MM, 16, 13, 72
MM, 17, 13, 636
MM, 22, 15, 5
MM, 28, 19, 8
MM, 455, 588, 16
MM, 461, 594, 8
MM, 466, 595, 8
MM, 7, 1, 8
MM, 11, 3, 8
MM, 13, 4, 7
MM, 17, 6, 7
MM, 20, 7, 8
MM, 23, 8, 8
MM, 28, 10, 8
MM, 493, 609, 8
MM, 498, 611, 8
MM, 11, 15, 15
MM, 19, 15, 7
MM, 27, 15, 8
MM, 535, 612, 8
MM, 539, 612, 8
MM, 1, 15, 8
MM, 2, 15, 8
MM, 3, 15, 10
MM, 4, 16, 17
MM, 6, 17, 7
MM, 7, 19, 8
MM, 9, 20, 8
MM, 10, 21, 8
MM, 12, 23, 6
MM, 13, 24, 8
MM, 14, 24, 8
MM, 16, 26, 8
MM, 19, 26, 8
MM, 23, 26, 8
MM, 32, 29, 14
MM, 578, 628, 8
MM, 581, 629, 8
MM, 586, 630, 8
MM, 588, 630, 8
MM, 591, 631, 8
MM, 592, 632, 8
MM, 593, 633, 8
MM, 595, 633, 6
MM, 26, 1, 8
MM, 31, 3, 16
MM, 33, 4, 8
MM, 35, 6, 8
MM, 38, 7, 8
MM, 612, 644, 14
MM, 614, 646, 8
MM, 0, 13, 8
MM, 3, 15, 16
MM, 4, 16, 8
MM, 5, 16, 8
MM, 5, 17, 6
MM, 6, 17, 8
MM, 8, 17, 16
MM, 9, 17, 17
MM, 10, 18, 7
MM, 11, 18, 6
MM, 12, 19, 8
MM, 12, 20, 8
MM, 13, 20, 9
MM, 14, 21, 8
MM, 15, 21, 15
MC, 1, 283
MM, 14, 21, 88
MM, 13, 21, 8
MM, 11, 20, 7
MM, 9, 20, 8
MM, 8, 20, 9
MM, 7, 19, 8
MM, 5, 19, 8
MM, 4, 17, 8
MM, 2, 17, 5
MM, 0, 17, 8
MM, 614, 650, 8
MM, 612, 649, 8
MM, 609, 648, 16
MM, 38, 13, 8
MM, 35, 13, 8
MM, 33, 12, 15
MM, 31, 11, 8
MM, 28, 10, 7
MM, 26, 10, 8
MM, 23, 8, 16
MM, 22, 8, 6
MM, 21, 7, 9
MM, 19, 7, 9
MM, 16, 6, 11
MM, 11, 5, 8
MM, 8, 5, 8
MM, 1, 3, 13
MM, 568, 637, 9
MM, 566, 636, 8
MM, 564, 635, 8
MM, 34, 1, 10
MM, 31, 1, 14
MM, 28, 1, 13
MM, 24, 1, 16
MM, 19, 2, 16
MM, 16, 3, 16
MM, 12, 5, 14
MM, 11, 7, 10
MM, 9, 8, 6
MM, 8, 9, 8
MM, 5, 11, 16
MM, 2, 12, 6
MM, 528, 648, 8
MM, 34, 16, 16
MM, 31, 18, 8
MM, 28, 20, 8
MM, 26, 21, 8
MM, 23, 23, 14
MM, 22, 23, 10
MM, 21, 23, 6
MM, 19, 23, 16
MM, 18, 23, 17
MM, 15, 24, 13
MM, 14, 24, 8
MM, 12, 24, 8
MM, 10, 25, 8
MM, 8, 25, 16
MM, 6, 25, 6
MM, 5, 25, 8
MM, 4, 25, 8
MM, 3, 25, 8
MM, 1, 25, 16
MM, 487, 659, 8
MM, 486, 659, 8
MM, 484, 661, 6
MM, 482, 662, 8
MM, 30, 30, 8
MM, 476, 667, 16
MM, 473, 668, 8
MM, 472, 670, 8
MM, 69, 1, 14
MM, 68, 2, 8
MM, 67, 3, 8
MM, 66, 4, 9
MM, 65, 6, 16
MM, 65, 7, 7
MM, 63, 9, 14
MM, 60, 12, 16
MM, 58, 13, 8
MM, 58, 15, 8
MM, 56, 16, 9
MM, 53, 19, 14
MM, 52, 21, 8
MM, 51, 21, 7
MC, 1, 311
MM, 50, 21, 11
MM, 43, 15, 14
MM, 36, 11, 9
MM, 22, 7, 15
MM, 17, 6, 9
MM, 12, 4, 8
MM, 6, 2, 6
MM, 4, 0, 8
MM, 401, 668, 16
MM, 401, 667, 8
MM, 400, 666, 7
MM, 29, 30, 9
MM, 27, 28, 13
MM, 24, 24, 16
MM, 23, 22, 9
MM, 21, 21, 8
MM, 20, 20, 8
MM, 18, 17, 8
MM, 18, 15, 13
MM, 17, 14, 29
MM, 17, 13, 30
MM, 16, 11, 18
MM, 13, 8, 14
MM, 12, 6, 8
MM, 10, 4, 8
MM, 9, 3, 6
MM, 375, 633, 15
MM, 373, 631, 9
MM, 371, 631, 8
MM, 370, 629, 8
MM, 369, 628, 16
MM, 368, 628, 14
MM, 28, 30, 20
MM, 27, 29, 8
MM, 26, 29, 8
MM, 24, 28, 8
MM, 23, 28, 51
MM, 23, 27, 13
MM, 22, 26, 8
MM, 21, 26, 8
MM, 19, 24, 16
MM, 18, 22, 8
MM, 17, 21, 7
MM, 12, 17, 22
MM, 11, 16, 8
MM, 11, 15, 17
MM, 25, 21, 277
MM, 30, 21, 8
MM, 33, 21, 8
MM, 34, 21, 9
MM, 376, 618, 14
MM, 377, 618, 16
MM, 378, 618, 8
MM, 379, 618, 22
MM, 0, 21, 8
MM, 1, 21, 20
MM, 2, 21, 16
MM, 3, 21, 15
MM, 4, 21, 7
MM, 5, 21, 8
MM, 5, 20, 7
MM, 6, 20, 9
MM, 7, 19, 15
MM, 8, 18, 8
MM, 10, 18, 6
MM, 11, 18, 8
MM, 13, 16, 16
MM, 14, 16, 17
MM, 416, 606, 269
MM, 15, 4, 8
MM, 453, 596, 8
MM, 467, 591, 8
MM, 0, 21, 14
MM, 9, 19, 9
MM, 15, 18, 15
MM, 16, 17, 8
MM, 17, 16, 85
MM, 18, 15, 7
MM, 18, 14, 25
MM, 19, 14, 11
MM, 20, 14, 23
MM, 16, 13, 339
MM, 14, 12, 9
MM, 13, 11, 7
MM, 11, 10, 9
MM, 9, 9, 16
MM, 7, 9, 8
MM, 6, 9, 8
MM, 5, 8, 6
MM, 4, 8, 8
MM, 3, 7, 17
MM, 2, 7, 6
MM, 1, 7, 17
MM, 493, 567, 14
MM, 492, 567, 7
MM, 490, 567, 16
MM, 489, 567, 21
MM, 488, 567, 13
MM, 31, 7, 24
MM, 30, 7, 13
MM, 29, 7, 14
MM, 28, 7, 7
MM, 28, 8, 8
MM, 26, 8, 9
MM, 25, 9, 7
MM, 24, 9, 8
MM, 23, 9, 8
MM, 22, 10, 14
MM, 21, 10, 10
MM, 20, 10, 57
MM, 25, 11, 224
MM, 490, 568, 7
MM, 27, 4, 17
MM, 33, 22, 16
MM, 17, 12, 8
MM, 615, 531, 5
MM, 13, 6, 16
MM, 18, 6, 8
MM, 20, 6, 8
MM, 21, 6, 8
MM, 23, 6, 8
MM, 25, 6, 14
MM, 26, 7, 8
MM, 27, 7, 8
MM, 32, 7, 16
MM, 655, 530, 8
MM, 660, 530, 15
MM, 0, 7, 8
MM, 2, 8, 16
MM, 3, 8, 16
MM, 4, 8, 7
MM, 5, 8, 8
MM, 6, 8, 7
MM, 7, 9, 8
MM, 8, 9, 7
MM, 8, 10, 75
MM, 8, 12, 7
MM, 7, 13, 8
MM, 7, 15, 6
MM, 4, 21, 17
MM, 4, 23, 8
MM, 3, 26, 7
MM, 2, 28, 12
MM, 2, 29, 8
MM, 663, 554, 6
MM, 663, 555, 16
MM, 663, 556, 20
MM, 663, 557, 17
MM, 663, 558, 5
MM, 663, 559, 8
MM, 15, 1, 16
MM, 14, 3, 8
MM, 13, 4, 8
MM, 13, 5, 9
MM, 12, 9, 14
MM, 11, 10, 8
MM, 11, 12, 8
MM, 11, 13, 112
MC, 1, 202
MM, 10, 13, 33
MM, 8, 14, 8
MM, 4, 16, 9
MM, 647, 577, 8
MM, 644, 578, 7
MM, 30, 20, 6
MM, 25, 22, 10
MM, 22, 23, 6
MM, 16, 25, 8
MM, 11, 27, 8
MM, 5, 30, 9
MM, 610, 592, 7
MM, 604, 595, 8
MM, 17, 0, 6
MM, 11, 3, 8
MM, 7, 5, 8
MM, 2, 7, 8
MM, 580, 605, 8
MM, 579, 607, 8
MM, 577, 608, 8
MM, 576, 609, 6
MM, 34, 14, 8
MM, 33, 15, 8
MM, 31, 16, 8
MM, 30, 17, 8
MM, 29, 19, 8
MM, 27, 20, 8
MM, 24, 22, 14
MM, 22, 23, 9
MM, 21, 25, 8
MM, 19, 25, 7
MM, 19, 26, 8
MM, 18, 27, 8
MM, 18, 28, 12
MM, 18, 29, 36
MM, 556, 628, 21
MM, 556, 631, 15
MM, 555, 631, 9
MM, 555, 632, 8
MM, 553, 633, 8
MM, 22, 2, 15
MM, 21, 3, 6
MM, 19, 5, 9
MM, 17, 6, 8
MM, 14, 8, 16
MM, 13, 8, 8
MM, 12, 9, 8
MM, 10, 10, 6
MM, 9, 10, 16
MM, 9, 11, 8
MM, 10, 11, 96
MM, 10, 11, 252
MM, 8, 11, 7
MM, 7, 10, 8
MM, 5, 9, 8
MM, 524, 639, 14
MM, 28, 3, 8
MM, 489, 633, 16
MM, 476, 632, 8
MM, 452, 632, 17
MM, 441, 633, 7
MM, 15, 0, 14
MM, 9, 1, 8
MM, 5, 1, 8
MM, 4, 1, 8
MM, 3, 1, 77
MM, 2, 1, 11
MM, 1, 1, 8
MM, 408, 635, 8
MM, 407, 635, 8
MM, 403, 634, 16
MM, 31, 0, 6
MM, 400, 633, 9
MM, 399, 633, 7
MM, 399, 632, 17
MM, 398, 632, 11
MM, 397, 632, 19
MM, 396, 632, 7
MM, 392, 630, 17
MM, 389, 630, 7
MM, 385, 630, 9
MM, 375, 629, 14
MM, 366, 629, 15
MM, 354, 629, 16
MM, 348, 629, 8
MM, 345, 629, 16
MM, 346, 628, 193
MM, 7, 30, 7
MM, 7, 28, 8
MM, 8, 26, 17
MM, 9, 25, 8
MM, 10, 25, 18
MM, 10, 24, 7
MM, 10, 23, 17
MM, 11, 23, 16
MC, 1, 282
MM, 13, 23, 25
MM, 16, 22, 8
MM, 23, 20, 9
MM, 377, 613, 15
MM, 7, 13, 8
MM, 5, 5, 15
MM, 25, 3, 7
MM, 10, 3, 16
MM, 24, 1, 9
MM, 497, 596, 7
MM, 513, 591, 14
MM, 24, 29, 9
MM, 28, 28, 15
MM, 30, 28, 8
MM, 526, 588, 16
MM, 530, 588, 15
MM, 3, 28, 8
MM, 9, 28, 8
MM, 14, 28, 8
MM, 27, 26, 16
MM, 565, 585, 8
MM, 7, 24, 13
MM, 15, 24, 17
MM, 19, 24, 7
MM, 22, 23, 9
MM, 27, 22, 14
MM, 27, 21, 152
MM, 28, 21, 8
MM, 28, 20, 71
MM, 28, 19, 21
MM, 27, 19, 7
MM, 25, 17, 8
MM, 24, 16, 8
MM, 21, 13, 14
MM, 19, 12, 8
MM, 18, 12, 17
MC, 1, 268
MM, 17, 12, 34
MM, 14, 12, 7
MM, 9, 11, 8
MM, 31, 11, 14
MM, 18, 10, 10
MM, 26, 10, 14
MM, 16, 10, 8
MM, 8, 12, 9
MM, 0, 15, 13
MM, 492, 575, 9
MM, 491, 575, 7
MM, 491, 576, 265
MM, 493, 576, 7
MM, 2, 16, 15
MM, 4, 16, 7
MM, 5, 16, 8
MM, 6, 16, 16
MM, 7, 16, 72
MM, 8, 16, 12
MM, 6, 15, 290
MM, 2, 16, 8
MM, 490, 578, 8
MM, 22, 23, 17
MM, 7, 30, 14
MM, 457, 592, 8
MM, 451, 593, 7
MM, 444, 595, 16
MM, 441, 596, 8
MM, 13, 2, 16
MM, 9, 3, 6
MM, 2, 7, 17
MM, 1, 8, 8
MM, 420, 607, 8
MM, 418, 607, 16
MM, 416, 608, 7
MM, 415, 609, 7
MM, 32, 13, 15
MM, 31, 14, 9
MM, 28, 14, 16
MM, 27, 14, 26
MM, 26, 14, 16
MM, 25, 14, 88
MM, 24, 14, 24
MM, 23, 14, 16
MM, 22, 14, 7
MM, 21, 14, 101
MM, 20, 14, 24
MM, 19, 13, 18
MM, 20, 14, 223
MM, 21, 14, 8
MM, 21, 15, 8
MM, 22, 16, 9
MM, 23, 17, 16
MM, 24, 18, 8
MM, 25, 19, 6
MM, 27, 20, 9
MM, 27, 21, 6
MM, 30, 23, 17
MM, 31, 23, 7
MM, 32, 25, 8
MM, 33, 27, 14
MM, 415, 626, 8
MM, 418, 628, 16
MM, 421, 629, 8
MM, 435, 633, 22
MM, 30, 1, 8
MM, 445, 636, 8
MM, 1, 4, 16
MM, 4, 5, 8
MM, 6, 6, 8
MM, 9, 7, 8
MM, 17, 9, 14
MM, 20, 9, 8
MM, 23, 9, 8
MM, 24, 10, 8
MM, 25, 10, 8
MM, 27, 10, 8
MM, 28, 12, 6
MM, 29, 12, 8
MM, 31, 13, 8
MM, 32, 14, 8
MM, 483, 650, 8
MM, 484, 651, 8
MM, 485, 652, 8
MM, 1, 22, 14
MM, 3, 23, 9
MM, 4, 25, 8
MM, 5, 26, 7
MM, 7, 27, 9
MM, 8, 29, 8
MM, 498, 666, 14
MM, 498, 667, 8
MM, 499, 668, 7
MM, 500, 670, 8
MM, 100, 0, 8
MM, 100, 1, 8
MM, 100, 2, 8
MM, 100, 4, 6
MM, 100, 5, 8
MM, 100, 6, 8
MM, 100, 7, 8
MM, 100, 8, 31
MM, 100, 9, 7
MM, 99, 9, 9
MM, 99, 10, 8
MM, 98, 10, 20
MM, 98, 9, 116
MM, 98, 8, 12
MM, 98, 7, 14
MM, 98, 5, 15
MM, 98, 4, 9
MC, 1, 158
MM, 97, 4, 20
MM, 96, 2, 8
MM, 94, 0, 7
MM, 493, 669, 6
MM, 491, 667, 8
MM, 490, 665, 9
MM, 486, 660, 16
MM, 485, 659, 8
MM, 32, 23, 7
MM, 30, 19, 7
MM, 27, 17, 9
MM, 26, 16, 7
MM, 25, 14, 8
MM, 24, 14, 8
MM, 21, 13, 16
MM, 20, 13, 7
MM, 19, 12, 6
MM, 17, 11, 8
MM, 13, 11, 16
MM, 11, 11, 8
MM, 7, 11, 8
MM, 4, 11, 9
MM, 1, 12, 8
MM, 448, 646, 6
MM, 447, 646, 16
MM, 446, 646, 86
MM, 444, 648, 13
MM, 31, 15, 8
MM, 29, 17, 8
MM, 26, 18, 8
MM, 23, 20, 16
MM, 22, 20, 9
MM, 20, 21, 5
MM, 19, 21, 8
MM, 17, 22, 8
MM, 16, 22, 8
MC, 1, 323
MM, 15, 22, 22
MM, 13, 21, 8
MM, 10, 19, 7
MM, 7, 18, 8
MM, 408, 648, 14
MM, 32, 12, 8
MM, 28, 11, 8
MM, 23, 8, 16
MM, 22, 7, 8
MM, 20, 5, 8
MM, 19, 4, 8
MM, 14, 2, 14
MM, 11, 0, 8
MM, 10, 0, 8
MM, 379, 632, 8
MM, 377, 631, 8
MM, 376, 629, 8
MM, 375, 629, 9
MM, 374, 627, 14
MM, 34, 30, 7
MM, 32, 29, 9
MM, 31, 28, 7
MM, 30, 27, 8
MM, 29, 26, 14
MM, 28, 25, 9
MM, 27, 23, 8
MM, 26, 23, 7
MM, 25, 22, 9
MM, 25, 21, 8
MM, 23, 19, 15
MM, 21, 18, 6
MM, 21, 16, 9
MM, 20, 16, 8
MM, 20, 15, 7
MM, 20, 14, 13
MM, 19, 14, 8
MM, 19, 13, 6
MM, 18, 12, 16
MM, 17, 12, 7
MM, 16, 10, 9
MM, 15, 10, 8
MM, 13, 8, 8
MM, 10, 6, 13
MM, 9, 6, 8
MM, 8, 6, 17
MC, 1, 217
MM, 9, 7, 7
MM, 14, 10, 16
MM, 19, 13, 8
MM, 0, 16, 13
MM, 19, 16, 8
MM, 13, 18, 12
MM, 26, 20, 8
MM, 0, 27, 16
MM, 469, 628, 8
MM, 485, 633, 14
MM, 4, 2, 8
MM, 11, 4, 8
MM, 16, 6, 8
MM, 21, 8, 8
MM, 27, 9, 8
MM, 0, 10, 14
MM, 9, 10, 8
MM, 17, 10, 8
MM, 21, 10, 8
MM, 23, 10, 8
MM, 26, 11, 16
MM, 27, 11, 15
MM, 28, 12, 7
MM, 29, 13, 16
MM, 30, 14, 24
MM, 34, 15, 18
MM, 565, 649, 16
MM, 565, 648, 44
MM, 564, 647, 31
MM, 34, 13, 26
MM, 34, 12, 7
MM, 32, 11, 8
MM, 31, 10, 8
MM, 30, 9, 8
MM, 29, 8, 14
MM, 28, 7, 17
MM, 28, 6, 50
MM, 28, 5, 24
MC, 1, 270
MC, 2, 290
MM, 29, 5, 40
MM, 30, 6, 29
MM, 30, 7, 34
MM, 31, 7, 17
MM, 32, 7, 16
MM, 32, 8, 7
MM, 33, 8, 13
MM, 564, 641, 5
MM, 568, 638, 17
MM, 0, 2, 7
MM, 5, 1, 9
MM, 581, 633, 7
MM, 590, 628, 15
MM, 10, 30, 10
MM, 12, 28, 7
MM, 16, 25, 15
MM, 17, 24, 8
MM, 19, 22, 8
MM, 24, 21, 8
MM, 29, 18, 6
MM, 2, 7, 56
MM, 3, 5, 13
MM, 3, 4, 17
MM, 3, 3, 16
MM, 3, 2, 12
MM, 4, 2, 78
MM, 5, 1, 5
MM, 7, 0, 8
MM, 627, 595, 8
MM, 628, 594, 8
MM, 631, 593, 14
MM, 632, 592, 10
MM, 23, 30, 7
MM, 26, 28, 16
MM, 27, 28, 8
MM, 28, 28, 8
MM, 30, 27, 7
MM, 642, 587, 7
MM, 644, 587, 15
MM, 645, 586, 8
MM, 646, 586, 8
MM, 647, 586, 8
MM, 0, 26, 8
MM, 3, 25, 14
MM, 4, 25, 17
MM, 5, 25, 7
MM, 5, 24, 64
MM, 5, 23, 21
MM, 6, 23, 28
MM, 6, 22, 8
MM, 6, 21, 7
MM, 7, 20, 9
MM, 8, 20, 14
MM, 8, 19, 8
MM, 9, 19, 50
MC, 1, 198
MM, 7, 18, 15
MM, 6, 18, 6
MM, 5, 17, 8
MM, 2, 17, 16
MM, 1, 17, 9
MM, 0, 17, 8
MM, 646, 577, 8
MM, 30, 17, 13
MM, 28, 17, 8
MM, 26, 17, 9
MM, 22, 17, 8
MM, 15, 17, 15
MM, 12, 17, 8
MM, 9, 17, 6
MM, 3, 16, 17
MM, 1, 16, 7
MM, 610, 576, 8
MM, 608, 576, 8
MM, 34, 15, 14
MM, 30, 15, 9
MM, 24, 14, 8
MM, 6, 15, 11
MM, 31, 17, 9
MM, 12, 19, 15
MM, 530, 580, 14
MM, 30, 20, 10
MM, 24, 20, 10
MM, 22, 20, 8
MM, 21, 20, 210
MM, 20, 20, 18
MM, 19, 19, 8
MM, 18, 19, 8
MM, 18, 18, 8
MM, 18, 17, 14
MM, 17, 17, 8
MM, 16, 17, 33
MC, 1, 220
MM, 17, 17, 58
MM, 18, 18, 7
MM, 18, 19, 9
MM, 20, 19, 5
MM, 21, 20, 17
MM, 21, 21, 8
MM, 22, 21, 20
MM, 23, 22, 8
MM, 23, 23, 6
MM, 24, 24, 7
MM, 26, 27, 16
MM, 27, 28, 8
MM, 524, 596, 30
MM, 27, 1, 8
MM, 30, 4, 16
MM, 30, 7, 8
MM, 31, 9, 8
MM, 33, 14, 8
MM, 534, 617, 6
MM, 537, 627, 16
MM, 537, 633, 8
MM, 9, 6, 8
MM, 9, 11, 8
MM, 10, 17, 8
MM, 10, 22, 9
MM, 538, 669, 14
MM, 138, 2, 8
MM, 137, 5, 7
MM, 136, 6, 8
MM, 136, 8, 8
MM, 135, 9, 8
MM, 133, 12, 14
MM, 132, 13, 8
MM, 131, 14, 9
MM, 130, 15, 7
MM, 129, 16, 9
MM, 128, 16, 8
MM, 127, 16, 5
MM, 126, 17, 17
MM, 125, 18, 8
MM, 124, 18, 7
MM, 123, 19, 25
MM, 122, 19, 14
MM, 121, 19, 28
MM, 120, 19, 22
MC, 1, 244
MM, 119, 16, 28
MM, 116, 12, 7
MM, 114, 10, 6
MM, 108, 1, 16
MM, 501, 667, 8
MM, 6, 28, 8
MM, 487, 658, 8
MM, 27, 16, 17
MM, 24, 14, 6
MM, 22, 13, 8
MM, 22, 12, 7
MM, 20, 12, 8
MM, 19, 11, 8
MM, 18, 11, 16
MM, 16, 9, 15
MM, 15, 8, 7
MM, 14, 8, 17
MM, 13, 7, 8
MM, 13, 6, 8
MM, 11, 6, 8
MM, 9, 6, 13
MM, 8, 5, 16
MM, 6, 5, 8
MM, 4, 5, 8
MM, 1, 5, 8
MM, 443, 639, 14
MM, 31, 5, 9
MM, 30, 6, 8
MM, 29, 6, 8
MM, 27, 6, 7
MM, 26, 6, 17
MM, 25, 6, 14
MM, 24, 7, 97
MM, 23, 8, 18
MM, 22, 9, 8
MM, 21, 10, 8
MM, 27, 4, 336
MM, 29, 0, 9
MM, 439, 631, 7
MM, 22, 25, 17
MM, 24, 20, 6
MM, 25, 16, 7
MM, 29, 10, 16
MM, 30, 9, 8
MM, 31, 6, 17
MM, 456, 599, 7
MM, 457, 597, 6
MM, 459, 595, 11
MM, 462, 592, 13
MM, 6, 30, 8
MM, 7, 30, 8
MM, 8, 28, 8
MM, 9, 27, 14
MM, 10, 25, 8
MM, 10, 24, 21
MM, 11, 24, 26
MM, 11, 23, 66
MM, 11, 22, 12
MM, 13, 21, 8
MM, 14, 19, 15
MM, 15, 18, 8
MM, 16, 17, 6
MM, 16, 16, 16
MM, 16, 15, 32
MM, 491, 582, 208
MM, 3, 22, 8
MM, 8, 23, 8
MM, 14, 23, 8
MM, 20, 23, 6
MM, 0, 22, 17
MM, 4, 22, 7
MM, 5, 22, 9
MM, 6, 22, 12
MM, 7, 22, 42
MM, 8, 22, 54
MM, 9, 22, 128
MM, 10, 22, 50
MM, 10, 24, 139
MM, 10, 25, 6
MM, 9, 26, 8
MM, 8, 30, 9
MM, 537, 593, 8
MM, 534, 599, 16
MM, 33, 8, 7
MM, 29, 18, 15
MM, 27, 24, 7
MM, 26, 28, 8
MM, 523, 631, 9
MM, 31, 6, 16
MM, 29, 11, 8
MM, 27, 15, 7
MM, 25, 22, 14
MM, 24, 23, 8
MM, 23, 24, 8
MM, 22, 26, 9
MM, 21, 28, 14
MM, 19, 30, 8
MM, 506, 665, 8
MM, 505, 666, 8
MM, 505, 667, 8
MM, 504, 668, 8
MM, 503, 669, 58
MM, 502, 670, 15
MM, 101, 0, 6
MM, 101, 1, 8
MM, 100, 2, 8
MM, 99, 3, 8
MM, 99, 4, 8
MM, 99, 5, 8
MM, 97, 5, 8
MM, 97, 7, 6
MM, 96, 8, 8
MM, 95, 10, 8
MM, 93, 11, 8
MM, 93, 12, 8
MM, 92, 12, 9
MC, 1, 308
MM, 91, 12, 15
MM, 91, 11, 17
MM, 91, 10, 9
MM, 91, 9, 6
MM, 91, 7, 8
MM, 92, 5, 7
MM, 93, 3, 8
MM, 93, 2, 7
MM, 93, 1, 8
MM, 493, 670, 9
MM, 493, 669, 7
MM, 493, 668, 8
MM, 493, 666, 8
MM, 493, 665, 7
MM, 5, 30, 7
MM, 4, 28, 9
MM, 4, 27, 16
MM, 3, 25, 7
MM, 3, 24, 8
MM, 3, 23, 6
MM, 3, 21, 8
MM, 3, 20, 8
MM, 3, 19, 17
MM, 3, 18, 8
MM, 3, 17, 15
MM, 3, 16, 19
MM, 3, 15, 20
MM, 4, 15, 8
MM, 4, 14, 7
MM, 5, 14, 51
MM, 6, 14, 37
MM, 7, 14, 16
MM, 8, 14, 16
MM, 8, 15, 10
MM, 9, 15, 13
MM, 10, 16, 8
MM, 11, 17, 7
MM, 12, 17, 8
MM, 13, 18, 10
MM, 14, 18, 5
MM, 15, 19, 20
MM, 16, 19, 7
MM, 17, 19, 79
MM, 14, 18, 179
MM, 13, 16, 8
MM, 12, 15, 9
MM, 11, 14, 10
MM, 10, 12, 5
MM, 9, 11, 9
MM, 7, 9, 8
MM, 6, 8, 8
MM, 4, 6, 5
MM, 3, 4, 8
MM, 1, 2, 8
MM, 0, 0, 9
MM, 487, 632, 8
MM, 485, 630, 8
MM, 484, 628, 8
MM, 20, 29, 8
MM, 18, 25, 5
MM, 15, 19, 8
MM, 11, 14, 8
MM, 7, 8, 8
MM, 2, 2, 9
MM, 459, 594, 7
MM, 457, 591, 8
MM, 0, 30, 8
MM, 454, 589, 6
MM, 454, 588, 9
MM, 453, 587, 8
MM, 453, 586, 50
MM, 452, 585, 16
MM, 451, 584, 46
MM, 450, 583, 19
MM, 34, 22, 14
MM, 33, 21, 17
MM, 32, 21, 27
MM, 32, 20, 8
MM, 31, 20, 8
MM, 30, 19, 6
MM, 29, 18, 8
MM, 28, 18, 10
MM, 28, 17, 6
MM, 27, 17, 12
MM, 26, 17, 8
MM, 25, 16, 84
MM, 24, 16, 33
MM, 24, 15, 14
MC, 1, 193
MM, 23, 16, 141
MM, 22, 18, 7
MM, 21, 20, 6
MM, 20, 22, 9
MM, 20, 26, 8
MM, 19, 30, 7
MM, 434, 593, 9
MM, 434, 596, 7
MM, 13, 3, 9
MM, 13, 8, 5
MM, 13, 12, 8
MM, 13, 16, 9
MM, 13, 21, 7
MM, 12, 24, 8
MM, 12, 27, 9
MM, 12, 30, 8
MM, 434, 630, 7
MM, 434, 631, 6
MM, 435, 632, 10
MM, 435, 633, 6
MM, 26, 0, 9
MM, 26, 1, 8
MM, 26, 2, 8
MM, 26, 3, 13
MM, 26, 4, 8
MM, 26, 5, 9
MM, 26, 7, 7
MM, 26, 8, 8
MM, 25, 9, 8
MM, 25, 10, 8
MM, 25, 11, 8
MM, 24, 11, 6
MM, 24, 12, 9
MM, 24, 13, 16
MM, 23, 14, 7
MM, 22, 15, 8
MM, 22, 17, 19
MM, 19, 16, 293
MM, 17, 14, 8
MM, 12, 9, 8
MM, 0, 1, 16
MM, 402, 633, 8
MM, 387, 629, 14
MM, 380, 628, 8
MM, 374, 627, 8
MM, 32, 29, 9
MM, 29, 28, 16
MM, 28, 27, 14
MM, 27, 27, 13
MM, 26, 27, 116
MM, 26, 26, 15
MM, 25, 26, 19
MM, 24, 26, 22
MM, 24, 25, 8
MM, 23, 25, 8
MM, 22, 24, 8
MM, 22, 23, 9
MM, 21, 23, 8
MM, 21, 22, 6
MM, 20, 21, 15
MM, 20, 20, 21
MM, 20, 19, 7
MM, 19, 18, 14
MM, 18, 18, 8
MM, 18, 17, 8
MM, 18, 16, 17
MM, 17, 16, 7
MM, 17, 15, 9
MM, 21, 19, 207
MM, 27, 19, 8
MM, 12, 16, 16
MM, 25, 13, 8
MM, 20, 11, 14
MM, 30, 11, 8
MM, 461, 608, 9
MM, 10, 10, 15
MM, 14, 10, 15
MM, 15, 9, 8
MM, 18, 8, 15
MM, 20, 6, 9
MM, 26, 5, 7
MM, 4, 1, 16
MM, 511, 595, 6
MM, 524, 593, 16
MM, 526, 592, 8
MM, 527, 591, 8
MM, 528, 591, 24
MM, 529, 591, 10
MM, 530, 591, 8
MM, 534, 591, 18
MM, 536, 591, 6
MM, 539, 592, 8
MM, 540, 592, 6
MM, 541, 593, 10
MM, 542, 593, 6
MM, 543, 593, 20
MM, 545, 593, 27
MM, 546, 593, 7
MM, 548, 592, 10
MM, 550, 591, 6
MM, 22, 30, 8
MM, 24, 29, 8
MM, 26, 27, 8
MM, 28, 27, 6
MM, 30, 25, 8
MM, 31, 25, 8
MM, 564, 584, 8
MM, 565, 583, 8
MM, 566, 583, 8
MM, 568, 582, 8
MM, 569, 580, 6
MM, 0, 20, 8
MM, 2, 18, 8
MM, 3, 18, 8
MM, 5, 16, 8
MM, 5, 15, 36
MM, 6, 15, 62
MM, 7, 15, 111
MM, 5, 15, 173
MM, 2, 16, 8
MM, 1, 17, 8
MM, 0, 19, 9
MM, 567, 580, 7
MM, 565, 582, 9
MM, 31, 23, 7
MM, 28, 25, 7
MM, 23, 27, 8
MM, 20, 28, 9
MM, 15, 30, 8
MM, 543, 592, 9
MM, 540, 593, 6
MM, 534, 595, 8
MM, 528, 596, 8
MM, 25, 1, 6
MM, 19, 2, 8
MM, 14, 3, 8
MM, 8, 4, 7
MM, 2, 5, 8
MM, 497, 604, 9
MM, 27, 9, 8
MM, 16, 11, 5
MM, 4, 13, 9
MM, 456, 612, 7
MM, 26, 17, 9
MM, 17, 19, 7
MM, 11, 21, 8
MM, 6, 23, 8
MM, 3, 24, 9
MM, 2, 24, 5
MM, 1, 24, 20
MM, 0, 24, 12
MM, 420, 621, 8
MM, 418, 621, 8
MM, 417, 621, 7
MM, 416, 620, 8
MM, 415, 619, 8
MM, 34, 22, 8
MM, 32, 21, 7
MM, 31, 20, 8
MM, 30, 19, 47
MM, 29, 19, 8
MM, 27, 18, 8
MM, 25, 17, 13
MM, 24, 17, 8
MM, 22, 17, 8
MM, 21, 16, 9
MM, 20, 16, 7
MM, 20, 15, 28
MC, 1, 259
MM, 21, 14, 7
MM, 26, 12, 9
MM, 31, 11, 7
MM, 32, 10, 6
MM, 34, 9, 8
MM, 415, 605, 8
MM, 416, 603, 9
MM, 418, 602, 7
MM, 419, 601, 9
MM, 420, 599, 7
MM, 0, 0, 8
MM, 423, 596, 6
MM, 424, 594, 8
MM, 426, 593, 9
MM, 427, 591, 7
MM, 14, 30, 9
MM, 15, 28, 9
MM, 16, 27, 6
MM, 17, 26, 6
MM, 18, 25, 9
MM, 19, 24, 7
MM, 20, 24, 9
MM, 21, 23, 7
MM, 22, 22, 8
MM, 24, 20, 9
MM, 25, 19, 13
MM, 26, 18, 8
MM, 26, 17, 8
MM, 27, 17, 9
MM, 26, 17, 243
MM, 25, 17, 15
MM, 24, 17, 12
MM, 23, 17, 32
MC, 1, 262
MM, 23, 18, 58
MM, 23, 20, 7
MM, 23, 22, 9
MM, 24, 24, 9
MM, 26, 26, 7
MM, 27, 28, 7
MM, 444, 591, 6
MM, 446, 595, 8
MM, 28, 3, 8
MM, 30, 8, 8
MM, 34, 10, 8
MM, 461, 610, 10
MM, 6, 17, 6
MM, 15, 23, 8
MM, 21, 28, 6
MM, 489, 628, 9
MM, 493, 632, 7
MM, 12, 3, 8
MM, 16, 9, 8
MM, 18, 12, 9
MM, 22, 17, 9
MM, 23, 19, 5
MM, 25, 22, 7
MM, 26, 23, 8
MM, 26, 24, 17
MM, 26, 25, 7
MM, 26, 26, 9
MM, 26, 27, 14
MM, 27, 28, 7
MM, 27, 29, 9
MM, 27, 30, 7
MM, 515, 665, 8
MM, 515, 667, 8
MM, 515, 668, 15
MM, 514, 668, 69
MM, 513, 668, 25
MM, 512, 670, 22
MM, 511, 670, 9
MM, 510, 670, 85
MM, 509, 670, 8
MM, 508, 670, 22
MM, 108, 0, 8
MM, 107, 2, 8
MM, 105, 5, 15
MM, 104, 6, 8
MM, 102, 9, 14
MM, 101, 10, 9
MM, 100, 11, 7
MM, 99, 13, 9
MM, 98, 13, 16
MM, 97, 13, 58
MM, 96, 13, 20
MM, 96, 15, 246
MM, 96, 16, 8
MM, 97, 16, 30
MM, 97, 15, 8
MM, 97, 12, 7
MM, 98, 9, 10
MM, 98, 7, 6
MM, 98, 3, 8
MM, 498, 670, 8
MM, 8, 30, 8
MM, 7, 25, 6
MM, 5, 19, 9
MM, 4, 13, 8
MM, 3, 9, 8
MM, 2, 4, 8
MM, 488, 633, 8
MM, 24, 23, 14
MM, 23, 17, 8
MM, 23, 12, 7
MM, 23, 10, 8
MM, 23, 8, 9
MM, 24, 6, 8
MM, 24, 5, 8
MM, 26, 2, 13
MM, 27, 1, 8
MM, 27, 0, 8
MM, 491, 596, 10
MM, 491, 595, 6
MM, 494, 593, 16
MM, 2, 30, 14
MM, 3, 30, 8
MM, 3, 29, 8
MM, 4, 27, 16
MM, 4, 26, 8
MM, 5, 24, 14
MM, 5, 23, 21
MM, 10, 19, 37
MM, 12, 17, 25
MM, 12, 16, 33
MM, 530, 593, 264
MM, 33, 0, 8
MM, 536, 602, 16
MM, 539, 605, 14
MM, 1, 10, 8
MM, 3, 12, 16
MM, 5, 13, 8
MM, 5, 14, 8
MM, 7, 16, 14
MM, 8, 17, 33
MM, 9, 17, 16
MM, 9, 18, 30
MM, 10, 19, 7
MM, 11, 20, 17
MM, 12, 21, 21
MM, 8, 18, 277
MM, 7, 17, 5
MM, 5, 16, 8
MM, 4, 14, 8
MM, 2, 13, 8
MM, 539, 607, 16
MM, 537, 605, 8
MM, 536, 604, 8
MM, 34, 4, 14
MM, 31, 3, 8
MM, 26, 1, 8
MM, 517, 592, 16
MM, 20, 30, 8
MM, 15, 28, 6
MM, 11, 25, 16
MM, 10, 24, 8
MM, 8, 22, 9
MM, 6, 21, 8
MM, 3, 19, 8
MM, 0, 17, 14
MM, 492, 575, 9
MM, 490, 574, 6
MM, 23, 12, 16
MM, 15, 10, 8
MM, 9, 9, 8
MM, 3, 6, 14
MM, 2, 6, 8
MM, 1, 5, 10
MM, 0, 4, 46
MM, 454, 564, 22
MM, 453, 564, 8
MM, 452, 564, 18
MM, 451, 564, 9
MM, 450, 564, 5
MM, 34, 4, 8
MM, 32, 5, 10
MM, 30, 7, 8
MM, 28, 8, 9
MM, 27, 8, 5
MM, 25, 9, 8
MM, 24, 11, 8
MM, 22, 11, 8
MM, 20, 12, 8
MM, 18, 13, 8
MM, 17, 14, 8
MM, 15, 15, 8
MM, 14, 16, 6
MM, 12, 16, 8
MM, 12, 17, 9
MM, 14, 21, 318
MM, 16, 21, 7
MM, 18, 20, 6
MM, 21, 19, 8
MM, 23, 18, 8
MM, 24, 17, 8
MM, 27, 17, 9
MM, 29, 16, 7
MM, 31, 16, 9
MM, 32, 15, 5
MM, 33, 15, 13
MM, 34, 15, 50
MM, 450, 575, 12
MM, 451, 575, 8
MM, 453, 574, 8
MM, 454, 573, 8
MM, 455, 572, 7
MM, 2, 11, 14
MM, 3, 11, 8
MM, 5, 10, 16
MM, 5, 9, 8
MM, 6, 9, 8
MM, 8, 9, 8
MM, 9, 8, 6
MM, 10, 8, 13
MM, 10, 7, 16
MM, 11, 7, 33
MM, 13, 7, 17
MC, 1, 186
MM, 12, 7, 32
MM, 11, 7, 5
MM, 10, 7, 8
MM, 8, 7, 8
MM, 7, 7, 8
MM, 6, 8, 8
MM, 4, 8, 6
MM, 2, 10, 8
MM, 1, 11, 8
MM, 455, 573, 8
MM, 454, 573, 8
MM, 453, 574, 9
MM, 451, 574, 7
MM, 34, 15, 15
MM, 33, 15, 16
MM, 32, 15, 16
MM, 31, 15, 20
MM, 30, 15, 10
MM, 29, 15, 16
MM, 28, 15, 16
MM, 27, 15, 66
MM, 26, 15, 9
MM, 25, 15, 75
MM, 24, 15, 24
MM, 24, 14, 19
MC, 1, 167
MM, 25, 16, 18
MM, 26, 16, 8
MM, 28, 21, 15
MM, 31, 28, 17
MM, 448, 591, 6
MM, 30, 1, 15
MM, 32, 6, 9
MM, 457, 613, 15
MM, 459, 619, 8
MM, 463, 632, 14
MM, 23, 14, 16
MM, 27, 22, 8
MM, 31, 30, 9
MM, 84, 6, 15
MM, 85, 11, 9
MM, 87, 13, 5
MM, 88, 17, 16
MM, 88, 18, 9
MM, 87, 18, 29
MM, 88, 18, 94
MM, 88, 19, 16
MM, 88, 18, 60
MM, 87, 18, 8
MM, 87, 17, 8
MM, 87, 16, 10
MM, 86, 16, 14
MM, 86, 15, 66
MC, 1, 174
MM, 87, 15, 8
MM, 90, 13, 14
MM, 94, 11, 8
MM, 96, 9, 8
MM, 97, 8, 8
MM, 99, 7, 8
MM, 100, 6, 16
MM, 101, 5, 6
MM, 102, 3, 8
MM, 104, 2, 8
MM, 105, 1, 9
MM, 508, 670, 8
MM, 33, 30, 15
MM, 3, 27, 7
MM, 12, 24, 8
MM, 18, 22, 10
MM, 21, 20, 6
MM, 24, 17, 15
MM, 24, 16, 9
MM, 25, 15, 5
MM, 26, 13, 8
MM, 26, 12, 8
MM, 26, 10, 8
MM, 26, 9, 8
MM, 27, 7, 8
MM, 28, 6, 8
MM, 28, 1, 14
MM, 28, 0, 8
MM, 557, 632, 8
MM, 557, 630, 8
MM, 556, 628, 8
MM, 16, 28, 8
MM, 16, 25, 14
MM, 16, 24, 8
MM, 17, 23, 8
MM, 18, 22, 9
MM, 23, 19, 15
MM, 26, 17, 8
MM, 32, 14, 7
MM, 578, 607, 7
MM, 10, 2, 16
MM, 16, 0, 8
MM, 599, 595, 8
MM, 600, 595, 8
MM, 603, 594, 14
MM, 604, 594, 8
MM, 606, 594, 9
MM, 607, 594, 7
MM, 610, 594, 16
MM, 611, 593, 8
MM, 612, 592, 9
MM, 614, 591, 6
MM, 4, 29, 8
MM, 6, 28, 8
MM, 8, 27, 16
MM, 9, 26, 8
MM, 10, 26, 8
MM, 12, 24, 6
MM, 13, 23, 8
MM, 14, 22, 7
MM, 16, 20, 10
MM, 19, 18, 14
MM, 20, 16, 8
MM, 20, 15, 90
MM, 18, 15, 15
MM, 17, 15, 25
MM, 17, 14, 8
MM, 13, 14, 216
MM, 12, 14, 8
MM, 11, 14, 8
MM, 9, 15, 8
MM, 8, 16, 8
MM, 7, 17, 8
MM, 4, 19, 8
MM, 610, 582, 14
MM, 607, 583, 9
MM, 31, 25, 8
MM, 25, 28, 7
MM, 587, 592, 8
MM, 577, 597, 8
MM, 28, 4, 9
MM, 20, 8, 5
MM, 11, 10, 8
MM, 2, 12, 8
MM, 28, 12, 9
MM, 22, 15, 16
MM, 4, 18, 8
MM, 27, 20, 7
MM, 11, 24, 6
MM, 31, 28, 16
MM, 24, 29, 9
MM, 21, 30, 16
MM, 20, 30, 85
MM, 19, 30, 15
MM, 19, 29, 57
MM, 18, 28, 25
MM, 18, 27, 13
MM, 18, 26, 42
MM, 18, 25, 7
MM, 19, 24, 17
MM, 19, 23, 25
MM, 20, 23, 7
MM, 21, 21, 14
MM, 21, 19, 8
MM, 22, 19, 9
MM, 22, 18, 8
MM, 22, 17, 62
MC, 1, 174
MM, 23, 17, 30
MM, 25, 21, 7
MM, 30, 24, 8
MM, 421, 630, 17
MM, 427, 633, 8
MM, 30, 6, 13
MM, 444, 644, 9
MM, 447, 648, 7
MM, 3, 20, 16
MM, 6, 22, 8
MM, 8, 23, 8
MM, 15, 28, 15
MM, 17, 29, 7
MM, 18, 30, 9
MM, 469, 667, 15
MM, 470, 667, 8
MM, 470, 668, 8
MM, 471, 668, 12
MM, 472, 669, 14
MM, 471, 669, 59
MM, 470, 668, 16
MM, 469, 667, 22
MM, 469, 666, 16
MM, 469, 665, 16
MM, 469, 668, 154
MM, 70, 2, 7
MM, 72, 9, 16
MM, 72, 11, 8
MM, 72, 14, 14
MM, 72, 15, 17
MM, 77, 17, 348
MM, 85, 15, 8
MM, 94, 13, 7
MM, 110, 7, 9
MM, 123, 5, 7
MM, 136, 4, 10
MM, 150, 0, 4
MM, 559, 669, 8
MM, 565, 667, 8
MM, 571, 665, 9
MM, 4, 30, 8
MM, 6, 28, 8
MM, 7, 27, 8
MM, 7, 26, 6
MM, 7, 25, 8
MM, 7, 24, 8
MM, 7, 22, 8
MM, 7, 21, 8
MM, 7, 20, 8
MM, 7, 19, 7
MM, 6, 17, 8
MM, 5, 16, 22
MM, 5, 15, 8
MM, 4, 15, 8
MM, 4, 14, 8
MM, 2, 13, 14
MM, 1, 12, 8
MM, 0, 11, 17
MM, 569, 644, 51
MM, 568, 643, 15
MM, 566, 642, 16
MM, 565, 642, 14
MM, 564, 642, 11
MM, 34, 8, 8
MM, 33, 9, 8
MM, 28, 10, 16
MM, 26, 11, 6
MM, 22, 13, 16
MM, 21, 13, 16
MM, 20, 13, 64
MM, 19, 13, 19
MM, 18, 13, 22
MM, 17, 13, 35
MM, 16, 13, 15
MM, 15, 13, 7
MM, 14, 13, 8
MM, 12, 14, 16
MM, 11, 14, 21
MM, 20, 16, 196
MM, 27, 14, 7
MM, 565, 645, 8
MM, 16, 0, 14
MM, 23, 30, 16
MM, 612, 624, 9
MM, 12, 18, 15
MM, 17, 15, 16
MM, 19, 14, 6
MM, 22, 11, 16
MM, 23, 9, 9
MM, 24, 8, 8
MM, 25, 7, 8
MM, 26, 6, 7
MM, 27, 4, 15
MM, 29, 2, 15
MM, 30, 1, 17
MM, 30, 0, 12
MM, 648, 596, 5
MM, 648, 595, 98
MM, 647, 594, 14
MM, 647, 593, 9
MM, 647, 592, 8
MM, 646, 590, 9
MM, 645, 589, 6
MM, 645, 588, 8
MM, 646, 586, 9
MM, 646, 585, 7
MM, 647, 584, 6
MM, 0, 23, 25
MM, 1, 23, 11
MM, 2, 22, 17
MM, 4, 21, 6
MM, 5, 21, 16
MM, 6, 20, 7
MM, 7, 20, 17
MM, 8, 21, 278
MM, 7, 22, 7
MM, 6, 23, 8
MM, 4, 25, 15
MM, 3, 25, 7
MM, 2, 27, 8
MM, 1, 28, 8
MM, 0, 29, 8
MM, 645, 592, 16
MM, 643, 593, 6
MM, 641, 595, 8
MM, 16, 3, 16
MM, 14, 5, 9
MM, 11, 7, 8
MM, 8, 9, 8
MM, 0, 13, 14
MM, 613, 615, 8
MM, 27, 21, 8
MM, 25, 23, 8
MM, 21, 26, 8
MM, 17, 28, 8
MM, 12, 30, 8
MM, 582, 631, 13
MM, 578, 632, 8
MM, 5, 0, 8
MM, 3, 1, 8
MM, 0, 2, 8
MM, 565, 638, 16
MM, 33, 6, 6
MM, 27, 8, 8
MM, 21, 11, 8
MM, 16, 13, 8
MM, 11, 16, 16
MM, 8, 17, 8
MM, 7, 19, 6
MM, 3, 20, 8
MM, 2, 22, 8
MM, 528, 659, 16
MM, 527, 660, 16
MM, 527, 661, 8
MM, 526, 662, 6
MM, 526, 663, 8
MM, 524, 665, 16
MM, 524, 666, 8
MM, 523, 667, 8
MM, 522, 670, 8
MM, 120, 1, 6
MM, 115, 6, 16
MM, 114, 10, 9
MM, 110, 16, 56
MM, 494, 706, 0
MM, 494, 707, 126
MM, 494, 706, 62
MM, 494, 705, 7
MM, 494, 703, 8
MM, 494, 702, 14
MM, 94, 30, 16
MM, 94, 29, 29
MM, 94, 28, 5
MM, 94, 26, 8
MM, 96, 25, 9
MM, 96, 24, 7
MM, 97, 22, 8
MM, 97, 21, 8
MM, 97, 19, 16
MM, 97, 18, 15
MM, 97, 17, 7
MM, 97, 16, 213
MM, 99, 11, 210
MM, 100, 9, 7
MM, 102, 7, 8
MM, 15, 30, 22
MM, 15, 23, 17
MM, 15, 19, 7
MM, 15, 15, 9
MM, 15, 14, 7
MM, 17, 9, 14
MM, 17, 8, 10
MM, 18, 7, 7
MM, 19, 6, 8
MM, 19, 5, 7
MM, 19, 4, 8
MM, 19, 3, 14
MM, 19, 2, 12
MM, 19, 1, 17
MM, 20, 0, 15
MM, 508, 633, 19
MM, 508, 632, 8
MM, 508, 631, 20
MM, 508, 630, 15
MM, 508, 629, 6
MM, 507, 628, 8
MM, 8, 29, 9
MM, 8, 28, 8
MM, 8, 27, 8
MM, 8, 25, 7
MM, 7, 24, 9
MM, 7, 23, 5
MM, 7, 21, 9
MM, 7, 20, 8
MM, 7, 18, 15
MM, 7, 17, 30
MM, 7, 16, 29
MM, 7, 15, 17
MM, 8, 14, 12
MM, 8, 13, 16
MC, 1, 213
MM, 8, 12, 29
MM, 8, 10, 14
MM, 7, 9, 8
MM, 5, 7, 7
MM, 4, 6, 8
MM, 3, 5, 8
MM, 0, 1, 8
MM, 497, 597, 7
MM, 492, 593, 8
MM, 24, 22, 15
MM, 22, 20, 7
MM, 20, 18, 8
MM, 18, 17, 10
MM, 17, 15, 7
MM, 15, 15, 8
MM, 15, 14, 8
MM, 14, 13, 46
MM, 14, 12, 7
MM, 13, 12, 8
MM, 12, 11, 15
MC, 1, 251
MM, 11, 11, 28
MM, 9, 12, 6
MM, 6, 13, 8
MM, 0, 16, 8
MM, 30, 19, 8
MM, 18, 25, 8
MM, 421, 591, 8
MM, 10, 6, 15
MM, 374, 611, 8
MM, 20, 21, 8
MM, 8, 25, 7
MM, 337, 624, 8
MM, 54, 29, 16
MM, 54, 30, 198
MM, 55, 30, 7
MM, 56, 30, 16
MM, 57, 30, 7
MM, 333, 627, 9
MM, 0, 27, 13
MM, 1, 26, 8
MM, 3, 25, 8
MM, 3, 24, 17
MM, 4, 23, 73
MM, 5, 23, 19
MM, 5, 22, 7
MM, 6, 22, 9
MM, 7, 22, 103
MM, 8, 22, 176
MM, 12, 22, 15
MM, 17, 22, 7
MM, 23, 22, 8
MM, 26, 22, 6
MM, 31, 22, 8
MM, 377, 619, 8
MM, 6, 22, 8
MM, 15, 22, 8
MM, 418, 617, 17
MM, 10, 20, 8
MM, 20, 21, 6
MM, 28, 23, 7
MM, 34, 26, 9
MM, 458, 625, 8
MM, 461, 629, 16
MM, 463, 631, 8
MM, 464, 632, 8
MM, 17, 0, 5
MM, 18, 1, 8
MM, 20, 3, 8
MM, 21, 4, 8
MM, 22, 5, 9
MM, 25, 8, 16
MM, 26, 8, 6
MM, 27, 8, 15
MM, 28, 8, 12
MM, 27, 9, 62
MM, 27, 11, 16
MM, 27, 12, 6
MM, 27, 13, 8
MM, 27, 14, 8
MM, 26, 16, 8
MM, 25, 17, 8
MM, 25, 18, 8
MM, 25, 19, 8
MM, 25, 20, 6
MM, 24, 20, 37
MM, 23, 20, 15
MM, 22, 20, 6
MM, 21, 20, 20
MM, 20, 20, 25
MM, 18, 20, 8
MM, 18, 19, 5
MM, 17, 19, 8
MM, 16, 19, 9
MM, 22, 24, 281
MM, 29, 22, 8
MM, 2, 19, 8
MM, 26, 10, 8
MM, 12, 2, 8
MM, 18, 17, 16
MM, 7, 6, 6
MM, 636, 595, 8
MM, 645, 590, 8
MM, 4, 27, 19
MM, 5, 26, 5
MM, 5, 25, 12
MM, 5, 24, 27
MM, 5, 22, 7
MM, 7, 21, 8
MM, 8, 20, 8
MM, 10, 18, 9
MM, 10, 17, 6
MM, 11, 15, 7
MM, 11, 14, 21
MM, 11, 13, 84
MM, 10, 12, 20
MM, 9, 11, 8
MM, 6, 10, 16
MM, 5, 10, 7
MM, 4, 10, 6
MM, 1, 10, 17
MM, 0, 10, 7
MM, 646, 570, 8
MM, 644, 570, 17
MM, 643, 571, 8
MM, 29, 12, 13
MM, 28, 12, 8
MM, 25, 12, 16
MM, 24, 12, 8
MM, 23, 12, 18
MM, 22, 12, 158
MM, 21, 13, 199
MM, 20, 13, 17
MM, 19, 13, 6
MM, 19, 12, 8
MM, 17, 12, 8
MM, 15, 12, 15
MM, 13, 12, 8
MM, 12, 12, 8
MM, 10, 12, 8
MM, 609, 572, 15
MM, 22, 16, 15
MM, 5, 18, 16
MM, 567, 578, 8
MM, 25, 15, 16
MM, 23, 14, 8
MM, 22, 13, 13
MM, 22, 12, 20
MM, 21, 12, 8
MM, 20, 12, 8
MM, 18, 11, 17
MM, 17, 11, 5
MM, 14, 10, 17
MM, 13, 10, 7
MM, 11, 10, 9
MM, 8, 9, 14
MM, 7, 9, 8
MM, 5, 8, 8
MM, 3, 7, 16
MM, 3, 6, 8
MM, 2, 6, 8
MM, 1, 6, 14
MM, 0, 5, 8
MM, 0, 4, 7
MM, 530, 564, 8
MM, 529, 564, 16
MM, 528, 564, 17
MM, 527, 563, 5
MM, 29, 3, 16
MM, 27, 3, 8
MM, 25, 3, 8
MM, 22, 4, 16
MM, 21, 4, 101
MM, 20, 5, 77
MM, 20, 7, 254
MM, 21, 9, 9
MM, 22, 11, 7
MM, 25, 13, 16
MM, 26, 14, 6
MM, 29, 16, 9
MM, 528, 579, 15
MM, 529, 580, 8
MM, 0, 20, 9
MM, 2, 22, 16
MM, 3, 23, 14
MM, 4, 23, 58
MM, 5, 24, 12
MM, 6, 25, 16
MM, 6, 26, 8
MM, 7, 26, 13
MM, 8, 26, 153
MM, 8, 25, 33
MM, 8, 24, 51
MM, 8, 23, 116
MC, 1, 260
MM, 9, 23, 533
MM, 10, 24, 8
MM, 13, 26, 7
MM, 17, 29, 16
MM, 554, 593, 7
MM, 20, 3, 8
MM, 578, 611, 16
MM, 9, 21, 8
MM, 654, 632, 14
MM, 693, 633, 11
MM, 724, 631, 6
MM, 13, 19, 15
MM, 31, 17, 8
MM, 50, 12, 14
MM, 55, 10, 9
MM, 57, 9, 7
MM, 57, 8, 8
MM, 58, 8, 8
MM, 57, 7, 65
MM, 56, 7, 12
MM, 56, 6, 20
MM, 55, 6, 42
MM, 54, 6, 74
MM, 53, 6, 32
MM, 51, 8, 5
MM, 48, 14, 16
MM, 47, 16, 8
MM, 44, 19, 8
MM, 41, 22, 16
MM, 40, 22, 27
MM, 39, 22, 28
MM, 38, 22, 17
MM, 37, 22, 15
MM, 36, 22, 282
MM, 37, 22, 371
MM, 38, 22, 6
