********************************************************************************
LOGGING TIME: 20180908_205930
CLIENT IP: 10.117.11.27
USERNAME: Ritesh Agrawal
OS: Windows 10
**********************************Emotional database********************************************************************************
MM, 686, 665, 1537598292097
MM, 685, 665, 519
MM, 683, 664, 12
MM, 14, 15, 8
MM, 20, 29, 12
MM, 27, 6, 3
MM, 10, 24, 8
MM, 23, 11, 6
MM, 25, 30, 9
MM, 26, 6, 8
MM, 450, 507, 8
MM, 164, 72, 8
MM, 131, 48, 8
MM, 104, 31, 8
MM, 88, 22, 8
MM, 293, 407, 22
MM, 283, 399, 8
MM, 274, 390, 8
MM, 265, 381, 8
MM, 258, 372, 8
MM, 0, 80, 6
MM, 246, 359, 8
MM, 240, 350, 8
MM, 233, 341, 7
MM, 227, 333, 8
MM, 220, 325, 9
MM, 214, 319, 8
MM, 208, 313, 11
MM, 187, 287, 27
MM, 184, 281, 8
MM, 180, 275, 8
MM, 175, 268, 9
MM, 170, 262, 7
MM, 166, 256, 6
MM, 164, 250, 9
MM, 160, 243, 8
MM, 157, 236, 7
MM, 154, 229, 8
MM, 150, 221, 8
MM, 144, 213, 8
MM, 139, 204, 6
MM, 132, 194, 8
MM, 127, 183, 8
MM, 122, 171, 9
MM, 119, 157, 7
MM, 117, 145, 8
MM, 115, 134, 8
MM, 112, 125, 8
MM, 110, 115, 6
MM, 109, 104, 8
MM, 108, 95, 8
MM, 107, 87, 9
MM, 114, 68, 29
MM, 119, 66, 8
MM, 125, 64, 8
MM, 132, 62, 9
MM, 140, 60, 7
MM, 148, 57, 8
MM, 157, 55, 8
MM, 165, 53, 8
MM, 173, 52, 6
MM, 181, 50, 8
MM, 188, 48, 9
MM, 195, 46, 8
MM, 201, 44, 7
MM, 205, 44, 8
MM, 207, 44, 8
MM, 210, 44, 6
MM, 211, 44, 8
MM, 212, 44, 7
MM, 214, 44, 10
MM, 217, 44, 7
MM, 218, 45, 8
MM, 220, 47, 8
MM, 223, 49, 9
MM, 228, 50, 5
MM, 234, 52, 8
MM, 243, 56, 16
MM, 245, 57, 7
MM, 246, 58, 9
MM, 251, 63, 54
MM, 252, 63, 52
MM, 253, 64, 1
MM, 253, 65, 9
MM, 254, 66, 7
MM, 255, 67, 6
MM, 257, 68, 9
MM, 258, 70, 8
MM, 259, 71, 7
MM, 260, 72, 8
MM, 261, 74, 9
MM, 263, 75, 8
MM, 265, 77, 7
MM, 268, 78, 6
MM, 270, 80, 8
MM, 272, 81, 8
MM, 273, 82, 8
MM, 274, 82, 9
MM, 274, 83, 7
MM, 275, 83, 47
MM, 277, 85, 8
MM, 278, 86, 8
MM, 281, 88, 8
MM, 283, 89, 6
MM, 286, 91, 8
MM, 288, 92, 8
MM, 289, 93, 8
MM, 291, 94, 7
MM, 292, 95, 8
MM, 328, 109, 86
MM, 333, 111, 7
MM, 338, 112, 8
MM, 339, 112, 8
MM, 340, 113, 9
MM, 341, 114, 7
MM, 336, 114, 92
MM, 330, 114, 9
MM, 270, 101, 145
MM, 269, 101, 8
MM, 268, 101, 9
MM, 267, 101, 19
MM, 266, 101, 33
MM, 267, 101, 118
MM, 268, 101, 7
MM, 268, 102, 7
MM, 269, 102, 10
MM, 270, 102, 7
MM, 284, 115, 564
MM, 284, 121, 7
MM, 284, 127, 8
MM, 285, 136, 6
MM, 286, 144, 9
MM, 288, 151, 7
MM, 288, 159, 8
MM, 290, 167, 9
MM, 305, 251, 61
MM, 307, 263, 9
MM, 309, 275, 8
MM, 60, 0, 6
MM, 63, 10, 8
MM, 65, 18, 8
MM, 66, 23, 8
MM, 66, 28, 8
MM, 66, 30, 8
MM, 66, 31, 8
MM, 66, 32, 8
MM, 66, 33, 6
MM, 66, 34, 16
MM, 66, 35, 9
MM, 65, 37, 7
MM, 65, 38, 15
MM, 64, 39, 7
MM, 64, 40, 8
MM, 63, 40, 8
MM, 62, 40, 178
MM, 58, 41, 30806
MM, 58, 42, 5
MM, 58, 43, 18
MM, 58, 44, 7
MM, 58, 45, 186
MM, 57, 49, 8
MM, 56, 55, 8
MM, 54, 62, 6
MM, 51, 69, 7
MM, 47, 78, 9
MM, 292, 373, 9
MM, 5, 12, 45
MM, 1, 18, 9
MM, 250, 437, 8
MM, 248, 440, 9
MM, 247, 442, 5
MM, 247, 443, 9
MM, 247, 444, 6
MM, 247, 445, 8
MM, 247, 446, 8
MM, 247, 447, 8
MM, 247, 449, 8
MM, 247, 450, 8
MM, 249, 452, 9
MM, 249, 453, 8
MM, 249, 454, 5
MM, 249, 455, 8
MM, 250, 455, 9
MM, 1, 40, 15
MM, 2, 40, 17
MM, 3, 40, 5
MM, 4, 38, 86
MM, 6, 33, 9
MM, 10, 28, 7
MM, 16, 24, 8
MM, 21, 22, 6
MM, 23, 21, 8
MM, 24, 20, 15
MM, 25, 20, 13
MC, 1, 270
MM, 28, 21, 515
MM, 30, 23, 7
MM, 34, 25, 8
MM, 38, 27, 8
MM, 40, 29, 9
MM, 44, 32, 8
MM, 47, 38, 8
MM, 49, 41, 5
MM, 52, 47, 8
MM, 54, 51, 8
MM, 56, 54, 9
MM, 58, 60, 8
MM, 60, 63, 7
MM, 62, 68, 7
MM, 66, 73, 7
MM, 70, 77, 8
MM, 74, 81, 9
MM, 344, 512, 44
MM, 346, 513, 9
MM, 347, 515, 8
MM, 348, 516, 8
MM, 349, 517, 7
MM, 349, 519, 9
MM, 349, 520, 9
MM, 348, 520, 17
MM, 347, 520, 37
MM, 347, 521, 5
MM, 347, 522, 8
MM, 2, 25, 592
MM, 14, 25, 8
MM, 33, 24, 8
MM, 6, 24, 9
MM, 538, 556, 44
MM, 551, 557, 8
MM, 562, 557, 9
MM, 568, 557, 6
MM, 573, 557, 8
MM, 576, 557, 8
MM, 580, 555, 9
MM, 4, 30, 7
MM, 10, 29, 7
MM, 16, 28, 8
MM, 21, 28, 9
MM, 27, 28, 5
MM, 32, 28, 10
MM, 614, 551, 7
MM, 615, 551, 9
MM, 617, 551, 7
MM, 618, 551, 54
MM, 2, 28, 34
MM, 5, 29, 8
MM, 8, 29, 8
MM, 10, 29, 9
MM, 12, 29, 7
MM, 13, 29, 8
MM, 14, 29, 9
MM, 15, 29, 5
MM, 16, 29, 20
MM, 17, 29, 17
MM, 18, 28, 6
MM, 19, 28, 8
MM, 20, 27, 6
MM, 22, 27, 10
MM, 24, 26, 7
MM, 26, 25, 8
MM, 27, 24, 8
MM, 29, 24, 9
MM, 30, 23, 7
MM, 31, 22, 8
MM, 33, 22, 6
MM, 33, 21, 9
MM, 34, 21, 7
MM, 655, 543, 7
MM, 656, 542, 9
MM, 657, 542, 15
MM, 658, 541, 74
MM, 659, 541, 7
MM, 0, 16, 8
MM, 3, 15, 8
MM, 6, 15, 8
MM, 11, 14, 8
MM, 16, 13, 6
MM, 20, 12, 7
MM, 21, 11, 9
MM, 21, 10, 37
MM, 21, 9, 13
MM, 21, 8, 9
MM, 20, 8, 77
MM, 19, 8, 26
MM, 18, 8, 12
MM, 17, 8, 19
MM, 16, 9, 9
MM, 15, 9, 9
MM, 13, 11, 5
MM, 12, 12, 8
MM, 11, 12, 8
MM, 10, 12, 447
MM, 9, 12, 5
MM, 8, 12, 8
MM, 8, 15, 183
MM, 8, 18, 7
MM, 8, 23, 8
MM, 8, 28, 8
MM, 669, 559, 9
MM, 23, 8, 5
MM, 26, 16, 8
MM, 28, 24, 8
MM, 678, 593, 8
MM, 22, 5, 8
MM, 24, 13, 8
MM, 25, 20, 9
MM, 26, 27, 7
MM, 685, 630, 6
MM, 685, 635, 8
MM, 685, 641, 8
MM, 685, 645, 8
MM, 685, 649, 8
MM, 685, 653, 8
MM, 684, 659, 8
MM, 683, 663, 6
MM, 683, 667, 8
MM, 683, 670, 7
MM, 683, 673, 9
MM, 683, 676, 8
MM, 683, 678, 8
MM, 684, 680, 8
MM, 684, 681, 6
MM, 684, 682, 8
MM, 683, 680, 71
MM, 682, 680, 7
MM, 681, 678, 8
MM, 680, 678, 8
MM, 679, 678, 8
MM, 678, 678, 8
MM, 676, 678, 5
MM, 675, 678, 9
MM, 674, 678, 8
MM, 672, 677, 9
MM, 670, 677, 7
MM, 669, 677, 8
MM, 668, 677, 7
MM, 667, 677, 6
MM, 667, 676, 68
MM, 667, 675, 7
MM, 666, 674, 8
MM, 666, 673, 7
MM, 666, 672, 18
MM, 666, 671, 9
MM, 667, 671, 15
MM, 667, 670, 25
MM, 668, 670, 19
MM, 668, 669, 82
MM, 668, 667, 7
MM, 668, 666, 8
MM, 668, 665, 8
MM, 16, 30, 8
MM, 16, 29, 6
MM, 16, 28, 16
MC, 1, 311
MM, 16, 27, 342
MM, 15, 27, 18
MM, 15, 26, 7
MM, 14, 25, 10
MM, 13, 25, 82
MM, 11, 25, 16
MM, 10, 25, 5
MM, 9, 25, 8
MM, 8, 25, 9
MM, 5, 25, 8
MM, 0, 25, 8
MM, 648, 661, 7
MM, 26, 29, 9
MM, 15, 30, 8
MM, 617, 665, 6
MM, 605, 665, 7
MM, 597, 665, 8
MM, 590, 666, 8
MM, 583, 667, 10
MM, 577, 669, 6
MM, 570, 671, 9
MM, 564, 673, 8
MM, 159, 4, 5
MM, 155, 6, 8
MM, 151, 8, 8
MM, 146, 9, 8
MM, 142, 9, 8
MM, 137, 9, 8
MM, 130, 10, 8
MM, 122, 11, 6
MM, 112, 13, 8
MM, 104, 14, 8
MM, 96, 15, 8
MM, 88, 16, 9
MM, 81, 16, 8
MM, 76, 16, 8
MM, 73, 16, 8
MM, 71, 16, 5
MM, 72, 16, 95
MM, 74, 16, 13
MM, 75, 16, 21
MM, 76, 16, 7
MM, 77, 16, 21
MM, 78, 16, 14
MM, 79, 16, 9
MM, 80, 15, 7
MM, 82, 13, 8
MM, 83, 11, 8
MM, 83, 10, 9
MM, 83, 7, 8
MM, 83, 4, 8
MM, 83, 0, 4
MM, 482, 666, 9
MM, 31, 29, 7
MM, 29, 23, 8
MM, 26, 18, 10
MM, 23, 13, 8
MM, 21, 9, 8
MM, 19, 8, 4
MM, 17, 6, 8
MM, 15, 2, 9
MM, 462, 633, 8
MM, 460, 631, 8
MM, 459, 629, 7
MM, 457, 627, 9
MM, 456, 624, 5
MM, 33, 21, 8
MM, 32, 15, 9
MM, 31, 12, 8
MM, 31, 10, 7
MM, 31, 8, 8
MM, 31, 5, 8
MM, 31, 3, 8
MM, 31, 1, 6
MM, 453, 595, 8
MM, 454, 594, 8
MM, 455, 593, 9
MM, 456, 591, 8
MM, 1, 30, 7
MM, 2, 28, 8
MM, 4, 27, 6
MM, 5, 26, 8
MM, 7, 24, 8
MM, 8, 23, 8
MM, 9, 21, 10
MM, 11, 20, 7
MM, 11, 19, 8
MM, 12, 19, 8
MM, 13, 19, 9
MM, 14, 19, 50
MM, 15, 19, 9
MM, 16, 19, 7
MM, 17, 17, 154
MM, 25, 15, 21
MM, 27, 16, 7
MM, 29, 17, 8
MM, 29, 18, 9
MM, 31, 19, 8
MM, 488, 580, 8
MM, 489, 582, 5
MM, 490, 582, 9
MM, 491, 583, 7
MM, 491, 584, 9
MM, 493, 584, 8
MM, 0, 25, 16
MM, 1, 25, 5
MM, 2, 25, 8
MM, 3, 25, 9
MM, 4, 26, 16
MM, 6, 26, 16
MM, 7, 26, 13
MM, 9, 26, 8
MM, 10, 26, 8
MM, 11, 26, 9
MM, 10, 26, 89
MM, 10, 25, 105
MM, 10, 23, 9
MM, 10, 22, 18
MM, 10, 21, 56
MM, 11, 21, 28
MM, 12, 21, 19
MM, 17, 22, 182
MM, 19, 24, 8
MM, 22, 25, 8
MM, 25, 27, 8
MM, 30, 29, 8
MM, 526, 590, 8
MM, 529, 593, 5
MM, 532, 594, 9
MM, 534, 598, 8
MM, 536, 601, 8
MM, 538, 603, 8
MM, 539, 604, 8
MM, 1, 10, 8
MM, 2, 11, 6
MM, 4, 12, 8
MM, 5, 12, 9
MM, 6, 12, 6
MM, 7, 12, 29
MM, 8, 12, 71
MM, 9, 12, 17
MM, 10, 13, 8
MM, 11, 13, 27
MM, 12, 13, 58
MM, 12, 14, 11
MM, 13, 14, 24
MM, 2, 11, 161
MM, 535, 606, 9
MM, 30, 7, 7
MM, 24, 5, 9
MM, 17, 3, 5
MM, 12, 2, 9
MM, 6, 0, 8
MM, 499, 595, 8
MM, 493, 594, 8
MM, 486, 591, 7
MM, 23, 29, 9
MM, 16, 27, 8
MM, 10, 26, 6
MM, 5, 24, 8
MM, 455, 582, 8
MM, 34, 20, 8
MM, 30, 18, 8
MM, 25, 16, 8
MM, 19, 14, 8
MM, 16, 13, 8
MM, 13, 12, 6
MM, 12, 10, 8
MM, 10, 10, 8
MM, 9, 10, 16
MM, 7, 9, 8
MM, 6, 8, 8
MM, 4, 8, 6
MM, 2, 6, 8
MM, 1, 6, 7
MM, 414, 565, 8
MM, 412, 564, 8
MM, 411, 564, 8
MM, 410, 564, 8
MM, 411, 564, 132
MM, 413, 566, 6
MM, 414, 567, 8
MM, 0, 9, 9
MM, 3, 10, 8
MM, 6, 12, 7
MM, 10, 15, 9
MM, 14, 17, 5
MM, 18, 19, 9
MM, 21, 20, 8
MM, 22, 21, 8
MM, 23, 23, 7
MM, 23, 22, 93
MC, 1, 260
MM, 22, 22, 54
MM, 22, 23, 108
MM, 21, 23, 8
MM, 21, 24, 7
MM, 21, 25, 16
MM, 21, 26, 6
MM, 21, 27, 8
MM, 20, 28, 8
MM, 20, 29, 9
MM, 435, 591, 8
MM, 435, 592, 8
MM, 435, 593, 8
MM, 435, 596, 6
MM, 15, 3, 7
MM, 17, 7, 9
MM, 19, 12, 8
MM, 21, 19, 7
MM, 25, 27, 8
MM, 450, 631, 8
MM, 9, 10, 14
MM, 11, 15, 8
MM, 14, 20, 9
MM, 16, 24, 8
MM, 17, 29, 8
MM, 468, 665, 8
MM, 470, 668, 8
MM, 71, 1, 6
MM, 73, 6, 15
MM, 75, 8, 8
MM, 76, 10, 8
MM, 77, 11, 8
MM, 78, 12, 9
MM, 78, 13, 8
MM, 78, 14, 6
MM, 78, 15, 16
MM, 78, 17, 9
MM, 78, 18, 7
MM, 79, 19, 9
MM, 79, 21, 10
MM, 79, 22, 2
MM, 80, 22, 9
MM, 80, 24, 7
MM, 81, 24, 9
MM, 81, 25, 8
MM, 82, 25, 16
MM, 82, 26, 8
MM, 82, 27, 11
MM, 82, 28, 19
MM, 81, 28, 54
MM, 80, 27, 16
MM, 80, 26, 8
MM, 79, 25, 69
MM, 78, 24, 19
MM, 78, 22, 24
MM, 78, 21, 7
MM, 79, 20, 6
MM, 79, 18, 9
MM, 80, 18, 8
MM, 81, 17, 8
MM, 81, 16, 16
MM, 81, 15, 9
MM, 81, 14, 54
MM, 81, 13, 30
MC, 1, 215
MM, 81, 12, 32
MM, 79, 8, 7
MM, 77, 4, 8
MM, 74, 0, 6
MM, 20, 30, 9
MM, 13, 24, 7
MM, 4, 18, 8
MM, 27, 8, 17
MM, 20, 2, 8
MM, 422, 629, 6
MM, 416, 624, 8
MM, 25, 15, 16
MM, 23, 13, 8
MM, 21, 11, 7
MM, 21, 10, 18
MM, 21, 9, 5
MM, 21, 8, 24
MM, 21, 7, 17
MM, 21, 6, 7
MM, 21, 5, 8
MM, 21, 3, 6
MM, 21, 2, 8
MM, 21, 1, 8
MM, 20, 0, 8
MM, 400, 595, 8
MM, 399, 594, 8
MM, 399, 592, 7
MM, 27, 30, 7
MM, 26, 29, 8
MM, 25, 28, 8
MM, 25, 27, 7
MM, 24, 26, 8
MM, 23, 25, 8
MM, 23, 24, 9
MM, 23, 23, 10
MM, 22, 23, 8
MM, 21, 23, 37
MM, 20, 22, 17
MM, 19, 22, 8
MM, 18, 20, 8
MM, 17, 19, 8
MM, 17, 18, 8
MM, 16, 17, 8
MM, 25, 17, 204
MM, 35, 15, 8
MM, 7, 13, 8
MM, 18, 13, 16
MM, 4, 23, 14
MM, 30, 26, 8
MM, 11, 28, 8
MM, 601, 591, 15
MM, 609, 594, 17
MM, 613, 594, 55
MM, 619, 594, 10
MM, 625, 594, 7
MM, 632, 594, 8
MM, 640, 594, 8
MM, 648, 594, 8
MM, 655, 594, 7
MM, 660, 594, 8
MM, 662, 594, 6
MM, 664, 594, 9
MM, 665, 592, 133
MM, 18, 30, 15
MM, 20, 28, 8
MM, 21, 25, 14
MM, 21, 24, 20
MM, 21, 23, 103
MM, 20, 22, 21
MM, 20, 21, 8
MM, 19, 21, 25
MM, 19, 20, 44
MM, 18, 19, 61
MM, 17, 19, 7
MM, 17, 18, 8
MC, 1, 153
MM, 14, 18, 14
MM, 4, 18, 16
MM, 646, 578, 8
MM, 29, 18, 8
MM, 22, 18, 8
MM, 9, 19, 8
MM, 31, 19, 6
MM, 26, 20, 16
MM, 4, 20, 7
MM, 22, 20, 8
MM, 5, 21, 8
MM, 30, 21, 9
MM, 18, 21, 14
MM, 17, 21, 32
MM, 16, 21, 35
MM, 14, 20, 7
MM, 14, 19, 8
MM, 12, 19, 8
MM, 12, 18, 8
MM, 12, 17, 10
MM, 12, 16, 16
MM, 11, 15, 16
MM, 11, 14, 8
MM, 10, 13, 8
MM, 9, 13, 8
MM, 9, 12, 5
MM, 9, 11, 8
MM, 9, 10, 8
MM, 8, 9, 17
MM, 8, 8, 16
MM, 8, 6, 13
MM, 8, 5, 20
MM, 7, 5, 8
MM, 7, 4, 8
MM, 11, 7, 196
MM, 15, 10, 8
MM, 20, 13, 8
MM, 24, 16, 9
MM, 30, 20, 7
MM, 490, 582, 8
MM, 0, 24, 6
MM, 5, 25, 8
MM, 12, 28, 8
MM, 514, 593, 9
MM, 537, 600, 16
MM, 9, 6, 7
MM, 22, 7, 10
MM, 575, 605, 5
MM, 21, 12, 16
MM, 614, 612, 7
MM, 6, 17, 8
MM, 14, 19, 8
MM, 20, 21, 8
MM, 25, 21, 7
MM, 28, 21, 8
MM, 30, 21, 7
MM, 31, 21, 8
MM, 31, 22, 17
MM, 32, 22, 7
MM, 32, 23, 8
MM, 33, 24, 16
MM, 652, 621, 7
MM, 653, 621, 8
MM, 655, 622, 8
MM, 655, 623, 17
MM, 656, 623, 17
MM, 657, 623, 40
MM, 657, 624, 5
MM, 0, 27, 8
MM, 1, 28, 8
MM, 1, 29, 18
MM, 2, 29, 7
MM, 3, 29, 9
MM, 7, 28, 13
MM, 7, 27, 8
MM, 7, 26, 15
MM, 8, 26, 9
MM, 8, 24, 16
MM, 8, 23, 23
MM, 8, 22, 19
MM, 8, 21, 75
MM, 8, 20, 9
MM, 652, 615, 218
MM, 26, 16, 8
MM, 8, 16, 14
MM, 28, 14, 8
MM, 1, 14, 8
MM, 14, 15, 8
MM, 32, 18, 8
MM, 22, 12, 14
MM, 1, 7, 7
MM, 26, 4, 8
MM, 428, 596, 17
MM, 422, 595, 8
MM, 419, 593, 8
MM, 416, 592, 6
MM, 414, 591, 8
MM, 412, 591, 8
MM, 411, 591, 8
MM, 409, 591, 7
MM, 34, 30, 8
MM, 31, 30, 8
MM, 29, 30, 9
MM, 28, 30, 6
MM, 26, 29, 8
MM, 25, 29, 8
MM, 23, 29, 8
MM, 22, 29, 16
MM, 24, 29, 87
MM, 25, 30, 8
MM, 398, 591, 8
MM, 400, 592, 9
MM, 401, 594, 7
MM, 403, 596, 8
MM, 29, 2, 6
MM, 415, 603, 8
MM, 2, 9, 8
MM, 9, 13, 8
MM, 15, 15, 8
MM, 19, 18, 8
MM, 21, 19, 8
MM, 21, 18, 125
MM, 21, 17, 46
MC, 1, 224
MM, 23, 18, 560
MM, 29, 20, 7
MM, 34, 22, 10
MM, 0, 24, 7
MM, 9, 26, 8
MM, 513, 628, 38
MM, 521, 628, 8
MM, 529, 628, 8
MM, 0, 30, 38
MM, 16, 30, 16
MM, 603, 628, 9
MM, 605, 629, 7
MM, 606, 629, 6
MM, 607, 629, 8
MM, 608, 629, 8
MM, 609, 630, 75
MM, 610, 630, 16
MM, 611, 630, 5
MM, 612, 631, 8
MM, 614, 632, 8
MM, 615, 632, 8
MM, 618, 633, 16
MM, 619, 633, 8
MM, 5, 0, 6
MM, 8, 1, 16
MM, 9, 1, 8
MM, 11, 1, 8
MM, 13, 3, 15
MM, 14, 3, 7
MM, 15, 5, 7
MM, 17, 6, 9
MM, 18, 7, 8
MM, 19, 9, 8
MM, 21, 11, 7
MM, 23, 13, 9
MM, 25, 14, 8
MM, 26, 15, 6
MM, 28, 17, 8
MM, 28, 18, 8
MM, 29, 19, 8
MM, 28, 19, 43
MM, 27, 19, 7
MM, 25, 19, 17
MM, 24, 20, 7
MM, 23, 21, 7
MM, 21, 22, 9
MM, 20, 22, 6
MM, 19, 22, 8
MM, 17, 22, 8
MM, 16, 22, 8
MM, 15, 22, 8
MM, 13, 22, 8
MM, 12, 21, 72
MM, 11, 20, 32
MM, 10, 20, 13
MM, 9, 20, 18
MM, 9, 19, 7
MM, 9, 17, 8
MM, 9, 16, 8
MM, 9, 15, 8
MM, 9, 14, 8
MM, 8, 14, 8
MM, 8, 13, 18
MM, 8, 12, 12
MM, 2, 12, 208
MM, 0, 11, 7
MM, 611, 643, 8
MM, 35, 7, 9
MM, 21, 5, 16
MM, 13, 3, 8
MM, 6, 1, 6
MM, 568, 633, 8
MM, 1, 28, 16
MM, 27, 24, 7
MM, 13, 17, 9
MM, 494, 606, 8
MM, 8, 5, 13
MM, 460, 600, 8
MM, 31, 1, 8
MM, 446, 596, 8
MM, 441, 594, 9
MM, 439, 593, 16
MM, 438, 593, 6
MM, 437, 592, 16
MM, 436, 592, 8
MM, 436, 591, 7
MM, 435, 591, 8
MM, 19, 30, 110
MM, 17, 29, 7
MM, 16, 27, 8
MM, 14, 27, 6
MM, 13, 26, 8
MM, 7, 25, 24
MM, 6, 25, 17
MM, 4, 25, 30
MM, 3, 26, 24
MM, 3, 27, 79
MM, 4, 27, 12
MM, 4, 28, 34
MM, 5, 28, 11
MM, 6, 29, 26
MM, 7, 29, 37
MM, 424, 591, 16
MM, 440, 596, 37
MM, 24, 1, 8
MM, 31, 3, 8
MM, 461, 602, 9
MM, 5, 6, 7
MM, 10, 6, 8
MM, 12, 7, 14
MM, 14, 8, 9
MM, 16, 8, 8
MM, 20, 9, 8
MM, 26, 11, 8
MM, 495, 610, 8
MM, 10, 16, 14
MM, 15, 17, 8
MM, 21, 18, 7
MM, 32, 18, 16
MM, 536, 615, 8
MM, 14, 19, 17
MM, 23, 19, 6
MM, 34, 19, 8
MM, 14, 19, 16
MM, 22, 19, 8
MM, 30, 19, 7
MM, 1, 19, 7
MM, 17, 19, 16
MM, 26, 18, 8
MM, 0, 17, 7
MM, 13, 17, 8
MM, 28, 17, 9
MM, 708, 611, 13
MM, 715, 609, 9
MM, 717, 608, 8
MM, 717, 607, 16
MM, 717, 606, 67
MM, 716, 606, 11
MM, 715, 604, 6
MM, 711, 601, 16
MM, 710, 598, 8
MM, 708, 597, 7
MM, 708, 596, 9
MM, 708, 595, 26
MM, 709, 593, 24
MM, 710, 592, 8
MM, 23, 30, 8
MM, 24, 29, 6
MM, 26, 28, 8
MM, 27, 26, 8
MM, 30, 23, 16
MM, 31, 23, 8
MM, 33, 21, 7
MM, 34, 20, 8
MM, 725, 578, 6
MM, 728, 577, 8
MM, 732, 575, 9
MM, 738, 573, 8
MM, 749, 569, 16
MM, 754, 567, 8
MM, 757, 566, 6
MM, 758, 565, 8
MM, 760, 564, 8
MM, 760, 563, 8
MM, 762, 562, 8
MM, 763, 560, 8
MM, 764, 559, 7
MM, 766, 558, 8
MM, 767, 556, 6
MM, 769, 555, 8
MM, 770, 553, 16
MM, 765, 552, 663
MM, 758, 554, 6
MM, 751, 556, 8
MM, 743, 558, 7
MM, 735, 561, 9
MM, 725, 564, 7
MM, 26, 8, 9
MM, 10, 13, 14
MM, 0, 15, 8
MM, 28, 18, 8
MM, 10, 22, 9
MM, 642, 586, 7
MM, 13, 28, 8
MM, 597, 594, 16
MM, 583, 595, 6
MM, 560, 596, 7
MM, 535, 598, 9
MM, 13, 4, 7
MM, 497, 602, 8
MM, 22, 4, 9
MM, 9, 0, 14
MM, 469, 596, 8
MM, 469, 595, 7
MM, 468, 595, 71
MM, 467, 595, 8
MM, 466, 594, 8
MM, 464, 594, 13
MM, 463, 593, 16
MM, 462, 593, 8
MM, 461, 593, 9
MM, 458, 593, 16
MM, 454, 593, 8
MM, 448, 595, 6
MM, 435, 596, 15
MM, 7, 1, 9
MM, 1, 3, 8
MM, 416, 602, 8
MM, 30, 7, 13
MM, 29, 7, 18
MM, 29, 8, 7
MM, 27, 8, 7
MM, 26, 9, 8
MM, 25, 10, 8
MM, 23, 12, 9
MM, 22, 13, 6
MC, 1, 338
MM, 22, 14, 68
MM, 415, 616, 24
MM, 418, 617, 7
MM, 0, 22, 9
MM, 3, 25, 13
MM, 5, 26, 8
MM, 8, 29, 9
MM, 434, 630, 8
MM, 436, 632, 8
MM, 31, 0, 8
MM, 443, 636, 8
MM, 2, 7, 14
MM, 8, 8, 8
MM, 13, 10, 8
MM, 18, 12, 8
MM, 23, 14, 8
MM, 24, 15, 8
MM, 25, 17, 7
MM, 27, 18, 7
MM, 27, 19, 17
MM, 27, 20, 7
MM, 28, 21, 8
MM, 29, 23, 7
MM, 31, 24, 8
MM, 483, 664, 15
MM, 88, 0, 24
MM, 90, 2, 15
MM, 91, 4, 8
MM, 92, 4, 8
MM, 93, 8, 15
MM, 93, 10, 8
MM, 94, 11, 8
MM, 94, 13, 8
MM, 95, 16, 8
MM, 97, 19, 6
MM, 97, 21, 8
MM, 97, 24, 7
MM, 98, 29, 16
MM, 98, 30, 9
MM, 498, 703, 8
MM, 497, 703, 221
MM, 96, 30, 7
MM, 96, 28, 8
MM, 96, 27, 8
MM, 95, 26, 6
MM, 94, 26, 7
MM, 93, 26, 16
MM, 92, 25, 18
MM, 92, 23, 13
MM, 91, 22, 9
MM, 90, 21, 7
MM, 90, 19, 8
MM, 90, 18, 8
MM, 90, 17, 20
MM, 90, 16, 50
MM, 92, 13, 239
MM, 96, 9, 8
MM, 103, 6, 7
MM, 114, 4, 8
MM, 20, 23, 16
MM, 567, 647, 8
MM, 10, 8, 7
MM, 27, 0, 15
MM, 602, 632, 9
MM, 605, 630, 7
MM, 605, 629, 8
MM, 25, 30, 8
MM, 25, 29, 8
MM, 25, 28, 8
MM, 25, 26, 6
MM, 25, 23, 8
MM, 26, 21, 16
MM, 27, 19, 8
MM, 29, 17, 8
MM, 30, 16, 8
MM, 612, 612, 8
MM, 613, 609, 14
MM, 614, 609, 8
MM, 615, 607, 8
MM, 616, 607, 8
MM, 0, 7, 17
MM, 2, 6, 5
MM, 3, 4, 8
MM, 5, 3, 8
MM, 635, 594, 33
MM, 637, 593, 7
MM, 638, 592, 6
MM, 30, 29, 16
MM, 642, 588, 8
MM, 644, 587, 8
MM, 645, 587, 16
MM, 646, 587, 6
MM, 647, 587, 8
MM, 1, 26, 8
MM, 3, 25, 16
MM, 5, 23, 8
MM, 6, 22, 8
MM, 9, 19, 14
MM, 9, 18, 8
MM, 9, 17, 8
MM, 9, 16, 16
MM, 13, 24, 343
MM, 15, 29, 9
MM, 665, 593, 8
MM, 10, 5, 14
MM, 12, 10, 8
MM, 13, 12, 8
MM, 14, 14, 8
MM, 15, 16, 8
MM, 16, 16, 8
MM, 16, 17, 17
MM, 14, 17, 340
MM, 7, 17, 12
MM, 3, 17, 8
MM, 655, 614, 9
MM, 29, 17, 8
MM, 11, 17, 17
MM, 3, 17, 7
MM, 613, 613, 6
MM, 11, 14, 16
MM, 2, 13, 8
MM, 24, 11, 8
MM, 496, 611, 17
MM, 5, 17, 7
MM, 24, 18, 6
MM, 27, 22, 16
MM, 12, 25, 8
MM, 0, 25, 8
MM, 34, 25, 8
MM, 29, 25, 14
MM, 28, 25, 7
MM, 28, 24, 156
MM, 29, 24, 35
MM, 30, 24, 8
MM, 31, 24, 8
MM, 375, 622, 8
MM, 0, 26, 6
MM, 6, 26, 8
MM, 11, 26, 8
MM, 20, 26, 16
MM, 22, 26, 8
MM, 23, 26, 8
MM, 25, 25, 8
MM, 26, 24, 6
MM, 28, 23, 8
MM, 29, 21, 16
MM, 30, 21, 8
MM, 31, 20, 10
MM, 32, 19, 5
MM, 33, 19, 9
MM, 34, 19, 6
MM, 416, 615, 8
MM, 420, 615, 16
MM, 0, 18, 7
MM, 2, 18, 8
MM, 5, 18, 30
MM, 5, 17, 39
MM, 6, 16, 16
MC, 1, 274
MM, 6, 15, 48
MM, 5, 12, 14
MM, 5, 10, 8
MM, 5, 8, 7
MM, 5, 6, 9
MM, 5, 5, 15
MM, 5, 4, 18
MM, 5, 3, 5
MM, 5, 2, 8
MM, 5, 1, 7
MM, 5, 0, 9
MM, 426, 595, 8
MM, 426, 593, 16
MM, 425, 592, 6
MM, 10, 30, 8
MM, 10, 29, 16
MM, 9, 28, 7
MM, 9, 27, 10
MM, 8, 27, 7
MM, 8, 25, 6
MM, 8, 24, 41
MM, 8, 23, 21
MM, 8, 21, 17
MM, 8, 20, 15
MM, 8, 19, 8
MM, 8, 18, 7
MM, 8, 17, 16
MM, 8, 16, 15
MC, 1, 240
MM, 7, 17, 7
MM, 4, 20, 17
MM, 3, 22, 6
MM, 1, 25, 8
MM, 0, 27, 8
MM, 412, 592, 15
MM, 410, 593, 8
MM, 409, 594, 8
MM, 26, 0, 15
MM, 24, 2, 7
MM, 23, 5, 9
MM, 22, 6, 8
MM, 20, 8, 7
MM, 19, 9, 17
MM, 18, 10, 5
MM, 18, 11, 9
MM, 17, 12, 8
MM, 16, 12, 12
MM, 15, 13, 8
MM, 14, 14, 8
MM, 12, 14, 8
MM, 12, 15, 6
MM, 9, 17, 16
MM, 8, 18, 8
MM, 7, 18, 8
MM, 418, 611, 265
MM, 3, 12, 8
MM, 9, 9, 16
MM, 13, 7, 8
MM, 16, 6, 8
MM, 19, 4, 8
MM, 29, 2, 6
MM, 459, 598, 8
MM, 12, 0, 18
MM, 481, 596, 7
MM, 488, 596, 7
MM, 496, 595, 8
MM, 504, 593, 6
MM, 23, 29, 17
MM, 24, 28, 8
MM, 25, 28, 11
MM, 24, 28, 150
MM, 23, 28, 17
MM, 22, 28, 17
MM, 21, 28, 7
MM, 20, 28, 18
MM, 20, 27, 7
MM, 19, 27, 9
MM, 19, 26, 8
MM, 18, 25, 8
MM, 17, 25, 7
MM, 17, 24, 7
MM, 17, 23, 11
MM, 16, 22, 9
MM, 15, 22, 24
MM, 15, 21, 31
MM, 13, 21, 14
MM, 13, 20, 9
MC, 1, 192
MM, 13, 21, 206
MM, 13, 22, 26
MM, 13, 23, 21
MM, 13, 24, 15
MM, 13, 25, 17
MM, 12, 26, 7
MM, 11, 28, 5
MM, 10, 29, 9
MM, 503, 591, 8
MM, 502, 593, 8
MM, 500, 595, 8
MM, 1, 2, 8
MM, 1, 5, 8
MM, 0, 9, 6
MM, 0, 11, 8
MM, 0, 14, 8
MM, 0, 18, 8
MM, 0, 22, 8
MM, 0, 26, 8
MM, 498, 631, 14
MM, 10, 0, 8
MM, 10, 3, 8
MM, 10, 5, 8
MM, 10, 9, 8
MM, 10, 12, 16
MM, 9, 18, 46
MM, 8, 19, 17
MM, 8, 21, 14
MM, 8, 22, 7
MM, 7, 22, 8
MM, 6, 24, 7
MM, 5, 24, 10
MM, 4, 25, 7
MM, 3, 26, 8
MM, 2, 27, 6
MM, 1, 28, 16
MM, 0, 28, 28
MM, 487, 662, 51
MM, 487, 663, 11
MM, 486, 665, 14
MM, 483, 669, 24
MM, 482, 670, 7
MM, 81, 1, 9
MM, 79, 3, 8
MM, 78, 4, 6
MM, 76, 6, 8
MM, 75, 8, 16
MM, 74, 8, 79
MM, 74, 9, 8
MM, 73, 10, 8
MM, 73, 9, 79
MM, 74, 9, 7
MM, 74, 8, 13
MM, 76, 8, 165
MM, 80, 8, 8
MM, 90, 1, 8
MM, 503, 668, 6
MM, 0, 28, 16
MM, 17, 26, 8
MM, 565, 656, 8
MM, 30, 13, 17
MM, 610, 643, 7
MM, 2, 6, 6
MM, 5, 4, 17
MM, 6, 2, 8
MM, 6, 0, 17
MM, 621, 632, 7
MM, 622, 630, 5
MM, 5, 30, 8
MM, 9, 25, 16
MM, 12, 24, 9
MM, 17, 21, 8
MM, 23, 18, 8
MM, 29, 14, 14
MM, 32, 12, 8
MM, 652, 606, 16
MM, 654, 605, 8
MM, 655, 604, 8
MM, 656, 601, 14
MM, 657, 600, 8
MM, 0, 2, 8
MM, 3, 1, 16
MM, 3, 0, 8
MM, 4, 0, 8
MM, 662, 596, 6
MM, 663, 595, 16
MM, 663, 594, 8
MM, 664, 594, 51
MM, 666, 593, 18
MM, 668, 592, 8
MM, 21, 30, 8
MM, 22, 30, 6
MM, 23, 28, 8
MM, 24, 27, 17
MM, 24, 26, 8
MM, 25, 26, 8
MM, 26, 26, 8
MM, 28, 26, 14
MM, 30, 26, 8
MM, 32, 26, 8
MM, 683, 586, 8
MM, 684, 586, 8
MM, 686, 586, 8
MM, 688, 586, 6
MM, 1, 26, 8
MM, 2, 23, 16
MM, 3, 23, 8
MM, 3, 22, 8
MM, 3, 21, 8
MM, 3, 20, 62
MM, 1, 20, 258
MM, 0, 20, 16
MM, 688, 580, 8
MM, 687, 580, 7
MM, 34, 20, 7
MM, 31, 20, 8
MM, 28, 20, 8
MM, 25, 20, 7
MM, 22, 20, 8
MM, 16, 20, 16
MM, 11, 20, 8
MM, 6, 20, 6
MM, 30, 22, 49
MM, 27, 23, 14
MM, 25, 23, 8
MM, 22, 23, 16
MM, 20, 23, 16
MM, 19, 23, 14
MM, 18, 23, 44
MM, 17, 23, 13
MM, 16, 23, 8
MM, 15, 23, 8
MM, 14, 23, 8
MM, 13, 23, 8
MM, 12, 23, 8
MM, 10, 21, 16
MM, 9, 21, 15
MM, 9, 20, 7
MM, 7, 20, 253
MM, 6, 20, 16
MM, 4, 20, 6
MM, 0, 20, 8
MM, 605, 580, 7
MM, 28, 20, 8
MM, 16, 22, 17
MM, 7, 23, 7
MM, 6, 28, 15
MM, 26, 30, 8
MM, 11, 30, 8
MM, 484, 591, 16
MM, 470, 591, 15
MM, 467, 591, 14
MM, 466, 591, 92
MM, 10, 30, 7
MM, 8, 30, 13
MM, 7, 29, 9
MM, 5, 28, 7
MM, 4, 28, 9
MM, 2, 27, 16
MM, 2, 26, 8
MM, 0, 25, 6
MM, 455, 584, 16
MM, 455, 583, 16
MM, 454, 583, 8
MM, 453, 583, 8
MM, 453, 582, 6
MM, 452, 581, 8
MM, 450, 580, 16
MM, 33, 19, 8
MM, 32, 18, 8
MM, 31, 18, 8
MM, 30, 17, 8
MM, 29, 16, 5
MM, 28, 16, 8
MM, 27, 15, 8
MM, 26, 15, 24
MM, 25, 14, 334
MM, 24, 17, 6
MM, 24, 23, 9
MM, 24, 29, 8
MM, 439, 596, 6
MM, 19, 10, 16
MM, 19, 17, 8
MM, 441, 628, 16
MM, 441, 633, 8
MM, 31, 3, 14
MM, 30, 4, 8
MM, 29, 5, 8
MM, 28, 5, 29
MM, 28, 6, 9
MM, 28, 7, 16
MM, 27, 7, 9
MM, 27, 9, 7
MM, 27, 10, 17
MM, 26, 11, 13
MM, 26, 12, 12
MM, 25, 12, 8
MM, 24, 12, 7
MM, 24, 13, 9
MM, 23, 14, 8
MM, 22, 15, 7
MM, 21, 15, 6
MM, 19, 17, 9
MM, 18, 18, 16
MM, 17, 19, 7
MM, 16, 20, 9
MM, 16, 21, 14
MM, 15, 21, 8
MC, 1, 218
MM, 17, 14, 14
MM, 19, 8, 7
MM, 20, 4, 9
MM, 429, 631, 8
MM, 9, 27, 8
MM, 9, 14, 16
MM, 9, 7, 6
MM, 9, 0, 8
MM, 431, 593, 8
MM, 16, 29, 8
MM, 16, 22, 16
MM, 17, 21, 8
MM, 18, 19, 6
MM, 18, 17, 8
MM, 18, 15, 16
MM, 18, 14, 8
MM, 18, 13, 8
MM, 18, 12, 12
MM, 19, 12, 6
MM, 19, 11, 83
MM, 19, 10, 15
MC, 1, 240
MM, 20, 10, 88
MM, 21, 10, 8
MM, 22, 13, 8
MM, 24, 14, 7
MM, 25, 16, 9
MM, 32, 23, 38
MM, 34, 25, 8
MM, 452, 588, 16
MM, 453, 590, 5
MM, 456, 594, 16
MM, 458, 597, 8
MM, 459, 599, 8
MM, 461, 601, 8
MM, 2, 9, 14
MM, 3, 10, 9
MM, 6, 16, 16
MM, 8, 17, 8
MM, 9, 20, 7
MM, 11, 23, 8
MM, 13, 25, 10
MM, 18, 28, 5
MM, 488, 629, 16
MM, 489, 631, 8
MM, 491, 633, 8
MM, 4, 1, 8
MM, 6, 3, 8
MM, 7, 5, 14
MM, 7, 7, 7
MM, 7, 8, 17
MM, 7, 10, 9
MM, 7, 11, 7
MM, 8, 12, 7
MM, 8, 14, 7
MM, 8, 15, 8
MM, 9, 17, 16
MM, 9, 18, 16
MM, 9, 19, 8
MM, 9, 20, 6
MM, 9, 22, 8
MM, 9, 23, 8
MM, 8, 24, 8
MM, 8, 27, 8
MM, 6, 29, 15
MM, 493, 665, 7
MM, 492, 667, 16
MM, 88, 1, 24
MM, 87, 1, 7
MM, 86, 2, 8
MM, 85, 2, 67
MM, 84, 2, 13
MM, 83, 2, 86
MM, 83, 3, 51
MM, 83, 4, 7
MM, 83, 5, 9
MM, 82, 6, 8
MM, 82, 8, 6
MM, 81, 9, 7
MM, 81, 10, 9
MM, 79, 12, 16
MM, 79, 13, 8
MM, 78, 14, 15
MM, 78, 15, 7
MM, 79, 16, 206
MM, 80, 17, 8
MM, 82, 17, 8
MM, 86, 17, 6
MM, 92, 17, 7
MM, 99, 17, 8
MM, 107, 14, 9
MM, 116, 11, 8
MM, 125, 5, 8
MM, 136, 1, 8
MM, 548, 665, 6
MM, 27, 27, 16
MM, 27, 25, 8
MM, 28, 24, 8
MM, 29, 23, 8
MM, 29, 22, 8
MM, 29, 21, 8
MM, 30, 19, 6
MM, 31, 18, 7
MM, 33, 15, 9
MM, 0, 4, 16
MM, 576, 632, 8
MM, 3, 28, 7
MM, 21, 14, 14
MM, 30, 9, 9
MM, 0, 4, 7
MM, 6, 0, 8
MM, 631, 595, 8
MM, 642, 591, 14
MM, 646, 588, 8
MM, 0, 27, 8
MM, 2, 25, 9
MM, 3, 24, 8
MM, 3, 23, 16
MM, 4, 23, 8
MM, 4, 22, 6
MM, 5, 21, 305
MM, 6, 20, 9
MM, 7, 20, 9
MM, 646, 577, 207
MM, 642, 576, 8
MM, 25, 15, 8
MM, 11, 14, 16
MM, 1, 14, 7
MM, 28, 16, 8
MM, 16, 18, 7
MM, 3, 20, 8
MM, 28, 24, 8
MM, 16, 26, 8
MM, 1, 30, 16
MM, 527, 592, 8
MM, 526, 592, 6
MM, 525, 593, 56
MM, 523, 594, 21
MM, 519, 594, 8
MM, 517, 594, 8
MM, 515, 594, 8
MM, 512, 594, 8
MM, 511, 594, 6
MM, 508, 594, 8
MM, 506, 594, 9
MM, 501, 595, 15
MM, 499, 596, 9
MM, 498, 596, 84
MM, 497, 596, 24
MM, 497, 598, 7
MM, 496, 598, 8
MM, 496, 599, 9
MM, 495, 599, 6
MM, 495, 600, 8
MM, 495, 601, 16
MM, 494, 602, 12
MM, 493, 603, 8
MM, 29, 7, 6
MM, 27, 9, 16
MM, 26, 9, 8
MM, 24, 11, 8
MM, 22, 12, 8
MM, 21, 14, 8
MM, 19, 15, 8
MM, 19, 16, 6
MM, 18, 17, 8
MM, 17, 17, 54
MM, 16, 17, 7
MM, 15, 17, 8
MM, 13, 17, 8
MC, 1, 213
MM, 13, 18, 48
MM, 15, 19, 18
MM, 18, 21, 8
MM, 20, 23, 7
MM, 22, 24, 9
MM, 24, 25, 8
MM, 25, 27, 8
MM, 27, 28, 6
MM, 491, 628, 8
MM, 493, 630, 8
MM, 494, 632, 8
MM, 8, 0, 8
MM, 9, 5, 8
MM, 11, 9, 8
MM, 14, 17, 14
MM, 15, 21, 8
MM, 16, 24, 7
MM, 504, 668, 55
MM, 503, 669, 8
MM, 103, 0, 16
MM, 101, 1, 8
MM, 101, 2, 8
MM, 100, 3, 6
MM, 99, 4, 8
MM, 98, 4, 8
MM, 97, 5, 16
MM, 96, 5, 8
MM, 95, 5, 14
MM, 93, 5, 54
MM, 93, 4, 91
MM, 93, 3, 15
MM, 94, 2, 18
MC, 1, 161
MM, 93, 2, 12
MM, 91, 1, 8
MM, 489, 670, 9
MM, 486, 667, 15
MM, 485, 666, 8
MM, 483, 664, 9
MM, 31, 28, 14
MM, 29, 26, 8
MM, 28, 25, 8
MM, 26, 22, 8
MM, 24, 21, 7
MM, 17, 15, 17
MM, 10, 13, 6
MM, 3, 11, 8
MM, 445, 643, 8
MM, 31, 8, 8
MM, 27, 8, 8
MM, 24, 7, 8
MM, 21, 7, 14
MM, 20, 7, 8
MM, 19, 7, 16
MM, 18, 7, 103
MM, 17, 7, 10
MM, 16, 7, 24
MM, 16, 8, 22
MM, 445, 638, 271
MM, 469, 633, 14
MM, 477, 633, 8
MM, 489, 632, 8
MM, 501, 631, 8
MM, 512, 629, 8
MM, 27, 28, 16
MM, 30, 26, 6
MM, 32, 25, 8
MM, 33, 23, 8
MM, 33, 22, 21
MM, 34, 22, 26
MM, 34, 21, 7
MM, 534, 618, 16
MM, 535, 618, 8
MM, 536, 618, 8
MM, 537, 618, 8
MM, 0, 20, 14
MM, 2, 20, 8
MM, 13, 17, 48
MM, 13, 16, 26
MM, 13, 15, 88
MC, 1, 199
MM, 5, 13, 14
MM, 0, 12, 10
MM, 29, 7, 13
MM, 17, 3, 16
MM, 10, 0, 8
MM, 501, 594, 7
MM, 28, 28, 17
MM, 19, 24, 6
MM, 30, 16, 16
MM, 14, 13, 8
MM, 4, 12, 8
MM, 410, 571, 8
MM, 24, 8, 16
MM, 20, 7, 6
MM, 19, 7, 8
MM, 18, 6, 8
MM, 19, 6, 148
MM, 21, 6, 18
MM, 22, 5, 8
MM, 23, 4, 8
MM, 26, 4, 8
MM, 34, 3, 15
MM, 409, 563, 8
MM, 412, 563, 6
MM, 3, 5, 16
MM, 4, 6, 9
MM, 5, 7, 8
MM, 8, 7, 14
MM, 9, 7, 8
MM, 10, 7, 28
MM, 11, 7, 26
MM, 13, 7, 16
MM, 5, 7, 277
MM, 0, 8, 8
MM, 409, 569, 8
MM, 32, 10, 9
MM, 22, 10, 16
MM, 16, 11, 8
MM, 13, 12, 6
MM, 12, 13, 7
MM, 11, 13, 10
MM, 10, 13, 50
MM, 9, 13, 11
MM, 7, 13, 23
MM, 413, 577, 241
MM, 8, 18, 5
MM, 25, 20, 18
MM, 455, 582, 7
MM, 21, 22, 8
MM, 11, 22, 8
MM, 527, 582, 8
MM, 26, 22, 13
MM, 8, 23, 16
MM, 17, 25, 8
MM, 23, 26, 8
MM, 29, 26, 8
MM, 32, 25, 9
MM, 33, 24, 6
MM, 33, 23, 8
MM, 34, 23, 110
MM, 605, 584, 5
MM, 606, 584, 8
MM, 607, 584, 8
MM, 609, 584, 8
MM, 3, 24, 25
MM, 5, 24, 13
MM, 5, 23, 13
MM, 6, 23, 43
MM, 8, 22, 7
MM, 9, 21, 8
MM, 11, 21, 17
MM, 12, 21, 7
MM, 13, 20, 8
MM, 14, 19, 14
MM, 15, 19, 9
MM, 15, 18, 15
MM, 15, 17, 20
MM, 6, 19, 242
MM, 2, 20, 8
MM, 0, 22, 8
MM, 608, 585, 7
MM, 33, 30, 16
MM, 601, 592, 8
MM, 600, 594, 6
MM, 598, 596, 9
MM, 16, 1, 8
MM, 14, 3, 16
MM, 12, 5, 8
MM, 12, 6, 9
MM, 10, 8, 7
MM, 9, 9, 6
MM, 7, 12, 16
MM, 5, 12, 8
MM, 4, 14, 8
MM, 578, 620, 38
MM, 576, 622, 16
MM, 575, 623, 17
MM, 34, 27, 21
MM, 33, 27, 8
MM, 32, 27, 20
MM, 31, 28, 14
MM, 30, 29, 8
MM, 28, 29, 8
MM, 566, 628, 8
MM, 564, 629, 8
MM, 562, 631, 8
MM, 561, 632, 7
MM, 560, 633, 9
MM, 25, 2, 14
MM, 22, 4, 8
MM, 19, 5, 8
MM, 17, 7, 8
MM, 15, 7, 16
MM, 15, 8, 10
MM, 15, 9, 8
MM, 16, 9, 116
MM, 17, 9, 29
MM, 14, 8, 172
MM, 11, 6, 9
MM, 8, 2, 7
MM, 533, 633, 6
MM, 532, 632, 8
MM, 529, 629, 16
MM, 527, 628, 8
MM, 27, 29, 9
MM, 23, 25, 37
MM, 22, 23, 8
MM, 20, 22, 9
MM, 19, 20, 8
MM, 18, 19, 8
MM, 16, 17, 14
MM, 15, 16, 8
MM, 14, 14, 8
MM, 12, 13, 8
MM, 11, 12, 8
MM, 9, 10, 8
MM, 7, 9, 8
MM, 6, 7, 6
MM, 7, 7, 264
MM, 8, 9, 8
MM, 10, 10, 8
MM, 10, 11, 8
MM, 12, 12, 14
MM, 12, 13, 13
MM, 13, 13, 7
MC, 1, 290
MM, 14, 14, 108
MM, 15, 16, 9
MM, 15, 17, 7
MM, 15, 18, 7
MM, 16, 20, 6
MM, 16, 21, 9
MM, 16, 22, 7
MM, 16, 24, 9
MM, 16, 25, 8
MM, 16, 26, 8
MM, 16, 28, 7
MM, 515, 628, 15
MM, 514, 632, 16
MM, 24, 1, 8
MM, 24, 4, 8
MM, 22, 7, 8
MM, 20, 9, 8
MM, 19, 12, 8
MM, 18, 13, 5
MM, 16, 14, 8
MM, 15, 14, 17
MM, 14, 14, 7
MM, 13, 14, 17
MM, 13, 15, 5
MM, 12, 15, 8
MM, 12, 16, 8
MM, 11, 17, 9
MM, 10, 18, 8
MM, 8, 19, 8
MM, 7, 20, 8
MM, 6, 23, 14
MM, 4, 24, 8
MM, 3, 26, 8
MM, 1, 27, 8
MM, 0, 29, 8
MM, 486, 665, 8
MM, 482, 670, 14
MM, 76, 7, 16
MM, 75, 9, 7
MM, 73, 14, 9
MM, 71, 17, 7
MM, 69, 20, 8
MM, 67, 23, 8
MM, 63, 29, 14
MM, 462, 702, 8
MM, 459, 704, 8
MM, 457, 706, 8
MM, 454, 709, 16
MM, 454, 711, 6
MM, 454, 710, 54
MM, 454, 709, 17
MM, 454, 708, 78
MM, 454, 707, 8
MM, 457, 703, 14
MM, 457, 702, 8
MM, 57, 30, 8
MM, 57, 28, 8
MM, 57, 27, 8
MM, 57, 26, 8
MM, 58, 24, 8
MM, 59, 23, 7
MM, 61, 20, 14
MM, 61, 19, 17
MM, 61, 18, 24
MM, 61, 17, 14
MM, 62, 17, 21
MM, 62, 16, 11
MM, 62, 15, 67
MC, 1, 177
MM, 72, 8, 13
MM, 29, 6, 46
MM, 528, 635, 16
MM, 529, 633, 8
MM, 530, 632, 9
MM, 530, 630, 16
MM, 530, 629, 8
MM, 31, 30, 6
MM, 32, 29, 7
MM, 33, 28, 8
MM, 33, 26, 9
MM, 34, 25, 7
MM, 534, 621, 9
MM, 535, 614, 46
MM, 535, 613, 111
MM, 534, 613, 8
MM, 34, 16, 9
MM, 33, 16, 8
MM, 32, 16, 8
MM, 31, 16, 14
MM, 30, 16, 8
MM, 28, 17, 16
MM, 25, 18, 7
MM, 23, 20, 8
MM, 22, 20, 6
MM, 20, 20, 9
MM, 19, 20, 66
MM, 34, 16, 276
MM, 26, 7, 37
MM, 27, 5, 8
MM, 30, 2, 14
MM, 32, 2, 8
MM, 32, 1, 9
MM, 574, 593, 46
MM, 575, 591, 16
MM, 5, 29, 8
MM, 5, 28, 16
MM, 5, 27, 11
MM, 6, 27, 7
MM, 7, 27, 28
MM, 8, 26, 16
MM, 9, 26, 19
MM, 10, 26, 35
MM, 11, 26, 27
MM, 11, 24, 15
MM, 12, 23, 8
MM, 12, 22, 12
MM, 13, 21, 15
MM, 13, 20, 7
MM, 13, 19, 17
MM, 14, 19, 7
MM, 14, 18, 16
MM, 14, 17, 6
MM, 14, 14, 16
MM, 14, 13, 8
MM, 14, 12, 8
MM, 14, 10, 8
MM, 13, 9, 8
MM, 18, 17, 220
MM, 20, 21, 8
MM, 22, 27, 8
MM, 14, 0, 14
MM, 16, 6, 8
MM, 17, 12, 8
MM, 19, 20, 15
MM, 19, 25, 15
MM, 19, 26, 8
MM, 18, 27, 8
MM, 18, 29, 8
MM, 16, 30, 8
MM, 596, 629, 8
MM, 594, 630, 8
MM, 14, 8, 54
MM, 13, 14, 38
MM, 13, 15, 28
MM, 12, 15, 51
MM, 12, 16, 16
MM, 10, 16, 5
MC, 1, 187
MM, 9, 18, 15
MM, 8, 18, 17
MM, 7, 19, 4
MM, 4, 22, 9
MM, 3, 24, 7
MM, 0, 26, 16
MM, 568, 661, 9
MM, 565, 662, 8
MM, 28, 30, 14
MM, 26, 30, 8
MM, 552, 666, 7
MM, 543, 670, 17
MM, 140, 0, 7
MM, 135, 2, 9
MM, 125, 6, 14
MM, 120, 8, 8
MM, 116, 9, 8
MM, 110, 11, 8
MM, 106, 13, 7
MM, 103, 15, 8
MM, 100, 17, 15
MM, 99, 18, 8
MM, 98, 20, 8
MM, 96, 20, 8
MM, 93, 21, 46
MM, 89, 21, 40
MM, 88, 21, 14
MC, 1, 364
MM, 88, 22, 7
MM, 89, 23, 17
MM, 90, 24, 51
MM, 91, 24, 6
MM, 93, 24, 15
MM, 95, 21, 7
MM, 97, 19, 9
MM, 98, 18, 7
MM, 100, 16, 9
MM, 101, 15, 8
MM, 111, 6, 46
MM, 112, 5, 17
MM, 113, 5, 7
MM, 114, 4, 7
MM, 114, 3, 6
MM, 115, 1, 17
MM, 516, 670, 8
MM, 519, 668, 16
MM, 522, 665, 14
MM, 524, 664, 8
MM, 527, 663, 8
MM, 6, 28, 8
MM, 15, 26, 8
MM, 27, 22, 14
MM, 34, 20, 8
MM, 569, 652, 7
MM, 6, 15, 8
MM, 18, 10, 17
MM, 20, 9, 8
MM, 22, 6, 14
MM, 23, 5, 7
MM, 24, 3, 8
MM, 24, 2, 8
MM, 25, 0, 8
MM, 596, 633, 8
MM, 599, 630, 14
MM, 600, 628, 8
MM, 21, 29, 8
MM, 22, 26, 8
MM, 25, 23, 9
MM, 26, 22, 8
MM, 27, 20, 8
MM, 29, 18, 14
MM, 30, 17, 8
MM, 30, 16, 8
MM, 612, 611, 8
MM, 613, 608, 15
MM, 614, 607, 8
MM, 615, 605, 6
MM, 616, 604, 9
MM, 0, 3, 23
MM, 0, 1, 8
MM, 0, 0, 8
MM, 619, 596, 8
MM, 619, 595, 6
MM, 619, 594, 16
MM, 619, 593, 93
MM, 619, 592, 16
MM, 8, 30, 7
MM, 8, 28, 16
MM, 8, 27, 17
MM, 8, 26, 17
MM, 8, 25, 18
MM, 8, 24, 15
MM, 9, 23, 7
MM, 10, 22, 6
MM, 11, 22, 8
MM, 11, 21, 8
MM, 12, 20, 9
MM, 13, 19, 7
MM, 14, 19, 8
MM, 14, 17, 17
MM, 11, 17, 241
MM, 6, 18, 8
MM, 608, 580, 8
MM, 30, 20, 9
MM, 10, 24, 16
MM, 26, 26, 8
MM, 523, 593, 5
MM, 22, 0, 8
MM, 6, 6, 18
MM, 25, 6, 7
MM, 30, 10, 30
MM, 29, 11, 7
MM, 28, 11, 67
MM, 27, 11, 17
MM, 26, 11, 25
MM, 25, 11, 8
MM, 24, 12, 7
MM, 23, 12, 8
MM, 24, 13, 85
MM, 26, 14, 8
MM, 27, 16, 8
MM, 29, 17, 8
MM, 31, 18, 8
MM, 374, 616, 8
MM, 379, 617, 8
MM, 6, 20, 14
MM, 7, 20, 8
MM, 8, 20, 8
MM, 9, 19, 29
MM, 10, 19, 25
MC, 1, 252
MM, 410, 631, 46
MM, 18, 15, 16
MM, 27, 23, 8
MM, 443, 665, 6
MM, 51, 1, 8
MM, 57, 8, 8
MM, 63, 13, 8
MM, 69, 18, 8
MM, 80, 30, 49
MM, 81, 30, 8
MM, 481, 702, 8
MM, 482, 704, 16
MM, 482, 706, 7
MM, 483, 707, 7
MM, 483, 708, 9
MM, 482, 708, 59
MM, 481, 707, 64
MM, 480, 707, 21
MM, 479, 707, 14
MM, 478, 707, 8
MM, 476, 706, 8
MM, 475, 706, 15
MM, 475, 704, 8
MM, 475, 702, 9
MM, 75, 30, 5
MM, 75, 29, 8
MM, 75, 26, 17
MM, 75, 25, 8
MM, 75, 24, 8
MM, 75, 23, 23
MM, 75, 22, 7
MM, 75, 21, 12
MM, 75, 20, 16
MM, 75, 19, 17
MM, 75, 18, 30
MM, 75, 17, 15
MM, 75, 16, 17
MM, 81, 15, 195
MM, 87, 13, 8
MM, 92, 11, 8
MM, 102, 8, 8
MM, 116, 6, 8
MM, 544, 668, 14
MM, 29, 27, 8
MM, 3, 21, 8
MM, 13, 15, 8
MM, 23, 8, 8
MM, 31, 4, 14
MM, 32, 2, 8
MM, 32, 1, 21
MM, 32, 0, 7
MM, 602, 633, 7
MM, 601, 631, 8
MM, 601, 628, 6
MM, 20, 27, 18
MM, 20, 25, 7
MM, 20, 23, 8
MM, 22, 21, 8
MM, 23, 20, 8
MM, 26, 17, 14
MM, 29, 14, 16
MM, 613, 610, 7
MM, 617, 607, 8
MM, 7, 6, 17
MM, 9, 4, 6
MM, 13, 1, 16
MM, 14, 0, 8
MM, 634, 595, 7
MM, 635, 593, 17
MM, 636, 591, 8
MM, 25, 30, 5
MM, 27, 30, 8
MM, 28, 29, 8
MM, 29, 29, 8
MM, 642, 588, 8
MM, 643, 588, 8
MM, 646, 588, 15
MM, 647, 588, 7
MM, 0, 28, 8
MM, 0, 27, 9
MM, 1, 27, 35
MM, 2, 27, 15
MM, 4, 27, 8
MM, 5, 26, 8
MM, 6, 26, 8
MM, 7, 26, 17
MM, 7, 25, 26
MM, 7, 24, 19
MM, 8, 24, 30
MM, 9, 24, 36
MM, 9, 23, 14
MM, 9, 22, 7
MM, 10, 21, 9
MM, 10, 19, 8
MM, 10, 17, 16
MM, 10, 16, 14
MM, 11, 16, 8
MM, 2, 16, 236
MM, 1, 24, 54
MM, 27, 28, 16
MM, 20, 30, 8
MM, 578, 595, 14
MM, 33, 1, 8
MM, 28, 2, 8
MM, 25, 4, 7
MM, 10, 10, 18
MM, 15, 28, 53
MM, 12, 30, 16
MM, 509, 629, 8
MM, 508, 630, 6
MM, 507, 630, 29
MM, 505, 630, 26
MM, 499, 630, 47
MM, 498, 630, 72
MM, 497, 630, 8
MM, 492, 632, 16
MM, 491, 632, 8
MM, 490, 633, 7
MM, 485, 634, 14
MM, 32, 1, 9
MM, 30, 2, 8
MM, 29, 2, 15
MM, 27, 2, 8
MM, 26, 3, 9
MM, 23, 4, 13
MM, 21, 5, 9
MM, 20, 5, 17
MM, 19, 6, 7
MM, 18, 7, 163
MM, 17, 9, 19
MM, 16, 10, 6
MM, 16, 13, 16
MC, 1, 236
MM, 15, 13, 29
MM, 17, 24, 45
MM, 5, 13, 16
MM, 0, 9, 8
MM, 418, 603, 6
MM, 34, 2, 16
MM, 32, 0, 8
MM, 411, 596, 8
MM, 407, 592, 16
MM, 407, 591, 5
MM, 34, 29, 17
MM, 34, 28, 8
MM, 34, 27, 12
MM, 34, 26, 54
MM, 34, 25, 20
MM, 34, 24, 6
MM, 35, 23, 7
MM, 35, 21, 8
MM, 35, 20, 9
MM, 409, 578, 15
MM, 410, 577, 8
MM, 411, 576, 8
MM, 413, 575, 7
MM, 414, 575, 8
MM, 0, 15, 8
MM, 2, 14, 16
MM, 3, 14, 8
MM, 5, 14, 8
MM, 8, 12, 14
MM, 9, 12, 8
MM, 10, 12, 16
MM, 10, 11, 8
MC, 1, 250
MM, 16, 12, 23
MM, 29, 14, 17
MM, 450, 575, 8
MM, 455, 575, 8
MM, 9, 15, 22
MM, 10, 15, 54
MM, 11, 15, 29
MM, 12, 15, 29
MM, 12, 16, 9
MM, 13, 16, 7
MM, 14, 16, 17
MM, 15, 16, 9
MM, 16, 16, 20
MC, 1, 245
MM, 15, 16, 119
MM, 14, 16, 8
MM, 13, 16, 19
MM, 11, 16, 7
MM, 10, 16, 7
MM, 9, 16, 9
MM, 8, 16, 7
MM, 7, 16, 9
MM, 5, 16, 14
MM, 3, 16, 16
MM, 2, 16, 17
MM, 2, 17, 203
MM, 3, 21, 24
MM, 6, 24, 7
MM, 10, 29, 8
MM, 12, 1, 15
MM, 16, 6, 7
MM, 26, 21, 25
MM, 28, 24, 8
MM, 30, 26, 9
MM, 493, 624, 7
MM, 493, 626, 6
MM, 494, 626, 7
MM, 496, 628, 16
MM, 497, 630, 8
MM, 499, 631, 8
MM, 13, 0, 14
MM, 13, 1, 9
MM, 13, 2, 8
MM, 14, 3, 7
MM, 14, 4, 9
MM, 15, 4, 17
MM, 15, 5, 4
MM, 16, 7, 45
MM, 16, 10, 21
MM, 17, 12, 9
MM, 17, 13, 7
MM, 17, 15, 8
MM, 17, 17, 8
MM, 17, 19, 9
MM, 17, 21, 5
MM, 16, 23, 8
MM, 16, 24, 9
MM, 15, 26, 8
MM, 15, 27, 8
MM, 15, 29, 17
MM, 15, 30, 21
MM, 501, 665, 8
MM, 95, 6, 144
MM, 95, 7, 8
MM, 93, 8, 5
MM, 93, 10, 8
MM, 90, 13, 17
MM, 90, 12, 112
MM, 103, 13, 182
MM, 114, 11, 8
MM, 542, 666, 16
MM, 29, 21, 6
MM, 5, 10, 8
MM, 20, 2, 8
MM, 603, 629, 7
MM, 615, 621, 17
MM, 616, 619, 8
MM, 0, 18, 14
MM, 0, 17, 8
MM, 0, 16, 7
MM, 0, 14, 8
MM, 0, 11, 9
MM, 0, 8, 8
MM, 0, 5, 8
MM, 619, 593, 14
MM, 10, 30, 8
MM, 12, 28, 8
MM, 15, 26, 16
MM, 15, 25, 8
MM, 15, 23, 14
MM, 16, 21, 16
MM, 17, 20, 8
MM, 18, 19, 8
MM, 19, 17, 8
MM, 22, 13, 14
MM, 25, 9, 7
MM, 29, 4, 8
MM, 644, 558, 8
MM, 33, 23, 16
MM, 34, 21, 8
MM, 655, 543, 6
MM, 656, 541, 8
MM, 656, 539, 16
MM, 657, 539, 9
MM, 658, 539, 20
MM, 659, 539, 5
MM, 11, 10, 95
MM, 13, 9, 8
MM, 15, 7, 8
MM, 19, 6, 14
MM, 26, 1, 40
MM, 25, 1, 162
MM, 23, 1, 7
MM, 22, 2, 10
MM, 21, 3, 5
MM, 16, 12, 47
MM, 15, 13, 123
MM, 14, 13, 13
MM, 14, 14, 11
MM, 14, 15, 190
MM, 13, 17, 17
MM, 9, 23, 13
MM, 8, 29, 7
MM, 0, 25, 47
MM, 8, 16, 48
MM, 6, 19, 14
MM, 4, 21, 8
MM, 3, 22, 8
MM, 3, 24, 8
MM, 2, 25, 8
MM, 1, 27, 8
MM, 1, 28, 15
MM, 1, 29, 28
MM, 1, 30, 15
MM, 619, 629, 14
MM, 619, 631, 8
MM, 618, 632, 8
MM, 617, 633, 8
MM, 2, 1, 8
MM, 2, 2, 8
MM, 1, 3, 8
MM, 613, 641, 14
MM, 611, 645, 8
MM, 610, 649, 8
MM, 37, 25, 16
MM, 606, 665, 14
MM, 606, 667, 8
MM, 607, 667, 9
MM, 608, 667, 15
MM, 609, 668, 13
MM, 610, 668, 6
MM, 611, 668, 31
MM, 612, 669, 8
MM, 612, 670, 7
MM, 613, 670, 17
MM, 614, 671, 14
MM, 614, 672, 8
MM, 615, 672, 17
MM, 616, 672, 50
MM, 617, 671, 7
MM, 617, 670, 16
MM, 617, 669, 5
MM, 618, 668, 17
MM, 618, 667, 8
MM, 618, 666, 8
MM, 618, 665, 23
MM, 3, 30, 24
MM, 3, 28, 24
MM, 3, 27, 5
MM, 4, 26, 8
MM, 5, 24, 8
MM, 6, 23, 8
MM, 8, 22, 8
MM, 10, 20, 16
MM, 10, 18, 8
MM, 11, 18, 8
MM, 12, 17, 54
MM, 14, 16, 22
MM, 14, 15, 7
MM, 15, 15, 8
MM, 15, 14, 81
MC, 1, 132
MM, 19, 12, 15
MM, 644, 633, 16
MM, 32, 30, 7
MM, 0, 18, 16
MM, 669, 594, 15
MM, 26, 24, 9
MM, 31, 16, 8
MM, 34, 7, 14
MM, 683, 566, 8
MM, 683, 563, 8
MM, 684, 559, 16
MM, 684, 557, 8
MM, 685, 555, 8
MM, 25, 30, 8
MM, 25, 28, 6
MM, 26, 27, 8
MM, 27, 24, 16
MM, 28, 23, 8
MM, 29, 23, 8
MM, 29, 22, 8
MM, 30, 21, 14
MM, 30, 20, 29
MM, 31, 20, 7
MM, 32, 20, 68
MM, 33, 20, 7
MM, 696, 542, 8
MM, 700, 541, 8
MM, 0, 17, 8
MM, 2, 16, 17
MM, 5, 15, 7
MM, 8, 13, 15
MM, 10, 13, 8
MM, 11, 12, 8
MM, 12, 11, 8
MM, 13, 11, 8
MC, 2, 538
MC, 3, 243
MM, 13, 13, 28
MM, 13, 14, 17
MM, 13, 16, 16
MM, 13, 17, 21
MM, 13, 18, 6
MM, 13, 19, 8
MM, 13, 20, 6
MM, 12, 22, 17
MM, 11, 22, 8
MM, 10, 24, 7
MM, 9, 25, 9
MM, 697, 559, 45
MM, 0, 4, 17
MM, 31, 10, 13
MM, 13, 0, 62
MM, 3, 5, 16
MM, 617, 603, 9
MM, 30, 10, 16
MM, 27, 11, 8
MM, 19, 15, 14
MM, 15, 16, 9
MM, 11, 18, 7
MM, 5, 22, 8
MM, 580, 622, 8
MM, 568, 628, 13
MM, 561, 633, 9
MM, 26, 4, 8
MM, 16, 11, 7
MM, 527, 659, 17
MM, 519, 665, 8
MM, 506, 668, 13
MM, 501, 670, 8
MM, 99, 1, 17
MM, 100, 1, 35
MM, 100, 2, 140
MM, 100, 4, 15
MM, 100, 6, 13
MM, 101, 7, 16
MM, 101, 8, 9
MM, 101, 9, 16
MM, 101, 10, 8
MM, 113, 6, 294
MM, 118, 0, 6
MM, 1, 23, 16
MM, 6, 16, 7
MM, 15, 1, 16
MM, 548, 628, 8
MM, 10, 25, 8
MM, 13, 21, 7
MM, 17, 14, 16
MM, 18, 11, 8
MM, 20, 7, 8
MM, 23, 1, 16
MM, 565, 594, 6
MM, 567, 590, 8
MM, 568, 588, 8
MM, 1, 25, 16
MM, 2, 23, 8
MM, 5, 21, 14
MM, 5, 19, 8
MM, 6, 19, 8
MM, 6, 17, 8
MM, 11, 12, 32
MM, 11, 10, 13
MM, 11, 9, 8
MM, 11, 8, 20
MM, 11, 7, 32
MM, 10, 7, 48
MM, 9, 7, 5
MM, 8, 7, 8
MM, 5, 8, 16
MM, 4, 8, 8
MM, 2, 10, 8
MM, 567, 573, 14
MM, 565, 574, 7
MM, 30, 14, 16
MM, 28, 15, 16
MM, 25, 15, 14
MM, 23, 15, 16
MM, 21, 15, 8
MM, 20, 15, 8
MM, 19, 15, 8
MM, 18, 15, 9
MM, 17, 15, 14
MM, 15, 15, 16
MM, 12, 15, 274
MM, 528, 573, 16
MM, 20, 12, 8
MM, 30, 12, 16
MM, 3, 15, 14
MM, 450, 575, 8
MM, 28, 15, 8
MM, 23, 15, 16
MM, 22, 15, 254
MM, 22, 14, 8
MM, 14, 18, 168
MM, 410, 590, 14
MM, 15, 0, 8
MM, 27, 11, 16
MM, 8, 13, 16
MM, 4, 14, 5
MM, 2, 15, 9
MM, 1, 15, 8
MM, 0, 15, 8
MM, 0, 16, 11
MM, 0, 17, 24
MM, 0, 18, 11
MM, 0, 19, 17
MM, 338, 617, 7
MM, 338, 618, 8
MM, 338, 620, 7
MM, 337, 620, 6
MM, 337, 621, 8
MM, 337, 622, 25
MM, 337, 623, 30
MM, 337, 624, 26
MM, 338, 624, 28
MM, 338, 625, 25
MM, 0, 28, 7
MM, 1, 28, 8
MM, 2, 29, 16
MM, 3, 29, 11
MM, 4, 29, 36
MM, 5, 29, 6
MM, 6, 28, 6
MM, 9, 26, 17
MM, 10, 25, 8
MM, 11, 24, 8
MM, 13, 23, 7
MM, 15, 20, 15
MM, 15, 19, 8
MM, 16, 17, 16
MM, 30, 14, 277
MM, 378, 609, 8
MM, 7, 8, 8
MM, 27, 3, 17
MM, 417, 598, 7
MM, 432, 595, 14
MM, 435, 593, 8
MM, 438, 592, 16
MM, 24, 30, 8
MM, 26, 29, 8
MM, 32, 26, 15
MM, 453, 584, 7
MM, 8, 20, 17
MM, 13, 19, 7
MM, 19, 17, 8
MM, 24, 15, 15
MM, 25, 14, 8
MM, 26, 13, 33
MM, 26, 12, 7
MM, 27, 12, 6
MM, 28, 12, 8
MM, 29, 12, 8
MM, 30, 12, 8
MM, 31, 12, 38
MM, 488, 572, 8
MM, 2, 15, 48
MM, 1, 14, 76
MM, 0, 14, 7
MM, 493, 574, 16
MM, 492, 574, 9
MM, 490, 573, 14
MM, 488, 573, 8
MM, 29, 13, 8
MM, 26, 13, 8
MM, 22, 14, 8
MM, 15, 16, 15
MM, 14, 17, 6
MM, 12, 19, 8
MM, 11, 19, 16
MC, 1, 319
MM, 9, 19, 14
MM, 6, 20, 17
MM, 0, 23, 7
MM, 433, 591, 30
MM, 425, 593, 8
MM, 418, 595, 8
MM, 32, 2, 8
MM, 27, 5, 8
MM, 21, 8, 16
MM, 20, 9, 6
MM, 19, 10, 8
MM, 18, 11, 8
MM, 17, 11, 46
MM, 16, 11, 17
MM, 15, 13, 7
MM, 13, 13, 8
MM, 13, 14, 7
MM, 12, 14, 8
MM, 12, 15, 15
MM, 11, 15, 16
MM, 11, 16, 13
MM, 9, 16, 7
MM, 12, 19, 287
MM, 12, 20, 11
MM, 13, 20, 5
MM, 13, 21, 8
MM, 15, 21, 8
MM, 16, 22, 9
MM, 17, 23, 8
MM, 21, 24, 8
MM, 26, 24, 8
MM, 417, 621, 14
MM, 2, 24, 8
MM, 6, 25, 8
MM, 12, 29, 8
MM, 439, 631, 8
MM, 0, 4, 8
MM, 485, 653, 14
MM, 13, 21, 8
MM, 22, 23, 8
MM, 29, 25, 8
MM, 34, 27, 16
MM, 34, 28, 8
MM, 523, 662, 6
MM, 523, 665, 16
MM, 523, 666, 8
MM, 524, 667, 8
MM, 524, 669, 8
MM, 126, 0, 8
MM, 127, 1, 8
MM, 127, 3, 6
MM, 127, 4, 8
MM, 127, 5, 8
MM, 127, 9, 16
MM, 124, 13, 16
MM, 123, 17, 6
MM, 121, 20, 8
MM, 120, 22, 8
MM, 119, 23, 8
MM, 117, 24, 46
MM, 116, 24, 8
MM, 116, 23, 8
MM, 115, 23, 8
MM, 114, 23, 8
MM, 114, 22, 67
MM, 114, 21, 25
MM, 114, 19, 70
MM, 114, 18, 8
MM, 114, 17, 8
MM, 114, 16, 8
MM, 114, 15, 55
MM, 114, 14, 17
MM, 127, 14, 174
MM, 133, 12, 7
MM, 140, 9, 9
MM, 557, 670, 17
MM, 20, 11, 15
MM, 607, 631, 6
MM, 5, 24, 7
MM, 16, 16, 8
MM, 27, 10, 9
MM, 653, 600, 8
MM, 659, 594, 8
MM, 15, 29, 8
MM, 19, 21, 14
MM, 21, 18, 8
MM, 23, 15, 8
MM, 24, 12, 8
MM, 26, 7, 8
MM, 27, 6, 8
MM, 29, 3, 6
MM, 30, 2, 8
MM, 32, 0, 8
MM, 681, 559, 8
MM, 683, 557, 16
MM, 683, 556, 8
MM, 684, 555, 8
MM, 684, 554, 6
MM, 23, 30, 20
MM, 23, 29, 8
MM, 25, 28, 8
MM, 26, 27, 8
MM, 27, 26, 14
MM, 27, 25, 44
MM, 26, 25, 22
MM, 25, 25, 17
MM, 24, 25, 14
MM, 23, 25, 8
MM, 19, 27, 14
MM, 17, 30, 8
MM, 676, 556, 8
MM, 24, 0, 16
MM, 22, 1, 8
MM, 20, 4, 14
MM, 19, 4, 8
MM, 18, 4, 9
MM, 16, 5, 15
MM, 15, 5, 9
MM, 12, 5, 14
MM, 16, 9, 297
MM, 18, 13, 8
MM, 20, 15, 8
MM, 21, 16, 9
MM, 28, 27, 54
MM, 29, 28, 7
MM, 30, 30, 9
MM, 678, 592, 14
MM, 678, 593, 8
MM, 678, 595, 8
MM, 678, 596, 8
MM, 20, 0, 8
MM, 20, 3, 16
MM, 20, 4, 6
MM, 20, 5, 16
MM, 19, 5, 20
MM, 18, 5, 8
MM, 17, 5, 23
MM, 16, 5, 40
MM, 15, 5, 17
MM, 14, 5, 49
MC, 1, 208
MM, 13, 6, 15
MM, 11, 6, 22
MM, 10, 6, 8
MM, 9, 6, 8
MM, 8, 6, 8
MM, 5, 5, 16
MM, 3, 4, 8
MM, 0, 4, 6
MM, 32, 5, 16
MM, 19, 9, 16
MM, 12, 11, 8
MM, 30, 16, 14
MM, 22, 18, 8
MM, 14, 21, 8
MM, 8, 23, 9
MM, 576, 625, 15
MM, 30, 30, 8
MM, 566, 628, 6
MM, 558, 629, 16
MM, 554, 629, 7
MM, 549, 629, 9
MM, 543, 629, 8
MM, 531, 629, 16
MM, 525, 628, 6
MM, 23, 29, 7
MM, 19, 28, 16
MM, 18, 28, 17
MM, 17, 28, 13
MM, 17, 27, 8
MM, 15, 27, 9
MM, 15, 26, 8
MM, 14, 25, 8
MM, 13, 25, 8
MM, 10, 22, 15
MM, 9, 21, 7
MM, 4, 19, 8
MM, 1, 17, 8
MM, 493, 611, 54
MM, 30, 13, 9
MM, 28, 13, 7
MM, 23, 13, 8
MM, 17, 13, 8
MM, 6, 15, 14
MM, 461, 614, 15
MM, 460, 614, 9
MM, 457, 614, 16
MM, 456, 614, 8
MM, 32, 17, 22
MM, 31, 17, 8
MM, 30, 17, 8
MM, 19, 17, 16
MM, 14, 18, 6
MM, 10, 18, 8
MM, 8, 20, 8
MM, 7, 20, 8
MM, 6, 20, 97
MM, 7, 20, 256
MM, 8, 20, 14
MM, 9, 20, 19
MM, 10, 20, 20
MM, 10, 19, 8
MM, 11, 19, 12
MC, 1, 204
MM, 12, 19, 15
MM, 13, 20, 14
MM, 14, 20, 7
MM, 19, 19, 14
MM, 24, 18, 8
MM, 30, 16, 8
MM, 456, 611, 8
MM, 25, 11, 22
MM, 498, 608, 8
MM, 22, 16, 16
MM, 534, 615, 8
MM, 6, 18, 8
MM, 17, 18, 8
MM, 33, 18, 14
MM, 578, 615, 8
MM, 8, 18, 16
MM, 14, 17, 8
MM, 2, 1, 30
MM, 689, 594, 8
MM, 747, 586, 15
MM, 792, 589, 16
MM, 806, 590, 9
MM, 816, 592, 6
MM, 830, 594, 16
MM, 834, 594, 8
MM, 840, 594, 16
MM, 841, 594, 8
MM, 842, 594, 6
MM, 843, 594, 24
MM, 844, 594, 17
MM, 844, 593, 7
MM, 843, 593, 159
MM, 836, 606, 44
MM, 834, 608, 9
MM, 832, 609, 7
MM, 829, 611, 9
MM, 53, 2, 14
MM, 49, 3, 15
MM, 47, 4, 9
MM, 46, 5, 8
MM, 43, 8, 16
MM, 41, 10, 7
MM, 39, 11, 6
MM, 39, 12, 9
MM, 40, 12, 148
MM, 40, 13, 13
MM, 41, 13, 5
MM, 41, 14, 59
MM, 42, 14, 7
