********************************************************************************
LOGGING TIME: 20181014_232743
CLIENT IP: 192.168.56.1
USERNAME: user-pc
OS: Windows 10
**********************************Emotional database********************************************************************************
MM, 769, 646, 1537598292106
MM, 767, 643, 704
MM, 764, 642, 10
MM, 761, 637, 10
MM, 760, 632, 11
MM, 752, 623, 9
MM, 746, 617, 10
MM, 735, 605, 10
MM, 24, 26, 10
MM, 24, 29, 10
MM, 8, 7, 11
MM, 390, 82, 10
MM, 370, 49, 10
MM, 351, 20, 10
MM, 582, 402, 10
MM, 311, 77, 10
MM, 289, 51, 10
MM, 280, 41, 10
MM, 271, 17, 10
MM, 267, 7, 10
MM, 264, 2, 10
MM, 510, 280, 10
MM, 507, 274, 10
MM, 505, 272, 10
MM, 501, 267, 11
MM, 501, 261, 10
MM, 488, 257, 9
MM, 481, 250, 241
MM, 388, 162, 41
MM, 375, 150, 10
MM, 352, 139, 10
MM, 342, 131, 10
MM, 336, 125, 10
MM, 332, 122, 10
MM, 331, 122, 11
MM, 331, 121, 45
MM, 330, 121, 1
MM, 330, 122, 13
MM, 329, 122, 181
MM, 327, 121, 10
MM, 327, 120, 10
MM, 326, 118, 11
MM, 324, 115, 10
MM, 322, 114, 10
MM, 324, 120, 592
MM, 331, 129, 10
MM, 345, 150, 10
MM, 353, 164, 10
MM, 361, 175, 11
MM, 389, 246, 240
MM, 389, 247, 10
MM, 389, 249, 21
MM, 389, 251, 20
MM, 389, 253, 9
MM, 389, 255, 11
MM, 389, 262, 10
MM, 389, 265, 9
MM, 389, 271, 10
MM, 389, 276, 11
MM, 389, 279, 11
MM, 389, 283, 9
MM, 137, 14, 9
MM, 135, 21, 11
MM, 134, 25, 10
MM, 133, 27, 10
MM, 132, 29, 10
MM, 131, 30, 10
MM, 131, 31, 11
MM, 130, 30, 20
MM, 128, 28, 9
MC, 1, 271
MM, 128, 29, 21311
MM, 127, 31, 10
MM, 128, 33, 10
MM, 128, 37, 10
MM, 128, 42, 10
MM, 128, 47, 11
MM, 128, 49, 9
MM, 128, 52, 11
MM, 128, 53, 10
MM, 128, 55, 10
MM, 128, 58, 10
MM, 127, 60, 10
MM, 125, 64, 10
MM, 124, 66, 10
MM, 122, 68, 10
MM, 120, 72, 10
MM, 117, 77, 10
MM, 364, 369, 10
MM, 361, 374, 10
MM, 359, 378, 11
MM, 357, 387, 9
MM, 350, 412, 10
MM, 97, 4, 10
MM, 91, 18, 10
MM, 90, 29, 10
MM, 86, 43, 10
MM, 79, 63, 10
MM, 71, 85, 10
MM, 65, 87, 10
MM, 63, 87, 10
MM, 63, 86, 403
MM, 63, 83, 10
MM, 65, 79, 10
MM, 65, 77, 10
MM, 67, 65, 10
MM, 68, 64, 10
MM, 69, 62, 10
MM, 69, 61, 10
MC, 1, 682
MM, 80, 61, 900
MM, 100, 61, 10
MM, 140, 69, 10
MM, 164, 75, 11
MM, 186, 75, 10
MM, 201, 76, 10
MM, 208, 79, 10
MM, 209, 81, 10
MM, 213, 82, 10
MM, 213, 83, 10
MM, 213, 84, 40
MM, 213, 85, 10
MM, 213, 86, 10
MM, 213, 87, 20
MM, 212, 89, 51
MM, 211, 89, 10
MM, 461, 506, 10
MM, 459, 507, 10
MM, 457, 507, 10
MM, 457, 508, 10
MM, 456, 509, 10
MM, 453, 511, 10
MM, 453, 512, 10
MM, 450, 513, 11
MM, 450, 514, 9
MM, 447, 517, 10
MM, 446, 517, 10
MM, 444, 517, 11
MM, 442, 519, 9
MM, 441, 519, 10
MM, 439, 519, 11
MM, 438, 520, 10
MM, 438, 521, 10
MM, 437, 521, 10
MM, 23, 2, 442
MM, 23, 6, 10
MM, 23, 10, 10
MM, 23, 11, 10
MM, 23, 12, 10
MM, 22, 15, 10
MM, 22, 17, 10
MM, 21, 18, 10
MM, 20, 20, 10
MM, 20, 25, 10
MM, 20, 26, 10
MM, 20, 27, 31
MM, 19, 27, 79
MM, 19, 26, 432
MM, 19, 25, 10
MM, 19, 24, 11
MM, 20, 23, 10
MM, 21, 23, 10
MM, 23, 21, 10
MM, 26, 20, 10
MM, 31, 20, 10
MM, 450, 542, 10
MM, 453, 541, 10
MM, 0, 18, 10
MM, 7, 18, 10
MM, 12, 17, 10
MM, 17, 17, 10
MM, 21, 17, 11
MM, 24, 16, 9
MM, 25, 16, 10
MM, 26, 16, 10
MM, 28, 16, 10
MM, 29, 16, 20
MM, 30, 16, 71
MM, 31, 16, 10
MM, 33, 16, 10
MM, 34, 16, 10
MM, 491, 539, 9
MM, 492, 539, 12
MM, 494, 539, 10
MM, 495, 539, 10
MM, 0, 16, 10
MM, 1, 16, 10
MM, 2, 16, 10
MM, 3, 16, 20
MM, 4, 16, 20
MM, 6, 16, 20
MM, 8, 16, 10
MM, 9, 16, 10
MM, 12, 16, 10
MM, 13, 16, 10
MM, 14, 16, 10
MM, 16, 16, 10
MM, 17, 16, 10
MM, 19, 16, 30
MM, 21, 14, 21
MM, 23, 15, 733
MM, 26, 15, 10
MM, 32, 19, 10
MM, 533, 546, 10
MM, 18, 6, 11
MM, 24, 16, 9
MM, 31, 22, 10
MM, 577, 593, 10
MM, 2, 4, 10
MM, 8, 8, 11
MM, 12, 19, 9
MM, 16, 27, 10
MM, 16, 28, 10
MM, 18, 29, 10
MM, 18, 30, 11
MM, 19, 30, 10
MM, 601, 628, 10
MM, 601, 629, 10
MM, 602, 629, 10
MM, 603, 628, 79
MM, 602, 628, 5403
MM, 598, 630, 10
MM, 590, 632, 9
MM, 9, 9, 11
MM, 32, 21, 9
MM, 141, 1, 11
MM, 128, 12, 10
MM, 116, 23, 9
MM, 500, 719, 11
MM, 493, 725, 10
MM, 492, 724, 191
MM, 507, 714, 9
MM, 519, 711, 10
MM, 535, 711, 11
MM, 561, 707, 10
MM, 574, 707, 10
MM, 584, 707, 11
MM, 606, 707, 10
MM, 618, 704, 9
MM, 630, 704, 10
MM, 641, 700, 10
MM, 654, 697, 10
MM, 669, 697, 10
MM, 677, 696, 10
MM, 683, 694, 10
MM, 686, 694, 10
MM, 691, 691, 10
MM, 694, 690, 10
MM, 697, 690, 10
MM, 700, 689, 20
MM, 700, 688, 10
MM, 699, 688, 122
MM, 698, 687, 20
MM, 696, 686, 10
MM, 695, 683, 10
MM, 692, 679, 10
MM, 689, 676, 10
MM, 688, 673, 9
MM, 685, 670, 11
MM, 683, 667, 9
MM, 27, 28, 10
MM, 22, 24, 11
MM, 21, 22, 10
MM, 19, 20, 10
MM, 18, 19, 10
MM, 18, 18, 10
MC, 1, 380
MM, 17, 18, 182
MM, 14, 18, 10
MM, 10, 18, 11
MM, 2, 18, 11
MM, 25, 17, 9
MM, 16, 17, 10
MM, 8, 17, 10
MM, 610, 651, 10
MM, 26, 13, 10
MM, 14, 13, 10
MM, 3, 10, 10
MM, 32, 4, 10
MM, 546, 630, 10
MM, 535, 623, 10
MM, 27, 15, 10
MM, 21, 11, 11
MM, 14, 4, 9
MM, 505, 593, 10
MM, 4, 26, 10
MM, 493, 576, 11
MM, 491, 573, 10
MM, 31, 7, 10
MM, 30, 4, 9
MM, 484, 556, 10
MM, 484, 555, 10
MM, 28, 30, 11
MM, 28, 27, 10
MM, 28, 24, 10
MM, 34, 13, 10
MM, 34, 12, 221
MM, 33, 11, 20
MM, 32, 11, 10
MM, 31, 10, 20
MM, 30, 9, 10
MM, 28, 10, 91
MM, 27, 11, 20
MM, 26, 13, 11
MM, 26, 15, 9
MM, 26, 16, 10
MM, 26, 19, 11
MM, 26, 23, 10
MM, 26, 29, 10
MM, 484, 556, 10
MM, 489, 562, 9
MM, 493, 568, 11
MM, 4, 13, 9
MM, 4, 19, 11
MM, 8, 25, 10
MM, 11, 27, 10
MM, 11, 29, 10
MM, 12, 28, 119
MM, 12, 27, 22
MC, 1, 310
MM, 13, 27, 262
MM, 15, 27, 20
MM, 17, 29, 20
MM, 18, 29, 10
MM, 19, 30, 10
MM, 515, 592, 11
MM, 516, 594, 9
MM, 517, 594, 11
MM, 518, 595, 10
MM, 519, 595, 20
MM, 520, 596, 9
MM, 23, 0, 20
MM, 26, 0, 11
MM, 27, 2, 11
MM, 31, 5, 9
MM, 34, 7, 10
MM, 534, 604, 10
MM, 535, 604, 11
MM, 536, 604, 10
MM, 537, 605, 10
MM, 538, 605, 9
MM, 539, 605, 11
MM, 0, 8, 9
MM, 2, 10, 41
MC, 1, 230
MM, 537, 607, 171
MM, 29, 10, 10
MM, 22, 10, 11
MM, 12, 8, 10
MM, 496, 601, 9
MM, 18, 1, 11
MM, 468, 594, 10
MM, 455, 590, 11
MM, 32, 28, 10
MM, 25, 27, 9
MM, 17, 27, 11
MM, 10, 25, 9
MM, 4, 24, 11
MM, 1, 23, 10
MM, 412, 581, 10
MM, 410, 581, 10
MM, 410, 580, 70
MM, 410, 579, 70
MM, 410, 577, 71
MM, 412, 577, 10
MM, 0, 16, 10
MM, 4, 13, 10
MM, 9, 8, 10
MM, 13, 9, 10
MM, 16, 9, 10
MM, 17, 9, 20
MM, 18, 9, 30
MM, 19, 9, 80
MM, 20, 10, 20
MM, 20, 11, 10
MM, 21, 12, 10
MM, 21, 13, 10
MM, 22, 14, 20
MM, 23, 15, 21
MM, 24, 15, 111
MC, 1, 301
MM, 25, 17, 201
MM, 26, 28, 20
MM, 443, 596, 10
MM, 23, 8, 10
MM, 28, 19, 10
MM, 452, 631, 11
MM, 7, 5, 9
MM, 7, 17, 10
MM, 9, 24, 10
MM, 460, 665, 10
MM, 460, 669, 10
MM, 60, 1, 10
MM, 60, 4, 10
MM, 60, 5, 21
MM, 60, 6, 9
MM, 60, 7, 10
MM, 60, 8, 20
MM, 60, 9, 21
MM, 60, 10, 40
MM, 62, 10, 572
MM, 63, 10, 10
MM, 67, 8, 11
MM, 72, 4, 9
MM, 77, 0, 11
MM, 481, 669, 10
MM, 484, 669, 10
MM, 485, 668, 11
MM, 486, 668, 250
MM, 486, 669, 10
MM, 487, 670, 10
MM, 87, 0, 10
MM, 87, 1, 10
MM, 89, 1, 11
MM, 89, 3, 10
MM, 90, 4, 9
MM, 91, 6, 10
MM, 91, 8, 11
MM, 92, 9, 10
MM, 93, 10, 10
MM, 93, 11, 10
MM, 93, 12, 30
MC, 1, 271
MM, 94, 12, 211
MM, 96, 10, 10
MM, 99, 7, 10
MM, 101, 6, 10
MM, 104, 5, 10
MM, 106, 5, 10
MM, 109, 3, 10
MM, 110, 3, 10
MM, 112, 2, 10
MM, 112, 1, 10
MM, 113, 1, 51
MM, 114, 1, 51
MM, 515, 670, 9
MM, 516, 669, 20
MM, 517, 669, 20
MM, 518, 667, 10
MM, 519, 666, 11
MM, 520, 665, 9
MM, 33, 29, 10
MM, 34, 29, 10
MM, 523, 662, 11
MM, 524, 662, 9
MM, 526, 660, 10
MM, 0, 23, 12
MM, 1, 22, 8
MM, 3, 18, 10
MM, 4, 18, 10
MM, 4, 16, 10
MM, 5, 15, 10
MM, 6, 15, 11
MM, 7, 14, 10
MM, 7, 13, 10
MM, 8, 13, 10
MM, 8, 12, 11
MM, 12, 9, 9
MC, 1, 231
MM, 7, 8, 161
MM, 527, 641, 10
MM, 25, 6, 10
MM, 11, 6, 10
MM, 26, 0, 10
MM, 456, 627, 10
MM, 16, 30, 10
MM, 2, 28, 11
MM, 32, 27, 9
MM, 26, 27, 10
MM, 17, 23, 10
MM, 12, 22, 10
MM, 6, 21, 10
MM, 1, 22, 10
MM, 379, 619, 11
MM, 376, 619, 10
MM, 375, 619, 10
MM, 374, 619, 10
MM, 34, 22, 9
MM, 33, 20, 102
MM, 31, 18, 9
MM, 30, 18, 20
MM, 27, 16, 10
MM, 25, 15, 20
MM, 24, 14, 31
MM, 22, 13, 10
MM, 21, 12, 40
MM, 20, 10, 10
MC, 1, 200
MM, 22, 10, 161
MM, 29, 10, 11
MM, 377, 607, 10
MM, 5, 10, 10
MM, 21, 15, 10
MM, 419, 615, 10
MM, 20, 18, 10
MM, 465, 628, 10
MM, 480, 630, 10
MM, 491, 632, 10
MM, 15, 3, 10
MM, 21, 3, 11
MM, 30, 3, 10
MM, 34, 3, 10
MM, 525, 638, 10
MM, 1, 7, 10
MM, 4, 7, 9
MM, 10, 10, 10
MM, 13, 11, 11
MM, 15, 11, 10
MM, 16, 11, 10
MM, 17, 12, 10
MM, 18, 13, 10
MM, 19, 13, 90
MM, 20, 13, 10
MM, 21, 13, 20
MM, 24, 13, 10
MM, 25, 13, 10
MM, 27, 13, 10
MM, 28, 13, 10
MM, 29, 13, 10
MM, 32, 13, 10
MM, 34, 13, 11
MM, 564, 647, 10
MM, 567, 647, 10
MM, 0, 12, 10
MM, 2, 12, 10
MM, 4, 12, 10
MM, 7, 12, 10
MM, 8, 12, 10
MM, 10, 12, 20
MM, 11, 12, 40
MC, 1, 261
MM, 7, 11, 191
MM, 0, 7, 10
MM, 33, 6, 10
MM, 553, 632, 11
MM, 4, 30, 9
MM, 28, 25, 10
MM, 11, 20, 10
MM, 4, 15, 11
MM, 496, 610, 9
MM, 24, 7, 11
MM, 14, 4, 10
MM, 8, 1, 10
MM, 461, 598, 10
MM, 457, 594, 10
MM, 34, 25, 10
MM, 29, 24, 10
MM, 27, 22, 10
MM, 25, 22, 11
MM, 24, 20, 9
MM, 22, 20, 10
MM, 20, 19, 10
MM, 19, 18, 10
MM, 16, 16, 10
MM, 13, 15, 10
MM, 12, 14, 10
MM, 11, 14, 10
MM, 10, 14, 10
MM, 9, 13, 11
MM, 8, 12, 10
MM, 7, 11, 9
MM, 5, 11, 12
MM, 5, 10, 59
MM, 6, 10, 231
MM, 8, 10, 20
MM, 8, 11, 10
MM, 9, 11, 10
MM, 10, 11, 10
MM, 11, 11, 10
MM, 11, 12, 61
MM, 12, 12, 10
MM, 12, 13, 10
MC, 1, 210
MM, 13, 13, 513
MM, 14, 14, 11
MM, 15, 14, 9
MM, 17, 17, 10
MM, 21, 22, 11
MM, 25, 27, 10
MM, 444, 594, 10
MM, 30, 7, 10
MM, 32, 12, 10
MM, 456, 616, 10
MM, 457, 619, 10
MM, 459, 626, 10
MM, 13, 2, 10
MM, 14, 4, 10
MM, 15, 7, 10
MM, 15, 11, 10
MM, 16, 13, 11
MM, 16, 15, 9
MM, 16, 16, 10
MM, 17, 18, 10
MM, 17, 19, 10
MM, 18, 20, 10
MM, 18, 21, 10
MM, 18, 23, 10
MM, 19, 25, 11
MM, 19, 28, 9
MM, 469, 666, 11
MM, 469, 667, 10
MM, 69, 0, 10
MM, 69, 1, 9
MM, 69, 2, 11
MM, 69, 4, 10
MM, 69, 5, 10
MM, 69, 7, 10
MM, 69, 9, 10
MM, 69, 10, 10
MM, 69, 12, 20
MM, 69, 13, 10
MM, 69, 14, 91
MC, 1, 270
MM, 70, 14, 483
MM, 72, 12, 10
MM, 75, 12, 11
MM, 79, 11, 9
MM, 81, 10, 10
MM, 85, 8, 11
MM, 88, 5, 9
MM, 94, 3, 10
MM, 97, 1, 11
MM, 99, 1, 9
MM, 101, 1, 11
MM, 102, 1, 10
MM, 102, 0, 9
MM, 502, 669, 51
MM, 502, 668, 10
MM, 502, 666, 20
MM, 503, 665, 20
MM, 16, 30, 11
MM, 17, 28, 10
MM, 18, 27, 9
MM, 20, 26, 10
MM, 23, 23, 11
MM, 28, 19, 10
MM, 523, 649, 10
MM, 2, 14, 10
MM, 13, 6, 10
MM, 24, 1, 10
MM, 568, 629, 9
MM, 580, 625, 10
MM, 10, 24, 10
MM, 18, 21, 10
MM, 25, 19, 11
MM, 614, 616, 10
MM, 7, 14, 10
MM, 10, 14, 9
MM, 14, 11, 10
MM, 18, 9, 11
MM, 20, 8, 10
MM, 23, 4, 10
MM, 25, 3, 10
MM, 647, 596, 10
MM, 649, 594, 10
MM, 651, 593, 11
MM, 652, 592, 9
MM, 654, 591, 11
MM, 7, 29, 20
MM, 8, 29, 10
MM, 8, 28, 10
MM, 8, 27, 10
MM, 9, 27, 10
MM, 11, 27, 20
MM, 12, 24, 10
MM, 14, 24, 10
MM, 14, 23, 10
MM, 15, 23, 10
MM, 15, 22, 10
MM, 16, 21, 10
MM, 17, 21, 10
MM, 18, 21, 20
MM, 18, 20, 70
MM, 18, 18, 243
MC, 1, 249
MM, 14, 18, 202
MM, 10, 18, 10
MM, 3, 18, 10
MM, 25, 18, 10
MM, 11, 19, 10
MM, 0, 19, 10
MM, 33, 19, 10
MM, 17, 19, 10
MM, 8, 19, 10
MM, 2, 20, 10
MM, 567, 580, 11
MM, 564, 580, 9
MM, 31, 21, 10
MM, 26, 22, 11
MM, 25, 22, 10
MM, 24, 22, 10
MM, 23, 23, 10
MM, 22, 23, 40
MM, 21, 23, 10
MM, 20, 23, 10
MM, 19, 23, 50
MM, 18, 24, 10
MM, 17, 24, 10
MM, 16, 24, 10
MM, 14, 25, 10
MM, 11, 25, 11
MM, 6, 28, 10
MM, 530, 589, 10
MM, 524, 594, 10
MM, 515, 594, 10
MM, 504, 595, 10
MM, 493, 598, 10
MM, 19, 4, 10
MM, 12, 7, 10
MM, 5, 10, 10
MM, 1, 11, 9
MM, 461, 609, 11
MM, 460, 609, 10
MM, 460, 608, 70
MM, 461, 608, 673
MM, 0, 11, 31
MM, 1, 11, 10
MM, 2, 11, 10
MM, 3, 11, 20
MM, 4, 11, 40
MM, 5, 11, 20
MM, 6, 11, 10
MM, 7, 11, 20
MM, 8, 11, 21
MM, 9, 11, 10
MM, 10, 12, 9
MM, 13, 12, 11
MM, 14, 12, 10
MM, 14, 13, 30
MC, 1, 381
MM, 15, 13, 292
MM, 16, 13, 50
MM, 17, 13, 20
MM, 17, 14, 11
MM, 18, 14, 9
MM, 18, 16, 11
MM, 19, 18, 9
MM, 21, 19, 11
MM, 22, 22, 10
MM, 26, 29, 10
MM, 27, 30, 10
MM, 492, 630, 9
MM, 5, 1, 11
MM, 6, 7, 10
MM, 6, 8, 11
MM, 9, 12, 8
MM, 9, 13, 11
MM, 10, 15, 10
MM, 11, 16, 10
MM, 11, 18, 20
MM, 11, 19, 11
MM, 11, 20, 10
MM, 11, 21, 29
MM, 11, 22, 11
MM, 11, 23, 10
MM, 11, 24, 100
MM, 11, 25, 10
MM, 11, 26, 20
MM, 11, 28, 10
MM, 11, 29, 11
MM, 11, 30, 200
MM, 499, 665, 302
MM, 499, 667, 10
MM, 499, 669, 10
MM, 99, 3, 10
MM, 99, 5, 10
MM, 99, 8, 10
MM, 99, 10, 10
MM, 99, 11, 11
MM, 99, 12, 9
MM, 99, 13, 20
MC, 1, 361
MM, 99, 7, 172
MM, 501, 670, 10
MM, 501, 666, 10
MM, 13, 27, 10
MM, 14, 21, 10
MM, 15, 16, 10
MM, 15, 0, 10
MM, 503, 629, 10
MM, 4, 28, 10
MM, 4, 25, 10
MM, 5, 20, 10
MM, 5, 17, 10
MM, 6, 14, 11
MM, 6, 12, 9
MM, 6, 1, 10
MM, 505, 595, 10
MM, 505, 593, 10
MM, 505, 591, 12
MM, 11, 29, 9
MM, 11, 28, 10
MM, 11, 27, 10
MM, 11, 26, 10
MM, 11, 25, 10
MM, 12, 24, 111
MM, 12, 23, 10
MM, 12, 22, 9
MM, 13, 22, 11
MM, 14, 20, 10
MM, 15, 19, 10
MM, 16, 18, 10
MM, 16, 17, 10
MM, 17, 17, 20
MM, 18, 17, 60
MM, 20, 16, 10
MC, 1, 200
MM, 22, 16, 162
MM, 27, 18, 10
MM, 525, 581, 10
MM, 3, 28, 11
MM, 538, 591, 9
MM, 543, 595, 10
MM, 8, 4, 10
MM, 9, 5, 11
MM, 10, 7, 9
MM, 11, 7, 20
MM, 11, 8, 40
MC, 1, 311
MM, 7, 8, 151
MM, 1, 8, 11
MM, 535, 604, 10
MM, 29, 4, 10
MM, 515, 594, 9
MM, 504, 593, 11
MM, 495, 592, 11
MM, 31, 30, 9
MM, 22, 28, 10
MM, 14, 24, 11
MM, 7, 21, 10
MM, 0, 18, 10
MM, 450, 576, 10
MM, 30, 15, 10
MM, 28, 15, 10
MM, 27, 15, 10
MM, 26, 14, 10
MM, 23, 14, 10
MM, 23, 15, 632
MM, 22, 19, 11
MM, 22, 23, 10
MM, 21, 26, 10
MM, 20, 29, 10
MM, 19, 29, 151
MM, 19, 28, 40
MM, 19, 27, 10
MM, 19, 26, 50
MM, 19, 25, 21
MM, 19, 24, 10
MM, 19, 23, 9
MM, 19, 24, 171
MC, 1, 261
MM, 19, 26, 232
MM, 19, 29, 9
MM, 13, 2, 11
MM, 13, 10, 10
MM, 13, 18, 10
MM, 13, 26, 10
MM, 25, 6, 10
MM, 25, 14, 10
MM, 25, 19, 10
MM, 25, 24, 10
MM, 25, 27, 10
MM, 25, 30, 10
MM, 434, 665, 10
MM, 433, 666, 10
MM, 433, 667, 10
MM, 433, 668, 41
MM, 33, 0, 70
MM, 33, 1, 10
MM, 33, 2, 10
MM, 33, 3, 20
MM, 33, 4, 31
MM, 33, 5, 19
MM, 33, 6, 11
MM, 33, 8, 20
MM, 33, 9, 20
MM, 32, 11, 20
MM, 31, 11, 50
MM, 31, 13, 10
MC, 1, 492
MM, 31, 12, 221
MM, 31, 10, 20
MM, 31, 9, 20
MM, 31, 7, 20
MM, 31, 6, 10
MM, 31, 5, 11
MM, 31, 4, 10
MM, 29, 2, 20
MM, 29, 1, 10
MM, 29, 0, 10
MM, 429, 670, 10
MM, 429, 669, 10
MM, 429, 668, 20
MM, 429, 667, 10
MM, 429, 666, 20
MM, 429, 665, 10
MM, 20, 29, 10
MM, 20, 27, 10
MM, 20, 25, 11
MM, 20, 24, 10
MM, 20, 22, 9
MM, 19, 22, 10
MM, 19, 21, 10
MM, 19, 19, 101
MC, 1, 190
MM, 20, 18, 171
MM, 22, 16, 10
MM, 26, 14, 11
MM, 443, 645, 11
MM, 7, 5, 9
MM, 18, 3, 9
MM, 476, 633, 11
MM, 24, 29, 10
MM, 497, 623, 10
MM, 7, 24, 10
MM, 18, 13, 10
MM, 28, 11, 10
MM, 536, 607, 10
MM, 7, 9, 10
MM, 17, 7, 11
MM, 22, 5, 9
MM, 25, 5, 11
MM, 29, 2, 10
MM, 30, 2, 9
MM, 31, 2, 11
MM, 32, 2, 10
MM, 33, 2, 10
MM, 34, 1, 10
MM, 575, 598, 50
MM, 578, 597, 10
MM, 0, 0, 10
MM, 3, 0, 10
MM, 588, 596, 10
MM, 590, 595, 10
MM, 593, 594, 10
MM, 594, 594, 10
MM, 598, 592, 10
MM, 31, 30, 10
MM, 34, 30, 10
MM, 607, 587, 10
MM, 609, 586, 11
MM, 1, 26, 9
MM, 3, 26, 11
MM, 5, 26, 10
MM, 7, 25, 20
MM, 10, 24, 10
MM, 13, 21, 10
MM, 16, 20, 10
MM, 17, 20, 11
MM, 19, 20, 10
MM, 19, 19, 9
MM, 20, 19, 10
MM, 21, 19, 101
MM, 22, 19, 30
MM, 23, 19, 10
MM, 24, 19, 20
MM, 25, 19, 20
MM, 26, 19, 21
MM, 27, 19, 10
MM, 28, 19, 9
MM, 30, 19, 11
MM, 642, 579, 20
MM, 643, 579, 20
MM, 644, 579, 10
MM, 645, 579, 10
MM, 646, 579, 20
MM, 647, 579, 10
MM, 0, 18, 10
MM, 1, 18, 20
MM, 3, 17, 11
MM, 7, 16, 10
MC, 1, 300
MM, 2, 18, 161
MM, 643, 582, 11
MM, 633, 591, 10
MM, 5, 3, 10
MM, 613, 605, 9
MM, 24, 14, 10
MM, 13, 23, 10
MM, 6, 27, 10
MM, 581, 628, 10
MM, 577, 633, 11
MM, 5, 1, 10
MM, 4, 2, 10
MM, 2, 4, 10
MM, 2, 6, 30
MM, 1, 6, 10
MM, 0, 7, 11
MM, 569, 641, 59
MM, 568, 642, 31
MM, 567, 642, 19
MM, 566, 642, 11
MM, 565, 643, 10
MM, 34, 10, 20
MM, 32, 10, 20
MM, 30, 11, 10
MM, 29, 11, 10
MM, 28, 11, 20
MM, 27, 11, 10
MM, 26, 11, 10
MM, 25, 11, 20
MM, 24, 11, 10
MC, 1, 201
MM, 22, 9, 161
MM, 20, 3, 10
MM, 545, 631, 11
MM, 3, 28, 9
MM, 1, 22, 10
MM, 539, 609, 11
MM, 534, 599, 9
MM, 532, 594, 10
MM, 531, 592, 11
MM, 530, 589, 9
MM, 528, 586, 10
MM, 526, 581, 11
MM, 30, 15, 9
MM, 29, 13, 11
MM, 26, 8, 10
MM, 25, 6, 10
MM, 25, 5, 20
MC, 1, 442
MM, 29, 5, 130
MM, 528, 565, 11
MM, 4, 5, 10
MM, 12, 5, 9
MM, 25, 3, 11
MM, 566, 565, 10
MM, 4, 6, 10
MM, 8, 6, 10
MM, 13, 7, 10
MM, 17, 7, 10
MM, 20, 7, 10
MM, 24, 7, 10
MM, 26, 9, 10
MM, 28, 9, 10
MM, 30, 9, 11
MM, 32, 9, 10
MM, 33, 9, 10
MM, 34, 9, 10
MM, 606, 569, 10
MM, 607, 569, 11
MM, 608, 569, 9
MM, 609, 569, 10
MM, 0, 9, 20
MM, 1, 9, 10
MM, 2, 9, 30
MM, 3, 9, 10
MM, 4, 9, 10
MM, 6, 9, 21
MM, 7, 9, 20
MM, 8, 9, 20
MM, 10, 9, 20
MM, 10, 11, 21
MM, 11, 11, 19
MM, 12, 12, 20
MM, 13, 12, 10
MM, 15, 14, 10
MM, 14, 19, 10
MC, 1, 231
MM, 10, 21, 151
MM, 7, 21, 10
MM, 4, 24, 10
MM, 606, 588, 10
MM, 15, 0, 10
MM, 8, 3, 10
MM, 3, 11, 11
MM, 34, 26, 9
MM, 570, 630, 10
MM, 568, 637, 11
MM, 565, 644, 9
MM, 29, 18, 10
MM, 28, 21, 11
MM, 25, 24, 10
MM, 24, 26, 9
MM, 24, 29, 11
MM, 552, 667, 10
MM, 551, 667, 151
MM, 550, 666, 230
MM, 21, 29, 10
MM, 21, 26, 11
MM, 19, 25, 11
MM, 18, 24, 9
MM, 17, 22, 10
MM, 16, 20, 10
MM, 13, 16, 10
MM, 13, 15, 11
MM, 12, 14, 9
MM, 11, 14, 11
MC, 1, 330
MM, 9, 14, 161
MM, 1, 9, 10
MM, 32, 6, 10
MM, 6, 30, 11
MM, 494, 623, 10
MM, 20, 22, 10
MM, 6, 19, 10
MM, 461, 609, 10
MM, 34, 9, 10
MM, 26, 6, 10
MM, 23, 4, 11
MM, 18, 0, 10
MM, 436, 595, 9
MM, 433, 593, 10
MM, 431, 592, 10
MM, 431, 591, 10
MM, 15, 29, 152
MM, 13, 27, 9
MM, 11, 25, 30
MM, 11, 24, 11
MM, 10, 23, 10
MM, 10, 22, 10
MM, 10, 21, 141
MM, 10, 20, 9
MM, 11, 20, 10
MM, 12, 19, 10
MM, 14, 19, 10
MM, 15, 19, 11
MM, 16, 18, 9
MM, 17, 18, 20
MM, 19, 18, 91
MC, 1, 199
MM, 22, 19, 143
MM, 26, 21, 9
MM, 29, 22, 11
MM, 34, 23, 10
MM, 454, 586, 10
MM, 464, 595, 10
MM, 11, 0, 11
MM, 16, 4, 9
MM, 20, 12, 10
MM, 25, 19, 10
MM, 26, 22, 10
MM, 30, 27, 10
MM, 494, 625, 10
MM, 1, 30, 10
MM, 502, 629, 10
MM, 20, 0, 10
MM, 23, 2, 10
MM, 27, 3, 10
MM, 28, 5, 10
MM, 29, 6, 11
MM, 29, 7, 19
MM, 30, 7, 10
MM, 31, 7, 121
MM, 32, 7, 21
MM, 33, 7, 20
MM, 34, 7, 9
MM, 523, 641, 10
MM, 525, 641, 10
MM, 527, 641, 10
MM, 0, 7, 10
MM, 2, 7, 10
MM, 3, 7, 10
MM, 4, 7, 20
MM, 5, 7, 11
MM, 6, 7, 10
MM, 6, 8, 10
MM, 7, 8, 10
MM, 8, 8, 20
MM, 10, 10, 10
MM, 11, 10, 11
MM, 13, 10, 9
MM, 15, 11, 11
MC, 1, 230
MM, 12, 6, 141
MM, 535, 632, 10
MM, 32, 28, 10
MM, 26, 15, 10
MM, 16, 0, 10
MM, 17, 27, 11
MM, 14, 21, 10
MM, 11, 17, 9
MM, 9, 13, 11
MM, 5, 5, 10
MM, 5, 4, 10
MM, 4, 4, 10
MM, 5, 4, 281
MM, 6, 4, 9
MM, 7, 4, 31
MM, 7, 5, 10
MM, 8, 5, 10
MM, 8, 6, 10
MM, 9, 6, 10
MM, 9, 7, 10
MM, 10, 7, 20
MM, 10, 8, 61
MM, 11, 9, 10
MC, 1, 190
MM, 11, 10, 162
MM, 8, 10, 9
MM, 4, 11, 10
MM, 0, 12, 10
MM, 488, 574, 10
MM, 20, 20, 10
MM, 12, 22, 10
MM, 455, 587, 10
MM, 34, 28, 10
MM, 27, 29, 11
MM, 22, 30, 9
MM, 13, 30, 10
MM, 422, 592, 11
MM, 420, 593, 10
MM, 418, 593, 10
MM, 416, 594, 10
MM, 415, 594, 10
MM, 414, 594, 22
MM, 413, 594, 18
MM, 412, 594, 101
MM, 410, 594, 30
MM, 409, 594, 21
MM, 407, 594, 100
MM, 405, 594, 40
MM, 404, 594, 59
MM, 403, 594, 41
MM, 403, 595, 70
MM, 403, 596, 71
MM, 23, 0, 9
MM, 23, 1, 21
MM, 23, 2, 20
MM, 23, 5, 10
MM, 23, 8, 10
MM, 23, 10, 11
MM, 23, 11, 19
MM, 23, 12, 10
MM, 23, 13, 20
MC, 1, 241
MM, 23, 15, 201
MM, 25, 17, 10
MM, 28, 22, 10
MM, 32, 28, 10
MM, 10, 7, 10
MM, 18, 11, 10
MM, 22, 17, 10
MM, 26, 23, 10
MM, 28, 25, 10
MM, 28, 27, 11
MM, 29, 29, 20
MM, 29, 30, 9
MM, 438, 665, 11
MM, 439, 665, 10
MM, 440, 666, 10
MM, 440, 667, 10
MM, 40, 1, 10
MM, 40, 3, 19
MM, 40, 6, 11
MM, 40, 7, 20
MM, 40, 9, 10
MM, 41, 10, 20
MM, 41, 11, 21
MM, 41, 12, 20
MM, 41, 13, 19
MM, 41, 14, 11
MM, 41, 15, 20
MM, 42, 16, 10
MM, 42, 17, 121
MC, 1, 159
MM, 42, 14, 132
MM, 42, 12, 10
MM, 42, 4, 10
MM, 445, 669, 10
MM, 445, 665, 10
MM, 446, 658, 10
MM, 446, 654, 9
MM, 446, 650, 11
MM, 448, 636, 10
MM, 448, 630, 11
MM, 27, 30, 9
MM, 27, 26, 10
MM, 27, 21, 10
MM, 27, 18, 10
MM, 27, 16, 10
MM, 27, 15, 10
MM, 26, 13, 10
MM, 26, 12, 11
MM, 22, 5, 10
MM, 22, 2, 9
MM, 22, 0, 11
MM, 443, 596, 190
MM, 442, 594, 11
MM, 441, 592, 19
MM, 441, 591, 11
MM, 25, 30, 10
MM, 24, 29, 10
MM, 24, 28, 9
MM, 24, 27, 11
MM, 23, 26, 10
MM, 23, 25, 10
MM, 22, 25, 31
MM, 22, 23, 9
MC, 1, 320
MM, 23, 24, 183
MM, 27, 26, 10
MM, 33, 28, 10
MM, 451, 590, 9
MM, 459, 591, 10
MM, 469, 596, 10
MM, 14, 2, 10
MM, 18, 3, 10
MM, 21, 6, 11
MM, 24, 6, 10
MM, 26, 8, 10
MM, 30, 10, 10
MM, 494, 608, 10
MM, 496, 609, 10
MM, 0, 13, 10
MM, 2, 17, 10
MM, 4, 18, 11
MM, 7, 19, 10
MM, 8, 21, 9
MM, 14, 24, 11
MM, 16, 25, 9
MM, 18, 26, 10
MM, 20, 26, 10
MM, 24, 26, 10
MM, 26, 28, 11
MM, 29, 30, 20
MM, 531, 629, 10
MM, 533, 629, 10
MM, 534, 629, 20
MM, 534, 630, 10
MM, 535, 630, 60
MM, 536, 630, 30
MM, 536, 631, 70
MM, 537, 631, 31
MM, 537, 632, 30
MM, 538, 632, 10
MM, 538, 633, 30
MM, 539, 633, 10
MM, 540, 633, 30
MM, 12, 0, 30
MM, 13, 1, 10
MM, 14, 2, 20
MM, 14, 3, 10
MM, 15, 4, 20
MM, 15, 5, 11
MM, 15, 6, 9
MM, 17, 9, 21
MM, 17, 10, 10
MM, 17, 11, 10
MM, 16, 14, 10
MC, 1, 230
MM, 14, 14, 111
MM, 9, 13, 10
MM, 3, 9, 11
MM, 525, 640, 9
MM, 515, 633, 10
MM, 493, 625, 11
MM, 21, 26, 10
MM, 14, 22, 10
MM, 8, 22, 9
MM, 6, 20, 11
MM, 1, 18, 10
MM, 461, 613, 10
MM, 459, 612, 10
MM, 457, 612, 91
MM, 456, 612, 29
MM, 34, 15, 40
MM, 32, 15, 21
MM, 31, 15, 10
MM, 29, 15, 10
MM, 28, 14, 10
MM, 26, 13, 10
MM, 25, 13, 11
MM, 24, 13, 10
MC, 1, 309
MM, 22, 13, 142
MM, 15, 14, 10
MM, 6, 14, 10
MM, 2, 14, 10
MM, 419, 611, 11
MM, 33, 16, 9
MM, 29, 18, 10
MM, 26, 19, 10
MM, 24, 19, 10
MM, 22, 18, 10
MM, 21, 18, 11
MM, 20, 18, 10
MM, 19, 18, 10
MM, 17, 16, 10
MM, 16, 16, 10
MM, 16, 15, 20
MM, 15, 13, 10
MM, 13, 12, 10
MC, 1, 211
MM, 15, 13, 181
MM, 20, 15, 10
MM, 23, 19, 10
MM, 28, 30, 10
MM, 7, 2, 10
MM, 11, 8, 10
MM, 13, 11, 10
MM, 16, 16, 10
MM, 19, 19, 10
MM, 23, 24, 11
MM, 23, 25, 9
MM, 27, 29, 10
MM, 437, 666, 11
MM, 439, 668, 10
MM, 440, 670, 10
MM, 41, 0, 20
MM, 41, 1, 10
MM, 41, 2, 10
MM, 43, 4, 10
MM, 43, 6, 20
MM, 44, 6, 11
MM, 44, 7, 9
MM, 44, 8, 50
MM, 45, 8, 20
MM, 45, 9, 60
MM, 45, 10, 41
MM, 45, 11, 10
MM, 45, 12, 50
MM, 45, 14, 81
MC, 1, 461
MM, 41, 10, 161
MM, 38, 4, 10
MM, 437, 665, 10
MM, 22, 19, 11
MM, 19, 12, 9
MM, 18, 3, 10
MM, 423, 628, 11
MM, 417, 614, 10
MM, 417, 605, 10
MM, 416, 599, 10
MM, 414, 595, 10
MM, 413, 592, 10
MM, 413, 590, 10
MM, 412, 589, 10
MM, 412, 588, 11
MM, 412, 587, 9
MM, 411, 585, 21
MM, 411, 584, 11
MM, 409, 582, 8
MM, 36, 21, 171
MM, 34, 21, 10
MM, 34, 20, 10
MM, 33, 20, 10
MM, 32, 19, 10
MM, 30, 17, 11
MM, 29, 17, 9
MM, 29, 16, 11
MM, 28, 16, 9
MM, 27, 16, 11
MM, 26, 15, 10
MM, 26, 14, 9
MM, 24, 14, 10
MM, 24, 13, 11
MM, 21, 13, 9
MC, 1, 462
MM, 22, 13, 201
MM, 26, 12, 11
MM, 34, 12, 10
MM, 413, 572, 11
MM, 12, 13, 9
MM, 21, 14, 10
MM, 452, 574, 10
MM, 8, 17, 10
MM, 23, 20, 11
MM, 31, 20, 10
MM, 10, 20, 9
MM, 22, 24, 10
MM, 29, 25, 10
MM, 1, 28, 10
MM, 10, 30, 11
MM, 16, 30, 10
MM, 560, 595, 10
MM, 563, 595, 10
MM, 566, 596, 10
MM, 568, 596, 10
MM, 570, 596, 10
MM, 572, 596, 10
MM, 573, 596, 10
MM, 575, 596, 10
MM, 576, 596, 20
MM, 577, 596, 20
MM, 578, 595, 41
MM, 580, 595, 10
MM, 580, 594, 10
MM, 582, 594, 10
MM, 583, 593, 9
MM, 586, 593, 10
MM, 587, 593, 10
MM, 589, 593, 10
MM, 590, 593, 11
MM, 590, 592, 10
MM, 592, 592, 10
MM, 593, 592, 10
MM, 594, 592, 10
MM, 597, 591, 10
MM, 30, 29, 10
MM, 32, 29, 20
MM, 33, 29, 11
MM, 33, 28, 9
MM, 34, 28, 10
MM, 605, 588, 11
MM, 606, 587, 10
MM, 607, 586, 10
MM, 610, 584, 20
MM, 610, 582, 9
MM, 610, 581, 20
MM, 0, 21, 10
MM, 1, 21, 11
MM, 2, 20, 9
MM, 3, 20, 21
MM, 3, 19, 10
MM, 4, 19, 10
MM, 4, 18, 61
MC, 1, 250
MM, 1, 18, 141
MM, 33, 18, 10
MM, 26, 18, 10
MM, 19, 18, 10
MM, 13, 18, 11
MM, 6, 18, 9
MM, 567, 578, 10
MM, 26, 16, 10
MM, 21, 14, 10
MM, 16, 13, 11
MM, 13, 13, 9
MM, 9, 12, 11
MM, 6, 12, 10
MM, 0, 11, 10
MM, 0, 10, 10
MM, 530, 570, 10
MM, 527, 569, 10
MM, 525, 569, 10
MM, 30, 9, 10
MM, 29, 9, 30
MM, 28, 9, 30
MC, 1, 311
MM, 30, 10, 161
MM, 30, 12, 10
MM, 527, 573, 11
MM, 529, 576, 10
MM, 0, 18, 10
MM, 1, 19, 9
MM, 3, 19, 10
MM, 4, 21, 11
MM, 5, 23, 10
MM, 7, 24, 10
MM, 8, 26, 10
MM, 12, 29, 10
MM, 543, 595, 10
MM, 544, 595, 10
MM, 547, 595, 10
MM, 547, 596, 10
MM, 8, 0, 10
MM, 9, 2, 20
MM, 10, 2, 90
MC, 1, 210
MM, 10, 3, 173
MM, 10, 6, 9
MM, 8, 9, 11
MM, 8, 11, 9
MM, 8, 14, 10
MM, 5, 21, 11
MM, 3, 25, 10
MM, 3, 29, 10
MM, 543, 628, 9
MM, 12, 0, 11
MM, 11, 3, 10
MM, 8, 9, 10
MM, 7, 15, 10
MM, 5, 19, 10
MM, 4, 22, 10
MM, 3, 25, 11
MM, 1, 28, 9
MM, 0, 29, 10
MM, 0, 30, 10
MM, 528, 666, 10
MM, 528, 667, 10
MM, 528, 668, 20
MM, 528, 669, 10
MM, 527, 669, 11
MM, 527, 670, 9
MM, 526, 670, 10
MM, 126, 1, 31
MM, 125, 2, 10
MM, 125, 5, 30
MM, 125, 6, 31
MM, 124, 7, 100
MM, 124, 8, 29
MM, 123, 8, 10
MM, 123, 9, 21
MM, 123, 10, 20
MM, 122, 10, 20
MM, 122, 11, 41
MC, 1, 329
MM, 120, 11, 172
MM, 116, 9, 10
MM, 111, 7, 11
MM, 99, 0, 9
MM, 4, 28, 10
MM, 487, 659, 10
MM, 24, 13, 10
MM, 17, 10, 10
MM, 11, 8, 10
MM, 9, 6, 11
MM, 3, 1, 10
MM, 450, 632, 10
MM, 448, 631, 10
MM, 447, 629, 10
MM, 446, 629, 140
MM, 445, 629, 11
MM, 444, 629, 10
MM, 443, 629, 10
MM, 442, 629, 10
MM, 441, 629, 10
MM, 439, 629, 10
MM, 436, 629, 10
MM, 434, 629, 10
MM, 433, 629, 10
MM, 431, 629, 10
MM, 429, 629, 11
MM, 426, 629, 10
MM, 424, 628, 10
MM, 0, 28, 10
MM, 420, 624, 10
MM, 419, 623, 9
MM, 418, 623, 10
MM, 417, 621, 11
MM, 417, 620, 9
MM, 416, 616, 11
MM, 416, 614, 10
MM, 416, 610, 10
MM, 415, 609, 271
MM, 33, 9, 10
MM, 32, 8, 30
MM, 32, 7, 81
MM, 33, 6, 10
MM, 415, 602, 11
MM, 419, 600, 9
MM, 2, 1, 9
MM, 11, 0, 10
MM, 437, 595, 10
MM, 444, 592, 10
MM, 453, 590, 11
MM, 3, 26, 9
MM, 7, 25, 11
MM, 9, 24, 11
MM, 10, 22, 9
MM, 11, 22, 11
MM, 13, 20, 9
MM, 15, 19, 20
MM, 16, 19, 11
MM, 16, 18, 20
MM, 17, 18, 20
MM, 18, 18, 20
MM, 19, 18, 10
MM, 20, 18, 60
MM, 21, 18, 20
MM, 22, 18, 21
MM, 24, 18, 20
MM, 25, 18, 20
MM, 26, 18, 9
MM, 28, 17, 11
MM, 29, 17, 9
MM, 30, 17, 10
MM, 488, 577, 11
MM, 490, 577, 10
MM, 493, 577, 10
MM, 0, 17, 10
MM, 5, 17, 10
MM, 7, 17, 9
MM, 10, 17, 10
MM, 13, 17, 11
MM, 14, 17, 20
MM, 15, 17, 9
MM, 16, 17, 11
MM, 17, 17, 20
MM, 18, 17, 20
MM, 20, 17, 10
MC, 1, 230
MM, 21, 19, 193
MM, 23, 20, 9
MM, 24, 21, 10
MM, 26, 24, 10
MM, 30, 26, 10
MM, 527, 588, 10
MM, 529, 593, 11
MM, 533, 596, 10
MM, 537, 600, 10
MM, 0, 4, 10
MM, 2, 7, 10
MM, 4, 8, 10
MM, 6, 10, 10
MM, 7, 13, 10
MM, 10, 14, 10
MM, 15, 20, 10
MM, 18, 21, 10
MM, 20, 23, 11
MM, 21, 24, 9
MM, 23, 25, 10
MM, 23, 26, 50
MC, 1, 271
MM, 21, 26, 232
MM, 14, 26, 10
MM, 538, 619, 10
MM, 28, 18, 10
MM, 19, 13, 10
MM, 0, 4, 10
MM, 489, 595, 10
MM, 480, 593, 10
MM, 10, 21, 10
MM, 3, 18, 10
MM, 452, 576, 10
MM, 29, 12, 10
MM, 25, 11, 10
MM, 22, 9, 10
MM, 20, 8, 10
MM, 20, 10, 241
MM, 21, 12, 21
MM, 21, 13, 10
MM, 21, 14, 20
MM, 21, 15, 10
MM, 21, 16, 70
MM, 20, 15, 10
MC, 1, 221
MM, 20, 16, 191
MM, 20, 18, 10
MM, 20, 25, 10
MM, 20, 29, 11
MM, 435, 592, 10
MM, 435, 596, 10
MM, 14, 3, 9
MM, 14, 7, 12
MM, 14, 21, 9
MM, 14, 26, 10
MM, 14, 30, 10
MM, 435, 629, 10
MM, 435, 632, 10
MM, 435, 633, 10
MM, 26, 2, 11
MM, 26, 3, 9
MM, 26, 5, 20
MM, 26, 7, 11
MM, 26, 15, 10
MM, 26, 17, 10
MM, 26, 18, 10
MM, 25, 19, 9
MM, 25, 21, 10
MM, 25, 22, 11
MM, 24, 24, 9
MM, 24, 26, 21
MM, 24, 27, 10
MM, 24, 29, 20
MM, 24, 30, 20
MM, 432, 668, 10
MM, 431, 670, 10
MM, 31, 2, 20
MM, 31, 3, 21
MM, 31, 5, 90
MM, 31, 6, 30
MM, 31, 7, 60
MM, 30, 9, 21
MM, 29, 10, 10
MM, 29, 11, 9
MM, 29, 12, 11
MM, 29, 13, 10
MM, 29, 15, 9
MM, 28, 16, 10
MM, 28, 17, 10
MM, 28, 18, 11
MM, 27, 19, 20
MM, 27, 20, 10
MM, 26, 20, 30
MM, 25, 18, 10
MC, 1, 441
MM, 24, 14, 152
MM, 23, 8, 10
MM, 20, 2, 10
MM, 419, 667, 10
MM, 8, 23, 10
MM, 7, 21, 10
MM, 4, 15, 10
MM, 2, 13, 10
MM, 2, 10, 11
MM, 1, 8, 19
MM, 1, 7, 20
MM, 1, 6, 11
MM, 1, 4, 51
MM, 1, 2, 19
MM, 1, 0, 20
MM, 0, 0, 20
MM, 409, 632, 40
MM, 408, 630, 11
MM, 408, 629, 20
MM, 407, 628, 10
MM, 27, 30, 10
MM, 27, 28, 19
MM, 26, 27, 21
MM, 26, 26, 10
MM, 25, 26, 10
MM, 24, 23, 11
MM, 23, 21, 9
MM, 22, 19, 10
MM, 21, 18, 20
MM, 21, 17, 10
MM, 21, 16, 50
MM, 17, 14, 22
MC, 1, 179
MM, 13, 14, 161
MM, 9, 14, 10
MM, 2, 13, 10
MM, 378, 610, 10
MM, 32, 13, 10
MM, 30, 13, 10
MM, 28, 13, 10
MM, 26, 13, 11
MM, 24, 13, 10
MM, 23, 13, 10
MM, 22, 13, 9
MM, 21, 13, 11
MM, 20, 13, 30
MM, 19, 13, 51
MC, 1, 210
MM, 21, 13, 160
MM, 29, 14, 11
MM, 375, 611, 10
MM, 4, 14, 11
MM, 18, 20, 9
MM, 416, 619, 11
MM, 25, 22, 10
MM, 26, 1, 10
MM, 8, 5, 9
MM, 25, 12, 11
MM, 523, 649, 9
MM, 9, 15, 11
MM, 21, 19, 10
MM, 25, 22, 9
MM, 30, 22, 11
MM, 32, 22, 10
MM, 33, 22, 10
MM, 34, 22, 10
MM, 564, 656, 10
MM, 565, 656, 30
MM, 566, 656, 10
MM, 567, 656, 20
MM, 568, 656, 21
MM, 569, 656, 29
MM, 0, 22, 11
MM, 2, 22, 10
MM, 2, 21, 10
MM, 3, 21, 10
MM, 4, 21, 9
MM, 5, 21, 41
MM, 6, 21, 30
MM, 7, 20, 30
MM, 8, 20, 20
MM, 9, 20, 10
MM, 10, 20, 10
MM, 13, 18, 10
MM, 14, 18, 10
MM, 15, 18, 10
MM, 16, 18, 10
MM, 19, 18, 21
MC, 1, 210
MM, 13, 15, 141
MM, 0, 13, 10
MM, 28, 8, 10
MM, 533, 629, 10
MM, 23, 24, 10
MM, 8, 14, 10
MM, 498, 608, 10
MM, 29, 6, 11
MM, 23, 4, 9
MM, 15, 1, 10
MM, 469, 594, 10
MM, 466, 593, 11
MM, 462, 591, 10
MM, 460, 591, 10
MM, 1, 29, 10
MM, 455, 588, 20
MM, 454, 587, 10
MM, 452, 587, 10
MM, 451, 586, 10
MM, 33, 24, 10
MM, 32, 22, 21
MM, 31, 22, 9
MM, 30, 22, 10
MM, 29, 21, 71
MM, 27, 19, 10
MM, 27, 18, 10
MM, 25, 17, 10
MM, 24, 16, 10
MM, 23, 16, 10
MM, 21, 14, 30
MM, 20, 13, 10
MM, 20, 12, 20
MM, 20, 11, 51
MC, 1, 240
MM, 21, 13, 181
MM, 23, 16, 10
MM, 28, 22, 10
MM, 32, 27, 10
MM, 452, 593, 11
MM, 456, 600, 9
MM, 0, 9, 10
MM, 6, 22, 11
MM, 11, 29, 10
MM, 476, 631, 10
MM, 478, 633, 10
MM, 483, 639, 10
MM, 486, 644, 10
MM, 487, 646, 10
MM, 0, 14, 10
MM, 2, 17, 10
MM, 3, 24, 11
MM, 3, 30, 9
MM, 491, 665, 20
MM, 491, 666, 10
MM, 493, 668, 10
MM, 493, 670, 10
MM, 94, 1, 10
MM, 94, 2, 21
MM, 95, 4, 10
MM, 95, 5, 10
MM, 95, 6, 20
MM, 95, 7, 10
MM, 95, 8, 10
MM, 95, 9, 10
MM, 95, 10, 10
MM, 95, 11, 10
MM, 95, 12, 10
MM, 94, 15, 10
MM, 93, 16, 10
MM, 92, 17, 20
MM, 92, 18, 20
MM, 91, 19, 20
MM, 91, 20, 10
MM, 90, 20, 21
MM, 89, 20, 40
MM, 88, 20, 10
MC, 1, 371
MM, 88, 19, 232
MM, 90, 18, 10
MM, 91, 16, 10
MM, 93, 15, 10
MM, 97, 12, 10
MM, 100, 11, 10
MM, 107, 6, 10
MM, 117, 1, 11
MM, 525, 669, 9
MM, 6, 28, 10
MM, 21, 18, 11
MM, 568, 650, 10
MM, 11, 10, 10
MM, 22, 4, 10
MM, 29, 3, 9
MM, 36, 1, 10
MM, 612, 633, 10
MM, 620, 633, 11
MM, 626, 633, 10
MM, 630, 632, 9
MM, 631, 632, 21
MM, 633, 632, 10
MM, 634, 632, 20
MM, 635, 632, 10
MM, 636, 632, 10
MM, 636, 631, 11
MM, 637, 631, 9
MM, 638, 631, 11
MM, 640, 630, 19
MM, 643, 628, 10
MM, 644, 628, 11
MM, 29, 30, 10
MM, 31, 28, 9
MM, 652, 625, 11
MM, 655, 625, 10
MM, 656, 625, 9
MM, 0, 28, 10
MM, 2, 28, 11
MM, 3, 27, 29
MM, 4, 27, 21
MM, 6, 25, 20
MM, 6, 24, 61
MM, 7, 24, 9
MM, 8, 23, 11
MM, 8, 22, 29
MM, 9, 22, 11
MM, 9, 21, 21
MM, 10, 21, 9
MC, 1, 260
MM, 7, 21, 162
MM, 656, 617, 10
MM, 26, 20, 10
MM, 14, 20, 10
MM, 2, 17, 10
MM, 28, 13, 10
MM, 15, 13, 10
MM, 580, 605, 10
MM, 32, 5, 10
MM, 21, 2, 10
MM, 555, 595, 10
MM, 547, 591, 11
MM, 7, 28, 9
MM, 2, 27, 10
MM, 527, 587, 11
MM, 28, 25, 10
MM, 26, 21, 10
MM, 23, 21, 9
MM, 21, 20, 21
MM, 20, 20, 9
MM, 17, 16, 11
MM, 16, 15, 10
MM, 14, 15, 10
MM, 13, 14, 10
MM, 12, 14, 10
MM, 11, 14, 20
MM, 10, 13, 10
MM, 8, 13, 10
MM, 7, 12, 20
MM, 6, 12, 11
MM, 4, 12, 9
MM, 3, 12, 91
MM, 1, 13, 10
MM, 491, 573, 67
MM, 490, 573, 3
MM, 488, 573, 21
MM, 31, 13, 9
MM, 30, 13, 11
MM, 29, 13, 10
MM, 27, 13, 20
MM, 26, 13, 10
MM, 25, 13, 10
MM, 24, 12, 10
MM, 21, 12, 210
MM, 18, 12, 10
MM, 14, 12, 11
MM, 6, 12, 10
MM, 0, 12, 10
MM, 451, 572, 10
MM, 32, 12, 11
MM, 29, 12, 9
MM, 25, 12, 10
MM, 21, 12, 10
MM, 20, 12, 10
MM, 18, 13, 11
MM, 16, 13, 9
MM, 15, 12, 41
MC, 1, 250
MM, 16, 12, 141
MM, 22, 13, 10
MM, 27, 13, 10
MM, 450, 573, 10
MM, 2, 13, 10
MM, 9, 15, 11
MM, 15, 16, 10
MM, 20, 17, 10
MM, 23, 17, 10
MM, 24, 17, 10
MM, 25, 17, 10
MM, 26, 17, 10
MM, 27, 17, 10
MM, 28, 17, 20
MM, 29, 17, 20
MM, 29, 16, 10
MM, 30, 16, 10
MM, 31, 16, 21
MM, 489, 576, 30
MM, 490, 576, 19
MM, 491, 576, 51
MM, 492, 576, 10
MM, 493, 576, 20
MM, 0, 16, 41
MM, 1, 16, 9
MM, 2, 16, 10
MM, 4, 16, 10
MC, 1, 231
MC, 2, 201
MM, 3, 16, 271
MM, 0, 17, 10
MM, 492, 577, 10
MM, 31, 17, 11
MM, 27, 17, 10
MM, 23, 17, 10
MM, 17, 17, 10
MM, 13, 17, 10
MM, 11, 17, 10
MM, 5, 15, 10
MM, 3, 15, 10
MM, 2, 15, 10
MM, 0, 14, 10
MM, 454, 574, 11
MM, 453, 574, 20
MM, 452, 574, 20
MM, 451, 574, 120
MM, 450, 574, 10
MM, 450, 573, 10
MM, 34, 13, 10
MM, 33, 13, 10
MM, 32, 13, 40
MM, 31, 14, 40
MM, 30, 14, 41
MM, 28, 14, 40
MM, 27, 14, 20
MM, 26, 14, 11
MM, 25, 14, 19
MM, 25, 12, 71
MC, 1, 219
MM, 26, 11, 163
MM, 27, 11, 10
MM, 28, 11, 9
MM, 31, 11, 11
MM, 32, 11, 20
MM, 34, 12, 10
MM, 450, 572, 20
MM, 451, 572, 10
MM, 452, 572, 11
MM, 452, 573, 9
MM, 453, 573, 10
MM, 454, 573, 60
MM, 455, 573, 40
MM, 0, 13, 41
MM, 1, 13, 50
MM, 2, 13, 90
MM, 3, 13, 30
MM, 3, 14, 20
MM, 4, 14, 61
MC, 1, 372
MM, 4, 15, 291
MM, 5, 16, 10
MM, 7, 18, 10
MM, 9, 23, 11
MM, 11, 26, 10
MM, 14, 30, 10
MM, 14, 4, 10
MM, 19, 15, 10
MM, 24, 23, 10
MM, 4, 8, 10
MM, 7, 15, 10
MM, 11, 24, 10
MM, 14, 29, 10
MM, 505, 669, 10
MM, 105, 1, 10
MM, 109, 6, 11
MM, 109, 7, 10
MM, 109, 8, 19
MM, 109, 9, 10
MM, 110, 10, 10
MM, 110, 11, 10
MM, 110, 12, 21
MM, 110, 13, 80
MM, 110, 15, 121
MM, 110, 16, 30
MM, 110, 17, 20
MM, 110, 19, 20
MM, 109, 21, 101
MC, 1, 199
MM, 109, 19, 172
MM, 109, 16, 10
MM, 109, 7, 10
MM, 110, 3, 10
MM, 510, 668, 10
MM, 24, 25, 10
MM, 24, 19, 11
MM, 26, 10, 9
MM, 26, 6, 10
MM, 27, 3, 10
MM, 27, 0, 11
MM, 17, 29, 10
MM, 18, 25, 9
MM, 18, 18, 11
MM, 18, 16, 10
MM, 18, 15, 10
MM, 18, 14, 10
MM, 18, 10, 10
MM, 18, 9, 10
MM, 18, 8, 130
MM, 18, 7, 21
MM, 18, 5, 20
MM, 18, 4, 11
MM, 18, 2, 9
MM, 18, 0, 21
MM, 517, 596, 10
MM, 517, 594, 19
MM, 517, 591, 10
MM, 23, 30, 11
MM, 23, 29, 9
MM, 22, 27, 11
MM, 22, 26, 10
MM, 22, 25, 10
MM, 22, 24, 20
MM, 20, 24, 70
MC, 1, 231
MM, 21, 24, 141
MM, 24, 25, 10
MM, 27, 27, 10
MM, 526, 592, 10
MM, 530, 595, 10
MM, 535, 598, 11
MM, 539, 602, 10
MM, 4, 7, 9
MM, 4, 9, 10
MM, 6, 10, 10
MM, 7, 11, 10
MM, 9, 13, 10
MM, 10, 14, 10
MC, 1, 310
MM, 9, 14, 132
MM, 4, 14, 11
MM, 33, 13, 10
MM, 20, 13, 10
MM, 7, 13, 10
MM, 13, 10, 10
MM, 456, 607, 10
MM, 23, 10, 10
MM, 8, 10, 10
MM, 419, 607, 10
MM, 32, 10, 9
MM, 26, 12, 11
MM, 22, 13, 10
MM, 20, 13, 10
MM, 18, 13, 10
MM, 15, 13, 111
MM, 13, 13, 10
MM, 10, 13, 20
MM, 9, 13, 10
MM, 8, 13, 10
MM, 6, 13, 10
MM, 5, 13, 10
MM, 3, 13, 10
MM, 1, 12, 10
MM, 0, 12, 11
MM, 378, 609, 9
MM, 377, 609, 11
MM, 374, 609, 9
MM, 33, 12, 11
MM, 32, 11, 19
MM, 31, 11, 10
MM, 30, 11, 11
MM, 29, 11, 9
MM, 28, 11, 10
MM, 27, 11, 31
MM, 26, 9, 10
MM, 26, 5, 10
MC, 1, 230
MM, 27, 5, 152
MM, 29, 5, 9
MM, 31, 5, 10
MM, 34, 5, 10
MM, 377, 602, 11
MM, 2, 5, 10
MM, 8, 5, 10
MM, 16, 3, 10
MM, 23, 2, 10
MM, 28, 1, 10
MM, 33, 0, 10
MM, 416, 596, 10
MM, 418, 595, 10
MM, 423, 591, 10
MM, 11, 30, 11
MM, 13, 29, 10
MM, 15, 27, 9
MM, 16, 27, 11
MM, 17, 26, 10
MM, 19, 24, 9
MM, 21, 22, 11
MM, 23, 22, 9
MM, 24, 21, 10
MM, 25, 21, 11
MM, 28, 20, 9
MM, 29, 19, 11
MM, 30, 18, 10
MM, 32, 17, 10
MM, 452, 577, 11
MM, 2, 14, 10
MM, 9, 13, 10
MM, 12, 13, 9
MM, 16, 12, 10
MM, 22, 10, 11
MM, 24, 10, 9
MM, 30, 7, 10
MM, 488, 566, 11
MM, 489, 566, 10
MM, 490, 566, 9
MM, 0, 6, 10
MM, 2, 6, 10
MM, 4, 6, 10
MM, 6, 6, 21
MM, 7, 6, 10
MM, 9, 6, 20
MM, 9, 7, 10
MM, 10, 7, 40
MM, 10, 8, 10
MM, 10, 9, 90
MC, 1, 242
MM, 10, 10, 322
MM, 10, 12, 29
MM, 10, 13, 10
MM, 11, 16, 11
MM, 11, 19, 10
MM, 11, 26, 10
MM, 505, 595, 10
MM, 6, 6, 10
MM, 6, 13, 10
MM, 5, 18, 10
MM, 2, 26, 10
MM, 501, 632, 10
MM, 11, 4, 11
MM, 10, 7, 9
MM, 10, 10, 11
MM, 6, 15, 9
MM, 5, 17, 10
MM, 3, 21, 10
MM, 2, 24, 10
MM, 1, 27, 11
MM, 489, 670, 9
MM, 88, 2, 11
MM, 88, 3, 9
MM, 87, 6, 10
MM, 87, 7, 10
MM, 86, 7, 10
MM, 85, 7, 21
MM, 85, 8, 9
MM, 85, 10, 41
MM, 84, 11, 30
MM, 84, 12, 11
MM, 84, 13, 19
MM, 83, 15, 11
MM, 82, 15, 9
MM, 82, 16, 20
MM, 80, 20, 10
MM, 79, 22, 31
MM, 79, 23, 10
MM, 79, 24, 20
MM, 78, 25, 10
MM, 78, 26, 10
MM, 76, 26, 20
MM, 74, 27, 51
MM, 73, 27, 10
MM, 72, 25, 71
MM, 72, 24, 722
MM, 72, 23, 11
MM, 72, 22, 20
MM, 71, 19, 9
MM, 71, 18, 31
MM, 71, 17, 261
MM, 71, 16, 10
MM, 71, 15, 20
MM, 71, 13, 10
MM, 71, 12, 30
MM, 71, 13, 81
MC, 1, 441
MM, 72, 11, 171
MM, 72, 6, 11
MM, 474, 669, 9
MM, 474, 666, 10
MM, 27, 27, 10
MM, 28, 24, 10
MM, 29, 18, 11
MM, 30, 12, 10
MM, 482, 638, 10
MM, 483, 634, 10
MM, 484, 629, 10
MM, 25, 21, 10
MM, 29, 15, 10
MM, 29, 9, 10
MM, 29, 6, 10
MM, 30, 5, 10
MM, 493, 598, 10
MM, 493, 597, 10
MM, 493, 596, 11
MM, 493, 595, 10
MM, 495, 593, 10
MM, 496, 591, 10
MM, 3, 30, 9
MM, 4, 28, 11
MM, 4, 27, 30
MM, 4, 26, 10
MM, 5, 25, 10
MM, 6, 24, 20
MM, 7, 24, 40
MM, 8, 24, 50
MM, 9, 24, 21
MM, 10, 24, 9
MM, 12, 23, 11
MC, 1, 239
MM, 13, 23, 193
MM, 14, 23, 10
MM, 16, 23, 10
MM, 17, 23, 10
MM, 18, 25, 11
MM, 21, 27, 10
MM, 22, 28, 9
MM, 23, 28, 10
MM, 24, 30, 10
MM, 25, 30, 11
MM, 26, 30, 10
MM, 521, 591, 10
MM, 522, 592, 10
MM, 524, 592, 20
MM, 524, 593, 10
MM, 525, 593, 10
MM, 526, 593, 20
MM, 527, 595, 10
MM, 528, 596, 20
MM, 529, 596, 30
MM, 30, 0, 30
MM, 31, 0, 30
MM, 32, 1, 20
MM, 33, 1, 21
MM, 34, 2, 20
MM, 534, 599, 10
MM, 536, 600, 20
MM, 538, 601, 20
MM, 539, 601, 10
MM, 1, 5, 10
MM, 2, 5, 10
MM, 3, 6, 10
MM, 5, 6, 10
MM, 6, 6, 30
MM, 6, 8, 10
MC, 1, 432
MM, 1, 8, 181
MM, 34, 8, 10
MM, 25, 7, 11
MM, 15, 4, 9
MM, 5, 3, 11
MM, 498, 597, 9
MM, 494, 596, 11
MM, 488, 589, 10
MM, 26, 28, 10
MM, 20, 26, 10
MM, 17, 24, 10
MM, 12, 20, 9
MM, 8, 17, 11
MM, 6, 16, 10
MM, 4, 16, 11
MM, 1, 15, 9
MM, 0, 14, 9
MM, 454, 573, 11
MM, 453, 573, 10
MM, 451, 572, 11
MM, 450, 571, 10
MM, 33, 9, 9
MM, 31, 9, 11
MM, 27, 9, 9
MM, 25, 9, 10
MM, 24, 9, 10
MM, 23, 9, 30
MM, 23, 7, 92
MC, 1, 209
MM, 24, 7, 142
MM, 27, 7, 10
MM, 31, 7, 10
MM, 0, 8, 10
MM, 6, 8, 10
MM, 16, 9, 10
MM, 24, 11, 11
MM, 491, 576, 9
MM, 7, 16, 10
MM, 11, 16, 11
MM, 16, 17, 10
MM, 21, 17, 9
MM, 29, 21, 10
MM, 527, 581, 10
MM, 0, 21, 11
MM, 3, 21, 9
MM, 8, 22, 10
MM, 11, 22, 10
MM, 13, 22, 10
MM, 15, 22, 10
MM, 17, 22, 11
MM, 18, 22, 20
MM, 19, 22, 120
MM, 20, 22, 51
MM, 20, 21, 11
MC, 1, 229
MM, 16, 27, 162
MM, 544, 591, 10
MM, 538, 599, 10
MM, 34, 10, 10
MM, 29, 18, 9
MM, 25, 25, 11
MM, 29, 1, 10
MM, 25, 13, 10
MM, 22, 18, 10
MM, 19, 21, 10
MM, 16, 26, 10
MM, 499, 666, 10
MM, 498, 668, 10
MM, 496, 669, 10
MM, 93, 1, 11
MM, 92, 3, 10
MM, 91, 4, 20
MM, 90, 4, 10
MM, 90, 6, 10
MM, 90, 7, 10
MM, 89, 8, 10
MM, 88, 10, 10
MM, 88, 11, 20
MM, 87, 11, 10
MM, 86, 12, 10
MM, 85, 13, 10
MM, 84, 14, 112
MM, 83, 15, 29
MM, 82, 15, 20
MM, 82, 16, 9
MM, 81, 16, 21
MM, 81, 17, 10
MM, 80, 18, 21
MM, 79, 18, 9
MM, 79, 19, 21
MM, 78, 19, 9
MM, 78, 18, 80
MC, 1, 422
MM, 77, 18, 192
MM, 76, 17, 10
MM, 74, 15, 10
MM, 73, 14, 10
MM, 72, 12, 10
MM, 69, 8, 10
MM, 67, 6, 10
MM, 65, 5, 10
MM, 64, 3, 10
MM, 460, 668, 11
MM, 459, 666, 10
MM, 7, 29, 10
MM, 7, 27, 9
MM, 5, 24, 11
MM, 4, 23, 10
MM, 1, 21, 10
MM, 0, 18, 9
MM, 446, 647, 11
MM, 446, 643, 9
MM, 444, 641, 12
MM, 33, 4, 9
MM, 31, 2, 10
MM, 436, 632, 9
MM, 433, 628, 11
MM, 11, 27, 9
MM, 9, 25, 11
MM, 8, 24, 11
MM, 8, 20, 9
MM, 7, 17, 10
MM, 5, 12, 10
MM, 4, 11, 10
MM, 2, 10, 12
MM, 2, 8, 8
MM, 2, 7, 11
MM, 2, 5, 10
MM, 2, 4, 191
MM, 1, 4, 10
MM, 0, 4, 10
MM, 419, 601, 10
MM, 418, 601, 10
MM, 416, 600, 20
MM, 415, 600, 10
MM, 34, 2, 10
MM, 33, 2, 10
MM, 31, 2, 10
MM, 28, 0, 10
MM, 27, 0, 10
MM, 406, 596, 10
MM, 404, 596, 20
MM, 403, 596, 31
MM, 401, 596, 20
MM, 400, 596, 10
MM, 399, 596, 10
MM, 397, 596, 10
MM, 395, 596, 10
MM, 392, 594, 10
MM, 391, 593, 10
MM, 390, 593, 10
MM, 390, 594, 131
MM, 11, 1, 10
MM, 12, 3, 10
MM, 12, 5, 10
MM, 12, 7, 9
MM, 13, 8, 10
MM, 13, 9, 21
MM, 13, 10, 49
MC, 1, 211
MM, 16, 10, 181
MM, 17, 10, 11
MM, 19, 9, 10
MM, 22, 9, 10
MM, 26, 9, 10
MM, 31, 8, 10
MM, 420, 602, 10
MM, 8, 3, 10
MM, 15, 2, 10
MM, 22, 0, 11
MM, 32, 0, 9
MM, 464, 595, 11
MM, 472, 593, 9
MM, 479, 592, 10
MM, 30, 30, 10
MM, 0, 25, 11
MM, 4, 23, 9
MM, 7, 21, 11
MM, 14, 21, 10
MM, 16, 21, 10
MM, 18, 21, 10
MM, 20, 20, 20
MM, 21, 20, 40
MM, 22, 19, 20
MM, 23, 19, 20
MM, 23, 18, 131
MC, 1, 230
MM, 21, 18, 131
MM, 14, 21, 11
MM, 9, 23, 9
MM, 1, 26, 11
MM, 488, 587, 10
MM, 470, 593, 10
MM, 457, 593, 10
MM, 445, 594, 10
MM, 433, 595, 10
MM, 1, 2, 10
MM, 418, 599, 10
MM, 32, 2, 10
MM, 27, 2, 10
MM, 23, 2, 10
MM, 20, 2, 10
MM, 18, 2, 10
MM, 16, 2, 10
MM, 15, 2, 10
MM, 13, 2, 41
MM, 12, 2, 10
MM, 11, 2, 121
MM, 9, 3, 9
MM, 7, 3, 21
MM, 5, 8, 10
MM, 2, 11, 10
MM, 379, 609, 10
MM, 375, 609, 9
MM, 34, 13, 10
MM, 30, 14, 11
MM, 27, 14, 10
MM, 26, 14, 10
MM, 24, 15, 10
MM, 23, 15, 10
MM, 22, 15, 10
MM, 21, 15, 10
MM, 20, 15, 10
MM, 19, 15, 10
MM, 18, 15, 10
MM, 15, 15, 20
MC, 1, 261
MM, 16, 15, 151
MM, 18, 15, 10
MM, 23, 14, 10
MM, 28, 13, 10
MM, 377, 608, 10
MM, 11, 9, 11
MM, 25, 9, 10
MM, 416, 601, 9
MM, 10, 2, 10
MM, 446, 593, 10
MM, 457, 593, 10
MM, 462, 592, 10
MM, 19, 25, 10
MM, 30, 25, 11
MM, 490, 583, 10
MM, 493, 583, 10
MM, 4, 19, 10
MM, 6, 19, 10
MM, 8, 19, 21
MM, 8, 18, 9
MM, 9, 18, 10
MM, 8, 18, 191
MM, 6, 18, 10
MM, 3, 18, 11
MM, 0, 17, 10
MM, 490, 576, 10
MM, 488, 576, 9
MM, 29, 16, 10
MM, 28, 16, 10
MM, 27, 16, 10
MM, 26, 16, 11
MM, 25, 16, 20
MM, 23, 16, 121
MM, 22, 16, 9
MC, 1, 502
MM, 23, 16, 172
MM, 25, 16, 20
MM, 26, 16, 20
MM, 27, 15, 10
MM, 28, 15, 10
MM, 29, 15, 10
MM, 30, 15, 10
MM, 31, 15, 10
MM, 488, 575, 10
MM, 489, 575, 10
MM, 490, 574, 10
MM, 492, 574, 10
MM, 493, 574, 21
MM, 0, 14, 10
MM, 1, 14, 10
MM, 2, 14, 29
MM, 3, 14, 40
MM, 4, 14, 21
MM, 5, 14, 80
MM, 5, 13, 30
MM, 6, 13, 10
MM, 7, 12, 21
MC, 1, 220
MM, 7, 13, 192
MM, 6, 16, 10
MM, 3, 23, 10
MM, 3, 27, 10
MM, 493, 598, 10
MM, 30, 7, 11
MM, 27, 13, 8
MM, 27, 22, 11
MM, 485, 628, 9
MM, 483, 632, 11
MM, 31, 10, 10
MM, 27, 19, 10
MM, 23, 30, 10
MM, 70, 1, 10
MM, 67, 10, 11
MM, 65, 17, 10
MM, 463, 705, 11
MM, 460, 712, 8
MM, 456, 715, 10
MM, 454, 721, 10
MM, 454, 722, 11
MM, 453, 723, 10
MM, 452, 724, 9
MM, 451, 724, 61
MM, 449, 724, 322
MM, 448, 725, 20
MM, 447, 725, 9
MM, 446, 725, 10
MM, 444, 725, 11
MM, 444, 726, 11
MM, 443, 727, 9
MM, 442, 727, 31
MM, 441, 727, 19
MM, 440, 727, 50
MM, 440, 726, 311
MM, 440, 725, 31
MM, 440, 724, 20
MM, 440, 723, 10
MM, 440, 722, 10
MM, 441, 720, 20
MM, 441, 718, 10
MM, 442, 717, 21
MM, 442, 716, 10
MM, 442, 715, 10
MM, 443, 715, 141
MM, 444, 714, 29
MM, 445, 714, 10
MM, 445, 713, 21
MM, 446, 713, 9
MM, 447, 713, 10
MM, 448, 713, 11
MM, 448, 712, 10
MM, 449, 712, 19
MM, 450, 711, 21
MM, 451, 711, 91
MM, 451, 710, 40
MM, 452, 710, 19
MM, 453, 710, 31
MM, 453, 709, 10
MM, 453, 708, 20
MM, 454, 707, 9
MM, 458, 706, 11
MM, 459, 703, 10
MM, 459, 702, 10
MM, 59, 30, 10
MM, 60, 30, 10
MM, 60, 29, 11
MM, 60, 28, 39
MM, 61, 28, 41
MM, 62, 27, 10
MM, 62, 26, 10
MM, 62, 25, 10
MM, 63, 24, 10
MM, 64, 23, 20
MM, 64, 22, 31
MC, 1, 260
MM, 62, 18, 221
MM, 59, 9, 10
MM, 57, 6, 10
MM, 55, 1, 11
MM, 449, 668, 10
MM, 447, 666, 9
MM, 445, 665, 10
MM, 444, 663, 10
MM, 444, 659, 10
MM, 32, 22, 11
MM, 31, 21, 10
MM, 29, 19, 10
MM, 28, 17, 10
MM, 25, 14, 10
MM, 23, 12, 11
MM, 19, 8, 10
MM, 16, 5, 9
MM, 13, 2, 10
MM, 420, 633, 10
MM, 416, 626, 11
MM, 33, 28, 10
MM, 31, 24, 9
MM, 29, 23, 11
MM, 28, 20, 9
MM, 27, 19, 10
MM, 27, 18, 11
MM, 26, 16, 10
MM, 25, 14, 10
MM, 25, 11, 10
MM, 25, 9, 21
MM, 25, 8, 9
MM, 25, 7, 10
MM, 25, 5, 10
MM, 22, 2, 10
MM, 402, 596, 11
MM, 402, 593, 10
MM, 401, 592, 9
MM, 29, 30, 11
MM, 29, 29, 10
MM, 28, 24, 9
MM, 27, 23, 11
MM, 27, 20, 10
MM, 27, 19, 10
MM, 27, 17, 20
MM, 27, 16, 20
MM, 26, 15, 10
MM, 26, 14, 10
MM, 26, 15, 20
MC, 1, 251
MM, 30, 15, 150
MM, 34, 15, 11
MM, 412, 575, 10
MM, 12, 12, 10
MM, 29, 12, 10
MM, 7, 12, 10
MM, 3, 7, 10
MM, 21, 4, 10
MM, 14, 4, 11
MM, 27, 5, 10
MM, 564, 565, 10
MM, 2, 9, 10
MM, 4, 9, 10
MM, 8, 9, 10
MM, 11, 9, 10
MM, 13, 9, 10
MM, 13, 10, 10
MM, 15, 10, 11
MM, 16, 10, 9
MM, 18, 10, 20
MM, 20, 10, 10
MM, 22, 10, 20
MM, 23, 10, 10
MM, 24, 10, 10
MM, 25, 10, 10
MM, 27, 10, 10
MM, 29, 10, 10
MM, 31, 10, 10
MM, 33, 10, 10
MM, 606, 569, 11
MM, 608, 569, 10
MM, 610, 569, 10
MM, 1, 8, 10
MM, 2, 8, 10
MM, 3, 8, 10
MM, 4, 8, 10
MM, 5, 8, 10
MM, 6, 8, 10
MM, 7, 7, 9
MM, 8, 7, 11
MM, 9, 7, 10
MM, 9, 6, 51
MC, 1, 511
MM, 6, 6, 171
MM, 2, 7, 10
MM, 610, 568, 10
MM, 32, 8, 10
MM, 25, 8, 11
MM, 17, 9, 9
MM, 13, 9, 11
MM, 7, 9, 9
MM, 3, 9, 11
MM, 0, 8, 10
MM, 567, 568, 10
MM, 564, 568, 10
MM, 30, 8, 10
MM, 28, 7, 10
MM, 23, 7, 10
MM, 19, 7, 10
MM, 15, 7, 10
MM, 13, 6, 10
MM, 11, 6, 12
MM, 8, 6, 8
MM, 7, 6, 11
MM, 6, 6, 9
MM, 5, 6, 21
MM, 4, 6, 10
MM, 4, 5, 80
MM, 2, 5, 21
MM, 1, 5, 20
MM, 0, 5, 10
MM, 530, 565, 10
MM, 529, 565, 20
MM, 528, 566, 20
MM, 527, 566, 10
MM, 526, 567, 10
MM, 525, 567, 20
MM, 30, 8, 10
MM, 29, 8, 20
MM, 28, 8, 30
MM, 27, 5, 30
MC, 1, 421
MM, 29, 6, 152
MM, 527, 568, 10
MM, 530, 570, 10
MM, 3, 16, 10
MM, 12, 22, 10
MM, 19, 28, 11
MM, 555, 592, 9
MM, 558, 595, 10
MM, 21, 2, 10
MM, 27, 3, 10
MM, 28, 5, 10
MM, 29, 5, 10
MM, 29, 6, 50
MM, 29, 7, 11
MM, 30, 7, 10
MC, 1, 321
MM, 31, 7, 212
MM, 34, 7, 10
MM, 579, 604, 10
MM, 5, 7, 10
MM, 13, 7, 10
MM, 21, 7, 9
MM, 614, 604, 10
MM, 16, 7, 10
MM, 656, 604, 10
MM, 689, 604, 10
MM, 707, 607, 10
MM, 717, 607, 10
MM, 729, 609, 12
MM, 741, 611, 9
MM, 745, 612, 10
MM, 749, 613, 9
MM, 750, 613, 11
MM, 753, 612, 10
MM, 754, 612, 10
MM, 755, 612, 30
MM, 756, 612, 20
MM, 757, 612, 41
MM, 758, 612, 19
MM, 758, 611, 10
MM, 760, 611, 11
MM, 761, 611, 9
MM, 762, 611, 11
MM, 763, 611, 20
MM, 765, 611, 30
MM, 766, 611, 10
MM, 768, 611, 21
MM, 769, 612, 9
MM, 770, 612, 10
MM, 770, 613, 10
MM, 0, 2, 10
MM, 1, 3, 11
MM, 1, 4, 9
MM, 2, 4, 10
MM, 4, 4, 11
MM, 4, 5, 10
MM, 5, 5, 10
MM, 6, 6, 10
MM, 7, 7, 10
MM, 9, 10, 10
MM, 11, 11, 10
MM, 11, 12, 10
MM, 12, 13, 20
MM, 13, 13, 21
MM, 13, 15, 10
MM, 13, 17, 9
