********************************************************************************
LOGGING TIME: 20181014_211632
CLIENT IP: 192.168.56.1
USERNAME: user-pc
OS: Windows 10
**********************************Emotional database********************************************************************************
MM, 4, 32, 1537598292217
MM, 758, 623, 860
MM, 30, 14, 10
MM, 29, 15, 10
MM, 667, 507, 10
MM, 406, 82, 10
MM, 397, 72, 11
MM, 392, 67, 9
MM, 389, 63, 10
MM, 387, 59, 10
MM, 384, 56, 10
MM, 384, 52, 20
MM, 383, 49, 192
MM, 375, 38, 9
MM, 348, 5, 11
MM, 573, 372, 10
MM, 284, 29, 10
MM, 500, 261, 10
MM, 440, 175, 30
MM, 434, 166, 10
MM, 430, 161, 10
MM, 427, 157, 10
MM, 425, 155, 10
MM, 423, 155, 20
MM, 420, 153, 241
MM, 416, 148, 11
MM, 412, 144, 10
MM, 405, 138, 9
MM, 396, 129, 12
MM, 392, 127, 9
MM, 387, 123, 10
MM, 381, 118, 10
MM, 374, 111, 10
MM, 370, 109, 10
MM, 366, 105, 10
MM, 364, 104, 10
MM, 360, 100, 11
MM, 359, 100, 9
MM, 358, 100, 11
MM, 357, 100, 190
MM, 354, 100, 20
MM, 349, 100, 11
MM, 337, 100, 10
MM, 329, 100, 9
MM, 313, 114, 6802
MM, 317, 114, 10
MM, 322, 117, 10
MM, 325, 118, 10
MM, 326, 119, 20
MM, 328, 119, 81
MM, 330, 119, 19
MM, 332, 119, 10
MM, 336, 119, 10
MM, 342, 119, 11
MM, 345, 118, 10
MM, 349, 117, 10
MM, 352, 116, 10
MM, 358, 114, 10
MM, 364, 113, 10
MM, 369, 113, 10
MM, 372, 111, 10
MM, 376, 109, 10
MM, 377, 108, 10
MM, 379, 107, 10
MM, 381, 106, 10
MM, 382, 104, 10
MM, 383, 104, 10
MM, 385, 103, 10
MM, 385, 102, 10
MM, 388, 101, 11
MM, 390, 101, 10
MM, 393, 101, 9
MM, 394, 101, 11
MM, 396, 101, 10
MM, 406, 118, 12764
MM, 406, 129, 9
MM, 401, 147, 10
MM, 388, 263, 40
MM, 131, 1, 10
MM, 131, 12, 11
MM, 130, 21, 8
MM, 129, 29, 11
MM, 129, 39, 10
MM, 127, 45, 10
MM, 126, 47, 10
MM, 126, 48, 160
MM, 126, 49, 10
MM, 125, 50, 10
MM, 125, 51, 10
MM, 124, 52, 10
MM, 124, 53, 10
MM, 123, 54, 10
MM, 123, 55, 10
MM, 123, 56, 20
MM, 121, 58, 20
MM, 120, 59, 31
MM, 120, 60, 30
MM, 120, 61, 30
MC, 1, 440
MM, 121, 61, 15997
MM, 121, 62, 60
MM, 121, 68, 10
MM, 120, 70, 10
MM, 117, 76, 10
MM, 115, 81, 10
MM, 364, 371, 10
MM, 361, 376, 11
MM, 360, 379, 10
MM, 356, 390, 9
MM, 352, 404, 10
MM, 349, 412, 11
MM, 95, 2, 9
MM, 93, 9, 10
MM, 91, 12, 12
MM, 90, 14, 9
MM, 89, 17, 10
MM, 88, 17, 20
MM, 87, 19, 10
MM, 87, 20, 10
MM, 87, 23, 30
MM, 87, 24, 292
MC, 1, 199
MM, 87, 25, 293
MM, 89, 28, 11
MM, 94, 34, 9
MM, 98, 44, 11
MM, 109, 63, 10
MM, 116, 78, 10
MM, 121, 85, 10
MM, 377, 508, 10
MM, 381, 522, 10
MM, 14, 7, 10
MM, 16, 12, 10
MM, 20, 13, 10
MM, 24, 13, 10
MM, 25, 15, 10
MM, 29, 17, 10
MM, 31, 17, 20
MM, 32, 17, 161
MM, 33, 17, 30
MM, 34, 17, 10
MM, 408, 540, 10
MM, 409, 540, 20
MM, 410, 540, 31
MM, 411, 540, 20
MM, 412, 540, 10
MM, 0, 17, 10
MM, 1, 17, 10
MM, 3, 16, 20
MM, 4, 16, 10
MM, 5, 16, 9
MM, 6, 16, 10
MM, 6, 18, 211
MM, 6, 16, 9
MM, 7, 16, 242
MM, 10, 19, 10
MM, 18, 25, 10
MM, 440, 556, 11
MM, 2, 14, 9
MM, 16, 26, 11
MM, 490, 594, 10
MM, 14, 15, 10
MM, 26, 19, 10
MM, 538, 624, 10
MM, 553, 632, 10
MM, 34, 4, 10
MM, 2, 8, 10
MM, 11, 12, 10
MM, 18, 15, 10
MM, 21, 16, 10
MM, 25, 17, 10
MM, 28, 17, 10
MM, 32, 17, 191
MM, 37, 17, 10
MM, 611, 651, 10
MM, 1, 17, 11
MM, 11, 18, 10
MM, 17, 19, 9
MM, 21, 19, 11
MM, 23, 19, 10
MM, 24, 19, 10
MM, 25, 19, 10
MM, 26, 19, 20
MM, 27, 19, 10
MM, 28, 19, 40
MM, 29, 19, 20
MM, 30, 19, 12
MM, 648, 653, 8
MM, 649, 653, 11
MM, 651, 653, 9
MM, 1, 19, 11
MM, 3, 19, 9
MM, 5, 19, 20
MM, 6, 19, 31
MM, 7, 19, 10
MM, 9, 19, 20
MM, 10, 19, 20
MM, 12, 19, 90
MM, 12, 18, 573
MC, 1, 199
MM, 11, 18, 142
MM, 10, 18, 10
MM, 6, 17, 10
MM, 1, 15, 11
MM, 648, 649, 10
MM, 29, 13, 10
MM, 26, 11, 10
MM, 25, 11, 10
MM, 23, 10, 10
MM, 21, 9, 10
MM, 20, 9, 20
MM, 19, 9, 20
MM, 18, 9, 121
MM, 16, 9, 30
MM, 15, 9, 20
MM, 14, 9, 10
MM, 13, 9, 10
MM, 12, 9, 10
MM, 12, 10, 10
MM, 11, 10, 10
MM, 10, 10, 10
MM, 9, 11, 10
MM, 8, 11, 10
MM, 6, 12, 11
MM, 5, 12, 10
MM, 3, 12, 9
MM, 3, 13, 10
MM, 2, 13, 11
MM, 1, 13, 10
MM, 0, 13, 19
MM, 614, 647, 11
MM, 613, 648, 30
MM, 612, 648, 221
MM, 611, 648, 10
MM, 610, 648, 10
MM, 38, 14, 10
MM, 36, 14, 10
MM, 34, 14, 10
MM, 33, 14, 10
MM, 30, 14, 11
MM, 29, 14, 10
MM, 28, 14, 9
MM, 26, 13, 302
MM, 27, 13, 9
MC, 1, 192
MM, 27, 7, 9
MM, 8, 26, 11
MM, 0, 8, 10
MM, 5, 30, 10
MM, 32, 2, 10
MM, 22, 29, 10
MM, 18, 22, 10
MM, 16, 20, 10
MM, 16, 18, 10
MM, 15, 18, 11
MM, 15, 17, 10
MM, 15, 16, 50
MM, 15, 17, 131
MM, 15, 18, 19
MM, 14, 20, 21
MM, 14, 22, 10
MM, 12, 27, 10
MM, 549, 554, 10
MM, 546, 557, 10
MM, 15, 0, 10
MM, 14, 3, 11
MM, 13, 4, 9
MM, 13, 5, 10
MM, 12, 5, 20
MM, 12, 6, 10
MM, 12, 7, 110
MC, 1, 391
MM, 10, 10, 30
MM, 7, 21, 11
MM, 534, 594, 10
MM, 29, 5, 12
MM, 22, 16, 8
MM, 16, 25, 11
MM, 22, 0, 9
MM, 19, 13, 11
MM, 15, 21, 10
MM, 13, 26, 10
MM, 12, 28, 10
MM, 12, 29, 11
MM, 11, 30, 9
MM, 499, 665, 30
MM, 498, 666, 20
MM, 498, 667, 10
MM, 497, 667, 70
MM, 496, 669, 21
MM, 496, 670, 10
MM, 495, 670, 20
MM, 95, 0, 50
MM, 95, 2, 20
MM, 95, 3, 12
MM, 94, 4, 8
MM, 94, 5, 11
MM, 94, 6, 261
MM, 94, 6, 9
MC, 1, 190
MM, 94, 4, 283
MM, 494, 670, 10
MM, 5, 29, 10
MM, 4, 20, 10
MM, 0, 8, 10
MM, 23, 30, 10
MM, 22, 22, 10
MM, 21, 16, 10
MM, 19, 12, 10
MM, 17, 7, 10
MM, 17, 6, 10
MM, 17, 5, 11
MM, 17, 4, 80
MM, 17, 5, 130
MM, 17, 6, 40
MM, 16, 8, 20
MM, 15, 10, 20
MM, 15, 11, 21
MM, 15, 12, 19
MM, 15, 13, 31
MM, 14, 13, 40
MM, 14, 14, 10
MM, 14, 13, 191
MM, 14, 14, 9
MC, 1, 1095
MM, 22, 11, 142
MM, 25, 12, 10
MM, 29, 15, 10
MM, 34, 18, 10
MM, 377, 618, 11
MM, 11, 25, 9
MM, 409, 632, 10
MM, 17, 3, 10
MM, 2, 21, 11
MM, 12, 28, 10
MM, 469, 667, 10
MM, 75, 1, 10
MM, 78, 5, 10
MM, 80, 6, 10
MM, 82, 6, 10
MM, 84, 7, 10
MM, 84, 8, 20
MM, 85, 8, 59
MM, 86, 8, 31
MM, 86, 5, 120
MM, 86, 3, 10
MM, 482, 669, 10
MM, 481, 667, 10
MM, 479, 665, 11
MM, 29, 30, 9
MM, 27, 28, 11
MM, 26, 28, 20
MM, 26, 27, 10
MM, 25, 27, 80
MM, 24, 25, 10
MM, 24, 24, 20
MM, 22, 22, 70
MM, 22, 21, 11
MM, 21, 19, 10
MM, 20, 18, 10
MM, 20, 17, 10
MC, 1, 481
MM, 22, 17, 51
MM, 482, 650, 10
MM, 7, 12, 11
MM, 20, 10, 10
MM, 528, 635, 10
MM, 547, 631, 10
MM, 26, 22, 10
MM, 577, 614, 10
MM, 4, 17, 10
MM, 9, 17, 10
MM, 14, 14, 10
MM, 17, 13, 10
MM, 18, 11, 10
MM, 20, 11, 10
MM, 21, 8, 13
MM, 23, 7, 7
MM, 23, 6, 10
MM, 25, 5, 10
MM, 26, 4, 21
MM, 27, 3, 9
MM, 28, 3, 11
MM, 29, 2, 20
MM, 29, 1, 10
MM, 30, 1, 10
MM, 612, 596, 10
MM, 613, 595, 10
MM, 615, 594, 30
MM, 616, 592, 20
MM, 617, 591, 10
MM, 619, 591, 11
MM, 9, 30, 9
MM, 10, 30, 10
MM, 13, 27, 10
MM, 14, 27, 11
MM, 16, 26, 9
MM, 17, 26, 10
MM, 19, 26, 10
MM, 20, 26, 10
MM, 22, 26, 10
MM, 24, 26, 11
MM, 26, 26, 11
MM, 28, 25, 9
MM, 28, 24, 20
MM, 29, 24, 10
MM, 30, 24, 20
MM, 642, 583, 10
MM, 644, 583, 20
MM, 644, 582, 10
MM, 645, 582, 10
MM, 646, 582, 20
MM, 647, 581, 20
MM, 0, 20, 21
MM, 1, 20, 10
MM, 2, 20, 20
MM, 3, 20, 10
MM, 4, 20, 10
MM, 5, 20, 40
MM, 6, 20, 19
MM, 8, 20, 20
MM, 9, 20, 21
MC, 1, 461
MM, 8, 20, 40
MM, 4, 20, 10
MM, 644, 580, 11
MM, 27, 20, 10
MM, 23, 20, 11
MM, 19, 20, 9
MM, 15, 20, 10
MM, 9, 19, 10
MM, 2, 17, 10
MM, 610, 577, 10
MM, 608, 576, 10
MM, 607, 575, 10
MM, 606, 575, 11
MM, 34, 15, 9
MM, 33, 15, 20
MM, 31, 15, 20
MM, 30, 15, 21
MM, 29, 15, 20
MM, 27, 15, 10
MM, 24, 15, 20
MM, 21, 15, 10
MM, 20, 15, 10
MM, 19, 15, 10
MM, 18, 15, 31
MM, 17, 14, 100
MM, 15, 12, 171
MM, 16, 13, 9
MC, 1, 191
MM, 15, 13, 30
MM, 13, 13, 11
MM, 10, 13, 10
MM, 6, 13, 9
MM, 1, 13, 11
MM, 564, 573, 10
MM, 28, 13, 10
MM, 23, 13, 10
MM, 15, 13, 10
MM, 7, 13, 10
MM, 530, 571, 10
MM, 29, 11, 10
MM, 26, 11, 10
MM, 23, 11, 10
MM, 18, 11, 11
MM, 15, 11, 10
MM, 11, 11, 10
MM, 6, 11, 10
MM, 4, 11, 10
MM, 2, 11, 10
MM, 0, 11, 10
MM, 493, 571, 10
MM, 492, 571, 20
MM, 491, 571, 10
MM, 490, 571, 10
MM, 489, 571, 10
MM, 31, 12, 10
MM, 30, 12, 10
MM, 28, 13, 20
MM, 27, 13, 20
MM, 26, 13, 10
MM, 25, 13, 11
MM, 24, 13, 10
MM, 21, 13, 10
MM, 20, 13, 10
MM, 17, 14, 10
MM, 16, 14, 10
MM, 15, 14, 10
MC, 1, 460
MM, 16, 14, 223
MM, 20, 14, 10
MM, 25, 14, 10
MM, 30, 14, 10
MM, 3, 14, 10
MM, 14, 17, 10
MM, 23, 17, 10
MM, 6, 12, 10
MM, 20, 12, 10
MM, 567, 575, 10
MM, 6, 17, 10
MM, 16, 14, 10
MM, 21, 14, 11
MM, 24, 14, 9
MM, 28, 14, 10
MM, 33, 14, 10
MM, 34, 14, 11
MM, 606, 574, 9
MM, 607, 574, 11
MM, 608, 574, 70
MM, 607, 572, 151
MM, 33, 6, 10
MM, 25, 1, 10
MM, 29, 22, 10
MM, 524, 522, 10
MM, 215, 77, 10
MM, 157, 53, 10
MM, 117, 45, 11
MM, 90, 39, 9
MM, 77, 36, 11
MM, 69, 36, 9
MM, 66, 36, 10
MM, 63, 36, 10
MM, 62, 36, 10
MM, 62, 35, 40
MM, 61, 35, 192
MM, 59, 37, 10
MM, 58, 38, 10
MM, 56, 38, 10
MM, 52, 40, 10
MM, 51, 40, 10
MM, 48, 40, 11
MM, 46, 40, 9
MM, 44, 41, 10
MM, 41, 41, 10
MM, 39, 41, 10
MM, 37, 41, 10
MM, 36, 41, 10
MM, 35, 41, 11
MM, 34, 41, 10
MM, 34, 42, 10
MM, 34, 43, 261
MM, 35, 43, 30
MM, 36, 44, 10
MM, 37, 44, 20
MM, 37, 45, 11
MM, 38, 46, 10
MM, 39, 46, 9
MM, 41, 46, 11
MM, 42, 47, 10
MM, 43, 47, 10
MM, 45, 48, 9
MM, 47, 48, 11
MM, 50, 48, 10
MM, 50, 49, 10
MM, 51, 49, 10
MM, 49, 49, 160
MM, 47, 49, 10
MM, 46, 48, 11
MM, 45, 47, 10
MM, 43, 47, 9
MM, 42, 47, 30
MM, 42, 46, 31
MM, 42, 45, 110
MC, 2, 683
MC, 3, 201
MC, 4, 260
MM, 40, 44, 323
MM, 39, 44, 10
MM, 38, 44, 10
MM, 36, 44, 10
MM, 35, 44, 21
MM, 34, 44, 20
MM, 34, 45, 10
MM, 35, 45, 432
MC, 1, 198
MC, 1, 543
MC, 2, 191
MM, 36, 45, 474
MM, 38, 45, 10
MM, 39, 45, 10
MM, 43, 45, 10
MM, 54, 44, 10
MM, 68, 44, 10
MM, 88, 44, 10
MM, 134, 44, 11
MM, 184, 49, 10
MM, 248, 57, 9
MM, 301, 67, 10
MM, 358, 83, 10
MM, 672, 506, 11
MM, 716, 508, 9
MM, 761, 517, 10
MM, 777, 556, 2542
MM, 749, 566, 10
MM, 19, 19, 10
MM, 687, 584, 11
MM, 2, 4, 9
MM, 22, 11, 10
MM, 9, 15, 11
MM, 0, 17, 10
MM, 29, 18, 10
MM, 25, 18, 10
MM, 18, 18, 10
MM, 14, 20, 10
MM, 12, 20, 9
MM, 10, 20, 10
MM, 8, 20, 10
MM, 6, 21, 10
MM, 1, 21, 10
MM, 578, 618, 12
MM, 34, 21, 9
MM, 28, 21, 11
MM, 23, 22, 9
MM, 21, 22, 10
MM, 19, 22, 10
MM, 17, 22, 61
MM, 16, 22, 10
MM, 15, 22, 10
MM, 14, 22, 10
MM, 13, 22, 10
MM, 12, 22, 10
MM, 11, 22, 10
MM, 10, 22, 10
MM, 9, 22, 10
MM, 6, 21, 12
MM, 3, 20, 8
MM, 537, 617, 10
MM, 534, 615, 11
MM, 31, 18, 9
MM, 27, 18, 11
MM, 22, 16, 10
MM, 16, 15, 10
MM, 14, 15, 9
MM, 11, 14, 11
MM, 10, 14, 10
MM, 7, 15, 10
MM, 4, 15, 10
MM, 2, 15, 10
MM, 497, 612, 9
MM, 494, 612, 10
MM, 30, 15, 10
MM, 28, 16, 11
MM, 26, 16, 9
MM, 25, 16, 10
MM, 24, 16, 71
MM, 23, 16, 30
MC, 1, 471
MM, 18, 16, 242
MM, 10, 16, 11
MM, 3, 16, 12
MM, 30, 11, 8
MM, 21, 11, 10
MM, 10, 11, 10
MM, 2, 10, 10
MM, 417, 607, 10
MM, 31, 10, 10
MM, 21, 10, 10
MM, 17, 10, 10
MM, 12, 10, 10
MM, 6, 10, 10
MM, 4, 10, 10
MM, 2, 10, 10
MM, 0, 10, 11
MM, 378, 607, 10
MM, 376, 607, 9
MM, 34, 10, 10
MM, 31, 9, 11
MM, 28, 9, 9
MM, 27, 9, 20
MM, 26, 9, 31
MM, 25, 9, 10
MM, 23, 9, 20
MM, 23, 10, 10
MM, 22, 10, 10
MM, 22, 11, 111
MM, 20, 11, 9
MC, 1, 251
MM, 28, 12, 212
MM, 377, 609, 10
MM, 7, 16, 10
MM, 16, 20, 10
MM, 28, 23, 10
MM, 416, 621, 10
MM, 1, 27, 11
MM, 3, 28, 10
MM, 6, 28, 10
MM, 8, 29, 10
MM, 10, 29, 9
MM, 12, 30, 11
MM, 14, 30, 11
MM, 439, 632, 9
MM, 442, 633, 9
MM, 444, 635, 10
MM, 447, 635, 10
MM, 0, 2, 10
MM, 6, 8, 10
MM, 7, 8, 10
MM, 9, 9, 10
MM, 10, 9, 10
MM, 11, 10, 10
MM, 12, 10, 10
MM, 13, 11, 101
MM, 14, 11, 80
MM, 14, 12, 10
MM, 14, 13, 10
MC, 1, 381
MM, 15, 13, 121
MM, 20, 10, 11
MM, 24, 7, 10
MM, 483, 637, 10
MM, 496, 629, 10
MM, 9, 26, 11
MM, 24, 24, 9
MM, 10, 19, 10
MM, 22, 15, 10
MM, 32, 11, 11
MM, 2, 7, 9
MM, 9, 4, 10
MM, 20, 3, 10
MM, 25, 1, 11
MM, 30, 0, 9
MM, 616, 592, 10
MM, 618, 591, 11
MM, 8, 29, 10
MM, 10, 29, 10
MM, 10, 27, 10
MM, 13, 24, 10
MM, 13, 23, 20
MM, 15, 22, 10
MM, 16, 21, 10
MM, 18, 20, 20
MM, 20, 19, 10
MM, 21, 17, 10
MM, 22, 17, 20
MM, 22, 15, 10
MM, 23, 15, 10
MM, 24, 15, 191
MM, 25, 15, 10
MM, 27, 15, 30
MM, 28, 15, 20
MM, 642, 576, 10
MM, 645, 576, 10
MM, 647, 576, 10
MM, 1, 17, 11
MM, 3, 17, 10
MM, 5, 19, 10
MM, 6, 20, 10
MM, 8, 21, 20
MM, 9, 21, 20
MM, 10, 21, 30
MM, 11, 22, 251
MC, 1, 200
MM, 8, 22, 30
MM, 6, 22, 11
MM, 4, 22, 10
MM, 0, 22, 10
MM, 645, 581, 10
MM, 642, 581, 10
MM, 28, 21, 10
MM, 24, 21, 10
MM, 23, 21, 10
MM, 20, 21, 11
MM, 17, 21, 9
MM, 13, 21, 11
MM, 8, 21, 10
MM, 5, 21, 10
MM, 3, 21, 10
MM, 610, 580, 10
MM, 609, 580, 20
MM, 608, 580, 21
MM, 607, 580, 9
MM, 605, 580, 10
MM, 34, 20, 10
MM, 32, 20, 11
MM, 29, 19, 9
MM, 26, 18, 10
MM, 25, 18, 10
MM, 24, 18, 10
MM, 22, 16, 11
MM, 21, 16, 10
MM, 18, 15, 10
MM, 17, 15, 9
MM, 16, 15, 10
MM, 17, 15, 121
MC, 1, 643
MM, 16, 15, 30
MM, 12, 15, 11
MM, 6, 15, 10
MM, 569, 575, 10
MM, 26, 11, 10
MM, 14, 11, 10
MM, 2, 10, 11
MM, 525, 569, 9
MM, 24, 9, 10
MM, 17, 9, 10
MM, 12, 9, 11
MM, 10, 9, 10
MM, 8, 9, 10
MM, 5, 9, 10
MM, 3, 9, 10
MM, 1, 9, 10
MM, 0, 9, 10
MM, 493, 569, 10
MM, 492, 569, 10
MM, 491, 569, 10
MM, 490, 569, 171
MM, 488, 569, 10
MM, 30, 9, 10
MM, 28, 9, 10
MM, 27, 9, 10
MM, 26, 9, 10
MM, 25, 9, 10
MM, 24, 9, 10
MM, 24, 10, 61
MM, 24, 8, 30
MC, 1, 409
MM, 25, 8, 112
MM, 30, 6, 10
MM, 492, 567, 11
MM, 3, 7, 9
MM, 7, 7, 10
MM, 12, 6, 11
MM, 17, 5, 10
MM, 22, 5, 10
MM, 30, 5, 10
MM, 528, 566, 10
MM, 0, 6, 10
MM, 3, 6, 10
MM, 8, 6, 10
MM, 13, 6, 10
MM, 15, 6, 10
MM, 19, 6, 10
MM, 26, 6, 10
MM, 31, 6, 10
MM, 565, 566, 10
MM, 567, 566, 10
MM, 569, 566, 10
MM, 2, 6, 10
MM, 3, 6, 10
MM, 4, 6, 10
MM, 5, 6, 10
MM, 6, 6, 20
MM, 7, 6, 20
MM, 8, 6, 20
MM, 9, 6, 10
MM, 10, 6, 10
MM, 11, 6, 10
MM, 12, 6, 31
MM, 13, 6, 81
MM, 14, 6, 20
MM, 15, 6, 30
MM, 15, 7, 20
MM, 17, 7, 10
MM, 18, 7, 10
MM, 20, 8, 20
MM, 22, 9, 10
MM, 25, 9, 10
MM, 26, 9, 11
MM, 29, 9, 9
MM, 30, 10, 10
MM, 32, 11, 10
MM, 33, 11, 11
MM, 605, 573, 10
MM, 608, 574, 10
MM, 610, 574, 10
MM, 0, 14, 10
MM, 1, 14, 10
MM, 3, 14, 30
MM, 3, 17, 20
MC, 1, 590
MM, 0, 16, 163
MM, 608, 575, 10
MM, 32, 14, 10
MM, 23, 13, 10
MM, 10, 8, 10
MM, 2, 8, 12
MM, 566, 568, 8
MM, 28, 8, 10
MM, 17, 7, 10
MM, 12, 7, 11
MM, 6, 6, 10
MM, 2, 6, 9
MM, 0, 6, 11
MM, 528, 566, 9
MM, 526, 566, 11
MM, 30, 6, 10
MM, 29, 6, 10
MM, 27, 6, 10
MM, 26, 5, 10
MM, 22, 5, 11
MM, 20, 5, 9
MM, 17, 3, 11
MM, 15, 3, 9
MM, 14, 3, 10
MM, 12, 3, 10
MM, 11, 3, 10
MM, 9, 3, 10
MM, 7, 3, 10
MM, 5, 3, 10
MM, 4, 3, 10
MM, 2, 3, 11
MM, 491, 564, 9
MM, 490, 564, 10
MM, 488, 564, 10
MM, 31, 4, 11
MM, 30, 4, 20
MM, 30, 5, 80
MM, 30, 6, 20
MM, 488, 567, 10
MM, 489, 568, 10
MM, 490, 569, 11
MM, 491, 570, 9
MM, 492, 570, 10
MM, 492, 571, 10
MM, 493, 571, 10
MM, 0, 11, 10
MM, 1, 11, 10
MM, 2, 12, 21
MM, 3, 12, 10
MM, 4, 12, 9
MM, 5, 12, 21
MM, 6, 12, 10
MM, 8, 13, 10
MM, 9, 13, 20
MM, 10, 13, 10
MM, 11, 13, 10
MM, 13, 13, 10
MM, 14, 13, 232
MC, 1, 199
MM, 10, 13, 41
MM, 7, 13, 10
MM, 4, 13, 10
MM, 1, 13, 11
MM, 490, 573, 10
MM, 25, 12, 10
MM, 20, 13, 11
MM, 15, 14, 9
MM, 10, 16, 10
MM, 4, 16, 11
MM, 1, 16, 9
MM, 453, 578, 10
MM, 450, 578, 11
MM, 34, 18, 9
MM, 31, 18, 11
MM, 28, 20, 10
MM, 27, 20, 10
MM, 26, 20, 10
MM, 24, 20, 10
MM, 22, 21, 11
MM, 21, 21, 9
MM, 18, 21, 10
MM, 17, 21, 10
MM, 15, 21, 10
MM, 14, 21, 10
MM, 13, 21, 20
MM, 12, 21, 41
MM, 10, 21, 20
MM, 8, 21, 20
MM, 7, 21, 11
MM, 7, 20, 219
MM, 8, 20, 20
MM, 10, 19, 10
MM, 10, 18, 10
MM, 11, 18, 20
MM, 14, 17, 10
MM, 16, 17, 231
MM, 15, 17, 10
MC, 1, 190
MM, 15, 18, 61
MM, 16, 23, 11
MM, 17, 28, 10
MM, 433, 593, 10
MM, 14, 2, 10
MM, 14, 6, 10
MM, 14, 12, 10
MM, 17, 20, 10
MM, 18, 26, 11
MM, 439, 628, 9
MM, 440, 630, 10
MM, 441, 632, 10
MM, 442, 633, 10
MM, 33, 0, 10
MM, 33, 2, 11
MM, 443, 637, 10
MM, 444, 638, 10
MM, 444, 639, 9
MM, 444, 640, 11
MM, 447, 644, 10
MM, 448, 645, 10
MM, 448, 646, 10
MM, 448, 647, 10
MM, 0, 14, 10
MM, 0, 15, 10
MM, 0, 16, 10
MM, 0, 17, 10
MM, 0, 18, 10
MM, 0, 20, 20
MM, 0, 21, 20
MM, 0, 22, 10
MM, 1, 24, 10
MM, 1, 25, 11
MM, 1, 26, 20
MM, 1, 28, 19
MM, 1, 30, 21
MM, 450, 665, 10
MM, 450, 666, 10
MM, 450, 667, 11
MM, 450, 668, 9
MM, 450, 669, 40
MM, 449, 670, 10
MM, 49, 0, 11
MM, 49, 1, 19
MM, 49, 2, 31
MM, 49, 3, 29
MC, 1, 453
MM, 449, 670, 60
MM, 449, 666, 11
MM, 448, 660, 10
MM, 448, 652, 10
MM, 448, 649, 10
MM, 448, 645, 10
MM, 448, 642, 10
MM, 448, 638, 10
MM, 448, 636, 10
MM, 448, 634, 10
MM, 448, 633, 20
MM, 448, 632, 10
MM, 448, 631, 101
MM, 448, 630, 10
MM, 448, 629, 60
MM, 447, 628, 19
MM, 26, 30, 10
MM, 25, 28, 10
MM, 25, 26, 10
MM, 24, 25, 10
MM, 22, 22, 10
MM, 22, 20, 10
MM, 22, 19, 11
MM, 22, 18, 10
MM, 22, 19, 80
MM, 22, 24, 211
MM, 22, 19, 9
MC, 1, 190
MM, 18, 19, 62
MM, 12, 19, 10
MM, 8, 19, 10
MM, 5, 19, 10
MM, 1, 19, 10
MM, 418, 616, 10
MM, 34, 19, 10
MM, 27, 19, 10
MM, 22, 19, 10
MM, 17, 19, 10
MM, 15, 19, 10
MM, 11, 18, 10
MM, 7, 18, 11
MM, 4, 18, 9
MM, 2, 18, 11
MM, 1, 18, 10
MM, 378, 614, 10
MM, 376, 614, 10
MM, 374, 614, 10
MM, 33, 17, 21
MM, 32, 17, 9
MM, 31, 17, 10
MM, 30, 17, 10
MM, 29, 17, 21
MM, 29, 16, 19
MM, 28, 16, 40
MM, 27, 16, 11
MM, 25, 16, 20
MM, 24, 16, 21
MM, 23, 15, 10
MM, 22, 15, 20
MM, 21, 15, 20
MM, 21, 14, 30
MC, 1, 420
MM, 22, 14, 92
MM, 24, 14, 10
MM, 29, 14, 11
MM, 374, 611, 10
MM, 5, 12, 10
MM, 16, 10, 10
MM, 27, 10, 10
MM, 9, 4, 10
MM, 24, 3, 10
MM, 457, 597, 10
MM, 478, 594, 10
MM, 491, 593, 10
MM, 499, 591, 10
MM, 11, 30, 10
MM, 17, 28, 10
MM, 28, 26, 10
MM, 529, 583, 10
MM, 5, 23, 10
MM, 10, 23, 10
MM, 13, 23, 11
MM, 16, 23, 9
MM, 18, 23, 11
MM, 21, 23, 9
MM, 22, 23, 9
MM, 22, 21, 262
MM, 22, 20, 30
MM, 21, 20, 10
MM, 21, 19, 40
MM, 20, 19, 10
MM, 20, 20, 212
MC, 1, 199
MM, 20, 21, 61
MM, 19, 23, 10
MM, 549, 594, 11
MM, 7, 7, 10
MM, 5, 17, 10
MM, 2, 24, 10
MM, 1, 30, 10
MM, 9, 10, 10
MM, 6, 20, 10
MM, 5, 25, 10
MM, 531, 665, 11
MM, 127, 0, 10
MM, 126, 6, 10
MM, 124, 9, 10
MM, 123, 15, 10
MM, 121, 17, 10
MM, 120, 19, 10
MM, 120, 21, 10
MM, 118, 24, 30
MM, 118, 25, 10
MM, 118, 26, 20
MM, 117, 27, 10
MM, 116, 27, 10
MM, 116, 28, 10
MM, 116, 29, 71
MM, 116, 28, 271
MM, 116, 27, 13
MM, 116, 26, 8
MM, 116, 23, 9
MM, 116, 20, 10
MM, 116, 18, 11
MM, 116, 14, 10
MM, 116, 11, 9
MM, 116, 8, 10
MM, 116, 6, 11
MM, 116, 7, 371
MC, 1, 199
MM, 116, 6, 202
MM, 118, 5, 11
MM, 120, 3, 10
MM, 123, 1, 10
MM, 527, 669, 10
MM, 533, 666, 10
MM, 9, 26, 10
MM, 15, 21, 10
MM, 20, 16, 10
MM, 22, 13, 10
MM, 25, 11, 10
MM, 26, 8, 10
MM, 28, 6, 10
MM, 31, 2, 10
MM, 33, 0, 10
MM, 565, 633, 11
MM, 566, 630, 9
MM, 28, 28, 11
MM, 29, 26, 10
MM, 32, 22, 10
MM, 33, 17, 10
MM, 34, 14, 10
MM, 575, 608, 10
MM, 576, 607, 9
MM, 577, 604, 10
MM, 578, 603, 10
MM, 579, 600, 10
MM, 579, 599, 10
MM, 579, 596, 10
MM, 579, 593, 10
MM, 579, 592, 10
MM, 9, 30, 11
MM, 9, 29, 20
MM, 10, 29, 30
MM, 10, 27, 11
MM, 10, 23, 9
MM, 11, 22, 10
MM, 11, 21, 10
MM, 13, 20, 10
MM, 13, 18, 10
MM, 15, 15, 10
MM, 18, 13, 10
MM, 20, 11, 11
MM, 23, 11, 10
MM, 24, 9, 9
MM, 27, 9, 11
MM, 28, 9, 10
MM, 29, 9, 20
MM, 30, 9, 30
MM, 31, 9, 20
MM, 32, 10, 10
MM, 33, 10, 20
MM, 34, 10, 10
MM, 605, 571, 10
MM, 606, 572, 10
MM, 608, 572, 10
MM, 609, 572, 10
MM, 0, 13, 10
MM, 2, 14, 10
MM, 4, 15, 10
MM, 6, 15, 11
MM, 7, 15, 10
MM, 7, 16, 10
MM, 8, 16, 10
MM, 9, 16, 20
MM, 10, 16, 10
MM, 12, 18, 10
MM, 12, 19, 212
MM, 12, 20, 9
MM, 12, 19, 10
MC, 1, 190
MM, 9, 19, 142
MM, 3, 19, 10
MM, 606, 579, 10
MM, 28, 19, 10
MM, 13, 19, 10
MM, 569, 579, 11
MM, 26, 19, 10
MM, 19, 20, 10
MM, 11, 23, 10
MM, 529, 582, 10
MM, 27, 22, 9
MM, 20, 23, 11
MM, 16, 23, 10
MM, 11, 25, 10
MM, 2, 28, 10
MM, 489, 588, 10
MM, 29, 28, 11
MM, 25, 28, 9
MM, 21, 28, 10
MM, 19, 28, 10
MM, 18, 28, 10
MM, 15, 28, 10
MM, 13, 28, 10
MM, 12, 28, 13
MM, 9, 29, 7
MM, 462, 591, 10
MM, 459, 591, 11
MM, 457, 591, 9
MM, 456, 591, 10
MM, 454, 591, 11
MM, 452, 593, 9
MM, 451, 593, 11
MM, 449, 593, 10
MM, 447, 593, 10
MM, 446, 593, 10
MM, 444, 593, 10
MM, 443, 593, 10
MM, 442, 594, 10
MM, 441, 594, 61
MM, 441, 595, 10
MM, 440, 595, 10
MM, 438, 596, 20
MM, 15, 0, 10
MM, 14, 0, 10
MM, 13, 1, 10
MM, 12, 1, 10
MM, 11, 1, 10
MM, 10, 2, 50
MM, 9, 2, 10
MM, 8, 2, 10
MM, 7, 3, 10
MM, 6, 3, 11
MM, 5, 3, 10
MM, 4, 3, 9
MM, 3, 4, 10
MM, 2, 4, 41
MM, 1, 4, 10
MM, 420, 602, 11
MM, 418, 602, 9
MM, 417, 603, 10
MM, 34, 6, 10
MM, 33, 6, 10
MM, 32, 6, 10
MM, 31, 6, 10
MM, 30, 6, 10
MM, 29, 6, 30
MM, 28, 6, 19
MM, 26, 6, 11
MM, 25, 6, 30
MM, 23, 4, 69
MM, 21, 4, 212
MM, 19, 4, 10
MM, 17, 4, 10
MM, 15, 4, 10
MM, 14, 4, 10
MM, 13, 4, 10
MM, 12, 4, 10
MM, 12, 5, 162
MM, 12, 6, 321
MC, 1, 209
MM, 13, 7, 52
MM, 17, 9, 10
MM, 20, 13, 10
MM, 27, 20, 10
MM, 33, 25, 10
MM, 14, 0, 11
MM, 25, 10, 10
MM, 444, 653, 10
MM, 2, 25, 10
MM, 6, 29, 10
MM, 459, 665, 10
MM, 461, 667, 10
MM, 465, 670, 10
MM, 66, 0, 10
MM, 69, 2, 10
MM, 73, 6, 10
MM, 76, 8, 10
MM, 78, 8, 10
MM, 79, 11, 10
MM, 81, 12, 10
MM, 81, 13, 10
MM, 82, 15, 11
MM, 83, 15, 9
MM, 83, 17, 10
MM, 84, 18, 10
MM, 86, 20, 11
MM, 87, 20, 10
MM, 87, 21, 40
MM, 87, 22, 120
MC, 1, 582
MM, 82, 16, 41
MM, 75, 7, 10
MM, 66, 0, 10
MM, 11, 29, 11
MM, 7, 26, 9
MM, 2, 20, 10
MM, 447, 650, 10
MM, 445, 648, 10
MM, 443, 645, 10
MM, 31, 9, 10
MM, 30, 8, 10
MM, 28, 5, 10
MM, 27, 5, 10
MM, 26, 4, 10
MM, 26, 3, 20
MM, 25, 2, 20
MM, 23, 1, 21
MM, 22, 0, 20
MM, 430, 633, 10
MM, 429, 633, 10
MM, 429, 632, 10
MM, 428, 632, 10
MM, 426, 630, 10
MM, 424, 630, 10
MM, 422, 629, 10
MM, 420, 627, 10
MM, 418, 626, 11
MM, 416, 624, 10
MM, 33, 24, 10
MM, 31, 19, 10
MM, 29, 18, 10
MM, 28, 16, 9
MM, 27, 16, 11
MM, 26, 16, 10
MM, 25, 15, 20
MM, 25, 14, 40
MC, 1, 421
MM, 27, 14, 51
MM, 30, 14, 10
MM, 415, 608, 10
MM, 1, 8, 10
MM, 7, 5, 10
MM, 14, 2, 11
MM, 452, 593, 9
MM, 5, 27, 10
MM, 16, 24, 10
MM, 26, 23, 10
MM, 492, 583, 11
MM, 9, 23, 10
MM, 19, 20, 10
MM, 23, 19, 10
MM, 28, 19, 10
MM, 527, 578, 10
MM, 4, 18, 11
MM, 11, 18, 9
MM, 15, 18, 10
MM, 20, 16, 10
MM, 23, 16, 11
MM, 25, 16, 10
MM, 27, 16, 10
MM, 28, 16, 10
MM, 28, 15, 10
MM, 29, 15, 10
MM, 30, 15, 40
MM, 32, 15, 40
MM, 564, 575, 20
MM, 568, 575, 10
MM, 1, 15, 10
MM, 3, 15, 10
MM, 6, 15, 10
MM, 8, 15, 11
MM, 9, 15, 9
MM, 11, 15, 11
MM, 12, 15, 9
MM, 13, 15, 20
MM, 14, 15, 21
MM, 15, 15, 9
MM, 13, 15, 242
MM, 15, 15, 9
MC, 1, 191
MM, 15, 17, 21
MM, 11, 23, 10
MM, 9, 25, 10
MM, 6, 29, 10
MM, 5, 30, 10
MM, 574, 593, 10
MM, 573, 596, 10
MM, 32, 2, 11
MM, 30, 5, 10
MM, 29, 8, 10
MM, 28, 12, 10
MM, 27, 14, 10
MM, 25, 17, 10
MM, 24, 22, 10
MM, 22, 24, 10
MM, 22, 27, 10
MM, 21, 28, 10
MM, 21, 29, 10
MM, 561, 628, 10
MM, 560, 629, 10
MM, 560, 630, 10
MM, 559, 630, 10
MM, 559, 631, 10
MM, 558, 631, 10
MM, 558, 632, 10
MM, 558, 633, 10
MM, 28, 0, 20
MM, 27, 1, 80
MM, 27, 2, 10
MM, 26, 3, 21
MM, 26, 4, 10
MM, 26, 5, 9
MM, 24, 6, 11
MM, 24, 7, 10
MM, 23, 7, 70
MM, 22, 7, 10
MM, 22, 6, 231
MM, 22, 7, 9
MC, 1, 190
MM, 20, 7, 41
MM, 15, 6, 11
MM, 4, 4, 10
MM, 526, 638, 10
MM, 31, 3, 10
MM, 503, 629, 10
MM, 488, 628, 10
MM, 17, 30, 10
MM, 7, 28, 10
MM, 3, 26, 10
MM, 459, 623, 11
MM, 33, 24, 9
MM, 30, 24, 10
MM, 26, 23, 11
MM, 25, 22, 10
MM, 23, 22, 10
MM, 21, 20, 10
MM, 18, 19, 10
MM, 15, 16, 10
MM, 14, 15, 11
MM, 11, 15, 9
MM, 9, 14, 10
MM, 8, 13, 11
MM, 7, 12, 10
MM, 8, 12, 250
MM, 9, 12, 11
MM, 10, 12, 10
MM, 11, 12, 10
MM, 12, 12, 20
MM, 13, 12, 20
MM, 13, 13, 10
MM, 14, 13, 31
MM, 15, 13, 9
MM, 15, 14, 20
MM, 16, 14, 21
MM, 19, 15, 9
MC, 1, 1517
MM, 16, 12, 50
MM, 20, 12, 10
MM, 24, 12, 10
MM, 33, 12, 11
MM, 3, 7, 10
MM, 16, 7, 10
MM, 2, 5, 10
MM, 445, 596, 10
MM, 465, 593, 10
MM, 501, 591, 10
MM, 24, 30, 10
MM, 2, 29, 10
MM, 20, 23, 10
MM, 566, 584, 10
MM, 3, 24, 10
MM, 10, 24, 10
MM, 15, 24, 11
MM, 16, 24, 10
MM, 19, 22, 20
MM, 18, 20, 141
MM, 16, 19, 19
MM, 14, 16, 11
MM, 9, 13, 10
MM, 4, 9, 9
MM, 0, 8, 10
MM, 32, 4, 11
MM, 29, 4, 10
MM, 26, 2, 10
MM, 23, 2, 10
MM, 22, 2, 20
MM, 21, 2, 20
MM, 20, 2, 30
MM, 19, 2, 10
MM, 18, 2, 10
MM, 17, 2, 20
MM, 17, 3, 111
MM, 17, 4, 20
MM, 17, 5, 10
MM, 17, 6, 10
MM, 17, 10, 10
MM, 17, 11, 10
MM, 17, 12, 11
MM, 17, 13, 9
MM, 17, 14, 20
MM, 17, 15, 50
MM, 17, 17, 30
MM, 17, 19, 202
MM, 17, 18, 8
MC, 1, 192
MM, 17, 19, 50
MM, 15, 22, 10
MM, 11, 28, 10
MM, 537, 597, 11
MM, 31, 14, 9
MM, 24, 25, 11
MM, 519, 631, 10
MM, 29, 9, 10
MM, 21, 25, 10
MM, 506, 666, 10
MM, 505, 669, 10
MM, 504, 670, 10
MM, 104, 0, 11
MM, 103, 0, 29
MM, 103, 1, 31
MM, 101, 3, 10
MM, 101, 4, 19
MM, 100, 4, 31
MM, 99, 5, 10
MM, 99, 6, 60
MM, 98, 7, 30
MM, 98, 8, 10
MM, 98, 9, 20
MM, 97, 9, 21
MM, 95, 9, 59
MM, 95, 11, 192
MM, 95, 10, 9
MC, 1, 190
MM, 91, 8, 51
MM, 87, 5, 11
MM, 79, 0, 10
MM, 20, 30, 10
MM, 12, 24, 10
MM, 446, 650, 10
MM, 17, 9, 10
MM, 7, 2, 11
MM, 410, 630, 9
MM, 22, 27, 11
MM, 16, 25, 10
MM, 12, 21, 10
MM, 8, 19, 10
MM, 4, 17, 10
MM, 1, 17, 10
MM, 377, 610, 10
MM, 374, 610, 10
MM, 34, 12, 10
MM, 33, 11, 10
MM, 32, 11, 10
MM, 31, 11, 20
MM, 30, 11, 50
MM, 29, 11, 10
MM, 28, 11, 10
MM, 26, 11, 11
MM, 25, 11, 90
MM, 24, 11, 10
MM, 23, 11, 10
MM, 22, 11, 10
MM, 21, 11, 30
MM, 20, 11, 30
MC, 1, 412
MM, 23, 12, 19
MM, 31, 13, 10
MM, 2, 15, 10
MM, 17, 15, 10
MM, 33, 23, 10
MM, 18, 26, 10
MM, 456, 624, 11
MM, 469, 630, 10
MM, 484, 632, 10
MM, 5, 0, 10
MM, 15, 5, 10
MM, 19, 6, 10
MM, 23, 8, 10
MM, 25, 9, 10
MM, 28, 10, 10
MM, 30, 12, 10
MM, 31, 12, 10
MM, 33, 12, 21
MM, 34, 12, 10
MM, 523, 646, 40
MM, 524, 647, 60
MM, 525, 647, 11
MM, 526, 648, 19
MM, 527, 648, 10
MM, 528, 648, 41
MM, 0, 14, 10
MM, 1, 14, 10
MM, 2, 14, 10
MM, 4, 14, 10
MM, 6, 14, 10
MM, 7, 14, 10
MM, 9, 15, 10
MM, 13, 15, 10
MM, 15, 15, 10
MM, 16, 16, 20
MM, 16, 19, 20
MC, 1, 370
MM, 12, 19, 52
MM, 4, 18, 10
MM, 525, 648, 10
MM, 29, 10, 10
MM, 24, 8, 11
MM, 16, 8, 10
MM, 10, 8, 10
MM, 5, 6, 10
MM, 2, 6, 10
MM, 487, 639, 9
MM, 485, 639, 11
MM, 482, 637, 10
MM, 31, 3, 10
MM, 28, 2, 10
MM, 24, 1, 10
MM, 21, 1, 10
MM, 19, 0, 10
MM, 464, 633, 10
MM, 462, 632, 10
MM, 459, 631, 11
MM, 457, 629, 9
MM, 455, 629, 11
MM, 33, 30, 9
MM, 31, 29, 11
MM, 30, 28, 11
MM, 28, 26, 9
MM, 28, 25, 50
MM, 27, 25, 10
MM, 27, 24, 20
MM, 26, 24, 10
MM, 26, 23, 10
MM, 26, 22, 21
MM, 26, 21, 39
MM, 26, 20, 21
MM, 25, 19, 10
MM, 25, 18, 10
MM, 24, 17, 30
MM, 24, 16, 20
MM, 24, 15, 10
MM, 23, 15, 10
MM, 23, 14, 10
MM, 22, 14, 60
MC, 1, 410
MM, 21, 10, 142
MM, 16, 1, 10
MM, 17, 24, 11
MM, 13, 13, 9
MM, 10, 3, 10
MM, 10, 30, 10
MM, 9, 10, 11
MM, 422, 521, 10
MM, 422, 513, 10
MM, 422, 506, 10
MM, 171, 85, 9
MM, 171, 76, 11
MM, 171, 71, 10
MM, 171, 69, 10
MM, 171, 65, 10
MM, 171, 62, 10
MM, 171, 61, 211
MM, 170, 59, 10
MM, 168, 59, 10
MM, 166, 56, 10
MM, 164, 55, 10
MM, 160, 54, 10
MM, 157, 50, 11
MM, 154, 49, 10
MM, 153, 48, 9
MM, 152, 48, 10
MM, 151, 48, 11
MM, 151, 46, 20
MM, 150, 46, 10
MM, 149, 46, 70
MM, 149, 45, 10
MM, 148, 45, 10
MC, 1, 563
MC, 2, 189
MM, 152, 45, 675
MM, 163, 45, 10
MM, 183, 52, 10
MM, 207, 57, 9
MM, 249, 64, 11
MM, 277, 74, 10
MM, 316, 77, 10
MM, 345, 84, 10
MM, 620, 505, 10
MM, 652, 512, 10
MM, 667, 514, 10
MM, 678, 517, 10
MM, 30, 0, 10
MM, 698, 525, 10
MM, 4, 7, 10
MM, 11, 9, 10
MM, 14, 9, 10
MM, 17, 9, 10
MM, 24, 13, 10
MM, 25, 13, 11
MM, 26, 13, 10
MM, 26, 11, 9
MM, 27, 11, 322
MM, 29, 11, 11
MM, 33, 9, 9
MM, 738, 530, 11
MM, 740, 530, 9
MM, 741, 529, 10
MM, 742, 528, 21
MM, 743, 527, 10
MM, 744, 527, 9
MM, 746, 526, 11
MM, 747, 525, 10
MM, 749, 524, 20
MM, 750, 524, 10
MM, 752, 524, 10
MM, 755, 524, 10
MM, 757, 524, 11
MM, 760, 524, 9
MM, 763, 524, 10
MM, 766, 524, 10
MM, 805, 554, 60
MM, 812, 556, 11
MM, 817, 559, 10
MM, 818, 560, 10
MM, 820, 562, 10
MM, 825, 564, 9
MM, 825, 565, 11
MM, 825, 566, 10
MM, 826, 566, 10
MM, 825, 565, 211
MM, 824, 563, 10
MM, 822, 561, 19
MM, 821, 557, 10
MM, 817, 554, 10
MM, 763, 522, 513
MM, 738, 514, 10
MM, 718, 505, 10
MM, 438, 85, 10
MM, 413, 76, 10
MM, 395, 68, 10
MM, 387, 66, 10
MM, 381, 59, 10
MM, 376, 58, 11
MM, 377, 58, 69
MM, 377, 59, 11
MM, 377, 60, 10
MC, 1, 410
MM, 380, 60, 122
MM, 390, 61, 10
MM, 404, 63, 10
MM, 416, 63, 11
MM, 431, 68, 10
MM, 457, 69, 10
MM, 469, 69, 10
MM, 485, 77, 10
MM, 499, 82, 10
MM, 510, 86, 10
MM, 772, 508, 10
MM, 780, 512, 10
MM, 784, 514, 10
MM, 788, 516, 10
MM, 791, 518, 10
MM, 793, 518, 21
MM, 793, 519, 140
MM, 793, 520, 10
MM, 795, 520, 10
MM, 795, 522, 10
MM, 796, 522, 10
MM, 753, 547, 1909
MM, 31, 26, 9
MM, 2, 4, 10
MM, 12, 20, 11
MM, 20, 25, 10
MM, 605, 589, 10
MM, 594, 594, 10
MM, 587, 595, 10
MM, 584, 595, 10
MM, 580, 595, 10
MM, 577, 596, 10
MM, 576, 596, 10
MM, 574, 596, 10
MM, 33, 0, 10
MM, 33, 1, 101
MM, 33, 3, 40
MM, 33, 4, 10
MM, 33, 6, 10
MM, 33, 7, 10
MM, 34, 9, 10
MM, 34, 11, 10
MM, 34, 14, 10
MM, 34, 16, 10
MM, 575, 616, 10
MM, 575, 617, 10
MM, 575, 618, 10
MM, 33, 24, 10
MM, 32, 26, 11
MM, 31, 28, 10
MM, 568, 628, 10
MM, 566, 631, 11
MM, 563, 632, 9
MM, 32, 2, 10
MM, 28, 7, 10
MM, 26, 8, 10
MM, 24, 10, 10
MM, 23, 10, 10
MM, 22, 11, 10
MM, 21, 11, 20
MM, 20, 11, 10
MM, 19, 11, 10
MM, 18, 12, 10
MM, 17, 12, 20
MM, 16, 12, 31
MM, 17, 12, 271
MM, 16, 13, 9
MC, 1, 190
MM, 12, 9, 82
MM, 7, 5, 11
MM, 2, 1, 9
MM, 523, 628, 10
MM, 20, 27, 9
MM, 15, 25, 11
MM, 11, 24, 11
MM, 7, 23, 9
MM, 2, 21, 10
MM, 495, 616, 10
MM, 28, 17, 10
MM, 24, 16, 10
MM, 22, 16, 10
MM, 20, 16, 10
MM, 18, 15, 11
MM, 15, 15, 9
MM, 13, 13, 10
MM, 11, 13, 20
MM, 10, 13, 30
MM, 8, 13, 11
MM, 6, 13, 10
MM, 4, 12, 10
MM, 3, 12, 10
MM, 1, 12, 20
MM, 0, 12, 10
MM, 461, 609, 20
MM, 459, 609, 10
MM, 457, 607, 10
MM, 456, 607, 10
MM, 33, 10, 10
MM, 32, 10, 10
MM, 31, 10, 20
MM, 30, 10, 71
MM, 29, 10, 10
MM, 27, 10, 30
MM, 26, 10, 10
MC, 1, 521
MM, 23, 10, 51
MM, 19, 8, 10
MM, 14, 7, 11
MM, 10, 7, 9
MM, 6, 7, 11
MM, 3, 7, 10
MM, 419, 604, 10
MM, 415, 603, 10
MM, 32, 6, 10
MM, 30, 6, 10
MM, 24, 8, 11
MM, 18, 11, 9
MM, 12, 14, 10
MM, 5, 16, 10
MM, 1, 18, 11
MM, 376, 618, 10
MM, 34, 22, 10
MM, 33, 22, 10
MM, 31, 23, 10
MM, 30, 23, 10
MM, 29, 24, 10
MM, 27, 24, 10
MM, 26, 24, 10
MM, 25, 24, 10
MM, 24, 24, 10
MM, 21, 24, 10
MM, 20, 24, 10
MM, 19, 23, 10
MM, 17, 23, 10
MM, 15, 23, 11
MM, 14, 22, 9
MM, 13, 22, 10
MM, 13, 21, 10
MM, 13, 20, 91
MM, 12, 20, 10
MM, 12, 19, 61
MM, 12, 18, 9
MC, 1, 473
MM, 14, 17, 19
MM, 17, 15, 11
MM, 28, 10, 9
MM, 376, 603, 11
MM, 392, 593, 10
MM, 410, 586, 10
MM, 16, 22, 10
MM, 28, 18, 9
MM, 452, 578, 11
MM, 7, 17, 9
MM, 13, 17, 10
MM, 17, 17, 10
MM, 19, 17, 10
MM, 20, 17, 11
MM, 21, 17, 10
MM, 23, 16, 10
MM, 24, 16, 20
MM, 25, 16, 10
MM, 27, 16, 10
MM, 29, 15, 10
MM, 488, 574, 20
MM, 489, 574, 10
MM, 490, 574, 10
MM, 492, 574, 10
MM, 493, 574, 20
MM, 0, 14, 10
MM, 2, 14, 11
MM, 3, 14, 10
MM, 4, 14, 10
MM, 5, 14, 9
MM, 6, 14, 12
MM, 7, 14, 9
MM, 8, 14, 10
MM, 10, 14, 10
MM, 11, 14, 10
MM, 14, 13, 10
MM, 15, 12, 10
MM, 21, 12, 10
MM, 23, 12, 10
MM, 26, 12, 10
MM, 29, 12, 10
MM, 526, 572, 10
MM, 528, 572, 10
MM, 2, 12, 10
MM, 6, 13, 10
MM, 8, 13, 10
MM, 10, 14, 11
MM, 11, 14, 19
MM, 12, 14, 10
MM, 12, 15, 11
MM, 13, 15, 10
MM, 13, 14, 251
MC, 1, 202
MM, 13, 16, 8
MM, 9, 19, 10
MM, 5, 23, 11
MM, 529, 591, 10
MM, 21, 6, 10
MM, 8, 23, 10
MM, 500, 629, 10
MM, 3, 5, 10
MM, 487, 646, 10
MM, 32, 22, 10
MM, 31, 27, 11
MM, 478, 665, 10
MM, 477, 666, 9
MM, 476, 667, 10
MM, 476, 668, 21
MM, 476, 669, 30
MM, 476, 670, 10
MM, 475, 670, 10
MM, 75, 0, 20
MM, 73, 1, 10
MM, 73, 2, 101
MM, 72, 3, 61
MM, 72, 4, 40
MM, 71, 5, 19
MM, 71, 6, 11
MM, 70, 6, 20
MM, 70, 8, 10
MM, 70, 9, 20
MM, 69, 9, 10
MM, 69, 10, 10
MM, 68, 10, 11
MM, 68, 12, 220
MM, 68, 11, 9
MC, 1, 191
MM, 65, 9, 50
MM, 60, 7, 10
MM, 449, 669, 10
MM, 440, 665, 11
MM, 20, 20, 10
MM, 8, 15, 10
MM, 407, 645, 10
MM, 28, 6, 10
MM, 21, 3, 10
MM, 14, 0, 10
MM, 379, 633, 10
MM, 377, 632, 10
MM, 374, 631, 10
MM, 372, 630, 10
MM, 370, 629, 10
MM, 28, 30, 10
MM, 27, 29, 10
MM, 26, 28, 10
MM, 25, 28, 11
MM, 24, 28, 10
MM, 23, 28, 10
MM, 22, 27, 10
MM, 18, 27, 10
MM, 17, 27, 10
MM, 15, 26, 10
MM, 14, 25, 10
MM, 10, 22, 10
MM, 6, 19, 10
MM, 3, 19, 10
MM, 0, 15, 10
MM, 338, 612, 10
MM, 337, 610, 10
MM, 336, 609, 21
MM, 336, 608, 70
MM, 337, 608, 190
MM, 0, 11, 11
MM, 1, 11, 10
MM, 2, 11, 10
MM, 6, 12, 10
MM, 7, 12, 10
MM, 8, 14, 10
MM, 11, 15, 11
MM, 11, 16, 19
MC, 1, 462
MM, 12, 16, 30
MM, 15, 16, 10
MM, 18, 16, 10
MM, 21, 16, 10
MM, 25, 16, 10
MM, 28, 16, 10
MM, 375, 613, 11
MM, 4, 16, 10
MM, 11, 15, 11
MM, 17, 15, 9
MM, 23, 15, 10
MM, 34, 15, 10
MM, 4, 15, 10
MM, 10, 15, 10
MM, 17, 16, 10
MM, 23, 17, 10
MM, 31, 20, 11
MM, 1, 20, 9
MM, 8, 20, 11
MM, 14, 20, 10
MM, 19, 22, 10
MM, 23, 23, 10
MM, 495, 623, 10
MM, 498, 623, 10
MM, 1, 26, 10
MM, 4, 27, 10
MM, 6, 29, 10
MM, 9, 29, 10
MM, 510, 629, 10
MM, 513, 630, 10
MM, 517, 633, 10
MM, 519, 633, 10
MM, 520, 633, 10
MM, 34, 1, 10
MM, 524, 635, 10
MM, 527, 635, 10
MM, 528, 635, 11
MM, 0, 1, 10
MM, 2, 1, 10
MM, 3, 1, 9
MM, 3, 2, 11
MM, 5, 4, 10
MM, 6, 4, 10
MM, 7, 4, 20
MM, 7, 5, 10
MM, 8, 5, 10
MM, 9, 5, 20
MM, 9, 6, 20
MM, 11, 6, 10
MM, 12, 6, 10
MM, 13, 6, 10
MM, 13, 7, 10
MM, 14, 8, 11
MM, 15, 8, 20
MM, 15, 9, 20
MM, 17, 10, 20
MM, 17, 11, 41
MM, 16, 10, 189
MM, 17, 11, 9
MC, 1, 1075
MM, 34, 16, 61
MM, 34, 19, 11
MM, 34, 28, 10
MM, 455, 631, 10
MM, 6, 3, 10
MM, 6, 8, 10
MM, 6, 13, 10
MM, 6, 29, 10
MM, 455, 669, 11
MM, 55, 1, 9
MM, 55, 4, 10
MM, 55, 6, 10
MM, 55, 7, 21
MM, 55, 8, 10
MM, 55, 9, 130
MM, 57, 9, 121
MM, 58, 9, 10
MM, 60, 9, 10
MM, 66, 7, 10
MM, 76, 5, 10
MM, 30, 3, 40
MM, 590, 632, 10
MM, 6, 21, 10
MM, 22, 15, 10
MM, 16, 3, 10
MM, 690, 597, 10
MM, 702, 592, 9
MM, 30, 23, 11
MM, 728, 581, 10
MM, 738, 579, 10
MM, 741, 578, 10
MM, 745, 579, 10
MM, 746, 579, 10
MM, 747, 579, 10
MM, 747, 577, 60
MM, 748, 576, 21
MM, 748, 574, 20
MM, 749, 572, 19
MM, 750, 571, 31
MM, 750, 570, 10
MM, 750, 568, 10
MM, 753, 565, 10
MM, 756, 560, 10
MM, 762, 554, 10
MM, 768, 546, 10
MM, 784, 522, 20
MM, 792, 513, 10
MM, 799, 507, 10
MM, 552, 87, 10
MM, 555, 84, 11
MM, 556, 84, 9
MM, 556, 86, 51
MM, 554, 89, 220
MM, 805, 506, 10
MM, 805, 507, 10
MM, 805, 508, 10
MM, 805, 510, 11
MM, 805, 512, 10
MM, 805, 514, 20
MM, 805, 516, 10
MM, 804, 518, 10
MM, 804, 519, 10
MM, 804, 520, 11
MM, 763, 544, 603
MM, 747, 548, 10
MM, 728, 559, 10
MM, 23, 8, 10
MM, 4, 22, 10
MM, 32, 29, 10
MM, 672, 593, 10
MM, 4, 2, 10
MM, 657, 600, 10
MM, 32, 7, 10
MM, 28, 7, 10
MM, 23, 9, 11
MM, 22, 11, 9
MM, 21, 11, 10
MM, 18, 11, 10
MM, 17, 11, 10
MM, 16, 11, 10
MM, 15, 14, 10
MM, 14, 14, 11
MM, 13, 15, 10
MM, 13, 17, 20
MM, 12, 17, 10
MM, 11, 19, 10
MM, 10, 19, 20
MM, 8, 20, 10
MM, 7, 21, 10
MM, 6, 22, 10
MM, 4, 23, 10
MM, 3, 25, 10
MM, 1, 26, 10
MM, 0, 27, 10
MM, 616, 624, 10
MM, 615, 625, 10
MM, 614, 625, 20
MM, 612, 626, 10
MM, 29, 30, 10
MM, 608, 628, 11
MM, 605, 629, 10
MM, 599, 629, 10
MM, 595, 631, 9
MM, 592, 631, 11
MM, 589, 632, 10
MM, 586, 632, 10
MM, 584, 632, 10
MM, 9, 0, 10
MM, 5, 0, 10
MM, 1, 0, 10
MM, 569, 634, 10
MM, 567, 635, 10
MM, 566, 635, 10
MM, 564, 636, 12
MM, 34, 3, 88
MM, 33, 3, 10
MM, 32, 3, 10
MM, 31, 4, 20
MM, 30, 4, 31
MM, 29, 4, 100
MM, 29, 5, 10
MM, 31, 4, 241
MM, 28, 5, 9
MC, 1, 191
MM, 26, 5, 31
MM, 19, 5, 10
MM, 11, 4, 10
MM, 2, 3, 11
MM, 520, 632, 9
MM, 510, 630, 11
MM, 499, 630, 10
MM, 493, 629, 10
MM, 26, 30, 10
MM, 21, 30, 10
MM, 16, 28, 10
MM, 10, 28, 10
MM, 6, 28, 10
MM, 1, 28, 11
MM, 459, 625, 9
MM, 30, 28, 10
MM, 25, 26, 10
MM, 20, 25, 10
MM, 18, 24, 11
MM, 17, 24, 10
MM, 16, 24, 10
MM, 14, 24, 20
MM, 14, 23, 9
MM, 13, 23, 11
MM, 11, 23, 20
MM, 11, 22, 10
MM, 12, 22, 191
MM, 13, 22, 10
MM, 14, 21, 10
MM, 16, 20, 10
MM, 17, 20, 10
MM, 18, 20, 10
MM, 19, 20, 10
MM, 20, 20, 20
MM, 21, 19, 60
MM, 23, 18, 10
MM, 24, 18, 221
MC, 1, 199
MM, 24, 19, 243
MM, 24, 22, 10
MM, 24, 26, 10
MM, 444, 630, 10
MM, 444, 638, 10
MM, 445, 650, 10
MM, 445, 663, 10
MM, 45, 2, 10
MM, 47, 14, 10
MM, 48, 23, 11
MM, 48, 28, 10
MM, 448, 702, 9
MM, 448, 703, 11
MM, 448, 704, 10
MM, 448, 705, 20
MM, 448, 704, 272
MM, 448, 703, 9
MM, 49, 29, 10
MM, 49, 26, 10
MM, 49, 25, 10
MM, 50, 23, 10
MM, 51, 22, 21
MM, 51, 20, 70
MM, 51, 19, 10
MM, 52, 19, 40
MM, 52, 18, 30
MC, 1, 482
MM, 53, 17, 40
MM, 54, 16, 10
MM, 57, 13, 11
MM, 62, 12, 9
MM, 67, 9, 11
MM, 72, 5, 10
MM, 482, 669, 10
MM, 3, 30, 10
MM, 15, 19, 10
MM, 27, 14, 11
MM, 526, 641, 9
MM, 3, 2, 11
MM, 538, 633, 10
MM, 544, 630, 10
MM, 10, 28, 10
MM, 14, 26, 10
MM, 17, 23, 10
MM, 19, 22, 10
MM, 20, 21, 10
MM, 22, 17, 10
MM, 23, 15, 20
MM, 26, 11, 10
MM, 28, 8, 22
MM, 29, 6, 8
MM, 32, 3, 10
MM, 32, 2, 10
MM, 33, 0, 10
MM, 574, 595, 9
MM, 575, 594, 11
MM, 575, 593, 9
MM, 576, 593, 12
MM, 576, 591, 9
MM, 8, 30, 30
MM, 8, 29, 10
MM, 8, 28, 10
MM, 10, 26, 10
MM, 10, 25, 10
MM, 11, 24, 10
MM, 12, 22, 10
MM, 13, 22, 10
MM, 14, 22, 30
MM, 15, 21, 11
MM, 16, 20, 9
MM, 17, 20, 10
MM, 19, 19, 10
MM, 20, 19, 11
MM, 23, 19, 10
MM, 26, 17, 10
MM, 31, 17, 10
MM, 605, 577, 10
MM, 609, 577, 10
MM, 1, 17, 10
MM, 3, 17, 10
MM, 6, 17, 10
MM, 8, 16, 10
MM, 10, 16, 10
MM, 13, 16, 10
MM, 16, 16, 11
MM, 18, 16, 9
MM, 20, 16, 10
MM, 21, 16, 10
MM, 22, 16, 10
MM, 23, 16, 10
MM, 24, 16, 10
MM, 25, 21, 10
MC, 1, 461
MM, 23, 21, 173
MM, 19, 21, 10
MM, 16, 21, 10
MM, 13, 22, 10
MM, 9, 22, 10
MM, 4, 25, 10
MM, 608, 587, 10
MM, 32, 30, 10
MM, 595, 592, 11
MM, 590, 592, 9
MM, 587, 593, 10
MM, 583, 596, 10
MM, 579, 599, 10
MM, 576, 600, 11
MM, 34, 5, 10
MM, 31, 6, 10
MM, 29, 6, 10
MM, 25, 8, 10
MM, 24, 10, 10
MM, 22, 11, 10
MM, 20, 12, 10
MM, 18, 13, 10
MM, 18, 14, 10
MM, 16, 14, 10
MM, 15, 14, 10
MM, 13, 15, 20
MM, 11, 16, 30
MM, 10, 17, 10
MM, 9, 17, 11
MM, 8, 17, 9
MM, 6, 17, 11
MM, 4, 17, 10
MM, 4, 18, 10
MM, 1, 18, 9
MM, 0, 18, 11
MM, 538, 615, 10
MM, 537, 615, 20
MM, 535, 615, 10
MM, 534, 615, 30
MM, 535, 615, 141
MM, 536, 615, 11
MM, 538, 615, 9
MM, 0, 18, 10
MM, 2, 18, 10
MM, 3, 18, 10
MM, 4, 18, 10
MM, 6, 18, 10
MM, 7, 18, 20
MM, 8, 18, 30
MM, 9, 18, 30
MM, 10, 17, 11
MM, 12, 14, 10
MM, 12, 12, 209
MM, 12, 13, 9
MC, 1, 191
MM, 6, 12, 72
MM, 538, 608, 10
MM, 31, 9, 10
MM, 20, 9, 11
MM, 498, 601, 10
MM, 24, 3, 10
MM, 15, 3, 10
MM, 3, 3, 10
MM, 457, 600, 9
MM, 27, 1, 11
MM, 23, 1, 10
MM, 20, 1, 10
MM, 15, 1, 10
MM, 13, 1, 10
MM, 430, 596, 11
MM, 427, 596, 9
MM, 425, 596, 10
MM, 423, 596, 10
MM, 420, 596, 10
MM, 418, 596, 11
MM, 415, 594, 9
MM, 414, 594, 10
MM, 413, 594, 10
MM, 412, 594, 10
MM, 411, 594, 51
MM, 410, 594, 10
MM, 409, 594, 20
MM, 408, 594, 10
MM, 406, 594, 10
MM, 402, 594, 10
MM, 400, 594, 10
MM, 397, 594, 10
MM, 395, 594, 10
MM, 393, 594, 10
MM, 391, 594, 10
MM, 389, 595, 10
MM, 385, 596, 11
MM, 382, 596, 10
MM, 379, 597, 10
MM, 374, 599, 9
MM, 30, 5, 11
MM, 28, 7, 10
MM, 26, 7, 10
MM, 21, 10, 10
MM, 17, 11, 10
MM, 14, 11, 10
MM, 14, 12, 10
MM, 12, 12, 10
MM, 11, 12, 50
MM, 11, 10, 30
MC, 1, 431
MM, 12, 10, 52
MM, 15, 10, 9
MM, 18, 9, 10
MM, 21, 9, 10
MM, 28, 8, 11
MM, 375, 603, 10
MM, 7, 4, 10
MM, 17, 4, 10
MM, 28, 0, 11
MM, 420, 597, 9
MM, 8, 0, 11
MM, 16, 1, 9
MM, 20, 1, 11
MM, 26, 1, 9
MM, 33, 0, 10
MM, 0, 0, 11
MM, 469, 596, 10
MM, 477, 596, 10
MM, 481, 596, 10
MM, 484, 596, 10
MM, 488, 596, 10
MM, 495, 594, 10
MM, 498, 593, 10
MM, 501, 591, 10
MM, 503, 591, 10
MM, 504, 591, 10
MM, 505, 591, 20
MM, 506, 591, 10
MM, 507, 591, 10
MM, 13, 30, 90
MM, 14, 30, 20
MM, 14, 27, 20
MM, 15, 25, 20
MM, 15, 24, 20
MM, 15, 23, 10
MM, 15, 22, 10
MM, 15, 21, 21
MM, 15, 20, 9
MM, 15, 19, 10
MM, 15, 18, 10
MM, 15, 17, 21
MM, 14, 16, 90
MC, 1, 392
MM, 13, 16, 20
MM, 10, 14, 10
MM, 6, 13, 10
MM, 2, 13, 10
MM, 0, 12, 10
MM, 490, 572, 10
MM, 31, 12, 10
MM, 26, 12, 11
MM, 22, 10, 10
MM, 17, 11, 10
MM, 14, 11, 10
MM, 9, 11, 10
MM, 4, 11, 10
MM, 1, 11, 10
MM, 452, 571, 10
MM, 450, 571, 10
MM, 32, 11, 10
MM, 30, 11, 10
MM, 28, 11, 11
MM, 26, 11, 9
MM, 24, 11, 10
MM, 22, 11, 11
MM, 21, 11, 10
MC, 1, 530
MM, 23, 10, 374
MM, 28, 7, 10
MM, 450, 565, 10
MM, 14, 4, 10
MM, 498, 556, 10
MM, 537, 552, 11
MM, 5, 22, 10
MM, 7, 12, 10
MM, 20, 12, 9
MM, 23, 11, 11
MM, 760, 534, 10
MM, 811, 557, 1596
MM, 805, 559, 11
MM, 787, 566, 10
MM, 772, 574, 10
MM, 752, 581, 10
MM, 730, 599, 10
MM, 707, 615, 10
MM, 689, 633, 10
MM, 27, 6, 10
MM, 20, 12, 10
MM, 13, 16, 10
MM, 7, 18, 11
MM, 5, 20, 9
MM, 3, 20, 11
MM, 2, 20, 20
MM, 2, 21, 10
MM, 1, 21, 10
MM, 0, 22, 10
MM, 651, 656, 91
MM, 650, 655, 29
MM, 649, 655, 10
MM, 649, 653, 11
MM, 649, 652, 10
MM, 648, 651, 10
MM, 647, 647, 10
MM, 30, 7, 11
MM, 27, 0, 9
MM, 641, 628, 10
MM, 22, 24, 10
MM, 21, 14, 11
MM, 21, 6, 9
MM, 21, 0, 10
MM, 28, 29, 11
MM, 28, 27, 10
MM, 28, 26, 9
MM, 27, 26, 160
MM, 27, 27, 41
MM, 25, 27, 9
MM, 24, 27, 11
MM, 22, 27, 20
MM, 21, 27, 10
MM, 20, 27, 11
MM, 19, 27, 9
MM, 18, 27, 10
MM, 16, 25, 10
MM, 15, 25, 10
MM, 14, 25, 50
MM, 14, 24, 10
MC, 1, 421
MM, 14, 25, 41
MM, 12, 28, 10
MM, 618, 593, 11
MM, 29, 6, 10
MM, 21, 13, 10
MM, 16, 22, 10
MM, 589, 628, 10
MM, 8, 11, 10
MM, 566, 657, 10
MM, 556, 667, 11
MM, 149, 5, 9
MM, 146, 11, 10
MM, 143, 12, 10
MM, 142, 14, 10
MM, 141, 14, 11
MM, 141, 15, 10
MM, 140, 15, 180
MM, 138, 15, 91
MM, 137, 15, 30
MM, 135, 15, 81
MC, 1, 401
MM, 135, 12, 60
MM, 135, 8, 11
MM, 136, 2, 9
MM, 537, 670, 11
MM, 9, 30, 10
MM, 11, 24, 11
MM, 12, 17, 10
MM, 14, 14, 10
MM, 15, 12, 9
MM, 17, 9, 10
MM, 17, 7, 11
MM, 17, 5, 10
MM, 18, 3, 10
MM, 19, 1, 9
MM, 548, 633, 11
MM, 548, 630, 9
MM, 548, 629, 11
MM, 549, 629, 10
MM, 9, 28, 10
MM, 9, 25, 10
MM, 9, 23, 20
MM, 9, 22, 9
MM, 9, 21, 20
MM, 9, 20, 10
MM, 9, 19, 20
MM, 9, 17, 20
MM, 9, 16, 21
MM, 9, 15, 9
MM, 9, 14, 21
MM, 9, 13, 161
MC, 1, 420
MM, 8, 13, 92
MM, 5, 13, 10
MM, 2, 13, 10
MM, 535, 612, 10
MM, 28, 15, 11
MM, 18, 16, 10
MM, 8, 16, 10
MM, 27, 17, 10
MM, 2, 17, 10
MM, 30, 17, 10
MM, 17, 17, 11
MM, 2, 17, 9
MM, 33, 17, 10
MM, 28, 17, 10
MM, 25, 17, 10
MM, 22, 17, 10
MM, 21, 17, 10
MM, 20, 17, 10
MM, 19, 17, 30
MM, 17, 17, 31
MM, 15, 17, 10
MM, 13, 17, 9
MM, 10, 17, 11
MM, 9, 17, 20
MM, 7, 17, 10
MM, 5, 17, 10
MM, 3, 17, 10
MM, 2, 16, 10
MM, 1, 15, 10
MM, 0, 15, 20
MM, 379, 612, 21
MM, 378, 612, 9
MM, 376, 612, 11
MM, 374, 612, 10
MM, 33, 15, 19
MM, 31, 15, 11
MM, 30, 15, 20
MM, 29, 15, 20
MM, 28, 15, 40
MM, 27, 15, 30
MM, 26, 15, 20
MM, 25, 15, 10
MM, 24, 15, 252
MC, 1, 198
MM, 26, 14, 71
MM, 29, 13, 11
MM, 374, 609, 10
MM, 379, 608, 10
MM, 8, 7, 10
MM, 18, 7, 10
MM, 32, 4, 11
MM, 4, 4, 9
MM, 439, 596, 11
MM, 452, 596, 10
MM, 2, 0, 10
MM, 9, 1, 10
MM, 13, 1, 10
MM, 17, 1, 10
MM, 22, 1, 10
MM, 485, 596, 10
MM, 488, 595, 10
MM, 489, 595, 20
MM, 491, 594, 10
MM, 491, 593, 10
MM, 492, 593, 10
MM, 493, 593, 10
MM, 494, 592, 10
MM, 496, 592, 10
MM, 2, 30, 10
MM, 3, 30, 10
MM, 3, 29, 70
MM, 3, 28, 20
MM, 3, 27, 71
MM, 4, 26, 41
MM, 5, 25, 20
MM, 6, 24, 20
MM, 6, 23, 10
MM, 8, 22, 10
MM, 10, 21, 10
MM, 11, 19, 10
MC, 1, 452
MM, 10, 19, 9
MM, 9, 19, 11
MM, 6, 18, 10
MM, 4, 18, 10
MM, 492, 578, 10
MM, 489, 577, 10
MM, 30, 17, 10
MM, 28, 17, 10
MM, 26, 17, 10
MM, 24, 17, 11
MM, 21, 17, 10
MM, 18, 16, 9
MM, 12, 15, 11
MM, 10, 15, 10
MM, 9, 15, 10
MM, 7, 14, 9
MM, 5, 14, 11
MM, 4, 14, 10
MM, 2, 13, 21
MM, 1, 13, 20
MM, 0, 13, 20
MM, 455, 573, 30
MM, 454, 573, 10
MM, 453, 573, 20
MM, 452, 573, 10
MM, 450, 573, 10
MM, 34, 13, 10
MM, 33, 13, 20
MM, 32, 13, 20
MM, 31, 13, 20
MM, 30, 13, 11
MM, 29, 13, 10
MM, 28, 13, 20
MM, 27, 13, 50
MM, 26, 13, 10
MM, 25, 13, 20
MM, 24, 13, 20
MM, 23, 13, 10
MM, 22, 13, 10
MM, 21, 13, 20
MM, 19, 13, 10
MC, 1, 420
MM, 21, 15, 92
MM, 22, 17, 10
MM, 23, 20, 10
MM, 24, 23, 10
MM, 26, 27, 10
MM, 444, 595, 10
MM, 23, 10, 10
MM, 24, 20, 10
MM, 24, 28, 10
MM, 446, 633, 10
MM, 1, 8, 11
MM, 1, 18, 10
MM, 1, 23, 10
MM, 1, 29, 10
MM, 450, 667, 10
MM, 451, 669, 10
MM, 452, 670, 10
MM, 52, 1, 10
MM, 52, 2, 60
MM, 52, 3, 40
MM, 52, 4, 31
MM, 53, 6, 30
MM, 53, 7, 10
MM, 54, 7, 10
MM, 54, 8, 10
MM, 54, 9, 20
MM, 54, 10, 10
MM, 54, 11, 30
MM, 54, 12, 40
MM, 54, 13, 20
MM, 54, 14, 10
MM, 53, 15, 10
MM, 52, 16, 62
MM, 52, 20, 8
MM, 50, 20, 212
MM, 51, 20, 10
MC, 1, 189
MM, 52, 19, 123
MM, 55, 19, 10
MM, 59, 17, 10
MM, 62, 17, 10
MM, 67, 15, 10
MM, 71, 14, 11
MM, 84, 7, 9
MM, 92, 3, 10
MM, 505, 668, 10
MM, 517, 665, 10
MM, 526, 664, 10
MM, 9, 30, 10
MM, 20, 24, 10
MM, 29, 22, 10
MM, 34, 21, 10
MM, 0, 20, 10
MM, 6, 18, 10
MM, 10, 17, 11
MM, 20, 17, 10
MM, 22, 16, 10
MM, 25, 14, 10
MM, 27, 14, 10
MM, 30, 12, 10
MM, 30, 11, 10
MM, 31, 11, 10
MM, 31, 10, 20
MM, 32, 10, 20
MM, 32, 9, 40
MM, 33, 9, 31
MM, 33, 8, 60
MM, 32, 8, 110
MM, 31, 8, 10
MM, 30, 10, 9
MM, 27, 10, 11
MM, 26, 10, 20
MM, 25, 11, 10
MM, 24, 11, 10
MM, 24, 12, 20
MM, 23, 12, 30
MM, 23, 13, 20
MC, 1, 402
MM, 24, 11, 60
MM, 26, 8, 10
MM, 28, 5, 10
MM, 32, 0, 11
MM, 604, 632, 9
MM, 27, 30, 10
MM, 612, 624, 11
MM, 613, 623, 10
MM, 615, 621, 10
MM, 617, 619, 10
MM, 0, 21, 10
MM, 2, 19, 10
MM, 2, 18, 10
MM, 4, 17, 10
MM, 7, 13, 10
MM, 9, 11, 10
MM, 11, 6, 10
MM, 14, 5, 11
MM, 14, 3, 9
MM, 16, 3, 10
MM, 17, 2, 10
MM, 637, 596, 11
MM, 638, 595, 10
MM, 639, 594, 10
MM, 641, 593, 9
MM, 642, 592, 11
MM, 644, 591, 10
MM, 645, 589, 10
MM, 646, 589, 10
MM, 647, 588, 10
MM, 647, 587, 20
MM, 0, 26, 10
MM, 1, 25, 10
MM, 2, 25, 20
MM, 2, 24, 10
MM, 3, 22, 11
MM, 4, 22, 10
MM, 5, 20, 10
MM, 6, 18, 10
MM, 6, 17, 20
MM, 7, 17, 20
MM, 7, 16, 9
MM, 8, 14, 51
MM, 8, 13, 221
MC, 1, 201
MM, 6, 13, 20
MM, 0, 17, 10
MM, 642, 580, 10
MM, 25, 24, 10
MM, 17, 26, 10
MM, 615, 594, 10
MM, 19, 2, 10
MM, 11, 7, 10
MM, 0, 13, 10
MM, 31, 18, 10
MM, 25, 21, 10
MM, 22, 23, 11
MM, 20, 23, 10
MM, 18, 23, 10
MM, 16, 26, 11
MM, 14, 27, 9
MM, 13, 28, 10
MM, 11, 30, 10
MM, 549, 628, 10
MM, 549, 629, 10
MM, 548, 630, 10
MM, 548, 631, 21
MM, 548, 632, 19
MM, 547, 632, 10
MM, 546, 633, 21
MM, 17, 0, 80
MM, 17, 1, 10
MM, 17, 2, 20
MM, 17, 3, 19
MM, 17, 4, 31
MM, 17, 5, 19
MM, 17, 6, 21
MM, 17, 8, 9
MC, 1, 402
MM, 16, 8, 30
MM, 13, 4, 11
MM, 530, 632, 10
MM, 19, 29, 10
MM, 4, 25, 10
MM, 494, 618, 10
MM, 25, 21, 10
MM, 17, 19, 10
MM, 11, 17, 10
MM, 6, 17, 10
MM, 0, 14, 10
MM, 459, 611, 10
MM, 456, 611, 10
MM, 32, 14, 11
MM, 30, 14, 10
MM, 28, 14, 10
MM, 24, 14, 10
MM, 22, 13, 11
MM, 21, 13, 9
MM, 20, 13, 11
MM, 20, 12, 190
MC, 1, 401
MM, 19, 12, 20
MM, 16, 12, 11
MM, 13, 11, 10
MM, 9, 11, 10
MM, 6, 11, 10
MM, 2, 11, 10
MM, 419, 608, 10
MM, 415, 608, 10
MM, 33, 11, 10
MM, 30, 11, 10
MM, 26, 13, 10
MM, 21, 14, 10
MM, 18, 14, 10
MM, 15, 15, 11
MM, 13, 15, 10
MM, 12, 14, 11
MM, 8, 14, 9
MM, 6, 13, 10
MM, 5, 13, 10
MM, 4, 13, 10
MM, 1, 13, 10
MM, 379, 610, 10
MM, 377, 610, 10
MM, 376, 610, 21
MM, 375, 610, 10
MM, 375, 611, 10
MM, 34, 14, 10
MM, 33, 14, 10
MM, 31, 14, 10
MM, 30, 14, 10
MM, 29, 14, 10
MM, 28, 13, 9
MM, 27, 13, 11
MM, 26, 13, 10
MM, 25, 13, 90
MM, 24, 13, 10
MC, 1, 430
MM, 25, 13, 41
MM, 28, 13, 10
MM, 34, 10, 11
MM, 378, 606, 10
MM, 5, 7, 9
MM, 14, 7, 10
MM, 31, 3, 11
MM, 1, 3, 10
MM, 13, 1, 10
MM, 452, 592, 10
MM, 477, 592, 11
MM, 487, 592, 9
MM, 498, 592, 10
MM, 21, 29, 10
MM, 528, 591, 10
MM, 535, 591, 10
MM, 539, 591, 10
MM, 542, 591, 10
MM, 546, 591, 10
MM, 549, 591, 10
MM, 552, 591, 10
MM, 554, 591, 10
MM, 555, 591, 61
MM, 556, 591, 9
MM, 557, 591, 21
MM, 26, 30, 20
MM, 27, 30, 10
MM, 27, 29, 50
MM, 27, 28, 40
MM, 27, 26, 10
MM, 26, 25, 10
MM, 26, 23, 10
MM, 26, 22, 10
MM, 26, 21, 11
MM, 25, 20, 9
MM, 24, 20, 31
MM, 22, 18, 21
MM, 21, 18, 20
MM, 19, 18, 9
MM, 18, 18, 21
MM, 18, 17, 10
MM, 17, 17, 20
MM, 17, 16, 40
MM, 17, 13, 10
MC, 1, 412
MM, 15, 13, 20
MM, 12, 13, 10
MM, 10, 13, 10
MM, 5, 14, 10
MM, 528, 574, 10
MM, 23, 16, 10
MM, 15, 17, 10
MM, 5, 22, 10
MM, 31, 27, 10
MM, 21, 30, 10
MM, 467, 594, 11
MM, 459, 597, 10
MM, 34, 2, 10
MM, 31, 2, 10
MM, 26, 4, 10
MM, 24, 4, 11
MM, 20, 7, 10
MM, 18, 7, 9
MM, 15, 7, 11
MM, 14, 7, 10
MM, 12, 7, 10
MM, 10, 8, 20
MM, 10, 9, 100
MM, 8, 9, 10
MM, 7, 9, 10
MM, 7, 10, 10
MM, 5, 10, 10
MM, 2, 10, 9
MM, 1, 10, 10
MM, 0, 10, 11
MM, 420, 607, 9
MM, 419, 607, 11
MM, 418, 607, 10
MM, 416, 607, 10
MM, 415, 607, 10
MM, 34, 10, 9
MM, 33, 10, 11
MM, 31, 10, 10
MM, 30, 10, 10
MM, 29, 10, 10
MM, 29, 12, 282
MM, 29, 11, 19
MC, 1, 190
MM, 31, 11, 62
MM, 415, 608, 9
MM, 4, 11, 11
MM, 25, 15, 10
MM, 9, 15, 10
MM, 498, 612, 10
MM, 536, 623, 10
MM, 552, 628, 10
MM, 580, 628, 10
MM, 29, 1, 11
MM, 38, 7, 10
MM, 614, 642, 10
MM, 1, 10, 9
MM, 8, 13, 11
MM, 9, 14, 10
MM, 10, 14, 10
MM, 12, 14, 10
MM, 12, 15, 10
MM, 13, 15, 21
MM, 14, 15, 19
MM, 14, 16, 141
MM, 15, 16, 70
MM, 16, 16, 20
MM, 17, 16, 40
MM, 18, 16, 21
MM, 18, 17, 10
MM, 19, 17, 10
MM, 20, 17, 10
MM, 21, 17, 10
MM, 24, 18, 10
MM, 27, 19, 10
MM, 29, 19, 10
MM, 647, 654, 10
MM, 649, 654, 10
MM, 650, 654, 11
MM, 0, 21, 9
MM, 2, 23, 10
MM, 3, 23, 11
MM, 4, 24, 9
MM, 5, 24, 61
MC, 1, 510
MM, 7, 24, 323
MM, 10, 21, 10
MM, 17, 15, 10
MM, 26, 8, 10
MM, 688, 633, 10
MM, 703, 625, 10
MM, 713, 618, 10
MM, 733, 610, 11
MM, 750, 604, 9
MM, 762, 600, 10
MM, 772, 594, 11
MM, 783, 587, 10
MM, 790, 585, 10
MM, 797, 582, 10
MM, 801, 581, 10
MM, 802, 580, 10
MM, 804, 580, 10
MM, 806, 578, 20
MM, 806, 576, 40
MM, 806, 575, 61
MM, 806, 574, 30
MM, 805, 574, 140
MM, 800, 577, 11
MM, 796, 579, 10
MM, 785, 586, 9
MM, 776, 593, 11
MM, 756, 599, 10
MM, 726, 609, 10
MM, 710, 618, 10
MM, 29, 2, 10
MM, 11, 12, 10
MM, 30, 26, 10
MM, 637, 665, 10
MM, 629, 670, 10
MM, 618, 675, 11
MM, 612, 678, 9
MM, 607, 680, 10
MM, 605, 681, 11
MM, 602, 681, 9
MM, 600, 682, 10
MM, 598, 683, 10
MM, 597, 683, 11
MM, 594, 684, 11
MM, 593, 684, 8
MM, 591, 685, 11
MM, 589, 686, 10
MM, 588, 686, 30
MM, 586, 686, 10
MM, 584, 687, 11
MM, 582, 687, 9
MM, 580, 687, 10
MM, 578, 687, 10
MM, 577, 687, 10
MM, 576, 687, 10
MM, 574, 687, 10
MM, 574, 686, 10
MM, 572, 686, 11
MM, 569, 686, 9
MM, 564, 685, 10
MM, 158, 13, 11
MM, 153, 12, 10
MM, 150, 12, 10
MM, 147, 11, 10
MM, 145, 10, 10
MM, 144, 10, 10
MM, 142, 10, 10
MM, 140, 10, 10
MM, 138, 10, 10
MM, 137, 10, 21
MM, 136, 10, 19
MM, 135, 10, 31
MM, 136, 10, 190
MM, 139, 8, 11
MM, 145, 6, 10
MM, 557, 670, 10
MM, 17, 30, 10
MM, 5, 19, 10
MM, 2, 11, 10
MM, 692, 634, 10
MM, 725, 634, 10
MM, 757, 629, 10
MM, 770, 629, 10
MM, 11, 17, 10
MM, 22, 18, 10
MM, 28, 18, 10
MM, 31, 18, 10
MM, 33, 18, 10
MM, 34, 18, 10
MM, 35, 18, 10
MM, 36, 18, 20
MM, 37, 18, 21
MM, 37, 17, 80
MM, 37, 16, 49
