**********************************
LOGGING TIME: 20181014_213545
CLIENT IP: 192.168.56.1
USERNAME: user-pc
OS: Windows 10
*********************Neutral database**********************************
MM, 27, 17, 1537598292109
MM, 27, 18, 10
MM, 28, 19, 10
MM, 29, 19, 31
MM, 31, 19, 20
MM, 31, 14, 9
MM, 33, 11, 10
MM, 33, 7, 101
MM, 33, 4, 10
MM, 174, 19, 513
MM, 169, 13, 10
MM, 166, 9, 10
MM, 160, 1, 10
MM, 173, 0, 32406
MM, 178, 13, 11
MM, 1, 27, 10
MM, 22, 12, 30
MM, 28, 23, 10
MC, 1, 5012
MC, 1, 6513
MM, 286, 0, 15659
MM, 285, 2, 10
MM, 284, 3, 10
MM, 282, 5, 11
MM, 281, 7, 9
MM, 281, 11, 10
MM, 280, 11, 10
MM, 277, 13, 11
MM, 275, 16, 10
MM, 273, 18, 9
MM, 272, 19, 11
MM, 271, 19, 10
MM, 271, 20, 11
MM, 270, 20, 39
MM, 270, 21, 10
MM, 269, 22, 20
MM, 269, 24, 20
MM, 265, 24, 50
MC, 1, 411
MM, 265, 25, 875
MM, 267, 25, 11
MM, 273, 28, 9
MM, 280, 29, 10
MM, 291, 34, 10
MM, 312, 40, 10
MM, 331, 45, 11
MM, 357, 58, 10
MM, 359, 38, 2079
MM, 326, 8, 10
MM, 304, 1, 10
MM, 240, 2, 353
MM, 240, 4, 9
MM, 238, 6, 11
MM, 238, 8, 9
MC, 1, 503
MM, 238, 10, 39
MM, 239, 12, 11
MM, 239, 19, 10
MM, 244, 33, 10
MM, 247, 44, 10
MM, 252, 55, 9
MM, 255, 63, 11
MC, 1, 973
MM, 12, 13, 495
MM, 19, 23, 10
MM, 14, 4, 19
MM, 24, 15, 10
MM, 28, 24, 11
MM, 31, 29, 9
MM, 43, 4, 31
MM, 43, 5, 10
MM, 0, 23, 291
MM, 2, 22, 20
MM, 4, 22, 10
MM, 6, 22, 10
MM, 7, 22, 10
MM, 8, 22, 11
MM, 8, 21, 9
MM, 9, 20, 10
MM, 10, 20, 50
MM, 11, 20, 11
MM, 12, 19, 20
MC, 1, 420
MM, 10, 18, 373
MM, 8, 17, 20
MM, 6, 17, 10
MM, 3, 17, 10
MM, 43, 14, 30
MM, 41, 14, 10
MM, 38, 14, 11
MM, 36, 14, 10
MM, 34, 14, 10
MM, 27, 14, 10
MM, 19, 14, 10
MM, 12, 16, 10
MM, 5, 18, 10
MM, 37, 28, 20
MM, 31, 29, 10
MM, 26, 31, 10
MM, 204, 1, 21
MM, 199, 6, 10
MM, 194, 7, 9
MM, 187, 8, 10
MM, 179, 12, 11
MM, 174, 14, 10
MM, 171, 16, 9
MM, 168, 16, 10
MM, 166, 17, 11
MM, 164, 18, 10
MM, 162, 18, 11
MM, 161, 19, 9
MM, 160, 19, 10
MM, 161, 19, 321
MM, 160, 19, 231
MM, 159, 20, 11
MM, 158, 20, 10
MM, 156, 21, 10
MM, 156, 22, 9
MM, 155, 22, 11
MM, 153, 22, 20
MM, 153, 23, 30
MM, 153, 22, 663
MM, 153, 23, 9
MC, 1, 190
MM, 153, 22, 333
MM, 154, 20, 11
MM, 156, 16, 10
MM, 158, 11, 10
MM, 162, 2, 10
MM, 29, 27, 20
MM, 29, 24, 10
MM, 30, 21, 10
MM, 32, 16, 9
MM, 32, 12, 10
MM, 33, 4, 11
MM, 34, 3, 9
MM, 34, 0, 11
MM, 35, 31, 50
MM, 36, 30, 10
MM, 37, 29, 20
MM, 37, 28, 11
MM, 39, 26, 19
MM, 40, 25, 31
MM, 42, 24, 19
MM, 43, 23, 21
MM, 0, 18, 70
MM, 0, 17, 10
MM, 2, 17, 20
MM, 3, 17, 21
MM, 5, 17, 9
MM, 7, 17, 11
MM, 9, 17, 20
MM, 10, 17, 20
MM, 11, 17, 20
MM, 12, 17, 20
MM, 13, 17, 20
MM, 14, 17, 20
MC, 1, 482
MM, 14, 14, 80
MM, 14, 13, 11
MM, 14, 11, 10
MM, 14, 10, 10
MM, 14, 5, 10
MM, 25, 31, 60
MM, 25, 30, 10
MM, 25, 29, 10
MM, 25, 28, 10
MM, 25, 26, 11
MM, 25, 25, 9
MM, 25, 24, 10
MM, 24, 23, 11
MM, 24, 22, 20
MM, 23, 21, 10
MM, 23, 20, 51
MM, 23, 18, 19
MM, 23, 17, 91
MC, 1, 511
MM, 25, 17, 51
MM, 27, 17, 10
MM, 32, 17, 10
MM, 38, 17, 10
MM, 11, 18, 21
MM, 23, 20, 10
MM, 33, 20, 9
MM, 2, 22, 11
MM, 16, 24, 9
MM, 26, 24, 10
MM, 30, 24, 11
MM, 33, 24, 9
MM, 0, 24, 91
MM, 2, 24, 10
MM, 4, 24, 10
MM, 5, 24, 20
MM, 6, 24, 10
MM, 7, 23, 11
MM, 8, 23, 9
MM, 9, 23, 10
MM, 10, 23, 31
MM, 11, 23, 10
MM, 11, 22, 10
MM, 12, 22, 30
MM, 13, 21, 40
MM, 13, 20, 170
MM, 13, 17, 182
MC, 1, 421
MM, 12, 17, 402
MM, 9, 17, 11
MM, 6, 17, 10
MM, 29, 17, 30
MM, 25, 17, 10
MM, 23, 17, 10
MM, 21, 17, 10
MM, 20, 17, 10
MM, 18, 17, 10
MM, 15, 17, 10
MM, 14, 17, 11
MM, 12, 17, 9
MM, 10, 17, 11
MM, 8, 17, 9
MM, 6, 17, 10
MM, 5, 17, 11
MM, 3, 17, 19
MM, 2, 17, 10
MM, 1, 17, 10
MM, 0, 17, 20
MM, 33, 17, 71
MM, 31, 17, 11
MM, 30, 17, 10
MM, 27, 17, 9
MM, 26, 17, 10
MM, 25, 17, 10
MM, 23, 17, 20
MM, 23, 16, 30
MM, 23, 13, 71
MM, 23, 12, 1004
MC, 1, 200
MM, 22, 12, 272
MM, 18, 12, 11
MM, 12, 10, 10
MM, 2, 9, 10
MM, 41, 6, 10
MM, 28, 3, 10
MM, 17, 0, 391
MM, 15, 1, 11
MM, 14, 2, 10
MM, 12, 3, 10
MM, 9, 3, 10
MM, 7, 3, 10
MM, 5, 4, 10
MM, 3, 4, 10
MC, 1, 1928
MC, 1, 1218
MC, 1, 692
MM, 3, 9, 492
MM, 5, 13, 11
MM, 7, 22, 10
MM, 9, 26, 10
MM, 13, 3, 20
MM, 14, 6, 10
MM, 16, 10, 11
MM, 17, 12, 9
MM, 18, 14, 10
MM, 19, 17, 10
MM, 20, 18, 10
MM, 21, 19, 10
MM, 21, 22, 11
MM, 22, 22, 9
MM, 22, 24, 10
MM, 23, 25, 10
MM, 25, 28, 11
MM, 26, 31, 10
MM, 70, 0, 49
MM, 70, 1, 10
MM, 71, 1, 10
MM, 71, 2, 11
MM, 73, 4, 10
MM, 73, 5, 21
MM, 73, 6, 9
MM, 73, 7, 21
MM, 73, 8, 20
MM, 74, 9, 9
MM, 74, 6, 141
MM, 74, 0, 10
MM, 34, 21, 11
MM, 28, 27, 10
MM, 41, 18, 19
MM, 131, 55, 11
MM, 128, 21, 9
MM, 126, 10, 10
MM, 126, 0, 10
MC, 1, 1979
MM, 55, 0, 774
MM, 52, 9, 10
MM, 51, 11, 10
MM, 48, 13, 10
MM, 48, 15, 11
MM, 46, 16, 9
MM, 46, 17, 10
MM, 46, 16, 241
MM, 47, 16, 21
MM, 47, 15, 200
MC, 1, 210
MM, 48, 17, 324
MM, 49, 19, 9
MM, 51, 20, 10
MM, 54, 23, 10
MM, 77, 49, 30
MM, 1, 5, 20
MM, 7, 15, 10
MM, 11, 25, 10
MM, 14, 2, 61
MM, 16, 6, 9
MM, 18, 9, 11
MM, 18, 16, 9
MM, 18, 17, 21
MM, 18, 18, 402
MM, 20, 19, 9
MM, 22, 23, 11
MM, 25, 29, 10
MM, 28, 2, 10
MM, 34, 18, 10
MM, 39, 27, 10
MM, 83, 2, 20
MM, 84, 5, 10
MM, 86, 11, 10
MM, 87, 24, 11
MM, 89, 29, 9
MM, 91, 32, 10
MM, 92, 35, 10
MM, 92, 38, 11
MM, 94, 40, 9
MM, 94, 41, 40
MM, 94, 41, 744
MM, 94, 39, 10
MM, 94, 38, 10
MM, 94, 36, 10
MM, 94, 35, 10
MM, 94, 32, 10
MM, 94, 29, 10
MM, 94, 27, 10
MM, 93, 25, 21
MM, 93, 24, 19
MC, 1, 531
MM, 94, 24, 143
MM, 96, 23, 10
MM, 98, 21, 10
MM, 101, 18, 10
MM, 110, 10, 10
MM, 117, 5, 10
MM, 2, 25, 30
MM, 9, 18, 11
MM, 13, 16, 10
MM, 21, 10, 9
MM, 28, 5, 11
MM, 32, 1, 9
MM, 37, 1, 11
MM, 40, 0, 10
MM, 42, 30, 19
MM, 0, 21, 91
MM, 2, 20, 10
MM, 4, 16, 10
MM, 6, 14, 10
MM, 7, 14, 10
MM, 7, 12, 10
MM, 8, 12, 10
MM, 8, 11, 10
MM, 9, 11, 10
MM, 9, 10, 50
MM, 10, 9, 11
MM, 11, 8, 10
MM, 12, 4, 19
MM, 13, 3, 11
MM, 14, 1, 10
MM, 15, 1, 9
MM, 40, 31, 72
MM, 42, 28, 9
MM, 0, 23, 60
MM, 1, 22, 20
MM, 1, 21, 453
MM, 2, 20, 10
MM, 3, 19, 19
MM, 4, 18, 11
MM, 5, 17, 30
MM, 6, 17, 70
MM, 8, 15, 21
MM, 8, 14, 220
MC, 1, 200
MM, 7, 14, 152
MM, 1, 13, 11
MM, 41, 13, 10
MM, 32, 13, 9
MM, 21, 13, 10
MM, 3, 13, 10
MM, 41, 15, 10
MM, 27, 16, 11
MM, 9, 18, 10
MM, 26, 2, 382
MM, 22, 3, 10
MM, 19, 4, 10
MM, 18, 4, 20
MM, 15, 4, 11
MM, 12, 6, 9
MM, 11, 8, 20
MM, 10, 8, 11
MM, 8, 10, 49
MM, 8, 8, 221
MM, 8, 10, 9
MC, 1, 190
MM, 10, 11, 92
MM, 21, 16, 10
MM, 33, 20, 10
MM, 21, 5, 20
MM, 36, 13, 11
MM, 5, 26, 9
MM, 63, 0, 31
MM, 68, 1, 10
MM, 73, 6, 10
MM, 74, 8, 10
MM, 75, 8, 10
MM, 76, 9, 10
MM, 76, 10, 30
MM, 77, 10, 30
MM, 77, 11, 40
MM, 77, 12, 51
MC, 1, 492
MM, 78, 11, 51
MM, 78, 8, 10
MM, 79, 4, 10
MM, 42, 23, 30
MM, 0, 21, 50
MM, 0, 13, 10
MM, 1, 3, 11
MM, 2, 0, 9
MC, 1, 683
MM, 0, 4, 151
MM, 1, 5, 10
MM, 2, 6, 10
MM, 4, 7, 20
MM, 4, 9, 10
MM, 6, 11, 10
MM, 6, 12, 10
MM, 8, 13, 10
MM, 8, 14, 10
MM, 9, 15, 10
MM, 10, 15, 10
MM, 11, 16, 41
MM, 11, 17, 70
MM, 12, 17, 10
MC, 1, 383
MM, 10, 16, 20
MM, 2, 13, 9
MM, 39, 9, 20
MM, 34, 31, 40
MM, 21, 24, 11
MM, 12, 18, 9
MM, 6, 15, 10
MM, 0, 13, 11
MM, 41, 9, 20
MM, 39, 8, 10
MM, 36, 8, 10
MM, 35, 7, 10
MM, 34, 8, 10
MM, 33, 9, 20
MM, 33, 10, 51
MM, 32, 10, 19
MM, 32, 11, 30
MM, 31, 11, 10
MM, 31, 12, 52
MM, 30, 14, 9
MM, 29, 15, 10
MM, 29, 17, 10
MM, 28, 17, 10
MM, 28, 19, 10
MM, 26, 21, 11
MM, 26, 22, 9
MM, 25, 23, 20
MM, 25, 24, 10
MM, 25, 25, 10
MM, 25, 26, 10
MM, 25, 27, 11
MM, 25, 28, 10
MM, 25, 29, 20
MM, 25, 30, 10
MM, 25, 31, 10
MC, 1, 591
MM, 19, 1, 92
MM, 24, 17, 10
MM, 5, 19, 30
MM, 55, 0, 11
MM, 58, 6, 9
MM, 62, 11, 11
MM, 63, 13, 10
MM, 64, 15, 9
MM, 64, 16, 10
MM, 65, 16, 51
MC, 1, 642
MM, 66, 16, 41
MM, 68, 16, 10
MM, 76, 15, 10
MM, 90, 12, 11
MM, 114, 10, 10
MM, 149, 4, 9
MM, 168, 4, 10
MM, 204, 2, 10
MM, 36, 30, 231
MM, 36, 24, 10
MM, 34, 23, 10
MM, 32, 23, 10
MM, 32, 21, 10
MM, 28, 20, 10
MM, 24, 17, 11
MM, 19, 16, 10
MM, 13, 12, 11
MM, 9, 11, 9
MM, 7, 10, 10
MM, 3, 10, 10
MM, 0, 9, 10
MM, 42, 10, 20
MM, 40, 10, 10
MM, 38, 10, 10
MM, 37, 10, 10
MM, 36, 10, 10
MM, 35, 10, 11
MM, 34, 10, 20
MM, 33, 10, 10
MM, 33, 11, 110
MC, 1, 380
MM, 34, 9, 93
MM, 38, 6, 10
MM, 40, 3, 9
MM, 43, 2, 11
MM, 0, 22, 30
MM, 1, 19, 10
MM, 5, 17, 9
MM, 9, 11, 11
MM, 10, 9, 9
MM, 13, 8, 11
MM, 16, 6, 10
MM, 17, 4, 10
MM, 18, 4, 10
MM, 18, 2, 10
MM, 19, 1, 10
MM, 20, 1, 10
MM, 20, 0, 10
MM, 0, 26, 231
MM, 1, 25, 11
MM, 3, 23, 9
MM, 4, 22, 20
MM, 5, 22, 10
MM, 6, 21, 10
MM, 7, 19, 10
MM, 11, 17, 11
MC, 1, 422
MM, 10, 17, 20
MM, 5, 17, 9
MM, 27, 12, 22
MM, 15, 12, 9
MM, 4, 12, 10
MM, 42, 9, 10
MM, 31, 9, 11
MM, 22, 9, 9
MM, 14, 12, 11
MM, 2, 12, 10
MM, 40, 13, 9
MM, 26, 13, 11
MM, 13, 15, 10
MM, 5, 17, 9
MM, 21, 0, 855
MM, 21, 1, 39
MM, 21, 2, 10
MM, 20, 3, 10
MM, 19, 4, 20
MM, 19, 5, 20
MM, 18, 6, 21
MM, 18, 7, 40
MM, 18, 8, 10
MM, 18, 9, 11
MM, 17, 9, 9
MC, 1, 411
MM, 20, 8, 93
MM, 25, 8, 9
MM, 31, 7, 10
MM, 36, 5, 10
MM, 42, 3, 11
MC, 1, 1103
MM, 11, 3, 182
MM, 11, 16, 11
MM, 14, 27, 9
MM, 16, 2, 20
MM, 17, 9, 10
MM, 17, 17, 10
MM, 107, 0, 21
MM, 107, 6, 9
MM, 107, 8, 11
MM, 107, 11, 9
MM, 107, 12, 20
MM, 107, 13, 11
MM, 106, 14, 30
MM, 106, 15, 30
MM, 106, 16, 221
MM, 105, 18, 30
MM, 105, 19, 31
MM, 105, 20, 50
MM, 104, 21, 10
MC, 1, 381
MM, 105, 21, 71
MM, 108, 21, 10
MM, 112, 21, 10
MM, 118, 18, 10
MM, 129, 14, 10
MM, 136, 13, 10
MM, 143, 8, 10
MM, 149, 6, 11
MM, 151, 5, 9
MM, 153, 4, 11
MM, 156, 2, 9
MM, 158, 1, 11
MM, 161, 1, 9
MM, 32, 31, 41
MM, 34, 30, 9
MM, 37, 30, 11
MM, 41, 27, 10
MM, 43, 25, 9
MM, 1, 18, 31
MM, 3, 16, 10
MM, 3, 15, 20
MM, 4, 15, 40
MM, 5, 14, 10
MM, 7, 13, 11
MM, 9, 12, 9
MM, 12, 12, 10
MM, 14, 10, 10
MM, 16, 10, 11
MM, 17, 10, 9
MM, 18, 10, 10
MM, 19, 10, 51
MM, 20, 10, 20
MM, 21, 10, 11
MM, 24, 8, 19
MC, 1, 371
MM, 19, 6, 51
MM, 43, 31, 20
MM, 22, 18, 10
MM, 3, 13, 11
MM, 28, 5, 9
MM, 14, 3, 10
MM, 25, 2, 20
MM, 8, 2, 10
MM, 38, 7, 21
MM, 30, 8, 10
MM, 25, 10, 10
MM, 23, 12, 10
MM, 22, 12, 11
MM, 20, 13, 10
MM, 19, 13, 9
MM, 18, 13, 11
MM, 16, 13, 9
MM, 14, 14, 20
MM, 12, 14, 10
MM, 8, 16, 10
MM, 6, 16, 11
MM, 5, 16, 9
MM, 0, 16, 10
MM, 43, 11, 21
MM, 42, 11, 9
MM, 40, 10, 10
MM, 40, 8, 10
MM, 39, 8, 10
MM, 38, 8, 41
MM, 37, 8, 10
MM, 36, 8, 10
MM, 33, 8, 10
MM, 29, 8, 10
MM, 26, 8, 10
MM, 23, 8, 10
MM, 22, 8, 10
MM, 18, 8, 10
MM, 14, 7, 10
MM, 6, 7, 10
MM, 41, 7, 21
MM, 34, 8, 9
MM, 30, 8, 10
MM, 27, 9, 10
MM, 24, 9, 11
MM, 22, 11, 11
MM, 21, 11, 9
MM, 20, 11, 10
MM, 20, 12, 21
MM, 19, 12, 129
MM, 19, 13, 10
MC, 1, 394
MM, 21, 13, 28
MM, 23, 13, 11
MM, 26, 13, 10
MM, 28, 13, 10
MM, 31, 13, 10
MM, 36, 14, 11
MM, 38, 14, 9
MM, 41, 14, 10
MM, 43, 14, 11
MM, 0, 14, 49
MM, 2, 14, 10
MM, 3, 14, 20
MM, 4, 14, 10
MM, 6, 15, 61
MM, 8, 13, 10
MM, 9, 13, 190
MC, 1, 200
MC, 2, 181
MM, 11, 12, 323
MM, 18, 10, 10
MM, 25, 10, 10
MM, 33, 8, 10
MM, 40, 8, 11
MM, 6, 8, 19
MM, 14, 6, 11
MM, 24, 6, 9
MM, 32, 5, 11
MM, 3, 3, 20
MM, 14, 0, 290
MM, 13, 0, 272
MM, 19, 31, 80
MM, 19, 30, 20
MM, 19, 29, 10
MM, 19, 28, 21
MM, 19, 27, 10
MM, 19, 26, 20
MM, 19, 25, 10
MM, 19, 24, 10
MM, 19, 21, 10
MM, 19, 19, 10
MM, 19, 18, 40
MM, 19, 17, 10
MM, 19, 15, 191
MM, 19, 17, 9
MC, 1, 191
MM, 15, 17, 32
MM, 12, 17, 9
MM, 7, 19, 10
MM, 0, 22, 10
MM, 43, 26, 11
MM, 29, 29, 9
MM, 36, 6, 20
MM, 28, 11, 10
MM, 15, 21, 11
MM, 9, 26, 10
MM, 3, 30, 10
MM, 39, 3, 30
MM, 36, 5, 10
MM, 35, 5, 10
MM, 31, 8, 10
MM, 29, 8, 10
MM, 28, 9, 10
MM, 27, 9, 10
MM, 27, 10, 51
MM, 26, 10, 170
MM, 26, 11, 11
MM, 24, 11, 10
MM, 22, 11, 9
MM, 21, 11, 11
MM, 19, 11, 9
MM, 18, 11, 10
MM, 16, 11, 10
MM, 14, 11, 11
MM, 10, 12, 10
MM, 6, 12, 9
MM, 3, 12, 11
MM, 1, 12, 10
MM, 41, 13, 60
MM, 39, 14, 20
MM, 37, 14, 10
MM, 36, 14, 10
MM, 35, 14, 20
MC, 1, 492
MM, 34, 14, 10
MM, 30, 11, 10
MM, 25, 5, 11
MM, 15, 28, 10
MM, 9, 18, 10
MM, 2, 8, 10
MC, 1, 954
MM, 14, 8, 111
MM, 21, 20, 10
MM, 26, 31, 10
MM, 75, 6, 10
MM, 77, 17, 10
MM, 81, 22, 10
MM, 84, 27, 10
MM, 84, 29, 10
MM, 86, 30, 11
MM, 89, 35, 9
MM, 90, 35, 10
MM, 90, 36, 10
MM, 90, 37, 11
MM, 90, 38, 50
MM, 90, 39, 50
MM, 90, 40, 51
MM, 90, 41, 19
MM, 91, 41, 191
MM, 92, 39, 11
MM, 92, 37, 10
MM, 92, 34, 10
MM, 93, 31, 10
MM, 93, 30, 10
MM, 93, 29, 10
MM, 93, 27, 80
MM, 94, 26, 11
MC, 1, 390
MM, 95, 25, 51
MM, 100, 21, 10
MM, 103, 20, 10
MM, 110, 14, 10
MM, 122, 8, 11
MM, 134, 1, 10
MM, 22, 26, 20
MM, 5, 16, 20
MM, 15, 8, 10
MM, 24, 1, 10
MM, 40, 26, 30
MM, 0, 16, 20
MM, 3, 13, 10
MM, 5, 11, 10
MM, 8, 9, 10
MM, 12, 6, 10
MM, 18, 0, 10
MM, 2, 29, 31
MM, 4, 29, 10
MM, 9, 24, 10
MM, 13, 21, 10
MM, 17, 20, 10
MM, 20, 18, 10
MM, 24, 16, 10
MM, 30, 15, 10
MM, 33, 14, 10
MM, 2, 13, 30
MM, 4, 12, 10
MM, 5, 12, 10
MM, 6, 12, 20
MM, 7, 12, 20
MM, 8, 12, 41
MM, 9, 12, 120
MM, 10, 12, 30
MM, 11, 12, 10
MM, 12, 12, 20
MM, 13, 12, 50
MM, 14, 12, 10
MM, 17, 12, 10
MM, 18, 17, 1417
MC, 1, 199
MM, 22, 17, 544
MM, 28, 17, 11
MM, 48, 5, 904
MM, 47, 5, 10
MM, 46, 6, 10
MM, 46, 7, 10
MM, 45, 7, 30
MM, 44, 7, 20
MM, 42, 7, 11
MM, 40, 9, 20
MM, 39, 9, 10
MM, 37, 9, 10
MM, 35, 9, 9
MM, 34, 9, 11
MM, 33, 9, 10
MM, 32, 9, 11
MM, 31, 9, 9
MM, 30, 9, 10
MM, 29, 9, 20
MM, 28, 9, 20
MM, 28, 10, 61
MM, 27, 10, 10
MM, 27, 13, 9
MC, 1, 392
MM, 15, 13, 51
MM, 28, 30, 20
MM, 34, 14, 10
MM, 26, 2, 10
MM, 29, 16, 30
MM, 38, 16, 10
MM, 11, 16, 10
MM, 27, 18, 11
MM, 4, 23, 9
MM, 10, 0, 654
MM, 10, 1, 29
MM, 10, 2, 11
MM, 10, 3, 10
MM, 12, 5, 271
MM, 12, 8, 10
MM, 13, 10, 11
MM, 14, 13, 10
MM, 15, 15, 9
MM, 15, 17, 10
MM, 15, 19, 11
MM, 15, 22, 10
MM, 15, 24, 10
MM, 15, 25, 71
MC, 1, 419
MM, 16, 25, 82
MM, 19, 25, 11
MM, 23, 25, 10
MM, 31, 25, 9
MM, 43, 25, 10
MM, 8, 28, 10
MM, 19, 28, 11
MM, 40, 31, 9
MM, 37, 2, 30
MM, 6, 6, 10
MM, 19, 7, 10
MM, 28, 10, 10
MM, 34, 10, 10
MM, 40, 11, 10
MM, 1, 17, 10
MM, 9, 18, 11
MM, 14, 19, 10
MM, 18, 19, 10
MM, 19, 19, 10
MM, 21, 20, 10
MM, 22, 21, 10
MM, 23, 21, 20
MM, 24, 21, 50
MM, 25, 21, 11
MM, 26, 21, 100
MM, 27, 21, 20
MM, 28, 22, 10
MM, 29, 23, 10
MM, 30, 23, 20
MM, 32, 23, 11
MM, 34, 23, 10
MM, 38, 22, 9
MM, 43, 21, 11
MM, 6, 20, 19
MM, 13, 20, 10
MM, 19, 18, 10
MM, 22, 18, 11
MM, 23, 18, 10
MM, 25, 18, 10
MM, 26, 18, 10
MC, 1, 451
MM, 25, 18, 42
MM, 23, 18, 9
MM, 20, 18, 10
MM, 10, 15, 11
MM, 34, 6, 19
MM, 39, 27, 20
MM, 21, 19, 10
MM, 13, 15, 10
MM, 3, 14, 10
MM, 40, 8, 21
MM, 39, 8, 10
MM, 35, 5, 11
MM, 33, 5, 9
MM, 30, 5, 10
MM, 28, 3, 20
MM, 27, 3, 11
MM, 27, 2, 150
MM, 25, 0, 31
MC, 1, 591
MC, 1, 1296
MM, 15, 3, 162
MM, 18, 14, 10
MM, 19, 26, 10
MM, 21, 1, 20
MM, 22, 7, 10
MM, 22, 10, 10
MM, 23, 15, 10
MM, 23, 16, 10
MM, 26, 22, 10
MM, 26, 24, 10
MM, 26, 26, 10
MM, 112, 0, 121
MM, 111, 1, 10
MM, 111, 2, 10
MM, 110, 3, 20
MM, 110, 4, 10
MM, 110, 5, 10
MM, 109, 5, 10
MM, 108, 7, 10
MM, 108, 8, 40
MM, 107, 9, 21
MM, 107, 11, 10
MM, 107, 12, 10
MM, 107, 13, 10
MM, 106, 14, 10
MM, 106, 15, 10
MM, 105, 15, 10
MM, 105, 16, 10
MM, 104, 16, 10
MM, 103, 16, 71
MM, 102, 16, 210
MC, 1, 200
MM, 103, 16, 92
MM, 105, 15, 9
MM, 109, 14, 11
MM, 116, 13, 11
MM, 122, 9, 9
MM, 129, 8, 10
MM, 137, 2, 10
MM, 15, 29, 20
MM, 23, 20, 10
MM, 31, 14, 10
MM, 36, 8, 11
MM, 40, 3, 9
MM, 1, 18, 41
MM, 4, 10, 10
MM, 9, 4, 9
MM, 34, 27, 30
MM, 36, 26, 11
MM, 39, 23, 10
MM, 41, 22, 10
MM, 43, 20, 10
MM, 0, 14, 40
MM, 1, 12, 10
MM, 4, 12, 10
MM, 5, 11, 81
MM, 6, 11, 20
MM, 8, 11, 21
MM, 9, 10, 19
MM, 11, 10, 11
MM, 12, 9, 9
MM, 13, 9, 10
MM, 14, 9, 30
MM, 14, 8, 40
MC, 1, 403
MM, 12, 11, 29
MM, 7, 15, 11
MM, 18, 6, 30
MM, 12, 12, 10
MM, 9, 16, 10
MM, 7, 19, 10
MM, 5, 22, 9
MM, 5, 23, 11
MM, 3, 24, 10
MM, 2, 28, 10
MM, 2, 31, 11
MM, 43, 4, 251
MM, 42, 4, 9
MM, 41, 4, 20
MM, 41, 5, 11
MM, 39, 5, 10
MM, 39, 6, 9
MM, 37, 7, 11
MM, 36, 8, 20
MM, 35, 9, 10
MM, 34, 9, 10
MM, 33, 9, 30
MM, 34, 9, 241
MM, 33, 9, 10
MM, 123, 28, 684
MM, 123, 27, 50
MM, 123, 26, 31
MM, 123, 25, 20
MM, 123, 24, 9
MM, 124, 22, 11
MM, 125, 17, 9
MM, 128, 16, 10
MM, 131, 11, 11
MM, 135, 6, 9
MM, 139, 0, 11
MM, 4, 31, 20
MM, 5, 28, 10
MM, 5, 27, 10
MM, 7, 24, 10
MM, 8, 24, 9
MM, 9, 24, 333
MM, 9, 23, 19
MM, 10, 22, 30
MM, 11, 22, 20
MM, 11, 21, 11
MC, 1, 702
MM, 11, 22, 392
MM, 10, 24, 11
MM, 9, 25, 10
MM, 7, 31, 10
MM, 144, 1, 20
MM, 143, 3, 10
MM, 140, 7, 11
MM, 138, 10, 9
MM, 138, 13, 10
MM, 137, 15, 10
MM, 136, 15, 10
MM, 136, 17, 10
MM, 135, 19, 10
MM, 134, 20, 31
MM, 134, 21, 20
MM, 134, 22, 49
MM, 132, 23, 10
MM, 132, 24, 11
MM, 131, 24, 70
MC, 1, 422
MM, 132, 23, 61
MM, 135, 20, 9
MM, 138, 18, 11
MM, 147, 12, 9
MM, 157, 3, 10
MM, 37, 31, 20
MM, 11, 17, 21
MM, 20, 15, 10
MM, 27, 12, 10
MM, 32, 9, 10
MM, 41, 3, 10
MM, 7, 26, 30
MM, 12, 22, 10
MM, 15, 19, 11
MM, 19, 17, 9
MM, 20, 15, 10
MM, 24, 13, 12
MM, 25, 11, 9
MM, 26, 9, 9
MM, 30, 6, 10
MM, 33, 4, 10
MM, 36, 2, 11
MM, 38, 0, 9
MM, 14, 30, 82
MM, 16, 28, 10
MM, 17, 27, 9
MM, 17, 26, 10
MM, 18, 25, 31
MM, 18, 24, 9
MM, 19, 23, 11
MM, 20, 23, 19
MM, 20, 22, 10
MM, 20, 21, 71
MM, 20, 20, 20
MM, 21, 20, 10
MM, 22, 20, 70
MC, 1, 391
MM, 20, 20, 253
MM, 16, 18, 9
MM, 13, 18, 11
MM, 11, 17, 10
MM, 6, 17, 9
MM, 1, 17, 11
MM, 32, 16, 19
MM, 27, 15, 11
MM, 24, 15, 10
MM, 22, 15, 10
MM, 17, 15, 10
MM, 16, 15, 9
MM, 14, 15, 11
MM, 11, 16, 10
MM, 9, 16, 10
MM, 6, 16, 10
MM, 3, 16, 10
MM, 2, 16, 10
MM, 42, 17, 50
MM, 40, 17, 10
MM, 39, 17, 10
MM, 37, 18, 10
MM, 36, 18, 20
MM, 34, 18, 20
MM, 33, 18, 21
MM, 31, 18, 9
MM, 30, 18, 11
MM, 27, 18, 11
MM, 25, 19, 10
MM, 23, 19, 9
MM, 21, 19, 10
MM, 19, 19, 10
MM, 18, 19, 20
MM, 17, 19, 241
MC, 1, 201
MM, 15, 19, 30
MM, 11, 19, 10
MM, 3, 19, 11
MM, 42, 18, 9
MM, 34, 16, 10
MM, 27, 16, 11
MM, 21, 15, 10
MM, 11, 15, 10
MM, 5, 15, 9
MM, 0, 15, 11
MC, 1, 842
MM, 16, 4, 133
MM, 13, 30, 29
MM, 12, 0, 11
MM, 12, 9, 10
MM, 12, 14, 10
MM, 12, 17, 10
MM, 12, 20, 10
MM, 12, 24, 10
MM, 12, 26, 10
MM, 12, 28, 11
MM, 12, 30, 19
MM, 49, 1, 272
MM, 48, 1, 19
MM, 48, 2, 10
MM, 48, 3, 10
MM, 48, 4, 10
MM, 48, 5, 11
MM, 47, 5, 20
MM, 47, 6, 10
MM, 47, 7, 50
MM, 46, 7, 40
MM, 45, 8, 60
MC, 1, 403
MM, 43, 8, 31
MM, 38, 3, 9
MM, 38, 29, 20
MM, 33, 23, 10
MM, 28, 18, 10
MM, 22, 10, 10
MM, 16, 6, 11
MM, 43, 23, 170
MM, 42, 23, 10
MM, 41, 23, 21
MM, 40, 23, 19
MM, 39, 23, 11
MM, 38, 23, 9
MM, 36, 23, 20
MM, 33, 23, 10
MM, 31, 21, 12
MM, 29, 21, 9
MM, 26, 18, 10
MM, 22, 16, 10
MM, 18, 13, 9
MM, 15, 10, 11
MM, 11, 5, 10
MM, 10, 4, 10
MM, 9, 2, 11
MM, 9, 0, 9
MP, 1, 290
MR, 1, 130
MC, 1, 0
MM, 15, 0, 515
MM, 13, 0, 10
MM, 6, 1, 9
MM, 39, 2, 20
MM, 28, 3, 10
MM, 11, 8, 11
MM, 42, 8, 9
MM, 32, 9, 11
MM, 21, 15, 10
MM, 10, 15, 10
MM, 1, 15, 10
MM, 43, 16, 10
MM, 34, 17, 10
MM, 25, 17, 10
MM, 20, 18, 10
MM, 14, 18, 10
MM, 12, 18, 11
MM, 8, 18, 9
MM, 7, 18, 31
MM, 6, 18, 80
MM, 5, 17, 10
MM, 3, 16, 20
MM, 2, 16, 20
MM, 0, 15, 10
MM, 43, 14, 62
MM, 42, 14, 9
MM, 41, 14, 19
MM, 40, 14, 11
MM, 39, 14, 30
MM, 38, 14, 30
MM, 37, 14, 10
MM, 36, 14, 10
MM, 35, 14, 30
MM, 34, 14, 50
MM, 33, 14, 10
MM, 32, 14, 10
MM, 31, 14, 21
MM, 29, 14, 20
MC, 1, 411
MM, 31, 14, 222
MM, 34, 14, 9
MM, 38, 14, 12
MM, 3, 12, 19
MM, 16, 11, 11
MM, 33, 10, 9
MM, 4, 5, 11
MM, 32, 2, 9
MM, 7, 1, 10
MM, 10, 29, 60
MM, 22, 29, 11
MM, 34, 29, 9
MM, 42, 29, 10
MM, 5, 29, 20
MM, 7, 29, 11
MM, 10, 29, 10
MM, 12, 30, 20
MM, 13, 30, 20
MM, 16, 30, 11
MM, 17, 30, 20
MM, 18, 30, 19
MM, 19, 30, 10
MM, 20, 30, 20
MM, 21, 30, 20
MM, 22, 30, 10
MM, 23, 30, 20
MM, 25, 30, 11
MM, 28, 30, 20
MM, 30, 29, 10
MM, 32, 28, 10
MM, 34, 28, 10
MM, 0, 28, 31
MM, 2, 27, 10
MM, 4, 26, 10
MM, 5, 26, 9
MM, 5, 25, 21
MM, 6, 24, 10
MM, 7, 24, 9
MM, 8, 23, 10
MC, 1, 482
MM, 10, 23, 121
MM, 12, 25, 10
MM, 15, 27, 11
MM, 12, 3, 40
MM, 16, 7, 10
MM, 18, 9, 10
MM, 20, 10, 10
MM, 21, 11, 21
MM, 21, 12, 9
MM, 22, 13, 70
MM, 23, 15, 10
MM, 23, 14, 212
MM, 23, 15, 9
MC, 1, 191
MM, 22, 15, 31
MM, 18, 15, 10
MM, 13, 15, 10
MM, 2, 14, 10
MM, 31, 13, 20
MM, 23, 5, 20
MM, 34, 2, 11
MM, 10, 2, 9
MM, 36, 2, 10
MM, 11, 2, 10
MM, 27, 2, 21
MM, 15, 4, 10
MM, 7, 4, 9
MM, 43, 5, 21
MM, 35, 8, 9
MM, 27, 9, 12
MM, 21, 10, 8
MM, 13, 12, 11
MM, 11, 12, 10
MM, 8, 12, 10
MM, 6, 12, 10
MM, 5, 12, 10
MM, 3, 12, 10
MM, 1, 13, 21
MM, 0, 13, 9
MM, 42, 12, 90
MM, 41, 12, 10
MM, 39, 12, 11
MM, 36, 12, 10
MM, 33, 11, 10
MM, 29, 8, 10
MM, 25, 8, 9
MM, 22, 7, 11
MM, 19, 7, 11
MM, 16, 7, 10
MM, 10, 5, 9
MM, 6, 4, 10
MM, 0, 3, 10
MM, 41, 3, 30
MM, 39, 4, 10
MM, 37, 4, 10
MM, 36, 5, 10
MM, 33, 7, 10
MM, 30, 7, 241
MM, 27, 7, 11
MM, 25, 7, 10
MM, 21, 7, 9
MM, 19, 7, 11
MM, 15, 9, 10
MM, 13, 9, 11
MM, 11, 10, 9
MM, 10, 11, 10
MM, 10, 13, 40
MC, 1, 400
MM, 14, 13, 92
MM, 19, 13, 11
MM, 25, 13, 9
MM, 32, 12, 11
MM, 37, 12, 10
MM, 0, 9, 20
MM, 4, 9, 9
MM, 8, 7, 11
MM, 11, 6, 10
MM, 13, 6, 10
MM, 16, 4, 10
MM, 18, 4, 10
MM, 20, 4, 10
MM, 23, 3, 10
MM, 26, 2, 10
MM, 31, 1, 11
MC, 1, 794
MM, 39, 10, 80
MM, 35, 17, 9
MM, 32, 26, 11
MM, 30, 31, 9
MM, 27, 6, 11
MM, 24, 12, 10
MM, 23, 17, 10
MM, 21, 20, 11
MM, 21, 23, 9
MM, 19, 25, 10
MM, 18, 27, 10
MM, 16, 31, 10
MM, 2, 0, 50
MM, 1, 1, 10
MM, 1, 3, 11
MM, 0, 3, 9
MM, 0, 5, 11
MM, 1, 21, 543
MM, 8, 21, 9
MM, 12, 21, 10
MM, 17, 21, 10
MM, 20, 21, 10
MM, 24, 21, 10
MM, 30, 23, 10
MM, 33, 24, 10
MM, 33, 25, 10
MM, 33, 26, 222
MC, 1, 200
MM, 31, 26, 20
MM, 27, 21, 10
MM, 22, 18, 11
MM, 17, 14, 10
MM, 10, 8, 10
MM, 39, 16, 30
MM, 35, 10, 10
MM, 30, 6, 11
MM, 26, 2, 10
MM, 14, 30, 39
MM, 12, 28, 11
MM, 11, 26, 9
MM, 9, 24, 10
MM, 7, 21, 10
MM, 6, 15, 12
MM, 3, 12, 8
MM, 2, 9, 10
MM, 2, 7, 41
MM, 2, 8, 151
MM, 3, 9, 40
MM, 4, 10, 10
MM, 5, 10, 9
MM, 6, 10, 11
MM, 8, 11, 10
MM, 10, 12, 21
MM, 11, 12, 10
MM, 11, 13, 9
MM, 12, 13, 10
MM, 13, 13, 40
MM, 14, 12, 251
MC, 1, 211
MM, 16, 12, 40
MM, 36, 10, 21
MM, 21, 6, 20
MM, 11, 2, 20
MM, 2, 19, 201
MM, 5, 19, 10
MM, 7, 19, 11
MM, 9, 19, 9
MM, 11, 19, 10
MM, 12, 19, 11
MM, 14, 19, 29
MM, 15, 19, 21
MM, 16, 19, 10
MM, 17, 19, 10
MM, 19, 19, 20
MM, 20, 19, 20
MM, 22, 19, 30
MM, 23, 19, 30
MM, 24, 19, 10
MC, 1, 390
MM, 22, 19, 113
MM, 18, 19, 9
MM, 11, 19, 11
MM, 7, 19, 10
MM, 0, 20, 9
MM, 16, 2, 72
MM, 9, 6, 10
MM, 4, 7, 10
MM, 37, 12, 19
MM, 26, 14, 11
MM, 19, 14, 10
MM, 15, 14, 9
MM, 12, 15, 10
MM, 10, 15, 10
MM, 8, 15, 10
MM, 7, 15, 11
MM, 6, 15, 9
MM, 5, 15, 111
MM, 4, 15, 10
MM, 3, 15, 70
MM, 1, 15, 11
MM, 43, 15, 30
MM, 40, 15, 10
MM, 37, 15, 10
MM, 33, 15, 10
MM, 31, 15, 10
MM, 30, 15, 10
MM, 28, 15, 10
MM, 28, 14, 30
MC, 1, 400
MM, 29, 14, 102
MM, 32, 14, 11
MM, 37, 13, 9
MM, 4, 9, 20
MM, 17, 7, 11
MM, 36, 6, 10
MM, 1, 3, 10
MM, 21, 1, 10
MM, 31, 1, 9
MC, 1, 783
MC, 1, 885
MM, 41, 14, 92
MM, 10, 15, 9
MM, 42, 22, 10
MM, 3, 26, 11
MM, 10, 28, 9
MM, 17, 30, 10
MM, 38, 0, 21
MM, 0, 3, 19
MM, 3, 4, 10
MM, 5, 6, 11
MM, 7, 7, 11
MM, 8, 8, 8
MM, 11, 12, 11
MM, 11, 13, 49
MM, 11, 14, 72
MM, 10, 14, 49
MM, 9, 14, 11
MM, 7, 14, 9
MM, 4, 14, 11
MM, 43, 13, 20
MM, 35, 9, 10
MM, 32, 9, 9
MM, 30, 9, 11
MM, 27, 9, 10
MM, 24, 9, 10
MM, 23, 9, 10
MM, 22, 9, 10
MM, 20, 9, 10
MM, 19, 10, 21
MM, 18, 10, 19
MM, 16, 10, 60
MM, 16, 11, 221
MC, 1, 192
MM, 17, 11, 40
MM, 21, 11, 10
MM, 25, 11, 10
MM, 35, 11, 10
MM, 43, 12, 10
MM, 1, 13, 10
MM, 10, 14, 10
MM, 15, 15, 10
MM, 18, 16, 10
MM, 20, 17, 10
MM, 22, 17, 11
MM, 24, 17, 10
MM, 24, 18, 10
MM, 26, 18, 10
MM, 28, 18, 9
MM, 30, 18, 10
MM, 31, 18, 10
MM, 32, 18, 11
MM, 33, 18, 9
MM, 37, 18, 10
MM, 38, 18, 10
MM, 39, 18, 20
MM, 40, 18, 11
MM, 41, 18, 19
MM, 42, 18, 10
MM, 43, 18, 21
MM, 0, 18, 70
MM, 1, 18, 10
MM, 2, 18, 10
MM, 3, 18, 20
MM, 5, 18, 20
MM, 6, 18, 21
MM, 7, 18, 29
MM, 8, 18, 31
MM, 9, 18, 41
MM, 10, 18, 30
MM, 11, 18, 10
MM, 12, 18, 9
MM, 13, 19, 10
MM, 14, 19, 10
MM, 16, 19, 10
MM, 16, 17, 221
MM, 16, 19, 9
MC, 1, 193
MM, 12, 14, 19
MM, 8, 8, 10
MM, 1, 1, 11
MM, 39, 30, 10
MM, 33, 20, 10
MM, 25, 5, 10
MM, 26, 13, 10
MM, 308, 54, 40
MM, 304, 47, 10
MM, 302, 41, 10
MM, 300, 37, 11
MM, 299, 35, 8
MM, 298, 32, 11
MM, 298, 31, 11
MM, 297, 26, 9
MM, 296, 16, 10
MM, 295, 15, 201
MM, 291, 11, 10
MM, 288, 8, 10
MM, 282, 2, 10
MC, 1, 1255
MM, 339, 9, 861
MM, 379, 34, 4
MM, 415, 60, 10
MM, 304, 4, 6852
MM, 313, 14, 10
MM, 328, 30, 10
MM, 347, 51, 10
MM, 15, 4, 70
MM, 19, 8, 10
MM, 23, 14, 10
MM, 25, 16, 10
MM, 28, 20, 10
MM, 28, 21, 10
MM, 31, 23, 10
MM, 31, 26, 10
MM, 32, 26, 10
MM, 33, 27, 272
MM, 21, 1, 80
MM, 24, 4, 10
MM, 26, 8, 11
MM, 27, 10, 10
MM, 28, 12, 10
MM, 29, 12, 9
MM, 29, 13, 10
MM, 29, 14, 31
MM, 30, 14, 201
MM, 30, 15, 10
MM, 30, 16, 10
MM, 31, 16, 10
MM, 32, 17, 20
MM, 32, 18, 20
MM, 32, 19, 10
MM, 32, 20, 382
MM, 33, 20, 10
MM, 33, 21, 100
MM, 33, 22, 101
MM, 33, 23, 30
MM, 33, 24, 50
MM, 33, 25, 41
MM, 33, 24, 1788
MM, 33, 23, 21
MM, 33, 22, 9
MM, 33, 21, 50
MM, 33, 20, 21
MM, 33, 19, 19
MM, 33, 18, 10
MM, 33, 17, 20
MM, 33, 16, 21
MM, 33, 14, 20
MM, 33, 12, 10
MM, 33, 10, 10
MM, 33, 9, 9
MM, 33, 8, 11
MM, 33, 6, 10
MM, 33, 5, 31
MM, 33, 4, 9
MM, 33, 3, 10
MM, 33, 2, 111
MM, 33, 1, 10
MM, 33, 0, 10
MM, 429, 19, 197336
MM, 441, 52, 8
MM, 60, 3, 351
MM, 60, 7, 10
MM, 60, 14, 9
MM, 60, 16, 11
MM, 60, 18, 11
MM, 60, 19, 8
MM, 60, 21, 11
MM, 59, 21, 141
