**********************************
LOGGING TIME: 20181014_223107
CLIENT IP: 192.168.56.1
USERNAME: user-pc
OS: Windows 10
*********************Neutral database**********************************
MM, 164, 29, 1537598292483
MM, 159, 22, 0
MM, 154, 11, 16
MM, 148, 1, 15
MM, 132, 28, 16
MM, 129, 25, 16
MM, 125, 18, 0
MM, 123, 18, 15
MM, 123, 17, 16
MM, 122, 17, 78
MM, 125, 20, 656
MM, 132, 27, 16
MM, 3, 9, 15
MM, 47, 24, 16
MM, 441, 31, 375
MM, 468, 62, 16
MM, 400, 50, 265
MM, 346, 13, 0
MM, 120, 30, 5129
MM, 107, 21, 15
MM, 101, 18, 16
MM, 93, 16, 0
MM, 87, 16, 16
MM, 85, 13, 0
MM, 79, 12, 15
MM, 77, 11, 16
MM, 75, 9, 0
MM, 74, 8, 31
MM, 74, 7, 63
MM, 74, 6, 15
MM, 74, 7, 141
MM, 74, 8, 31
MM, 74, 11, 0
MM, 74, 12, 16
MM, 74, 13, 15
MM, 74, 14, 16
MM, 74, 15, 31
MM, 74, 16, 16
MM, 74, 20, 0
MC, 1, 297
MM, 77, 20, 3234
MM, 81, 20, 0
MM, 91, 24, 16
MM, 106, 25, 15
MM, 447, 24, 1438
MM, 458, 41, 0
MM, 469, 55, 15
MM, 476, 63, 0
MM, 477, 63, 16
MM, 54, 4, 250
MM, 56, 12, 16
MM, 56, 17, 0
MM, 58, 21, 15
MM, 59, 24, 16
MM, 59, 23, 109
MM, 59, 22, 94
MM, 59, 21, 31
MM, 59, 18, 0
MM, 59, 15, 16
MM, 59, 12, 0
MM, 58, 10, 15
MM, 58, 6, 16
MM, 58, 3, 0
MM, 58, 2, 16
MC, 1, 3665
MM, 274, 4, 26717
MM, 273, 6, 10
MM, 271, 8, 10
MM, 270, 10, 11
MM, 269, 11, 9
MM, 269, 13, 11
MM, 267, 14, 10
MM, 267, 15, 10
MM, 266, 16, 10
MM, 265, 16, 10
MM, 264, 17, 10
MM, 263, 17, 10
MM, 262, 20, 10
MM, 261, 20, 10
MM, 260, 20, 10
MM, 259, 20, 10
MC, 1, 262
MM, 258, 21, 643
MM, 255, 24, 10
MM, 251, 28, 10
MM, 242, 37, 10
MM, 224, 52, 11
MM, 29, 0, 271
MM, 26, 0, 40
MM, 19, 0, 9
MM, 14, 0, 11
MM, 10, 0, 10
MM, 11, 30, 231
MM, 11, 29, 30
MM, 11, 28, 10
MM, 11, 27, 30
MM, 11, 26, 10
MM, 11, 24, 21
MM, 13, 22, 20
MM, 13, 21, 20
MM, 13, 20, 20
MM, 14, 18, 20
MC, 1, 241
MM, 18, 18, 211
MM, 21, 18, 10
MM, 24, 19, 11
MM, 34, 19, 10
MM, 43, 18, 9
MM, 5, 18, 10
MM, 23, 18, 10
MM, 41, 15, 10
MC, 1, 1286
MM, 28, 5, 231
MM, 35, 22, 11
MM, 36, 3, 10
MM, 40, 13, 10
MM, 3, 31, 20
MM, 14, 3, 10
MM, 19, 10, 10
MM, 23, 14, 10
MM, 30, 23, 10
MM, 32, 29, 11
MM, 36, 31, 10
MM, 28, 31, 522
MM, 24, 29, 10
MM, 23, 29, 10
MM, 22, 27, 10
MM, 21, 25, 10
MM, 20, 25, 10
MM, 20, 23, 10
MM, 20, 22, 20
MM, 20, 21, 10
MM, 19, 20, 111
MM, 19, 19, 10
MM, 19, 18, 20
MC, 1, 320
MM, 17, 18, 193
MM, 13, 18, 10
MM, 9, 20, 9
MM, 5, 20, 11
MM, 38, 23, 20
MM, 34, 24, 10
MM, 23, 28, 10
MM, 18, 28, 11
MM, 219, 0, 69
MM, 216, 0, 10
MM, 212, 1, 11
MM, 210, 2, 10
MM, 209, 3, 9
MM, 206, 3, 11
MM, 203, 7, 10
MM, 200, 8, 10
MM, 198, 8, 10
MM, 196, 8, 9
MM, 194, 8, 11
MM, 193, 8, 10
MM, 190, 10, 10
MM, 188, 11, 10
MM, 185, 11, 10
MM, 184, 11, 10
MM, 183, 11, 10
MM, 181, 11, 11
MM, 180, 13, 9
MM, 177, 13, 10
MM, 176, 13, 11
MM, 175, 13, 9
MM, 174, 13, 21
MM, 173, 13, 10
MM, 173, 9, 40
MC, 1, 291
MM, 175, 9, 171
MM, 177, 9, 10
MM, 181, 8, 11
MM, 186, 8, 9
MM, 191, 6, 10
MM, 195, 6, 10
MM, 199, 4, 10
MM, 35, 31, 30
MM, 3, 21, 21
MM, 9, 20, 10
MM, 15, 20, 10
MM, 24, 19, 10
MM, 32, 16, 10
MM, 39, 11, 10
MM, 1, 9, 30
MM, 4, 7, 10
MM, 7, 7, 10
MM, 9, 7, 10
MM, 12, 4, 10
MM, 13, 3, 11
MM, 14, 3, 20
MM, 15, 2, 39
MM, 15, 0, 110
MM, 13, 31, 71
MM, 13, 28, 10
MM, 13, 27, 10
MM, 13, 26, 10
MM, 13, 24, 11
MM, 13, 21, 10
MM, 13, 20, 19
MM, 13, 19, 21
MC, 1, 210
MM, 3, 19, 151
MM, 41, 16, 11
MM, 16, 14, 10
MM, 34, 9, 10
MM, 7, 9, 10
MM, 22, 0, 10
MM, 3, 0, 10
MC, 1, 994
MM, 7, 10, 252
MM, 26, 10, 10
MM, 43, 10, 10
MM, 7, 9, 10
MM, 20, 9, 10
MM, 37, 10, 10
MM, 6, 13, 20
MM, 9, 13, 10
MM, 15, 12, 11
MM, 18, 12, 10
MM, 21, 12, 10
MM, 26, 12, 10
MM, 27, 13, 10
MM, 28, 13, 9
MM, 29, 13, 21
MM, 30, 13, 100
MM, 30, 12, 11
MM, 30, 11, 20
MM, 31, 11, 9
MM, 32, 10, 20
MM, 34, 10, 10
MM, 35, 10, 11
MM, 0, 10, 30
MM, 4, 10, 10
MM, 7, 10, 10
MM, 8, 10, 9
MM, 10, 11, 11
MM, 12, 12, 10
MM, 13, 12, 10
MM, 14, 13, 10
MM, 15, 13, 30
MC, 1, 251
MM, 13, 14, 142
MM, 12, 16, 9
MM, 10, 16, 11
MM, 2, 23, 10
MM, 40, 7, 40
MM, 34, 9, 10
MM, 23, 11, 10
MM, 17, 13, 10
MM, 13, 17, 10
MM, 7, 17, 11
MM, 4, 19, 9
MM, 2, 20, 10
MM, 42, 27, 31
MM, 39, 28, 10
MM, 38, 29, 10
MM, 37, 30, 10
MM, 36, 31, 10
MM, 35, 31, 30
MM, 29, 0, 170
MM, 28, 0, 10
MM, 27, 0, 21
MM, 27, 1, 20
MM, 26, 1, 10
MM, 24, 1, 10
MC, 1, 231
MM, 16, 3, 191
MM, 6, 3, 10
MM, 43, 6, 11
MM, 22, 9, 9
MM, 43, 3, 10
MM, 13, 3, 11
MM, 32, 0, 10
MM, 13, 31, 321
MM, 11, 31, 10
MM, 8, 27, 11
MM, 5, 25, 9
MM, 1, 22, 10
MM, 40, 8, 31
MM, 40, 5, 10
MM, 38, 2, 10
MM, 33, 0, 492
MM, 32, 0, 10
MM, 31, 3, 10
MM, 30, 4, 10
MM, 30, 5, 20
MM, 29, 7, 11
MM, 28, 7, 10
MM, 28, 8, 9
MM, 26, 8, 61
MC, 1, 210
MM, 27, 8, 171
MM, 29, 8, 11
MM, 35, 7, 10
MM, 7, 4, 19
MM, 15, 3, 11
MC, 1, 602
MM, 42, 8, 333
MM, 41, 9, 10
MM, 40, 9, 10
MM, 40, 10, 9
MM, 39, 10, 11
MM, 38, 11, 10
MM, 38, 13, 10
MM, 37, 13, 10
MM, 37, 14, 10
MM, 36, 14, 40
MM, 35, 14, 20
MM, 35, 12, 10
MC, 1, 301
MM, 36, 12, 201
MM, 38, 12, 11
MM, 43, 13, 10
MM, 0, 13, 9
MM, 8, 13, 11
MM, 17, 13, 10
MM, 33, 15, 10
MM, 17, 10, 20
MM, 30, 10, 11
MM, 19, 6, 19
MM, 33, 6, 10
MM, 10, 6, 20
MM, 29, 9, 10
MM, 39, 10, 11
MM, 0, 9, 9
MM, 7, 9, 11
MM, 15, 12, 10
MM, 18, 13, 10
MM, 23, 13, 9
MM, 24, 13, 31
MM, 24, 12, 100
MM, 24, 11, 10
MM, 25, 11, 11
MM, 25, 10, 9
MM, 26, 10, 20
MM, 26, 9, 21
MM, 27, 9, 9
MM, 27, 8, 11
MM, 28, 8, 10
MM, 28, 7, 10
MM, 29, 6, 10
MM, 29, 5, 20
MM, 30, 4, 10
MM, 31, 3, 11
MM, 32, 1, 9
MM, 32, 0, 11
MM, 10, 29, 39
MM, 11, 29, 10
MM, 12, 28, 11
MM, 13, 28, 60
MC, 1, 250
MM, 10, 28, 172
MM, 18, 5, 20
MM, 8, 10, 11
MM, 43, 22, 9
MM, 24, 26, 11
MM, 3, 9, 19
MM, 42, 14, 10
MM, 32, 23, 10
MM, 25, 29, 10
MM, 21, 31, 10
MM, 151, 0, 41
MM, 149, 1, 10
MM, 149, 2, 30
MM, 148, 2, 21
MM, 148, 3, 8
MM, 147, 3, 71
MM, 146, 3, 20
MM, 146, 4, 31
MM, 145, 4, 59
MM, 145, 5, 10
MM, 144, 5, 51
MM, 144, 6, 10
MM, 144, 7, 20
MM, 143, 7, 10
MM, 142, 9, 70
MM, 141, 7, 10
MC, 1, 192
MM, 139, 5, 150
MM, 133, 4, 10
MM, 127, 1, 10
MM, 21, 29, 21
MM, 13, 24, 10
MM, 5, 20, 10
MM, 43, 13, 10
MM, 32, 12, 10
MM, 25, 7, 10
MM, 16, 2, 10
MM, 2, 30, 30
MM, 42, 25, 51
MM, 41, 25, 10
MM, 40, 25, 9
MM, 39, 25, 10
MM, 38, 25, 21
MM, 38, 24, 20
MM, 37, 24, 70
MM, 36, 24, 71
MM, 35, 23, 70
MC, 1, 220
MM, 31, 23, 152
MM, 28, 23, 10
MM, 18, 23, 10
MM, 12, 23, 9
MM, 5, 23, 10
MM, 1, 22, 10
MM, 40, 21, 21
MM, 35, 21, 10
MM, 33, 21, 10
MM, 31, 21, 10
MM, 28, 21, 10
MM, 27, 21, 10
MM, 26, 21, 10
MM, 25, 21, 10
MM, 24, 21, 10
MM, 23, 21, 10
MM, 21, 21, 20
MM, 20, 21, 20
MM, 19, 21, 10
MM, 18, 21, 61
MM, 17, 21, 20
MM, 16, 21, 20
MM, 15, 21, 20
MM, 14, 22, 10
MM, 12, 22, 10
MM, 10, 22, 10
MM, 9, 22, 10
MM, 7, 22, 10
MM, 5, 22, 11
MM, 3, 22, 9
MM, 0, 22, 10
MM, 43, 22, 71
MM, 42, 22, 20
MM, 42, 16, 40
MM, 43, 11, 291
MM, 41, 11, 10
MM, 39, 11, 11
MM, 36, 11, 9
MM, 34, 11, 11
MM, 31, 11, 10
MM, 29, 11, 10
MM, 27, 11, 10
MM, 26, 11, 10
MM, 25, 11, 10
MM, 25, 12, 51
MC, 1, 209
MM, 30, 16, 172
MM, 37, 18, 10
MM, 0, 26, 10
MM, 11, 30, 10
MM, 32, 30, 10
MM, 21, 6, 21
MM, 42, 16, 10
MM, 16, 22, 10
MM, 27, 27, 10
MM, 35, 30, 10
MM, 91, 1, 21
MM, 95, 5, 8
MM, 102, 10, 10
MM, 104, 12, 11
MM, 105, 13, 10
MM, 106, 14, 10
MM, 107, 14, 21
MM, 107, 15, 9
MM, 107, 16, 10
MM, 108, 17, 40
MC, 1, 321
MM, 107, 16, 122
MM, 104, 13, 9
MM, 95, 5, 11
MM, 42, 31, 20
MM, 33, 19, 10
MM, 28, 15, 10
MM, 25, 12, 10
MM, 22, 11, 10
MM, 15, 5, 10
MM, 13, 4, 10
MM, 11, 3, 10
MM, 10, 0, 10
MM, 9, 0, 10
MM, 11, 3, 412
MM, 14, 3, 10
MM, 15, 6, 10
MM, 16, 6, 10
MM, 18, 8, 10
MM, 19, 9, 11
MM, 19, 10, 10
MM, 20, 11, 9
MM, 20, 12, 11
MM, 22, 13, 9
MM, 22, 15, 10
MM, 22, 16, 11
MM, 21, 16, 71
MC, 1, 189
MM, 22, 16, 182
MM, 24, 16, 10
MM, 26, 16, 10
MM, 31, 16, 11
MM, 36, 16, 9
MM, 4, 10, 21
MM, 14, 7, 9
MM, 27, 7, 10
MM, 41, 3, 11
MM, 31, 29, 30
MM, 43, 25, 9
MM, 3, 22, 11
MM, 10, 20, 10
MM, 20, 16, 11
MM, 23, 16, 9
MM, 23, 15, 11
MM, 23, 14, 19
MM, 25, 13, 221
MM, 25, 12, 10
MM, 26, 11, 10
MM, 29, 6, 10
MM, 31, 5, 10
MM, 33, 3, 11
MM, 34, 0, 10
MM, 36, 0, 9
MM, 4, 31, 61
MM, 5, 31, 10
MM, 5, 30, 30
MM, 6, 30, 141
MM, 6, 29, 10
MM, 7, 29, 90
MM, 7, 28, 12
MM, 8, 27, 8
MM, 9, 27, 20
MC, 1, 281
MM, 8, 27, 151
MM, 6, 28, 10
MM, 3, 31, 10
MM, 33, 0, 10
MM, 30, 2, 10
MM, 27, 4, 10
MM, 23, 6, 12
MM, 19, 9, 9
MM, 14, 13, 10
MM, 11, 15, 9
MM, 9, 17, 11
MM, 6, 20, 10
MM, 3, 22, 10
MM, 0, 23, 10
MM, 41, 30, 30
MM, 35, 0, 81
MM, 34, 0, 20
MM, 34, 1, 10
MM, 33, 1, 9
MM, 33, 2, 11
MM, 32, 2, 60
MM, 32, 3, 10
MM, 31, 3, 20
MM, 31, 4, 10
MM, 30, 4, 21
MM, 29, 5, 9
MM, 29, 6, 21
MM, 28, 6, 10
MM, 27, 7, 9
MM, 26, 7, 31
MM, 25, 8, 10
MM, 24, 9, 40
MM, 24, 10, 20
MM, 23, 10, 10
MC, 1, 210
MM, 19, 12, 172
MM, 13, 13, 10
MM, 9, 14, 10
MM, 42, 18, 20
MM, 30, 18, 10
MM, 16, 18, 10
MM, 1, 21, 11
MM, 42, 21, 9
MM, 34, 21, 11
MM, 24, 21, 10
MM, 15, 23, 10
MM, 12, 23, 10
MM, 5, 25, 9
MM, 1, 25, 11
MM, 43, 25, 40
MM, 42, 25, 20
MM, 41, 25, 70
MM, 39, 25, 11
MM, 37, 25, 20
MM, 35, 25, 10
MM, 34, 25, 20
MM, 34, 24, 10
MM, 32, 23, 9
MM, 31, 23, 10
MM, 30, 22, 11
MM, 29, 21, 20
MM, 29, 20, 10
MM, 28, 17, 20
MM, 28, 10, 10
MC, 1, 220
MM, 29, 10, 172
MM, 33, 10, 10
MM, 38, 10, 10
MM, 0, 8, 20
MM, 3, 8, 10
MM, 8, 7, 10
MM, 14, 5, 10
MM, 23, 3, 10
MM, 29, 3, 10
MM, 34, 2, 11
MM, 7, 30, 29
MM, 13, 28, 10
MM, 19, 25, 10
MM, 23, 24, 11
MM, 29, 22, 10
MM, 31, 20, 10
MM, 35, 20, 11
MM, 42, 20, 9
MM, 3, 17, 19
MM, 7, 15, 11
MM, 12, 13, 10
MM, 16, 12, 10
MM, 22, 12, 10
MM, 27, 10, 10
MM, 40, 7, 10
MM, 0, 5, 10
MM, 6, 2, 10
MM, 12, 1, 11
MM, 1, 26, 40
MM, 4, 24, 10
MM, 6, 24, 10
MM, 7, 23, 181
MM, 8, 23, 10
MM, 8, 21, 100
MM, 9, 21, 20
MM, 9, 20, 10
MM, 10, 20, 30
MM, 10, 21, 21
MC, 1, 220
MM, 10, 22, 221
MM, 6, 23, 10
MM, 3, 25, 10
MM, 19, 1, 21
MM, 6, 4, 10
MM, 38, 24, 10
MM, 25, 31, 10
MM, 13, 7, 10
MM, 3, 13, 10
MM, 40, 23, 20
MM, 34, 28, 10
MM, 30, 31, 11
MM, 111, 0, 301
MM, 111, 1, 20
MM, 111, 2, 10
MM, 111, 3, 10
MM, 111, 5, 10
MM, 111, 6, 10
MM, 110, 7, 10
MM, 110, 8, 10
MM, 110, 9, 10
MM, 110, 11, 20
MM, 110, 13, 10
MM, 110, 16, 10
MM, 108, 18, 11
MC, 1, 220
MM, 105, 18, 151
MM, 100, 17, 10
MM, 90, 9, 10
MM, 35, 28, 10
MM, 14, 7, 11
MM, 34, 9, 29
MC, 1, 673
MM, 42, 0, 202
MM, 39, 2, 10
MM, 35, 5, 10
MM, 32, 6, 10
MM, 31, 8, 10
MM, 29, 8, 10
MM, 28, 11, 10
MM, 27, 11, 10
MM, 26, 11, 71
MM, 25, 10, 19
MC, 1, 251
MM, 27, 10, 131
MM, 32, 11, 11
MM, 36, 12, 10
MM, 41, 14, 10
MM, 0, 16, 50
MM, 3, 16, 9
MM, 3, 17, 11
MM, 4, 17, 20
MM, 5, 17, 30
MM, 6, 17, 40
MM, 7, 18, 11
MC, 1, 190
MM, 10, 20, 160
MM, 18, 21, 11
MM, 33, 30, 10
MM, 1, 6, 20
MM, 13, 15, 11
MM, 20, 24, 10
MM, 25, 28, 9
MM, 28, 30, 11
MM, 27, 0, 170
MM, 27, 1, 10
MM, 28, 1, 30
MC, 1, 221
MM, 28, 0, 141
MM, 34, 27, 31
MM, 33, 23, 9
MM, 32, 18, 11
MM, 32, 14, 9
MM, 32, 11, 11
MM, 33, 1, 9
MM, 33, 30, 21
MM, 34, 27, 9
MM, 34, 26, 11
MM, 35, 25, 10
MM, 35, 24, 10
MM, 35, 23, 40
MM, 35, 22, 100
MM, 35, 21, 11
MM, 35, 18, 10
MM, 35, 16, 9
MC, 1, 251
MM, 36, 16, 131
MM, 38, 15, 11
MM, 41, 15, 9
MM, 12, 11, 21
MM, 22, 9, 10
MM, 31, 7, 10
MM, 8, 30, 60
MM, 11, 30, 10
MM, 14, 29, 10
MM, 16, 29, 10
MM, 19, 28, 10
MM, 21, 28, 10
MM, 23, 26, 10
MM, 23, 25, 11
MM, 24, 25, 10
MM, 25, 25, 10
MM, 26, 25, 80
MM, 27, 25, 71
MC, 1, 189
MM, 25, 25, 162
MM, 19, 30, 10
MM, 12, 30, 10
MM, 19, 2, 31
MM, 22, 6, 19
MM, 10, 6, 10
MM, 38, 7, 20
MM, 29, 7, 12
MM, 26, 8, 9
MM, 20, 9, 10
MM, 17, 10, 10
MM, 15, 10, 10
MM, 13, 11, 10
MM, 11, 11, 10
MM, 8, 11, 10
MM, 4, 13, 11
MM, 3, 13, 9
MM, 2, 14, 11
MM, 1, 14, 9
MM, 0, 14, 10
MM, 43, 14, 101
MM, 42, 14, 10
MM, 41, 14, 10
MM, 40, 14, 10
MM, 38, 14, 10
MM, 37, 14, 10
MM, 36, 14, 11
MM, 35, 14, 9
MM, 33, 14, 10
MM, 31, 14, 10
MM, 29, 14, 21
MM, 28, 14, 9
MM, 27, 14, 10
MM, 26, 14, 20
MM, 26, 13, 20
MM, 26, 6, 11
MC, 1, 230
MM, 27, 6, 211
MM, 30, 6, 11
MM, 35, 6, 10
MM, 40, 6, 10
MM, 7, 6, 20
MM, 18, 6, 10
MM, 29, 6, 10
MM, 41, 6, 11
MM, 11, 6, 10
MM, 29, 5, 9
MM, 26, 5, 20
MM, 8, 5, 21
MM, 20, 1, 80
MM, 29, 1, 10
MM, 34, 2, 10
MM, 43, 3, 10
MM, 0, 6, 20
MM, 5, 8, 10
MM, 6, 9, 10
MM, 9, 10, 10
MM, 10, 10, 20
MM, 10, 11, 11
MM, 11, 11, 9
MM, 13, 11, 282
MM, 13, 10, 70
MM, 13, 9, 60
MM, 13, 8, 40
MM, 14, 8, 71
MM, 14, 7, 20
MM, 15, 7, 10
MM, 16, 7, 20
MM, 17, 7, 41
MM, 19, 8, 60
MC, 1, 261
MM, 17, 8, 271
MM, 13, 8, 10
MM, 3, 8, 10
MM, 42, 10, 10
MM, 29, 10, 10
MM, 19, 11, 20
MM, 30, 15, 10
MM, 0, 15, 10
MM, 36, 15, 11
MM, 17, 15, 10
MM, 1, 15, 10
MM, 41, 15, 9
MM, 35, 15, 11
MM, 29, 17, 10
MM, 27, 16, 9
MM, 25, 16, 11
MM, 24, 16, 10
MM, 18, 13, 10
MM, 17, 13, 271
MM, 15, 11, 10
MM, 15, 10, 10
MM, 14, 10, 10
MM, 13, 10, 21
MM, 12, 10, 10
MM, 12, 9, 20
MM, 11, 9, 10
MM, 11, 8, 10
MM, 9, 7, 10
MM, 8, 6, 10
MM, 7, 6, 10
MM, 7, 5, 10
MM, 6, 4, 11
MM, 5, 4, 29
MM, 5, 3, 20
MM, 4, 3, 41
MM, 3, 3, 40
MM, 3, 2, 10
MM, 2, 2, 10
MM, 1, 0, 10
MC, 1, 472
MM, 11, 3, 171
MM, 6, 19, 10
MM, 5, 26, 10
MM, 4, 30, 11
MM, 42, 11, 59
MM, 40, 15, 10
MM, 40, 17, 11
MM, 39, 18, 10
MM, 36, 22, 10
MM, 36, 23, 10
MM, 36, 24, 10
MM, 35, 24, 50
MM, 34, 24, 81
MM, 33, 22, 10
MC, 1, 291
MM, 36, 20, 191
MM, 40, 18, 11
MM, 4, 11, 19
MM, 14, 8, 10
MM, 29, 5, 10
MM, 16, 28, 21
MM, 30, 25, 9
MM, 3, 16, 11
MM, 14, 14, 9
MM, 23, 9, 11
MM, 30, 7, 9
MM, 38, 3, 11
MM, 43, 1, 9
MM, 44, 1, 11
MM, 44, 0, 10
MM, 45, 0, 10
MM, 18, 30, 70
MM, 20, 29, 11
MM, 23, 28, 9
MM, 26, 28, 10
MM, 31, 28, 10
MM, 34, 28, 10
MM, 39, 27, 11
MM, 41, 27, 9
MM, 2, 26, 41
MM, 5, 26, 10
MM, 8, 26, 10
MM, 14, 26, 10
MM, 20, 26, 10
MM, 24, 24, 10
MM, 30, 24, 10
MM, 33, 24, 10
MM, 38, 24, 10
MM, 40, 23, 10
MM, 0, 19, 80
MM, 0, 18, 10
MM, 1, 17, 11
MM, 1, 16, 10
MM, 1, 15, 40
MM, 1, 13, 20
MM, 0, 12, 10
MM, 0, 11, 50
MM, 0, 10, 10
MM, 1, 9, 10
MM, 2, 8, 10
MM, 4, 8, 10
MM, 5, 8, 10
MM, 7, 8, 11
MM, 12, 8, 10
MM, 18, 8, 10
MM, 21, 8, 10
MM, 26, 8, 10
MM, 27, 8, 10
MM, 29, 8, 10
MM, 30, 9, 10
MM, 30, 10, 40
MC, 1, 381
MM, 24, 11, 172
MM, 14, 14, 10
MM, 25, 25, 21
MM, 12, 26, 9
MM, 11, 1, 21
MM, 39, 15, 20
MM, 29, 17, 10
MM, 20, 21, 9
MM, 13, 21, 10
MM, 7, 22, 10
MM, 6, 22, 10
MM, 5, 22, 10
MM, 4, 23, 10
MM, 3, 23, 71
MM, 2, 24, 110
MM, 1, 24, 11
MM, 0, 25, 9
MM, 42, 27, 21
MM, 38, 28, 10
MM, 34, 29, 11
MM, 27, 29, 9
MM, 10, 0, 21
MM, 43, 6, 19
MM, 40, 7, 10
MM, 37, 8, 11
MM, 35, 9, 9
MM, 34, 9, 10
MM, 33, 9, 21
MM, 33, 6, 9
MC, 1, 371
MM, 33, 8, 252
MM, 34, 11, 10
MM, 37, 23, 11
MM, 38, 29, 10
MM, 30, 9, 20
MM, 30, 14, 10
MM, 30, 17, 10
MM, 30, 21, 10
MM, 30, 23, 10
MM, 30, 24, 10
MM, 30, 25, 10
MM, 30, 26, 10
MM, 31, 26, 21
MM, 31, 28, 80
MM, 31, 29, 30
MM, 31, 30, 20
MM, 31, 31, 20
MM, 31, 32, 30
MM, 32, 32, 11
MM, 32, 33, 20
MM, 33, 33, 9
MM, 34, 34, 10
MM, 35, 34, 11
MM, 37, 35, 10
MM, 38, 37, 10
MM, 3, 30, 844
MM, 0, 27, 10
MM, 42, 24, 20
MM, 40, 24, 10
MM, 33, 20, 10
MM, 27, 18, 10
MM, 24, 18, 11
MM, 22, 17, 9
MM, 21, 17, 11
MM, 19, 17, 9
MM, 19, 18, 81
MC, 1, 241
MM, 13, 19, 180
MM, 30, 24, 21
MM, 5, 27, 10
MM, 12, 19, 10
MM, 21, 4, 10
MM, 26, 15, 30
MM, 1, 9, 11
MM, 39, 7, 9
MM, 31, 3, 10
MM, 24, 3, 11
MM, 1, 1, 271
MM, 41, 6, 20
MM, 38, 9, 10
MM, 35, 9, 10
MM, 33, 12, 11
MM, 31, 12, 9
MM, 30, 12, 10
MM, 28, 14, 10
MM, 25, 16, 10
MM, 23, 17, 11
MM, 21, 18, 9
MM, 19, 18, 11
MM, 17, 20, 20
MM, 14, 18, 40
MC, 1, 190
MM, 19, 19, 151
MM, 26, 19, 10
MM, 32, 19, 10
MM, 43, 19, 10
MM, 17, 20, 11
MM, 31, 20, 10
MM, 1, 20, 10
MM, 34, 22, 9
MM, 19, 23, 20
MM, 39, 26, 11
MM, 1, 28, 10
MM, 12, 29, 10
MM, 41, 0, 40
MM, 42, 1, 10
MM, 43, 1, 10
MM, 0, 1, 262
MM, 3, 2, 9
MM, 4, 2, 10
MM, 7, 2, 11
MM, 8, 2, 10
MM, 10, 4, 9
MM, 10, 7, 11
MM, 11, 10, 10
MM, 12, 12, 10
MM, 13, 14, 10
MC, 1, 231
MM, 10, 14, 90
MM, 5, 14, 11
MM, 0, 12, 10
MM, 40, 12, 10
MM, 28, 5, 10
MM, 18, 3, 10
MM, 8, 0, 10
MM, 18, 31, 70
MM, 16, 31, 10
MM, 14, 31, 10
MM, 12, 30, 10
MM, 9, 30, 10
MM, 8, 30, 10
MM, 4, 30, 11
MM, 3, 30, 10
MM, 2, 30, 20
MM, 1, 30, 9
MM, 0, 30, 10
MM, 43, 30, 91
MM, 42, 30, 20
MM, 40, 30, 10
MM, 38, 28, 11
MM, 37, 28, 9
MM, 35, 28, 10
MM, 34, 28, 20
MM, 34, 27, 21
MM, 34, 26, 10
MM, 34, 25, 10
MM, 34, 24, 10
MM, 34, 21, 10
MC, 1, 221
MM, 34, 22, 151
MM, 36, 25, 10
MM, 39, 30, 10
MM, 4, 16, 20
MM, 64, 2, 20
MM, 68, 9, 10
MM, 71, 13, 10
MM, 78, 24, 11
MM, 78, 28, 9
MM, 78, 29, 11
MM, 79, 31, 20
MM, 80, 31, 10
MM, 80, 32, 20
MM, 81, 32, 20
MM, 81, 33, 11
MM, 81, 34, 29
MM, 82, 34, 10
MM, 83, 34, 20
MM, 84, 34, 30
MM, 84, 35, 10
MM, 85, 35, 21
MM, 85, 36, 100
MC, 1, 221
MM, 86, 36, 171
MM, 87, 32, 10
MM, 88, 30, 10
MM, 91, 27, 10
MM, 97, 17, 10
MM, 101, 13, 10
MM, 113, 4, 10
MM, 38, 28, 20
MM, 1, 15, 20
MM, 14, 2, 11
MM, 26, 23, 20
MM, 30, 19, 10
MM, 31, 16, 10
MM, 31, 15, 19
MM, 30, 15, 202
MM, 28, 15, 19
MM, 27, 15, 10
MM, 26, 15, 11
MM, 24, 15, 10
MM, 22, 15, 10
MM, 21, 15, 10
MM, 20, 15, 20
MM, 19, 15, 10
MM, 18, 14, 20
MM, 16, 13, 20
MC, 1, 211
MM, 12, 13, 131
MM, 6, 13, 10
MM, 40, 11, 10
MM, 22, 8, 10
MM, 3, 4, 10
MC, 1, 553
MM, 39, 23, 221
MM, 15, 19, 20
MM, 25, 31, 11
MM, 78, 9, 20
MM, 86, 18, 10
MM, 89, 23, 10
MM, 91, 26, 10
MM, 93, 28, 10
MM, 96, 32, 11
MM, 97, 34, 9
MM, 97, 35, 10
MM, 100, 37, 10
MM, 100, 38, 10
MM, 100, 39, 40
MM, 100, 38, 212
MM, 99, 37, 40
MM, 99, 36, 9
MM, 99, 35, 10
MM, 97, 33, 10
MM, 97, 31, 11
MM, 95, 24, 10
MM, 95, 22, 9
MM, 95, 20, 10
MM, 94, 18, 11
MM, 93, 16, 10
MM, 92, 14, 20
MM, 91, 14, 10
MM, 91, 13, 10
MM, 90, 13, 61
MC, 1, 179
MM, 91, 13, 152
MM, 94, 13, 10
MM, 99, 13, 10
MM, 106, 10, 10
MM, 117, 6, 11
MM, 131, 4, 10
MM, 35, 28, 40
MM, 39, 25, 10
MM, 0, 19, 40
MM, 1, 18, 10
MM, 2, 17, 10
MM, 3, 15, 10
MM, 5, 13, 11
MM, 9, 9, 9
MM, 11, 8, 10
MM, 15, 5, 11
MM, 16, 3, 9
MM, 18, 2, 10
MM, 21, 0, 10
MM, 22, 0, 10
MM, 28, 31, 51
MM, 30, 30, 9
MM, 32, 29, 11
MM, 33, 27, 10
MM, 34, 27, 9
MM, 36, 25, 11
MM, 37, 24, 10
MM, 38, 23, 10
MM, 39, 21, 10
MM, 41, 19, 10
MM, 42, 18, 10
MM, 1, 3, 40
MM, 2, 1, 11
MM, 20, 30, 59
MM, 22, 29, 11
MM, 22, 28, 10
MM, 27, 24, 10
MM, 29, 23, 10
MM, 30, 22, 10
MM, 32, 21, 10
MM, 33, 20, 20
MM, 34, 20, 10
MM, 35, 20, 10
MM, 0, 20, 51
MM, 1, 20, 9
MM, 2, 20, 10
MM, 4, 20, 11
MM, 5, 20, 10
MM, 6, 20, 29
MM, 7, 20, 21
MM, 8, 20, 30
MM, 9, 20, 30
MM, 9, 18, 10
MM, 12, 18, 10
MC, 1, 231
MM, 4, 19, 141
MM, 33, 20, 11
MM, 18, 22, 9
MM, 1, 7, 352
MM, 1, 8, 10
MM, 3, 10, 10
MM, 6, 13, 20
MM, 7, 14, 10
MM, 8, 16, 10
MM, 10, 17, 10
MM, 10, 18, 11
MM, 11, 18, 20
MM, 13, 18, 29
MC, 1, 181
MM, 13, 17, 131
MM, 14, 17, 10
MM, 15, 17, 10
MM, 17, 14, 10
MM, 18, 14, 10
MM, 20, 12, 10
MM, 23, 10, 10
MM, 28, 6, 10
MM, 30, 5, 11
MM, 34, 1, 9
MM, 36, 0, 10
MC, 1, 391
MC, 1, 645
MM, 16, 4, 451
MM, 30, 8, 11
MM, 5, 10, 10
MM, 23, 18, 10
MM, 36, 25, 10
MM, 45, 29, 11
MM, 11, 0, 19
MM, 16, 2, 10
MM, 18, 4, 10
MM, 19, 4, 11
MM, 20, 6, 9
MM, 21, 6, 20
MM, 22, 6, 10
MM, 23, 6, 40
MM, 24, 8, 272
MM, 25, 8, 20
MM, 25, 9, 21
MM, 26, 9, 30
MC, 1, 210
MM, 25, 11, 161
MM, 22, 16, 10
MM, 21, 18, 10
MM, 19, 20, 10
MM, 19, 26, 10
MM, 15, 30, 10
MM, 150, 0, 40
MM, 149, 1, 10
MM, 148, 2, 11
MM, 147, 4, 9
MM, 145, 7, 20
MM, 145, 8, 21
MM, 144, 8, 10
MM, 144, 9, 10
MM, 143, 11, 10
MM, 143, 12, 40
MM, 143, 13, 21
MC, 1, 320
MM, 143, 12, 322
MM, 139, 5, 10
MM, 11, 19, 30
MM, 23, 24, 20
MM, 8, 12, 11
MC, 1, 823
MC, 1, 654
MM, 17, 31, 252
MM, 32, 31, 10
MM, 32, 1, 71
MM, 34, 1, 9
MM, 34, 31, 171
MM, 1, 31, 30
MM, 4, 30, 10
MM, 13, 24, 11
MM, 16, 24, 10
MM, 21, 24, 9
MM, 23, 22, 10
MM, 24, 22, 11
MM, 27, 20, 9
MM, 27, 19, 71
MM, 27, 18, 70
MC, 1, 281
MM, 26, 19, 151
MM, 16, 24, 10
MM, 6, 27, 11
MM, 29, 27, 19
MM, 14, 30, 10
MM, 43, 30, 11
MM, 25, 28, 10
MM, 27, 25, 20
MM, 10, 20, 10
MC, 1, 532
MC, 1, 764
MM, 40, 2, 181
MM, 10, 10, 30
MM, 14, 31, 10
MM, 57, 2, 10
MM, 58, 7, 10
MM, 59, 15, 10
MM, 60, 21, 11
MM, 60, 24, 9
MM, 64, 27, 10
MM, 65, 29, 11
MM, 67, 32, 10
MM, 68, 34, 10
MM, 68, 36, 10
MM, 68, 37, 10
MM, 69, 39, 11
MM, 69, 41, 19
MM, 70, 41, 10
MP, 1, 401
MR, 1, 91
MC, 1, 0
MM, 70, 39, 191
MM, 70, 37, 11
MM, 70, 35, 10
MM, 70, 34, 9
MM, 70, 33, 31
MC, 1, 291
MM, 70, 32, 211
MM, 70, 31, 11
MM, 70, 30, 9
MM, 71, 28, 10
MM, 72, 26, 10
MM, 74, 25, 11
MM, 77, 20, 9
MM, 81, 19, 10
MM, 83, 17, 11
MM, 85, 16, 10
MM, 87, 14, 9
MM, 88, 12, 11
MM, 90, 11, 11
MM, 92, 8, 9
MM, 93, 8, 10
MM, 94, 8, 10
MM, 95, 7, 21
MM, 95, 6, 20
MM, 96, 5, 59
MM, 96, 4, 10
MM, 97, 4, 21
MM, 97, 3, 10
MM, 97, 2, 10
MM, 98, 1, 10
MM, 14, 31, 111
MM, 15, 29, 20
MM, 16, 27, 9
MM, 16, 25, 20
MM, 16, 24, 21
MM, 16, 23, 10
MM, 16, 21, 10
MC, 1, 311
MM, 12, 21, 171
MM, 3, 21, 10
MM, 25, 21, 21
MM, 5, 21, 10
MM, 39, 21, 10
MM, 11, 19, 10
MM, 38, 17, 20
MM, 26, 12, 10
MM, 13, 8, 10
MM, 6, 7, 10
MM, 0, 4, 10
MM, 42, 4, 10
MM, 39, 3, 10
MM, 36, 0, 11
MM, 34, 0, 10
MM, 33, 0, 10
MM, 25, 30, 200
MM, 24, 29, 10
MM, 24, 28, 11
MM, 22, 28, 9
MM, 22, 26, 10
MM, 22, 25, 40
MM, 22, 22, 10
MC, 1, 271
MM, 24, 22, 212
MM, 31, 25, 11
MM, 34, 26, 9
MM, 41, 28, 11
MM, 31, 1, 39
MM, 42, 5, 10
MM, 0, 9, 11
MM, 6, 10, 11
MM, 10, 13, 9
MM, 14, 15, 9
MM, 15, 16, 10
MM, 17, 18, 12
MM, 19, 18, 9
MM, 21, 20, 10
MM, 22, 20, 10
MM, 23, 20, 11
MM, 24, 21, 20
MM, 25, 21, 9
MC, 1, 401
MM, 27, 21, 163
MM, 32, 21, 9
MM, 39, 20, 11
MM, 11, 19, 20
MM, 37, 14, 10
MM, 5, 10, 10
MM, 32, 2, 10
MM, 22, 30, 60
MM, 28, 27, 11
MM, 31, 27, 9
MM, 34, 25, 11
MM, 37, 24, 9
MM, 39, 23, 10
MM, 43, 16, 11
MM, 0, 11, 19
MM, 2, 11, 10
MM, 6, 11, 10
MM, 7, 11, 10
MM, 7, 10, 10
MM, 9, 10, 10
MM, 11, 11, 20
MM, 12, 11, 31
MM, 13, 11, 10
MM, 15, 12, 10
MM, 17, 12, 10
MM, 20, 12, 10
MM, 22, 12, 11
MM, 25, 13, 10
MM, 27, 13, 9
MM, 29, 13, 9
MM, 34, 16, 12
MM, 36, 16, 9
MM, 37, 17, 10
MM, 40, 18, 10
MM, 43, 18, 10
MM, 0, 18, 51
MM, 3, 18, 10
MM, 5, 18, 20
MC, 1, 310
MM, 1, 18, 152
MM, 42, 18, 10
MM, 19, 18, 10
MM, 6, 16, 21
MM, 7, 14, 9
MM, 9, 4, 11
MM, 24, 4, 9
MC, 1, 864
MM, 38, 4, 272
MM, 33, 5, 10
MM, 27, 9, 10
MM, 24, 11, 10
MM, 22, 11, 10
MM, 21, 12, 10
MM, 19, 13, 11
MM, 16, 14, 10
MM, 14, 15, 10
MM, 12, 16, 10
MM, 11, 16, 10
MM, 9, 18, 10
MM, 8, 18, 31
MM, 7, 17, 49
MC, 1, 170
MM, 8, 16, 151
MM, 11, 16, 10
MM, 17, 16, 11
MM, 24, 15, 10
MM, 37, 10, 10
MM, 18, 7, 20
MM, 38, 0, 10
MC, 1, 642
MM, 41, 1, 242
MM, 38, 1, 11
MM, 35, 2, 10
MM, 33, 3, 9
MM, 31, 4, 11
MM, 30, 5, 10
MM, 27, 7, 10
MM, 26, 8, 10
MM, 25, 8, 10
MM, 24, 10, 10
MM, 23, 10, 10
MM, 22, 10, 11
MM, 22, 11, 9
MM, 22, 8, 51
MC, 1, 179
MM, 19, 8, 132
MM, 15, 9, 9
MM, 12, 10, 12
MM, 6, 11, 10
MM, 1, 11, 9
MM, 41, 16, 30
MM, 39, 16, 11
MM, 36, 18, 9
MM, 34, 18, 11
MM, 33, 19, 9
MM, 32, 19, 11
MM, 30, 19, 10
MM, 29, 19, 30
MM, 28, 19, 10
MM, 25, 19, 9
MC, 1, 221
MM, 28, 19, 151
MM, 33, 19, 10
MM, 40, 19, 11
MM, 6, 20, 20
MM, 33, 21, 10
MM, 3, 24, 10
MM, 39, 25, 9
MM, 16, 25, 11
MM, 33, 25, 10
MM, 13, 25, 10
MM, 30, 27, 11
MM, 42, 30, 9
MM, 38, 0, 40
MM, 0, 2, 30
MM, 5, 8, 11
MM, 7, 9, 10
MM, 8, 9, 10
MM, 10, 9, 10
MM, 11, 9, 20
MM, 12, 9, 30
MM, 13, 10, 20
MM, 14, 10, 20
MM, 15, 10, 30
MM, 16, 10, 10
MM, 17, 11, 31
MM, 18, 11, 10
MM, 20, 12, 9
MM, 21, 13, 10
MM, 23, 13, 10
MM, 27, 13, 10
MM, 30, 13, 11
MM, 35, 15, 9
MM, 38, 15, 11
MM, 40, 16, 10
MM, 0, 16, 20
MM, 5, 16, 10
MM, 8, 16, 10
MM, 14, 16, 10
MM, 17, 16, 10
MM, 19, 16, 10
MM, 20, 16, 10
MM, 20, 14, 41
MC, 1, 321
MM, 23, 11, 443
MM, 25, 11, 9
MM, 28, 11, 11
MM, 31, 11, 10
MM, 36, 11, 10
MM, 487, 62, 342
MM, 478, 41, 9
MM, 463, 24, 10
MM, 455, 14, 10
MM, 443, 3, 11
MC, 1, 1003
MM, 388, 18, 233
MM, 385, 44, 10
MM, 384, 59, 10
MM, 22, 2, 80
MM, 23, 5, 191
MM, 26, 12, 10
MM, 16, 1, 20
MM, 30, 14, 21
MM, 31, 27, 9
MM, 25, 29, 342
MM, 24, 26, 10
MM, 24, 23, 10
MM, 24, 22, 10
MM, 23, 21, 10
MM, 22, 19, 10
MM, 21, 17, 10
MM, 21, 16, 11
MM, 21, 15, 10
MM, 20, 15, 40
MM, 20, 14, 50
MC, 1, 280
MM, 23, 14, 162
MM, 26, 14, 10
MM, 30, 14, 10
MM, 36, 12, 10
MM, 39, 11, 10
MM, 43, 10, 11
MM, 31, 0, 1135
MM, 31, 3, 10
MM, 31, 4, 10
MM, 31, 5, 10
MM, 31, 6, 11
MM, 31, 8, 9
MM, 29, 11, 11
MM, 29, 13, 9
MM, 29, 18, 11
MM, 27, 22, 10
MM, 25, 25, 10
MM, 25, 31, 10
MM, 24, 33, 9
MM, 24, 34, 11
MM, 22, 37, 10
MM, 0, 33, 101
MM, 1, 33, 1340
MM, 2, 33, 10
MM, 4, 33, 10
MM, 6, 33, 10
MM, 9, 32, 10
MM, 11, 32, 10
MM, 12, 32, 10
MM, 14, 31, 10
MM, 16, 31, 11
MM, 18, 31, 9
MM, 21, 31, 10
MM, 23, 31, 11
MM, 24, 31, 10
MM, 27, 30, 9
MM, 28, 30, 10
MM, 29, 30, 11
MM, 29, 29, 10
MM, 30, 29, 20
MM, 31, 27, 30
MM, 32, 27, 10
MM, 33, 26, 10
MM, 34, 25, 20
MM, 35, 25, 31
MM, 35, 24, 60
MM, 34, 22, 1590
MM, 33, 19, 10
MM, 26, 10, 10
MM, 406, 57, 70
MM, 400, 46, 11
MM, 400, 41, 10
MM, 399, 39, 10
MM, 399, 37, 20
MM, 398, 37, 10
MM, 398, 36, 9
MM, 397, 36, 32
MM, 396, 35, 220
MM, 396, 33, 10
MM, 396, 32, 11
MM, 395, 30, 9
MM, 395, 28, 11
MM, 395, 25, 9
MM, 395, 23, 10
MM, 395, 22, 10
MM, 395, 21, 10
MM, 395, 20, 10
MM, 395, 19, 11
MC, 1, 260
MM, 395, 20, 402
MM, 397, 22, 10
MM, 398, 24, 11
MM, 403, 30, 10
MM, 407, 36, 10
MM, 409, 39, 11
MM, 416, 47, 9
MM, 419, 56, 10
MM, 422, 61, 10
MM, 23, 16, 804
MM, 40, 26, 10
MM, 9, 7, 10
MM, 10, 20, 10
MM, 20, 31, 11
MM, 107, 2, 10
MM, 76, 14, 9
MM, 44, 22, 10
MM, 31, 29, 10
MM, 19, 36, 11
MM, 12, 38, 11
MM, 4, 36, 59
MM, 0, 40, 222
MM, 360, 9, 85520
MM, 364, 16, 9
MM, 364, 23, 10
MM, 367, 26, 10
MM, 368, 28, 11
MM, 373, 33, 9
MM, 382, 41, 11
MM, 387, 43, 10
MM, 393, 44, 9
MM, 400, 49, 11
MM, 417, 56, 9
MM, 428, 63, 10
MM, 46, 0, 353
MM, 46, 1, 9
MM, 46, 3, 10
MM, 48, 6, 11
MM, 48, 9, 10
MM, 48, 11, 10
MM, 49, 13, 10
MM, 49, 15, 10
MM, 49, 16, 10
MM, 49, 19, 9
MM, 49, 20, 11
MM, 50, 21, 10
MM, 50, 22, 10
MM, 50, 23, 10
MM, 50, 24, 31
MM, 49, 24, 60
