********************************************************************************
LOGGING TIME: 20181014_220047
CLIENT IP: 192.168.56.1
USERNAME: user-pc
OS: Windows 10
**********************************Emotional database********************************************************************************
MM, 764, 635, 1537598292218
MM, 757, 629, 20
MM, 744, 615, 9
MM, 736, 609, 10
MM, 726, 597, 12
MM, 28, 29, 9
MM, 18, 24, 10
MM, 5, 18, 10
MM, 685, 574, 10
MM, 29, 8, 10
MM, 22, 3, 10
MM, 664, 557, 10
MM, 660, 552, 10
MM, 656, 551, 10
MM, 33, 23, 11
MM, 29, 18, 9
MM, 24, 14, 10
MM, 21, 10, 10
MM, 18, 6, 10
MM, 15, 3, 10
MM, 631, 513, 10
MM, 625, 505, 10
MM, 370, 82, 11
MM, 367, 69, 9
MM, 362, 62, 10
MM, 358, 52, 10
MM, 354, 38, 11
MM, 350, 26, 11
MM, 346, 16, 10
MM, 342, 10, 8
MM, 342, 6, 10
MM, 591, 414, 11
MM, 591, 410, 10
MM, 590, 407, 11
MM, 587, 398, 9
MM, 585, 394, 10
MM, 584, 388, 10
MM, 584, 384, 10
MM, 583, 381, 11
MM, 583, 376, 9
MM, 583, 373, 11
MM, 583, 370, 9
MM, 331, 79, 11
MM, 330, 77, 11
MM, 330, 73, 9
MM, 329, 72, 10
MM, 329, 68, 10
MM, 329, 66, 10
MM, 329, 65, 10
MM, 329, 64, 10
MM, 328, 63, 10
MM, 328, 61, 100
MM, 328, 60, 11
MM, 328, 59, 9
MM, 328, 58, 11
MM, 328, 57, 9
MM, 328, 56, 11
MM, 328, 55, 10
MM, 328, 54, 20
MM, 328, 53, 9
MM, 328, 54, 101
MM, 328, 57, 10
MC, 1, 391
MM, 323, 59, 5578
MM, 320, 59, 11582
MM, 317, 59, 9
MM, 314, 61, 10
MM, 309, 65, 10
MM, 305, 69, 11
MM, 303, 75, 9
MM, 298, 81, 10
MM, 544, 372, 10
MM, 542, 376, 10
MM, 539, 379, 10
MM, 536, 383, 11
MM, 532, 387, 9
MM, 530, 392, 11
MM, 526, 400, 10
MM, 523, 405, 10
MM, 520, 414, 9
MM, 265, 2, 10
MM, 262, 6, 11
MM, 259, 10, 9
MM, 257, 13, 11
MM, 255, 14, 10
MM, 254, 14, 10
MM, 254, 16, 11
MM, 253, 16, 19
MM, 252, 16, 11
MM, 252, 17, 19
MM, 251, 17, 40
MM, 251, 18, 10
MC, 1, 442
MM, 257, 20, 553
MM, 265, 24, 10
MM, 271, 25, 11
MM, 279, 31, 9
MM, 291, 38, 11
MM, 304, 43, 10
MM, 317, 51, 9
MM, 329, 56, 10
MM, 339, 60, 11
MM, 351, 60, 10
MM, 367, 65, 10
MM, 372, 68, 10
MM, 378, 70, 10
MM, 382, 73, 11
MM, 387, 75, 9
MM, 391, 75, 10
MM, 394, 78, 11
MM, 399, 82, 10
MM, 403, 82, 10
MM, 404, 83, 9
MM, 407, 83, 10
MM, 408, 83, 31
MM, 408, 84, 80
MM, 408, 85, 40
MM, 409, 86, 10
MM, 409, 89, 11
MM, 661, 506, 19
MM, 661, 507, 21
MM, 662, 508, 10
MM, 662, 509, 9
MM, 662, 510, 21
MM, 662, 511, 10
MM, 662, 512, 10
MM, 662, 513, 10
MM, 663, 514, 9
MM, 663, 515, 11
MM, 664, 517, 20
MM, 664, 519, 11
MM, 664, 521, 9
MM, 3, 0, 9
MM, 3, 2, 22
MM, 3, 3, 30
MM, 3, 4, 49
MM, 3, 5, 613
MM, 3, 6, 10
MM, 3, 9, 11
MM, 3, 12, 9
MM, 3, 15, 11
MM, 3, 21, 10
MM, 3, 26, 10
MM, 16, 2, 9
MM, 14, 15, 11
MM, 14, 24, 10
MM, 661, 591, 10
MM, 3, 0, 10
MM, 3, 17, 10
MM, 1, 24, 10
MM, 0, 28, 10
MM, 0, 30, 11
MM, 657, 630, 9
MM, 656, 632, 10
MM, 4, 0, 11
MM, 3, 3, 9
MM, 3, 5, 20
MM, 3, 6, 10
MM, 2, 7, 11
MM, 1, 8, 20
MM, 1, 10, 10
MM, 1, 11, 21
MM, 1, 13, 20
MM, 1, 14, 10
MM, 1, 15, 19
MM, 1, 16, 30
MM, 0, 16, 543
MM, 651, 650, 11
MM, 1, 16, 119
MM, 3, 16, 10
MM, 7, 16, 11
MM, 9, 16, 11
MM, 14, 18, 9
MM, 16, 19, 10
MM, 18, 19, 10
MM, 21, 19, 10
MM, 22, 21, 10
MM, 23, 21, 11
MC, 1, 400
MM, 21, 21, 222
MM, 15, 21, 10
MM, 10, 21, 11
MM, 4, 21, 9
MM, 29, 26, 11
MM, 18, 26, 10
MM, 10, 28, 10
MM, 1, 29, 9
MM, 602, 666, 11
MM, 594, 667, 9
MM, 584, 673, 11
MM, 577, 677, 10
MM, 568, 678, 10
MM, 565, 678, 11
MM, 161, 8, 9
MM, 159, 8, 11
MM, 158, 9, 10
MM, 157, 9, 9
MM, 157, 10, 22
MM, 155, 11, 129
MM, 154, 11, 10
MM, 153, 12, 10
MM, 151, 12, 10
MM, 150, 12, 20
MM, 149, 12, 20
MM, 146, 12, 30
MM, 145, 13, 10
MM, 144, 14, 11
MM, 142, 14, 10
MM, 141, 14, 9
MM, 140, 14, 11
MM, 141, 14, 99
MM, 170, 624, 1839
MM, 172, 622, 12
MM, 177, 618, 10
MM, 183, 614, 10
MM, 190, 608, 10
MM, 204, 597, 10
MM, 212, 591, 10
MM, 220, 588, 10
MM, 225, 585, 9
MM, 230, 583, 10
MM, 238, 577, 11
MM, 243, 574, 9
MM, 247, 570, 12
MM, 252, 566, 9
MM, 256, 560, 10
MM, 261, 554, 11
MM, 266, 550, 9
MM, 269, 546, 10
MM, 270, 545, 11
MM, 273, 543, 9
MM, 276, 542, 10
MM, 283, 541, 10
MM, 288, 538, 10
MM, 0, 13, 11
MM, 7, 12, 9
MM, 10, 10, 10
MM, 13, 9, 10
MM, 16, 9, 10
MM, 19, 9, 10
MM, 22, 7, 11
MM, 25, 6, 10
MM, 27, 6, 10
MM, 28, 6, 9
MM, 30, 6, 11
MM, 327, 529, 11
MM, 329, 528, 8
MM, 331, 528, 12
MM, 334, 528, 9
MM, 335, 528, 11
MM, 3, 5, 621
MM, 24, 9, 11
MM, 9, 5, 10
MM, 24, 5, 10
MM, 5, 8, 11
MM, 34, 4, 9
MM, 9, 4, 10
MM, 34, 4, 10
MM, 560, 521, 10
MM, 575, 521, 10
MM, 598, 522, 11
MM, 621, 519, 9
MM, 633, 519, 11
MM, 644, 519, 10
MM, 31, 1, 10
MM, 658, 524, 9
MM, 9, 1, 11
MM, 13, 1, 11
MM, 20, 4, 9
MM, 25, 5, 10
MM, 28, 8, 10
MM, 29, 9, 10
MM, 696, 533, 10
MM, 696, 536, 10
MM, 699, 536, 11
MM, 700, 536, 170
MM, 701, 536, 20
MM, 0, 13, 21
MM, 1, 13, 9
MM, 2, 13, 11
MM, 3, 13, 20
MM, 5, 13, 10
MM, 7, 13, 20
MC, 1, 331
MM, 2, 14, 161
MM, 696, 542, 10
MM, 28, 24, 10
MM, 680, 556, 11
MM, 22, 5, 10
MM, 1, 17, 10
MM, 8, 2, 9
MM, 613, 614, 10
MM, 602, 628, 11
MM, 595, 633, 10
MM, 18, 4, 10
MM, 15, 6, 10
MM, 13, 8, 11
MM, 11, 9, 10
MM, 10, 9, 8
MM, 9, 10, 22
MM, 7, 11, 19
MM, 7, 12, 11
MM, 6, 12, 20
MM, 5, 13, 9
MM, 5, 14, 11
MM, 4, 15, 19
MM, 3, 16, 11
MM, 1, 17, 10
MM, 1, 18, 10
MM, 0, 18, 10
MM, 0, 19, 9
MM, 569, 653, 21
MM, 568, 654, 10
MM, 567, 655, 10
MM, 566, 656, 10
MM, 565, 657, 10
MM, 34, 24, 10
MM, 34, 25, 10
MM, 32, 26, 101
MM, 31, 27, 9
MM, 30, 27, 10
MM, 29, 28, 11
MM, 28, 29, 10
MM, 27, 29, 10
MM, 25, 29, 10
MM, 23, 30, 11
MM, 551, 665, 9
MM, 548, 666, 10
MM, 545, 667, 11
MM, 540, 669, 10
MM, 537, 670, 9
MM, 134, 2, 10
MM, 133, 2, 10
MM, 131, 3, 11
MM, 130, 3, 10
MM, 129, 3, 9
MM, 127, 4, 664
MM, 126, 5, 10
MM, 125, 7, 9
MM, 124, 13, 10
MM, 122, 15, 10
MM, 122, 17, 10
MM, 120, 19, 11
MM, 120, 20, 11
MM, 120, 21, 19
MM, 120, 18, 50
MC, 1, 251
MM, 124, 14, 172
MM, 132, 7, 9
MM, 141, 2, 10
MM, 549, 668, 11
MM, 28, 29, 10
MM, 568, 655, 9
MM, 11, 12, 11
MM, 24, 1, 10
MM, 23, 29, 10
MM, 29, 23, 10
MM, 616, 616, 9
MM, 5, 13, 12
MM, 12, 9, 10
MM, 17, 7, 9
MM, 20, 4, 10
MM, 21, 3, 11
MM, 23, 1, 10
MM, 643, 596, 10
MM, 646, 590, 10
MM, 1, 24, 10
MM, 6, 22, 10
MM, 8, 20, 10
MM, 8, 18, 10
MM, 10, 16, 10
MM, 13, 16, 10
MM, 13, 14, 19
MM, 14, 14, 21
MM, 15, 13, 9
MC, 1, 352
MM, 13, 13, 171
MM, 4, 15, 10
MM, 644, 576, 11
MM, 26, 18, 9
MM, 16, 21, 10
MM, 4, 28, 10
MM, 602, 594, 10
MM, 9, 4, 10
MM, 580, 604, 10
MM, 31, 7, 11
MM, 24, 9, 9
MM, 20, 11, 11
MM, 19, 11, 10
MM, 16, 11, 10
MM, 13, 11, 10
MM, 12, 12, 10
MM, 9, 12, 10
MM, 5, 14, 11
MM, 2, 14, 9
MM, 1, 15, 10
MM, 539, 612, 10
MM, 536, 611, 11
MM, 33, 14, 9
MM, 30, 14, 11
MM, 29, 14, 9
MM, 28, 14, 10
MM, 26, 14, 11
MM, 25, 14, 10
MM, 23, 14, 20
MM, 22, 14, 11
MM, 21, 15, 9
MM, 19, 15, 10
MM, 17, 16, 10
MM, 14, 16, 11
MM, 9, 16, 9
MM, 6, 16, 10
MM, 3, 16, 11
MM, 2, 16, 10
MM, 0, 16, 11
MM, 497, 613, 8
MM, 495, 613, 10
MM, 494, 613, 20
MM, 493, 613, 10
MM, 493, 606, 10
MM, 30, 9, 403
MM, 25, 10, 10
MM, 21, 10, 10
MM, 19, 10, 9
MM, 17, 11, 10
MM, 14, 14, 11
MM, 11, 14, 9
MM, 8, 15, 11
MM, 7, 15, 21
MM, 5, 15, 40
MM, 5, 13, 9
MC, 1, 361
MM, 6, 15, 201
MM, 6, 16, 11
MM, 6, 19, 10
MM, 7, 21, 10
MM, 7, 26, 11
MM, 470, 632, 8
MM, 21, 7, 11
MM, 21, 15, 10
MM, 21, 19, 10
MM, 21, 22, 10
MM, 22, 25, 11
MM, 23, 27, 9
MM, 23, 29, 10
MM, 472, 667, 10
MM, 472, 670, 11
MM, 73, 2, 10
MM, 73, 3, 10
MM, 73, 6, 10
MM, 73, 8, 10
MM, 73, 9, 10
MM, 73, 10, 19
MM, 73, 11, 21
MM, 73, 12, 9
MM, 73, 13, 21
MM, 72, 15, 10
MC, 1, 371
MM, 72, 14, 151
MM, 72, 12, 10
MM, 76, 8, 10
MM, 80, 3, 11
MM, 484, 663, 10
MM, 3, 16, 9
MM, 8, 8, 11
MM, 501, 631, 10
MM, 5, 26, 10
MM, 8, 16, 9
MM, 9, 7, 11
MM, 512, 596, 11
MM, 18, 29, 9
MM, 19, 23, 10
MM, 21, 19, 10
MM, 24, 11, 11
MM, 25, 6, 9
MM, 26, 2, 10
MM, 29, 0, 11
MM, 523, 557, 11
MM, 523, 556, 19
MM, 524, 555, 10
MM, 524, 554, 9
MM, 27, 30, 21
MM, 524, 555, 170
MM, 524, 556, 11
MM, 524, 558, 10
MM, 28, 1, 9
MM, 27, 3, 11
MM, 26, 4, 9
MM, 25, 4, 10
MM, 25, 5, 11
MM, 25, 6, 10
MM, 24, 6, 10
MM, 24, 7, 31
MM, 22, 8, 10
MM, 22, 9, 10
MM, 22, 10, 29
MM, 21, 11, 20
MM, 20, 13, 30
MM, 17, 13, 10
MC, 1, 200
MM, 18, 16, 153
MM, 24, 17, 9
MM, 28, 23, 11
MM, 30, 25, 10
MM, 528, 591, 9
MM, 531, 595, 10
MM, 531, 596, 10
MM, 532, 596, 11
MM, 34, 1, 10
MM, 34, 2, 9
MM, 534, 600, 10
MM, 534, 601, 11
MM, 536, 602, 9
MM, 537, 604, 11
MM, 539, 608, 10
MM, 1, 13, 10
MM, 4, 18, 10
MM, 6, 19, 10
MM, 6, 21, 11
MM, 7, 21, 10
MM, 8, 23, 9
MM, 8, 24, 30
MM, 8, 25, 61
MC, 1, 199
MM, 6, 25, 172
MM, 2, 25, 10
MM, 32, 24, 10
MM, 15, 20, 11
MM, 0, 14, 10
MM, 16, 10, 10
MM, 2, 5, 11
MM, 32, 2, 9
MM, 24, 1, 10
MM, 440, 593, 10
MM, 21, 30, 10
MM, 20, 30, 11
MM, 19, 30, 9
MM, 17, 28, 10
MM, 16, 28, 122
MM, 15, 28, 19
MM, 14, 28, 10
MM, 12, 28, 11
MM, 10, 27, 9
MM, 8, 26, 10
MM, 6, 26, 20
MM, 4, 26, 10
MM, 3, 25, 11
MM, 2, 24, 10
MM, 412, 582, 10
MM, 410, 581, 10
MM, 409, 581, 11
MM, 36, 20, 9
MM, 36, 21, 90
MM, 409, 581, 30
MM, 410, 581, 10
MM, 411, 581, 10
MM, 413, 581, 11
MM, 414, 581, 9
MM, 1, 21, 10
MM, 2, 21, 20
MM, 3, 21, 41
MM, 4, 21, 10
MM, 5, 21, 9
MM, 6, 21, 21
MM, 7, 21, 21
MM, 8, 21, 30
MM, 9, 21, 9
MM, 10, 21, 10
MM, 11, 22, 11
MC, 1, 199
MM, 12, 23, 162
MM, 12, 25, 11
MM, 429, 595, 10
MM, 10, 6, 10
MM, 10, 17, 9
MM, 432, 632, 11
MM, 23, 18, 10
MM, 432, 665, 9
MM, 32, 2, 11
MM, 32, 13, 9
MM, 32, 15, 11
MM, 32, 16, 10
MM, 32, 17, 10
MM, 32, 19, 51
MM, 31, 20, 9
MM, 31, 23, 11
MM, 31, 24, 29
MC, 1, 441
MM, 31, 23, 162
MM, 29, 18, 11
MM, 28, 12, 10
MM, 16, 27, 10
MM, 15, 15, 10
MM, 13, 4, 9
MM, 421, 631, 10
MM, 419, 619, 11
MM, 417, 614, 10
MM, 415, 609, 10
MM, 34, 8, 10
MM, 33, 5, 10
MM, 30, 2, 11
MM, 409, 596, 9
MM, 409, 594, 10
MM, 408, 594, 11
MM, 408, 592, 8
MM, 35, 30, 22
MM, 35, 28, 10
MM, 35, 27, 19
MM, 35, 26, 41
MM, 34, 25, 10
MM, 34, 22, 10
MM, 33, 20, 9
MM, 31, 18, 20
MM, 31, 17, 20
MM, 30, 17, 11
MM, 29, 16, 30
MM, 28, 15, 10
MM, 26, 14, 10
MM, 25, 13, 20
MM, 24, 13, 40
MM, 23, 13, 10
MC, 1, 201
MM, 25, 13, 171
MM, 33, 14, 10
MM, 4, 14, 11
MM, 22, 15, 9
MM, 17, 19, 11
MM, 15, 19, 9
MM, 10, 25, 11
MM, 11, 25, 10
MM, 0, 25, 10
MM, 642, 589, 10
MM, 11, 29, 10
MM, 25, 29, 11
MM, 33, 29, 10
MM, 1, 24, 9
MM, 9, 24, 11
MM, 12, 24, 10
MM, 16, 23, 9
MM, 18, 23, 10
MM, 20, 23, 11
MM, 21, 22, 10
MM, 23, 22, 10
MM, 24, 22, 9
MM, 26, 22, 10
MM, 28, 21, 20
MM, 29, 21, 10
MM, 30, 19, 10
MM, 31, 19, 11
MM, 33, 18, 19
MM, 34, 18, 21
MM, 32, 18, 130
MM, 29, 18, 10
MM, 26, 18, 11
MM, 22, 18, 10
MM, 17, 16, 10
MM, 12, 15, 10
MM, 9, 14, 10
MM, 6, 14, 10
MM, 3, 14, 10
MM, 1, 14, 9
MM, 688, 574, 11
MM, 687, 574, 11
MM, 685, 574, 9
MM, 683, 574, 10
MM, 34, 14, 70
MM, 33, 14, 20
MM, 32, 14, 30
MM, 31, 14, 41
MM, 30, 15, 30
MM, 29, 15, 9
MM, 26, 15, 12
MC, 1, 229
MM, 19, 17, 162
MM, 10, 17, 10
MM, 24, 17, 10
MM, 3, 17, 10
MM, 3, 17, 11
MM, 15, 17, 10
MM, 21, 21, 9
MM, 1, 22, 11
MM, 26, 22, 9
MM, 17, 23, 11
MM, 11, 23, 9
MM, 10, 23, 11
MM, 9, 23, 10
MM, 9, 22, 241
MM, 10, 21, 10
MM, 10, 20, 10
MM, 11, 20, 11
MM, 12, 20, 30
MC, 1, 241
MM, 16, 20, 170
MM, 24, 20, 10
MM, 490, 581, 10
MM, 16, 27, 11
MM, 30, 30, 9
MM, 11, 30, 10
MM, 566, 596, 10
MM, 577, 599, 11
MM, 3, 4, 9
MM, 7, 4, 10
MM, 17, 5, 11
MM, 20, 6, 10
MM, 25, 8, 9
MM, 612, 605, 11
MM, 616, 606, 10
MM, 3, 10, 10
MM, 10, 12, 10
MM, 21, 17, 10
MM, 27, 19, 10
MM, 30, 20, 11
MM, 655, 616, 9
MM, 0, 19, 10
MM, 1, 19, 10
MM, 2, 19, 10
MM, 3, 19, 202
MC, 1, 280
MM, 0, 19, 142
MM, 652, 617, 9
MM, 26, 20, 10
MM, 11, 18, 10
MM, 614, 615, 11
MM, 16, 14, 10
MM, 23, 9, 10
MM, 538, 606, 10
MM, 16, 4, 10
MM, 483, 596, 11
MM, 471, 596, 8
MM, 463, 596, 11
MM, 456, 595, 10
MM, 453, 594, 10
MM, 449, 592, 11
MM, 449, 591, 9
MM, 448, 591, 152
MM, 448, 592, 39
MM, 448, 594, 30
MM, 26, 0, 10
MM, 25, 1, 10
MM, 24, 3, 10
MM, 23, 5, 10
MM, 22, 6, 10
MM, 21, 7, 11
MM, 18, 9, 10
MM, 18, 11, 10
MM, 15, 13, 10
MM, 15, 14, 9
MM, 15, 12, 72
MC, 1, 199
MM, 15, 11, 173
MM, 15, 9, 9
MM, 15, 6, 10
MM, 15, 3, 11
MM, 436, 596, 9
MM, 436, 595, 11
MM, 436, 594, 9
MM, 436, 592, 10
MM, 435, 591, 10
MM, 20, 30, 11
MM, 20, 28, 20
MM, 20, 27, 20
MM, 20, 26, 10
MM, 20, 25, 21
MM, 20, 24, 10
MM, 20, 23, 10
MM, 20, 22, 8
MM, 18, 21, 10
MM, 18, 20, 11
MM, 18, 19, 10
MM, 18, 21, 90
MC, 1, 210
MM, 18, 22, 143
MM, 16, 24, 9
MM, 15, 25, 11
MM, 14, 26, 10
MM, 425, 591, 10
MM, 423, 592, 10
MM, 419, 595, 9
MM, 415, 596, 11
MM, 34, 1, 10
MM, 32, 2, 9
MM, 30, 5, 11
MM, 28, 6, 10
MM, 26, 9, 9
MM, 24, 11, 11
MM, 23, 12, 10
MM, 22, 13, 11
MM, 21, 15, 9
MM, 20, 16, 20
MM, 19, 15, 91
MC, 1, 191
MM, 22, 15, 150
MM, 27, 14, 10
MM, 34, 12, 10
MM, 1, 9, 10
MM, 9, 9, 10
MM, 15, 8, 11
MM, 22, 6, 10
MM, 28, 4, 9
MM, 34, 3, 11
MM, 461, 600, 10
MM, 2, 2, 10
MM, 468, 596, 10
MM, 470, 595, 10
MM, 472, 593, 10
MM, 475, 591, 10
MM, 22, 30, 9
MM, 23, 29, 11
MM, 24, 29, 11
MM, 25, 28, 20
MM, 27, 28, 20
MM, 29, 28, 10
MM, 29, 27, 9
MM, 30, 26, 11
MM, 31, 26, 20
MM, 488, 585, 19
MM, 488, 584, 21
MM, 489, 584, 9
MM, 489, 583, 21
MM, 490, 583, 10
MM, 491, 583, 20
MM, 492, 583, 41
MM, 493, 583, 39
MM, 0, 23, 71
MM, 1, 22, 20
MM, 1, 20, 10
MC, 1, 451
MM, 1, 24, 233
MM, 1, 29, 9
MM, 495, 595, 10
MM, 495, 603, 10
MM, 30, 17, 11
MM, 28, 28, 9
MM, 490, 631, 10
MM, 0, 1, 11
MM, 0, 3, 9
MM, 487, 641, 11
MM, 487, 642, 10
MM, 487, 643, 10
MM, 486, 645, 10
MM, 485, 646, 9
MM, 485, 647, 11
MM, 484, 649, 11
MM, 484, 651, 10
MM, 483, 653, 20
MM, 483, 654, 9
MM, 483, 655, 10
MM, 483, 656, 20
MM, 483, 657, 10
MM, 482, 657, 11
MM, 482, 659, 9
MM, 482, 660, 31
MM, 32, 27, 9
MM, 31, 29, 21
MM, 31, 30, 10
MM, 480, 665, 20
MM, 480, 667, 40
MM, 479, 667, 11
MM, 479, 670, 9
MM, 78, 1, 21
MM, 78, 2, 10
MM, 78, 3, 59
MM, 77, 4, 11
MM, 77, 3, 150
MM, 78, 2, 31
MM, 80, 1, 9
MM, 482, 670, 10
MM, 486, 668, 10
MM, 489, 666, 11
MM, 494, 665, 9
MM, 10, 28, 11
MM, 20, 23, 10
MM, 34, 22, 10
MM, 8, 17, 10
MM, 27, 5, 11
MM, 581, 630, 9
MM, 29, 20, 11
MM, 11, 14, 9
MM, 7, 11, 10
MM, 28, 6, 11
MM, 704, 601, 9
MM, 735, 599, 11
MM, 749, 595, 9
MM, 757, 592, 10
MM, 767, 592, 11
MM, 773, 588, 9
MM, 774, 588, 10
MM, 772, 592, 61
MM, 770, 592, 191
MM, 769, 590, 9
MM, 767, 588, 11
MM, 763, 584, 10
MM, 758, 580, 11
MM, 754, 569, 10
MM, 751, 563, 9
MM, 749, 559, 11
MM, 748, 556, 9
MM, 747, 553, 10
MM, 747, 551, 10
MM, 747, 549, 11
MM, 747, 547, 10
MM, 747, 544, 9
MM, 747, 543, 11
MM, 749, 541, 10
MM, 750, 540, 10
MM, 751, 539, 9
MM, 756, 537, 10
MM, 759, 536, 11
MM, 763, 534, 10
MM, 769, 531, 11
MM, 761, 553, 1792
MM, 741, 561, 10
MM, 23, 6, 10
MM, 24, 12, 11
MM, 643, 578, 9
MM, 28, 28, 10
MM, 566, 592, 11
MM, 0, 0, 9
MM, 17, 5, 10
MM, 8, 5, 10
MM, 1, 6, 10
MM, 496, 603, 11
MM, 495, 603, 10
MM, 29, 6, 9
MM, 23, 6, 221
MM, 14, 6, 11
MM, 9, 6, 10
MM, 1, 6, 10
MM, 31, 4, 10
MM, 24, 4, 10
MM, 19, 4, 10
MM, 15, 4, 10
MM, 12, 4, 10
MM, 11, 4, 11
MM, 10, 4, 69
MM, 9, 4, 11
MM, 8, 4, 39
MM, 6, 4, 92
MM, 5, 4, 10
MM, 3, 4, 9
MM, 1, 4, 20
MM, 420, 601, 20
MM, 419, 602, 10
MM, 417, 603, 11
MM, 415, 603, 10
MM, 32, 6, 9
MM, 30, 6, 11
MM, 27, 8, 10
MM, 25, 8, 10
MM, 24, 8, 10
MM, 23, 8, 10
MM, 22, 8, 10
MM, 21, 8, 30
MM, 20, 8, 9
MC, 1, 462
MM, 22, 10, 181
MM, 24, 12, 12
MM, 26, 14, 10
MM, 32, 20, 9
MM, 420, 627, 11
MM, 16, 2, 10
MM, 28, 17, 10
MM, 32, 25, 10
MM, 443, 662, 9
MM, 446, 665, 10
MM, 448, 667, 10
MM, 449, 669, 10
MM, 50, 0, 10
MM, 51, 0, 11
MM, 55, 6, 9
MM, 56, 7, 11
MM, 58, 9, 11
MM, 61, 10, 9
MM, 64, 15, 10
MM, 70, 20, 9
MM, 73, 23, 11
MM, 76, 25, 11
MM, 77, 27, 9
MM, 78, 28, 10
MC, 1, 461
MM, 80, 28, 202
MM, 82, 27, 11
MM, 86, 24, 10
MM, 91, 20, 9
MM, 97, 18, 11
MM, 109, 14, 10
MM, 126, 5, 9
MM, 137, 0, 10
MM, 21, 29, 11
MM, 0, 20, 10
MM, 15, 18, 10
MM, 35, 3, 10
MM, 616, 630, 10
MM, 11, 26, 11
MM, 20, 21, 8
MM, 26, 17, 11
MM, 29, 13, 10
MM, 32, 11, 10
MM, 33, 9, 10
MM, 652, 605, 11
MM, 653, 604, 10
MM, 654, 604, 10
MM, 654, 603, 100
MM, 655, 601, 20
MM, 656, 601, 20
MM, 657, 600, 10
MM, 657, 598, 11
MM, 0, 1, 10
MM, 0, 0, 9
MM, 660, 595, 11
MM, 662, 594, 11
MM, 663, 592, 9
MM, 664, 592, 9
MM, 17, 30, 10
MM, 19, 29, 10
MM, 20, 29, 11
MM, 22, 28, 10
MM, 23, 27, 19
MM, 24, 26, 11
MM, 25, 26, 19
MM, 26, 26, 31
MM, 29, 26, 10
MM, 31, 25, 361
MM, 683, 582, 11
MM, 687, 580, 10
MM, 0, 19, 10
MM, 1, 18, 10
MM, 3, 18, 10
MM, 4, 18, 20
MM, 5, 17, 20
MM, 6, 16, 30
MM, 7, 16, 9
MC, 1, 241
MM, 4, 16, 152
MM, 2, 16, 10
MM, 687, 576, 11
MM, 683, 576, 10
MM, 32, 16, 9
MM, 30, 16, 10
MM, 29, 16, 11
MM, 27, 16, 10
MM, 25, 16, 10
MM, 24, 16, 111
MC, 1, 168
MM, 26, 14, 162
MM, 28, 14, 11
MM, 32, 12, 10
MM, 34, 11, 10
MM, 687, 571, 10
MM, 5, 8, 10
MM, 10, 7, 11
MM, 14, 6, 9
MM, 17, 4, 9
MM, 18, 4, 11
MM, 19, 3, 10
MM, 20, 3, 10
MM, 22, 4, 80
MC, 1, 180
MM, 20, 5, 182
MM, 18, 6, 10
MM, 13, 7, 10
MM, 8, 8, 11
MM, 0, 10, 10
MM, 33, 10, 9
MM, 28, 10, 11
MM, 18, 11, 10
MM, 13, 11, 9
MM, 7, 11, 11
MM, 4, 11, 10
MM, 1, 11, 11
MM, 647, 571, 9
MM, 644, 570, 10
MM, 643, 570, 11
MM, 29, 10, 9
MM, 26, 9, 10
MM, 23, 9, 11
MM, 21, 8, 10
MM, 19, 8, 20
MM, 17, 8, 10
MM, 15, 8, 10
MM, 14, 8, 69
MM, 13, 8, 12
MM, 12, 8, 9
MM, 11, 8, 11
MM, 10, 8, 9
MM, 9, 8, 11
MM, 7, 9, 69
MM, 4, 9, 11
MM, 3, 9, 10
MM, 1, 9, 10
MM, 0, 10, 9
MM, 608, 570, 11
MM, 606, 570, 10
MM, 605, 570, 9
MM, 34, 10, 12
MM, 31, 12, 10
MM, 30, 12, 9
MM, 29, 12, 10
MM, 28, 12, 10
MM, 27, 13, 10
MM, 26, 13, 10
MM, 25, 13, 90
MC, 1, 240
MM, 26, 15, 172
MM, 30, 17, 10
MM, 32, 18, 10
MM, 605, 581, 11
MM, 0, 25, 10
MM, 5, 27, 9
MM, 9, 30, 11
MM, 624, 592, 9
MM, 626, 595, 10
MM, 629, 596, 11
MM, 13, 0, 10
MM, 15, 1, 10
MM, 18, 4, 10
MM, 21, 6, 11
MM, 23, 7, 9
MM, 24, 9, 10
MM, 27, 12, 11
MM, 28, 12, 9
MM, 30, 15, 10
MM, 653, 616, 11
MM, 655, 617, 9
MM, 657, 617, 11
MM, 0, 21, 10
MM, 2, 23, 9
MM, 3, 24, 10
MM, 4, 24, 61
MM, 5, 24, 191
MC, 1, 280
MM, 1, 24, 162
MM, 33, 24, 10
MM, 20, 24, 10
MM, 8, 22, 10
MM, 18, 20, 11
MM, 28, 8, 9
MM, 535, 594, 10
MM, 7, 27, 10
MM, 13, 21, 10
MM, 16, 12, 10
MM, 0, 12, 10
MM, 30, 12, 11
MM, 19, 11, 10
MM, 11, 9, 11
MM, 7, 6, 9
MM, 6, 6, 10
MM, 5, 5, 10
MM, 377, 557, 9
MM, 377, 559, 232
MM, 5, 1, 11
MM, 5, 3, 10
MM, 3, 7, 9
MM, 2, 10, 10
MM, 1, 16, 11
MM, 371, 582, 9
MM, 34, 30, 10
MM, 361, 595, 10
MM, 17, 3, 10
MM, 15, 5, 10
MM, 15, 7, 11
MC, 1, 401
MM, 22, 4, 182
MM, 26, 1, 9
MM, 372, 596, 11
MM, 379, 596, 10
MM, 387, 593, 10
MM, 395, 593, 9
MM, 29, 30, 10
MM, 33, 30, 11
MM, 410, 589, 10
MM, 412, 589, 9
MM, 2, 28, 11
MM, 8, 28, 10
MM, 11, 27, 9
MM, 14, 25, 11
MM, 18, 25, 10
MM, 20, 25, 10
MM, 22, 24, 11
MM, 25, 24, 9
MM, 28, 24, 10
MM, 34, 23, 11
MM, 453, 583, 9
MM, 1, 23, 11
MM, 4, 23, 10
MM, 8, 23, 10
MM, 10, 23, 10
MM, 12, 23, 9
MM, 13, 22, 10
MM, 14, 22, 10
MM, 15, 22, 20
MM, 16, 22, 11
MM, 18, 22, 20
MM, 19, 22, 20
MM, 20, 22, 11
MM, 21, 22, 8
MM, 24, 22, 12
MM, 27, 22, 9
MM, 28, 22, 10
MM, 30, 22, 10
MM, 31, 22, 10
MM, 488, 582, 11
MM, 489, 582, 10
MM, 490, 582, 10
MM, 491, 582, 9
MM, 493, 582, 10
MM, 0, 22, 20
MM, 1, 22, 10
MM, 2, 22, 11
MM, 3, 22, 10
MM, 5, 22, 9
MM, 6, 22, 21
MM, 7, 22, 10
MC, 1, 311
MM, 9, 21, 161
MM, 13, 21, 11
MM, 20, 19, 9
MM, 525, 578, 10
MM, 7, 16, 11
MM, 19, 15, 10
MM, 564, 571, 9
MM, 7, 8, 10
MM, 18, 10, 11
MM, 25, 11, 10
MM, 27, 11, 9
MM, 28, 11, 11
MM, 29, 12, 10
MM, 31, 12, 51
MM, 33, 12, 20
MM, 34, 12, 19
MM, 605, 572, 10
MM, 606, 572, 11
MM, 607, 572, 20
MM, 608, 572, 39
MM, 610, 572, 21
MM, 0, 12, 9
MM, 1, 12, 11
MM, 2, 12, 9
MM, 3, 12, 21
MM, 4, 12, 10
MM, 5, 12, 31
MC, 1, 210
MM, 7, 12, 160
MM, 9, 12, 10
MM, 14, 12, 11
MM, 19, 12, 10
MM, 25, 12, 10
MM, 28, 12, 10
MM, 642, 572, 10
MM, 644, 572, 10
MM, 647, 572, 10
MM, 0, 12, 10
MM, 3, 12, 10
MM, 4, 12, 10
MM, 5, 12, 10
MM, 6, 12, 10
MM, 8, 12, 10
MM, 9, 12, 10
MM, 10, 12, 10
MM, 11, 12, 10
MM, 13, 12, 10
MM, 16, 15, 10
MM, 17, 15, 10
MM, 17, 16, 20
MM, 18, 16, 10
MM, 18, 17, 11
MC, 1, 260
MM, 16, 19, 152
MM, 12, 23, 10
MM, 8, 27, 10
MM, 650, 594, 10
MM, 24, 4, 10
MM, 13, 17, 10
MM, 617, 632, 10
MM, 38, 8, 10
MM, 30, 14, 11
MM, 25, 19, 10
MM, 19, 21, 10
MM, 16, 23, 9
MM, 14, 24, 22
MM, 13, 24, 9
MM, 11, 25, 10
MM, 10, 25, 11
MM, 8, 27, 9
MM, 6, 27, 10
MM, 5, 27, 30
MM, 2, 27, 60
MM, 1, 27, 10
MM, 0, 27, 11
MM, 568, 661, 20
MM, 566, 661, 10
MM, 565, 660, 10
MM, 564, 659, 10
MM, 564, 658, 10
MM, 34, 23, 10
MM, 33, 21, 20
MM, 32, 21, 10
MM, 32, 20, 11
MM, 30, 19, 20
MM, 30, 18, 9
MM, 29, 18, 10
MM, 29, 17, 10
MM, 28, 17, 20
MM, 27, 17, 11
MM, 26, 17, 10
MM, 24, 17, 19
MM, 24, 16, 10
MC, 1, 211
MM, 21, 19, 181
MM, 17, 26, 10
MM, 539, 667, 11
MM, 135, 2, 10
MM, 131, 4, 10
MM, 128, 8, 10
MM, 126, 10, 10
MM, 122, 11, 11
MM, 121, 12, 9
MM, 119, 14, 10
MM, 118, 14, 10
MM, 117, 16, 211
MC, 1, 190
MM, 121, 11, 152
MM, 130, 2, 11
MM, 19, 24, 8
MM, 4, 9, 11
MM, 21, 13, 11
MM, 17, 30, 9
MM, 4, 14, 11
MM, 14, 6, 9
MM, 18, 2, 10
MM, 20, 1, 11
MM, 668, 559, 9
MM, 670, 555, 11
MM, 672, 554, 10
MM, 12, 28, 10
MM, 12, 26, 10
MM, 13, 24, 20
MM, 13, 25, 120
MM, 13, 26, 30
MM, 11, 26, 11
MM, 11, 27, 10
MM, 9, 27, 10
MM, 6, 28, 10
MM, 4, 29, 10
MM, 660, 553, 10
MM, 658, 554, 10
MM, 655, 555, 10
MM, 653, 557, 11
MM, 652, 558, 9
MM, 650, 558, 9
MM, 649, 559, 21
MM, 647, 560, 10
MM, 645, 562, 11
MM, 643, 562, 9
MM, 642, 562, 11
MM, 29, 2, 9
MM, 29, 3, 10
MM, 27, 3, 11
MM, 27, 4, 19
MM, 26, 4, 10
MM, 25, 5, 20
MM, 24, 5, 21
MM, 23, 5, 20
MM, 23, 6, 20
MM, 22, 9, 80
MC, 1, 211
MM, 11, 11, 181
MM, 4, 13, 11
MM, 605, 577, 10
MM, 10, 21, 9
MM, 21, 24, 10
MM, 514, 595, 10
MM, 13, 1, 10
MM, 20, 17, 10
MM, 416, 622, 11
MM, 19, 28, 9
MM, 10, 30, 11
MM, 6, 30, 10
MM, 6, 22, 40
MM, 6, 21, 10
MM, 5, 21, 221
MM, 4, 21, 20
MM, 5, 21, 102
MM, 6, 21, 18
MM, 7, 21, 22
MM, 8, 20, 19
MM, 9, 20, 9
MM, 10, 19, 41
MC, 1, 381
MM, 11, 19, 221
MM, 13, 20, 12
MM, 17, 22, 10
MM, 21, 25, 9
MM, 410, 629, 10
MM, 417, 633, 10
MM, 16, 23, 10
MM, 20, 30, 10
MM, 433, 669, 10
MM, 36, 1, 10
MM, 42, 6, 10
MM, 44, 10, 11
MM, 47, 10, 10
MM, 49, 12, 10
MM, 49, 13, 20
MM, 51, 14, 10
MM, 51, 15, 141
MM, 51, 16, 30
MM, 52, 17, 19
MM, 52, 18, 81
MM, 53, 18, 40
MC, 1, 251
MM, 55, 18, 171
MM, 58, 17, 10
MM, 62, 14, 10
MM, 68, 12, 11
MM, 76, 9, 10
MM, 94, 4, 10
MM, 516, 667, 10
MM, 6, 20, 10
MM, 29, 11, 10
MM, 579, 631, 10
MM, 593, 628, 10
MM, 23, 27, 10
MM, 6, 26, 11
MM, 16, 25, 9
MM, 24, 23, 11
MM, 27, 23, 9
MM, 29, 23, 11
MM, 30, 23, 9
MM, 32, 23, 11
MM, 33, 23, 120
MM, 653, 620, 20
MM, 654, 620, 31
MM, 655, 620, 80
MM, 656, 620, 9
MM, 657, 620, 31
MM, 1, 23, 10
MM, 2, 23, 21
MM, 4, 23, 9
MM, 5, 23, 10
MM, 7, 23, 10
MC, 1, 271
MM, 4, 23, 152
MM, 652, 620, 10
MM, 24, 23, 9
MM, 616, 611, 10
MM, 7, 11, 10
MM, 557, 596, 10
MM, 532, 595, 11
MM, 19, 28, 10
MM, 4, 28, 9
MM, 25, 27, 11
MM, 15, 27, 9
MM, 9, 25, 11
MM, 5, 24, 10
MM, 2, 22, 9
MM, 0, 22, 11
MM, 453, 582, 10
MM, 452, 582, 10
MM, 451, 582, 11
MM, 34, 22, 10
MM, 33, 22, 120
MM, 32, 22, 51
MM, 31, 22, 9
MM, 30, 22, 21
MM, 29, 22, 90
MC, 1, 211
MM, 30, 22, 170
MM, 33, 23, 11
MM, 450, 584, 10
MM, 452, 585, 10
MM, 453, 586, 9
MM, 454, 586, 10
MM, 455, 587, 12
MM, 0, 28, 9
MM, 2, 28, 10
MM, 459, 594, 10
MM, 462, 595, 11
MM, 1, 0, 10
MM, 4, 2, 9
MM, 8, 7, 11
MM, 11, 7, 10
MM, 14, 11, 9
MM, 15, 11, 10
MM, 16, 11, 51
MC, 1, 210
MM, 17, 8, 172
MM, 18, 6, 9
MM, 20, 1, 11
MM, 484, 593, 10
MM, 30, 30, 9
MM, 488, 589, 11
MM, 490, 586, 10
MM, 491, 585, 11
MM, 0, 22, 10
MM, 0, 21, 9
MM, 2, 21, 10
MM, 2, 20, 11
MM, 2, 18, 9
MM, 4, 18, 10
MM, 4, 17, 21
MM, 5, 16, 10
MM, 5, 15, 9
MM, 6, 15, 11
MM, 6, 14, 19
MM, 7, 13, 91
MM, 8, 13, 10
MM, 8, 12, 11
MM, 8, 11, 30
MM, 8, 10, 9
MC, 1, 220
MM, 9, 11, 183
MM, 9, 12, 8
MM, 9, 14, 12
MM, 10, 18, 10
MM, 10, 24, 10
MM, 10, 28, 10
MM, 504, 595, 9
MM, 5, 4, 11
MM, 5, 11, 9
MM, 5, 19, 11
MM, 5, 26, 10
MM, 4, 29, 10
MM, 501, 629, 10
MM, 500, 632, 9
MM, 500, 633, 10
MM, 12, 0, 10
MM, 12, 2, 11
MM, 11, 2, 9
MM, 11, 5, 11
MM, 11, 6, 10
MM, 10, 8, 10
MM, 10, 10, 10
MM, 10, 12, 10
MM, 10, 14, 10
MM, 9, 15, 11
MM, 8, 17, 9
MM, 8, 18, 20
MM, 7, 19, 11
MM, 6, 21, 19
MM, 4, 23, 30
MM, 3, 25, 222
MM, 3, 27, 10
MM, 2, 27, 9
MM, 2, 29, 11
MM, 2, 30, 10
MM, 490, 666, 10
MM, 489, 667, 10
MM, 489, 668, 10
MM, 489, 669, 311
MM, 489, 670, 21
MM, 89, 1, 70
MM, 89, 2, 20
MM, 89, 3, 20
MM, 89, 5, 21
MM, 89, 6, 9
MM, 88, 7, 10
MM, 88, 9, 10
MM, 88, 10, 10
MM, 88, 11, 10
MM, 87, 13, 12
MM, 87, 14, 9
MC, 1, 592
MM, 87, 12, 272
MM, 87, 10, 20
MM, 87, 8, 10
MM, 88, 5, 9
MM, 88, 2, 12
MM, 490, 669, 10
MM, 491, 666, 9
MM, 5, 26, 10
MM, 6, 24, 11
MM, 8, 20, 10
MM, 11, 17, 9
MM, 12, 15, 10
MM, 14, 14, 10
MM, 16, 11, 10
MM, 17, 11, 10
MM, 18, 9, 10
MM, 19, 7, 12
MM, 21, 5, 19
MM, 23, 5, 9
MM, 24, 5, 11
MM, 25, 4, 11
MM, 27, 3, 8
MM, 29, 3, 12
MM, 30, 1, 9
MM, 31, 1, 11
MM, 32, 1, 9
MM, 33, 1, 10
MM, 34, 1, 30
MM, 523, 633, 31
MM, 524, 633, 9
MM, 525, 633, 21
MM, 525, 632, 29
MM, 526, 632, 11
MM, 527, 631, 40
MM, 528, 631, 11
MM, 528, 630, 30
MM, 529, 629, 29
MM, 530, 629, 31
MM, 531, 629, 9
MM, 532, 628, 11
MM, 33, 30, 10
MM, 34, 30, 10
MM, 534, 627, 9
MM, 535, 626, 12
MM, 536, 626, 9
MM, 539, 626, 9
MM, 0, 28, 11
MM, 2, 28, 10
MM, 3, 27, 10
MM, 4, 27, 10
MM, 8, 24, 10
MM, 10, 22, 11
MM, 11, 22, 9
MM, 14, 22, 10
MM, 17, 22, 10
MC, 1, 241
MM, 12, 23, 162
MM, 3, 23, 9
MM, 34, 23, 11
MM, 21, 23, 10
MM, 8, 22, 9
MM, 25, 22, 11
MM, 1, 26, 9
MM, 444, 628, 10
MM, 425, 628, 11
MM, 404, 631, 10
MM, 26, 0, 11
MM, 21, 2, 9
MM, 19, 2, 10
MM, 19, 3, 30
MM, 18, 3, 21
MM, 17, 3, 9
MM, 14, 4, 10
MM, 12, 4, 20
MM, 11, 4, 20
MM, 10, 4, 11
MM, 10, 3, 10
MM, 9, 2, 50
MM, 7, 1, 10
MM, 5, 0, 10
MM, 4, 0, 10
MM, 372, 633, 11
MM, 372, 632, 19
MM, 371, 631, 10
MM, 370, 630, 21
MM, 369, 630, 9
MM, 367, 628, 10
MM, 27, 30, 10
MM, 24, 28, 10
MM, 22, 28, 10
MM, 21, 27, 11
MM, 20, 26, 9
MM, 19, 26, 11
MM, 19, 25, 20
MM, 18, 25, 60
MC, 1, 211
MM, 21, 25, 171
MM, 26, 25, 9
MM, 376, 622, 11
MM, 8, 27, 11
MM, 19, 28, 9
MM, 32, 28, 11
MM, 9, 29, 9
MM, 443, 629, 11
MM, 452, 630, 10
MM, 459, 630, 10
MM, 468, 630, 10
MM, 476, 633, 10
MM, 485, 633, 9
MM, 1, 0, 10
MM, 5, 1, 10
MM, 11, 2, 11
MM, 16, 2, 9
MM, 23, 2, 11
MM, 34, 5, 10
MM, 526, 640, 11
MM, 4, 6, 9
MM, 7, 6, 10
MM, 10, 6, 10
MM, 13, 6, 10
MM, 17, 6, 10
MM, 21, 7, 10
MM, 26, 7, 11
MM, 28, 8, 10
MM, 29, 8, 10
MM, 30, 8, 10
MM, 31, 8, 9
MM, 32, 8, 10
MM, 33, 8, 10
MM, 34, 8, 21
MM, 564, 642, 30
MM, 565, 642, 9
MM, 566, 643, 12
MM, 568, 643, 19
MM, 0, 9, 10
MM, 3, 11, 11
MM, 5, 11, 10
MM, 6, 11, 19
MM, 6, 12, 21
MM, 6, 13, 70
MM, 4, 13, 10
MM, 3, 14, 9
MM, 1, 14, 11
MM, 568, 649, 10
MM, 565, 650, 10
MM, 34, 16, 10
MM, 32, 16, 10
MM, 29, 16, 21
MM, 28, 16, 9
MM, 27, 16, 10
MM, 26, 16, 11
MM, 24, 16, 9
MM, 22, 16, 10
MM, 21, 16, 10
MM, 20, 16, 61
MM, 19, 16, 10
MM, 18, 16, 10
MC, 1, 240
MM, 15, 16, 152
MM, 12, 16, 10
MM, 4, 15, 11
MM, 525, 647, 9
MM, 30, 11, 9
MM, 24, 11, 11
MM, 18, 9, 10
MM, 9, 5, 10
MM, 0, 1, 10
MM, 484, 634, 11
MM, 481, 633, 10
MM, 476, 630, 10
MM, 474, 629, 10
MM, 472, 628, 9
MM, 8, 30, 11
MM, 7, 30, 10
MM, 5, 28, 10
MM, 2, 26, 9
MM, 1, 25, 11
MM, 461, 621, 10
MM, 459, 620, 10
MM, 458, 619, 20
MM, 457, 619, 11
MM, 457, 618, 9
MM, 456, 617, 10
MM, 34, 20, 30
MM, 34, 19, 10
MM, 32, 19, 11
MM, 30, 17, 19
MM, 29, 17, 11
MM, 28, 17, 29
MM, 28, 16, 10
MM, 27, 15, 22
MM, 26, 14, 9
MM, 25, 14, 10
MM, 24, 14, 20
MC, 1, 250
MM, 23, 12, 152
MM, 21, 8, 10
MM, 21, 4, 11
MM, 21, 2, 10
MM, 441, 596, 9
MM, 440, 594, 10
MM, 440, 593, 10
MM, 24, 30, 11
MM, 22, 29, 9
MM, 22, 27, 11
MM, 22, 26, 20
MM, 21, 26, 9
MM, 21, 25, 10
MM, 21, 24, 11
MM, 20, 24, 81
MM, 20, 23, 19
MC, 1, 191
MM, 20, 26, 221
MM, 20, 27, 10
MM, 20, 28, 11
MM, 20, 29, 10
MM, 435, 592, 9
MM, 435, 593, 21
MM, 435, 595, 10
MM, 14, 0, 10
MM, 14, 3, 10
MM, 14, 5, 10
MM, 14, 8, 9
MM, 14, 9, 10
MM, 14, 10, 11
MM, 14, 9, 90
MC, 1, 151
MM, 17, 9, 191
MM, 22, 9, 10
MM, 30, 9, 10
MM, 461, 606, 10
MM, 6, 10, 11
MM, 20, 12, 10
MM, 0, 13, 9
MM, 12, 14, 10
MM, 22, 16, 11
MM, 1, 17, 10
MM, 14, 18, 10
MM, 24, 20, 9
MM, 575, 620, 11
MM, 10, 28, 10
MM, 18, 28, 9
MM, 24, 28, 10
MM, 27, 28, 11
MM, 30, 28, 10
MM, 614, 626, 10
MM, 617, 626, 9
MM, 620, 628, 11
MM, 624, 629, 10
MM, 627, 631, 10
MM, 629, 632, 10
MM, 16, 0, 10
MM, 18, 2, 10
MM, 20, 3, 11
MM, 21, 4, 9
MM, 22, 4, 11
MM, 22, 5, 160
MM, 23, 6, 30
MM, 23, 7, 21
MM, 24, 7, 9
MM, 25, 8, 21
MM, 26, 8, 9
MM, 27, 10, 10
MM, 28, 10, 20
MM, 29, 10, 10
MM, 647, 645, 20
MM, 649, 646, 11
MM, 650, 646, 21
MM, 0, 12, 9
MM, 1, 12, 50
MM, 2, 12, 11
MM, 3, 12, 9
MM, 3, 14, 41
MM, 3, 16, 9
MC, 1, 271
MM, 649, 636, 161
MM, 17, 15, 11
MM, 606, 574, 9
MM, 581, 516, 11
MM, 302, 65, 10
MM, 271, 4, 10
MM, 494, 373, 10
MM, 214, 47, 11
MM, 192, 4, 8
MM, 430, 259, 10
MM, 392, 172, 283
MM, 382, 152, 10
MM, 365, 125, 10
MM, 358, 114, 9
MM, 352, 105, 10
MM, 350, 102, 10
MM, 349, 99, 10
MM, 347, 99, 10
MM, 346, 97, 11
MM, 343, 95, 10
MM, 342, 94, 11
MM, 340, 94, 8
MM, 339, 94, 11
MM, 336, 94, 10
MM, 334, 94, 21
MM, 333, 95, 11
MM, 332, 95, 8
MM, 330, 95, 10
MM, 329, 95, 20
MM, 326, 95, 11
MM, 324, 95, 9
MM, 321, 95, 10
MM, 319, 95, 11
MM, 317, 95, 20
MM, 316, 95, 20
MM, 325, 122, 1386
MM, 348, 131, 10
MM, 390, 154, 10
MM, 427, 172, 10
MM, 591, 270, 30
MM, 377, 25, 10
MM, 415, 48, 10
MM, 433, 66, 10
MM, 449, 82, 10
MM, 705, 375, 10
MM, 705, 379, 10
MM, 707, 383, 192
MM, 711, 390, 10
MM, 471, 3, 10
MM, 483, 29, 10
MM, 500, 60, 10
MM, 517, 87, 11
MM, 774, 512, 10
MM, 798, 565, 60
MM, 799, 566, 10
MM, 800, 566, 20
MM, 798, 558, 9
MM, 798, 559, 171
MM, 799, 564, 11
MM, 801, 571, 10
MM, 802, 579, 11
MM, 802, 589, 9
MM, 806, 604, 10
MM, 806, 608, 10
MM, 806, 611, 10
MM, 36, 2, 10
MM, 36, 5, 10
MM, 36, 6, 11
MM, 36, 8, 30
MM, 36, 9, 19
MM, 36, 10, 31
MM, 36, 12, 9
MM, 36, 13, 72
MM, 35, 13, 19
MM, 35, 14, 20
MM, 35, 15, 30
