**********************************
LOGGING TIME: 20181015_000238
CLIENT IP: 192.168.56.1
USERNAME: user-pc
OS: Windows 10
*********************Neutral database**********************************
MM, 24, 19, 1537598292173
MM, 94, 28, 20
MM, 82, 0, 10
MM, 147, 26, 441
MM, 138, 18, 11
MM, 131, 8, 10
MM, 129, 5, 10
MM, 127, 3, 10
MM, 125, 2, 10
MM, 122, 0, 90
MM, 124, 0, 10971
MM, 133, 2, 9
MM, 150, 6, 10
MM, 167, 13, 10
MC, 1, 6462
MM, 310, 0, 20469
MM, 308, 3, 10
MM, 306, 4, 10
MM, 304, 6, 10
MM, 304, 8, 10
MM, 303, 8, 10
MM, 303, 9, 10
MM, 301, 10, 10
MM, 301, 11, 10
MM, 300, 12, 20
MM, 298, 12, 11
MM, 296, 18, 10
MM, 294, 18, 9
MC, 1, 321
MM, 296, 19, 684
MM, 311, 25, 10
MM, 323, 29, 10
MM, 336, 36, 10
MM, 360, 52, 11
MM, 381, 62, 10
MM, 10, 11, 1708
MM, 0, 4, 30
MM, 21, 4, 9
MM, 15, 31, 604
MM, 7, 24, 10
MM, 2, 22, 10
MM, 43, 18, 30
MM, 43, 17, 10
MM, 0, 17, 151
MM, 2, 17, 20
MM, 3, 17, 10
MM, 5, 17, 10
MM, 7, 19, 10
MM, 9, 19, 10
MM, 11, 19, 10
MM, 13, 19, 11
MM, 14, 19, 19
MM, 15, 19, 10
MM, 16, 19, 11
MM, 19, 19, 29
MC, 1, 211
MM, 23, 20, 191
MM, 34, 21, 11
MM, 40, 21, 9
MM, 3, 21, 21
MM, 12, 24, 9
MM, 19, 24, 10
MM, 26, 24, 11
MM, 29, 24, 9
MM, 33, 24, 11
MM, 36, 24, 10
MM, 39, 24, 10
MC, 1, 793
MM, 21, 4, 192
MM, 38, 20, 9
MM, 6, 3, 20
MM, 26, 10, 11
MM, 40, 21, 10
MM, 4, 29, 20
MM, 21, 9, 30
MM, 29, 10, 10
MM, 37, 14, 10
MM, 41, 15, 10
MM, 1, 24, 20
MM, 4, 26, 10
MM, 6, 28, 10
MM, 8, 28, 10
MM, 9, 29, 10
MM, 10, 29, 21
MM, 10, 30, 29
MM, 11, 29, 262
MM, 11, 28, 20
MM, 13, 27, 20
MM, 13, 26, 20
MM, 14, 26, 20
MM, 14, 25, 20
MM, 15, 24, 10
MM, 15, 23, 10
MC, 1, 312
MM, 14, 23, 231
MM, 12, 23, 10
MM, 10, 23, 11
MM, 7, 23, 9
MM, 3, 23, 10
MM, 42, 25, 11
MM, 33, 25, 9
MM, 27, 25, 11
MM, 18, 25, 10
MM, 9, 27, 9
MM, 40, 30, 21
MM, 34, 30, 10
MM, 30, 31, 10
MM, 203, 1, 40
MM, 202, 1, 11
MM, 202, 2, 30
MM, 201, 3, 49
MM, 199, 4, 10
MM, 198, 5, 10
MM, 196, 7, 11
MM, 195, 7, 20
MM, 194, 8, 9
MM, 193, 9, 11
MM, 192, 9, 20
MM, 191, 10, 10
MM, 190, 10, 10
MM, 188, 10, 10
MM, 186, 12, 10
MM, 184, 13, 11
MM, 183, 13, 9
MM, 182, 13, 21
MM, 180, 13, 79
MC, 1, 262
MM, 180, 12, 261
MM, 182, 7, 10
MM, 184, 4, 10
MM, 185, 1, 10
MM, 0, 30, 20
MM, 4, 25, 11
MM, 8, 19, 10
MM, 12, 15, 10
MM, 15, 8, 10
MM, 20, 1, 10
MM, 21, 31, 20
MM, 24, 29, 9
MM, 25, 25, 11
MM, 27, 23, 11
MM, 29, 21, 9
MM, 30, 18, 10
MM, 35, 14, 11
MM, 36, 12, 9
MM, 39, 8, 10
MM, 39, 5, 10
MM, 41, 5, 10
MM, 42, 3, 10
MM, 43, 2, 10
MM, 13, 31, 101
MM, 13, 30, 20
MM, 14, 29, 20
MM, 15, 29, 10
MM, 15, 28, 20
MM, 15, 27, 10
MM, 16, 27, 10
MM, 18, 25, 20
MM, 18, 24, 10
MM, 20, 23, 11
MM, 21, 22, 19
MM, 22, 21, 10
MM, 23, 21, 10
MM, 23, 20, 10
MM, 25, 18, 10
MM, 26, 18, 21
MM, 26, 17, 30
MM, 27, 17, 51
MC, 1, 651
MM, 26, 18, 313
MM, 24, 19, 10
MM, 20, 22, 10
MM, 14, 30, 10
MM, 36, 6, 21
MM, 31, 12, 9
MM, 26, 18, 10
MM, 22, 21, 10
MM, 19, 24, 10
MM, 17, 26, 11
MM, 6, 2, 30
MM, 4, 3, 10
MM, 43, 11, 70
MM, 43, 12, 10
MM, 42, 12, 20
MM, 42, 13, 10
MM, 41, 13, 20
MM, 40, 13, 10
MM, 39, 13, 30
MM, 39, 14, 21
MM, 38, 14, 39
MM, 37, 14, 10
MC, 1, 191
MM, 33, 17, 161
MM, 28, 19, 10
MM, 22, 20, 11
MM, 16, 23, 10
MM, 2, 24, 9
MM, 38, 28, 10
MM, 26, 30, 10
MM, 43, 0, 352
MM, 43, 4, 10
MM, 43, 7, 10
MM, 43, 9, 10
MM, 43, 10, 11
MM, 43, 11, 9
MM, 43, 12, 10
MC, 1, 241
MM, 41, 11, 151
MM, 37, 8, 10
MM, 36, 6, 11
MM, 33, 4, 9
MM, 35, 25, 21
MM, 33, 22, 9
MM, 32, 20, 10
MM, 29, 17, 10
MM, 26, 17, 11
MM, 26, 15, 10
MM, 22, 12, 10
MM, 21, 11, 10
MM, 20, 10, 10
MM, 19, 9, 11
MM, 19, 8, 19
MM, 18, 8, 40
MM, 15, 4, 10
MC, 1, 190
MM, 12, 4, 152
MM, 9, 4, 10
MM, 5, 5, 10
MM, 1, 5, 10
MM, 39, 5, 41
MM, 34, 5, 9
MM, 31, 5, 11
MM, 26, 4, 10
MM, 23, 4, 10
MM, 21, 3, 10
MM, 19, 3, 9
MM, 18, 3, 11
MM, 16, 3, 10
MM, 15, 3, 21
MM, 14, 3, 9
MM, 13, 3, 10
MM, 13, 2, 10
MM, 11, 1, 11
MM, 10, 1, 19
MM, 9, 1, 40
MM, 8, 0, 21
MM, 7, 0, 9
MM, 6, 0, 10
MM, 41, 30, 61
MM, 39, 30, 11
MM, 38, 30, 9
MM, 38, 29, 10
MM, 37, 29, 10
MM, 35, 28, 10
MM, 34, 28, 10
MM, 33, 28, 20
MM, 32, 27, 20
MM, 31, 27, 31
MM, 30, 24, 20
MC, 1, 210
MM, 31, 24, 171
MM, 32, 24, 10
MM, 37, 24, 10
MM, 43, 24, 10
MM, 1, 24, 10
MM, 7, 25, 11
MM, 20, 27, 10
MM, 38, 27, 10
MM, 2, 27, 9
MM, 17, 28, 10
MM, 37, 4, 41
MM, 9, 14, 20
MM, 15, 14, 10
MM, 24, 23, 11
MM, 33, 24, 9
MM, 37, 25, 11
MM, 0, 29, 29
MM, 2, 30, 11
MM, 3, 30, 9
MM, 6, 31, 10
MM, 8, 31, 11
MM, 19, 30, 663
MM, 19, 29, 10
MM, 19, 26, 10
MM, 19, 25, 10
MM, 19, 24, 10
MM, 19, 22, 10
MM, 19, 21, 10
MM, 19, 20, 100
MC, 1, 181
MM, 15, 20, 151
MM, 11, 20, 10
MM, 28, 17, 20
MM, 20, 4, 21
MM, 41, 28, 50
MM, 37, 27, 10
MM, 32, 27, 10
MM, 30, 27, 10
MM, 28, 27, 10
MM, 27, 27, 40
MM, 26, 27, 11
MM, 25, 27, 19
MM, 24, 27, 10
MM, 23, 28, 10
MM, 21, 28, 10
MM, 20, 28, 10
MM, 19, 28, 10
MM, 18, 28, 10
MM, 16, 28, 11
MM, 14, 28, 10
MM, 12, 28, 9
MM, 10, 28, 10
MM, 8, 27, 10
MM, 5, 27, 11
MM, 0, 27, 10
MM, 41, 25, 30
MM, 39, 25, 10
MM, 37, 25, 11
MM, 36, 25, 9
MM, 34, 24, 10
MM, 32, 24, 10
MM, 31, 24, 11
MM, 30, 24, 10
MM, 28, 24, 9
MM, 27, 24, 21
MM, 25, 24, 19
MC, 1, 211
MM, 26, 24, 161
MM, 31, 23, 11
MM, 33, 23, 9
MM, 36, 23, 10
MM, 43, 25, 10
MM, 0, 25, 10
MM, 4, 25, 10
MM, 10, 25, 10
MM, 14, 25, 10
MM, 17, 25, 10
MM, 24, 26, 10
MM, 28, 26, 11
MM, 33, 26, 10
MM, 38, 25, 10
MM, 40, 25, 10
MM, 43, 25, 10
MM, 0, 26, 30
MM, 4, 29, 11
MM, 7, 29, 9
MM, 9, 29, 11
MM, 9, 30, 9
MM, 10, 30, 21
MM, 11, 30, 80
MM, 12, 30, 10
MM, 13, 30, 10
MC, 1, 290
MM, 10, 29, 193
MM, 7, 29, 10
MM, 2, 26, 10
MM, 43, 23, 29
MM, 40, 23, 11
MM, 38, 22, 9
MM, 33, 21, 11
MM, 26, 20, 9
MM, 23, 20, 10
MM, 16, 20, 10
MM, 11, 19, 11
MM, 8, 19, 10
MM, 2, 17, 10
MM, 0, 17, 10
MM, 42, 17, 30
MM, 41, 17, 11
MM, 38, 17, 10
MM, 38, 18, 10
MM, 37, 19, 11
MM, 35, 19, 18
MM, 34, 19, 30
MM, 34, 20, 31
MM, 33, 20, 10
MM, 32, 20, 20
MM, 31, 20, 20
MM, 29, 19, 60
MC, 1, 240
MM, 35, 20, 182
MM, 4, 28, 20
MM, 21, 28, 10
MM, 36, 0, 11
MM, 4, 12, 19
MM, 12, 16, 11
MM, 21, 21, 10
MM, 28, 24, 10
MM, 35, 2, 30
MM, 38, 3, 10
MM, 39, 3, 10
MM, 41, 5, 10
MM, 43, 6, 10
MM, 45, 7, 10
MM, 48, 7, 10
MM, 49, 7, 11
MM, 50, 7, 9
MM, 51, 8, 21
MM, 53, 8, 10
MM, 54, 9, 20
MM, 55, 9, 10
MM, 55, 10, 30
MM, 56, 10, 40
MM, 57, 10, 90
MM, 58, 10, 11
MM, 59, 10, 9
MM, 60, 10, 20
MM, 61, 10, 11
MM, 62, 10, 10
MM, 64, 10, 9
MM, 67, 10, 10
MM, 70, 10, 11
MM, 72, 10, 10
MM, 74, 10, 10
MM, 77, 10, 10
MM, 80, 10, 10
MM, 86, 8, 10
MM, 93, 8, 10
MM, 100, 8, 10
MM, 104, 8, 10
MM, 111, 7, 11
MM, 116, 6, 10
MM, 127, 5, 9
MM, 132, 3, 11
MM, 136, 2, 9
MM, 41, 27, 282
MM, 10, 26, 19
MM, 19, 26, 11
MM, 29, 22, 10
MM, 36, 22, 10
MM, 40, 21, 10
MM, 42, 21, 10
MM, 0, 19, 40
MM, 1, 19, 10
MM, 3, 18, 30
MM, 4, 17, 11
MM, 5, 17, 9
MM, 6, 16, 10
MM, 8, 18, 11
MC, 1, 341
MM, 6, 18, 121
MM, 2, 20, 10
MM, 43, 24, 20
MM, 31, 30, 10
MM, 23, 31, 10
MM, 18, 31, 10
MM, 191, 5, 20
MM, 186, 8, 10
MM, 179, 8, 10
MM, 176, 9, 11
MM, 170, 12, 9
MM, 165, 15, 10
MM, 162, 15, 10
MM, 159, 17, 11
MM, 158, 18, 10
MM, 156, 18, 10
MM, 155, 18, 10
MM, 154, 20, 10
MM, 153, 20, 9
MM, 153, 21, 11
MM, 152, 21, 19
MM, 151, 21, 11
MM, 149, 23, 10
MM, 148, 24, 20
MM, 147, 24, 10
MM, 146, 24, 10
MM, 144, 24, 10
MM, 143, 24, 10
MM, 143, 25, 11
MM, 142, 25, 9
MM, 141, 26, 21
MM, 140, 26, 59
MM, 137, 26, 11
MC, 1, 190
MM, 136, 24, 161
MM, 133, 18, 10
MM, 131, 8, 10
MM, 35, 17, 20
MM, 32, 6, 11
MM, 32, 28, 10
MM, 29, 15, 10
MM, 27, 4, 10
MC, 1, 702
MM, 1, 30, 122
MM, 8, 0, 20
MM, 15, 0, 10
MM, 18, 2, 10
MM, 21, 2, 11
MM, 23, 4, 10
MM, 23, 5, 9
MM, 23, 6, 11
MM, 24, 6, 9
MM, 25, 6, 11
MM, 25, 7, 39
MM, 25, 8, 40
MM, 25, 9, 11
MC, 1, 221
MM, 21, 9, 111
MM, 13, 9, 10
MM, 5, 9, 10
MM, 23, 7, 20
MM, 7, 4, 10
MM, 39, 2, 10
MC, 1, 532
MM, 25, 0, 181
MM, 34, 7, 11
MM, 43, 16, 9
MM, 5, 31, 11
MM, 13, 0, 9
MM, 20, 9, 10
MM, 28, 20, 10
MM, 30, 23, 10
MM, 32, 25, 10
MM, 33, 25, 11
MM, 34, 27, 9
MM, 34, 28, 11
MM, 34, 29, 10
MM, 35, 29, 10
MM, 36, 31, 10
MM, 81, 0, 140
MM, 81, 1, 21
MM, 82, 2, 30
MM, 82, 3, 9
MM, 82, 4, 11
MM, 82, 5, 20
MM, 83, 5, 20
MM, 83, 6, 110
MM, 84, 8, 30
MM, 84, 9, 81
MC, 1, 301
MM, 86, 10, 131
MM, 89, 10, 10
MM, 94, 10, 10
MM, 102, 10, 10
MM, 117, 10, 10
MM, 127, 10, 11
MM, 137, 9, 10
MM, 148, 4, 9
MM, 157, 2, 11
MM, 163, 2, 10
MM, 166, 2, 10
MM, 168, 2, 10
MM, 169, 1, 10
MM, 172, 1, 10
MM, 173, 1, 10
MM, 174, 1, 20
MM, 177, 0, 10
MM, 4, 31, 60
MM, 6, 30, 11
MM, 8, 29, 10
MM, 9, 29, 9
MM, 10, 28, 61
MM, 11, 27, 30
MM, 12, 27, 10
MM, 13, 26, 10
MM, 15, 25, 10
MM, 16, 23, 10
MM, 19, 23, 10
MM, 21, 22, 10
MM, 22, 22, 10
MM, 23, 22, 20
MM, 24, 21, 10
MC, 1, 231
MM, 25, 20, 141
MM, 26, 18, 11
MM, 30, 12, 9
MM, 36, 7, 10
MM, 2, 29, 20
MM, 12, 22, 10
MM, 22, 16, 10
MM, 41, 4, 10
MM, 0, 27, 40
MM, 1, 26, 10
MM, 3, 25, 11
MM, 4, 24, 10
MM, 5, 24, 30
MM, 4, 24, 151
MM, 3, 24, 10
MM, 2, 24, 10
MM, 32, 24, 30
MM, 29, 24, 10
MM, 25, 22, 10
MM, 23, 22, 11
MM, 22, 22, 10
MM, 21, 21, 9
MM, 19, 21, 11
MM, 18, 20, 19
MM, 17, 20, 20
MM, 16, 20, 20
MC, 1, 221
MM, 10, 21, 131
MM, 12, 27, 20
MM, 34, 27, 10
MM, 16, 27, 20
MM, 39, 4, 393
MM, 36, 6, 10
MM, 33, 8, 10
MM, 32, 8, 10
MM, 31, 9, 10
MM, 30, 9, 9
MM, 29, 9, 10
MM, 28, 9, 11
MM, 27, 6, 20
MC, 1, 260
MM, 28, 6, 132
MM, 32, 6, 9
MM, 38, 5, 11
MM, 5, 3, 19
MC, 1, 643
MM, 10, 4, 192
MM, 8, 12, 10
MM, 8, 21, 10
MM, 4, 1, 20
MM, 4, 4, 10
MM, 4, 7, 10
MM, 3, 9, 11
MM, 2, 12, 9
MM, 2, 15, 10
MM, 2, 17, 11
MM, 0, 23, 9
MM, 0, 26, 11
MM, 0, 30, 10
MM, 90, 0, 50
MM, 90, 1, 10
MC, 1, 392
MM, 90, 3, 150
MM, 90, 5, 10
MM, 90, 9, 10
MM, 90, 11, 10
MM, 90, 12, 10
MM, 90, 14, 11
MM, 90, 16, 9
MM, 90, 19, 10
MM, 90, 21, 10
MM, 90, 23, 11
MM, 90, 25, 10
MM, 90, 26, 10
MM, 90, 29, 10
MM, 90, 30, 10
MM, 90, 31, 30
MM, 91, 31, 262
MM, 94, 31, 9
MM, 97, 29, 10
MM, 100, 28, 11
MM, 104, 27, 9
MM, 110, 24, 10
MM, 121, 16, 11
MM, 132, 12, 10
MM, 145, 4, 10
MM, 27, 31, 20
MM, 4, 24, 20
MM, 8, 21, 11
MM, 13, 18, 9
MM, 15, 16, 10
MM, 18, 16, 10
MM, 20, 14, 10
MM, 22, 13, 10
MM, 26, 10, 10
MM, 30, 8, 11
MM, 36, 6, 10
MM, 40, 5, 10
MM, 6, 31, 19
MM, 11, 29, 10
MM, 22, 29, 10
MM, 26, 28, 10
MM, 31, 26, 11
MM, 35, 26, 10
MM, 40, 23, 10
MM, 43, 23, 10
MM, 3, 23, 41
MM, 7, 23, 9
MM, 12, 23, 10
MM, 14, 23, 10
MM, 16, 21, 10
MM, 21, 18, 10
MM, 22, 16, 20
MM, 23, 15, 10
MM, 25, 14, 10
MM, 26, 11, 11
MM, 27, 9, 9
MM, 29, 6, 10
MM, 31, 3, 12
MM, 15, 29, 18
MM, 17, 27, 10
MM, 18, 26, 11
MM, 18, 24, 10
MM, 21, 20, 10
MM, 21, 18, 20
MM, 21, 16, 10
MM, 21, 15, 50
MM, 21, 14, 20
MC, 1, 242
MM, 19, 14, 160
MM, 13, 14, 11
MM, 4, 19, 10
MM, 34, 21, 9
MM, 18, 26, 10
MM, 9, 30, 21
MM, 36, 0, 70
MM, 32, 0, 10
MC, 1, 813
MM, 10, 17, 212
MM, 19, 17, 10
MM, 30, 17, 10
MM, 6, 17, 20
MM, 16, 17, 11
MM, 24, 17, 9
MM, 32, 19, 10
MM, 1, 20, 20
MM, 4, 21, 11
MM, 6, 21, 10
MM, 9, 21, 10
MM, 10, 21, 10
MM, 11, 22, 10
MM, 11, 23, 10
MM, 12, 23, 10
MM, 14, 23, 9
MM, 15, 23, 21
MM, 17, 23, 10
MM, 19, 23, 10
MM, 25, 23, 10
MM, 27, 23, 10
MM, 31, 23, 10
MM, 33, 23, 10
MM, 3, 22, 40
MM, 9, 21, 10
MM, 12, 21, 11
MM, 14, 21, 9
MM, 14, 20, 10
MM, 16, 20, 10
MM, 17, 20, 20
MM, 18, 17, 71
MC, 1, 240
MM, 11, 17, 101
MM, 3, 19, 10
MM, 35, 21, 10
MM, 24, 22, 10
MM, 32, 30, 21
MM, 33, 6, 40
MM, 17, 10, 10
MM, 8, 10, 10
MM, 0, 10, 10
MM, 43, 14, 10
MM, 35, 16, 11
MM, 28, 18, 10
MM, 24, 19, 9
MM, 20, 19, 11
MM, 14, 21, 9
MM, 12, 22, 10
MM, 7, 22, 10
MM, 3, 22, 11
MM, 42, 23, 30
MM, 39, 23, 10
MM, 38, 23, 10
MM, 34, 23, 10
MM, 32, 23, 11
MM, 31, 23, 9
MM, 29, 23, 10
MM, 28, 23, 60
MM, 27, 22, 10
MM, 26, 22, 11
MM, 26, 20, 80
MM, 26, 19, 10
MC, 1, 221
MM, 30, 20, 140
MM, 35, 19, 10
MM, 42, 18, 10
MM, 3, 17, 21
MM, 14, 12, 10
MM, 21, 10, 10
MM, 28, 8, 10
MM, 38, 8, 10
MM, 6, 0, 20
MM, 6, 28, 70
MM, 10, 27, 10
MM, 13, 26, 11
MM, 17, 24, 9
MM, 20, 23, 10
MM, 23, 23, 10
MM, 24, 22, 10
MM, 28, 21, 11
MM, 30, 20, 9
MM, 33, 20, 10
MM, 34, 19, 11
MM, 35, 19, 10
MM, 36, 19, 10
MM, 38, 19, 10
MM, 40, 19, 10
MM, 43, 19, 10
MM, 1, 19, 30
MM, 5, 16, 10
MM, 8, 16, 10
MM, 10, 16, 10
MM, 12, 16, 10
MM, 13, 16, 20
MM, 14, 16, 10
MM, 14, 14, 30
MC, 1, 221
MM, 11, 15, 111
MM, 4, 19, 10
MM, 31, 24, 20
MM, 29, 6, 20
MM, 10, 19, 10
MM, 39, 30, 10
MM, 10, 0, 20
MM, 41, 7, 20
MM, 38, 8, 10
MM, 33, 11, 10
MM, 32, 13, 11
MC, 1, 451
MM, 33, 12, 161
MM, 35, 10, 10
MM, 39, 8, 11
MM, 41, 7, 10
MM, 8, 29, 30
MM, 14, 22, 10
MM, 19, 19, 10
MM, 22, 14, 10
MM, 25, 13, 10
MM, 28, 11, 10
MM, 30, 10, 10
MM, 32, 7, 10
MM, 33, 6, 11
MM, 38, 2, 9
MM, 41, 0, 11
MC, 1, 451
MM, 8, 24, 211
MM, 15, 23, 10
MM, 21, 23, 11
MM, 33, 20, 9
MM, 40, 20, 11
MM, 43, 20, 9
MM, 0, 20, 31
MM, 3, 20, 10
MM, 4, 20, 10
MM, 5, 20, 20
MM, 6, 20, 11
MM, 7, 20, 9
MM, 9, 20, 10
MM, 10, 19, 10
MM, 12, 19, 10
MM, 14, 20, 11
MM, 15, 20, 10
MM, 16, 20, 10
MM, 18, 20, 9
MM, 21, 20, 11
MM, 22, 21, 9
MM, 24, 22, 11
MM, 26, 22, 10
MM, 29, 22, 9
MM, 32, 22, 11
MM, 36, 23, 10
MM, 39, 23, 10
MM, 41, 23, 10
MM, 42, 23, 10
MM, 2, 23, 40
MM, 10, 20, 10
MM, 12, 19, 10
MM, 14, 18, 10
MC, 1, 300
MM, 10, 20, 142
MM, 4, 22, 11
MM, 26, 29, 20
MM, 34, 0, 19
MM, 19, 3, 11
MM, 5, 3, 10
MM, 39, 13, 20
MM, 28, 17, 10
MM, 23, 19, 10
MM, 17, 22, 10
MM, 15, 24, 10
MM, 12, 24, 10
MM, 11, 25, 10
MM, 9, 28, 11
MM, 8, 28, 9
MM, 7, 28, 20
MM, 6, 29, 10
MM, 4, 30, 71
MM, 4, 31, 10
MM, 43, 0, 100
MM, 41, 1, 11
MM, 40, 3, 9
MM, 39, 4, 10
MM, 38, 5, 20
MM, 37, 6, 10
MM, 36, 7, 20
MM, 36, 8, 11
MM, 35, 8, 10
MM, 35, 6, 10
MC, 1, 260
MM, 34, 6, 151
MM, 32, 5, 10
MM, 28, 0, 11
MM, 18, 30, 20
MM, 11, 22, 10
MM, 39, 0, 40
MC, 1, 552
MM, 23, 17, 181
MM, 26, 30, 10
MM, 30, 5, 11
MM, 26, 0, 20
MM, 29, 6, 10
MM, 29, 9, 10
MM, 31, 13, 10
MM, 32, 15, 10
MM, 32, 20, 10
MM, 32, 21, 10
MM, 32, 24, 10
MM, 32, 26, 11
MM, 33, 28, 10
MM, 33, 30, 9
MM, 33, 31, 11
MM, 33, 33, 9
MM, 33, 34, 10
MM, 33, 35, 11
MM, 34, 39, 10
MM, 34, 40, 10
MM, 33, 40, 673
MM, 33, 38, 10
MM, 33, 34, 10
MM, 33, 33, 10
MM, 33, 32, 10
MM, 33, 30, 10
MM, 33, 31, 60
MC, 1, 231
MM, 33, 30, 151
MM, 33, 29, 10
MM, 32, 27, 10
MM, 31, 23, 10
MM, 29, 19, 10
MM, 25, 10, 10
MM, 30, 27, 21
MM, 30, 14, 10
MM, 28, 3, 10
MM, 27, 25, 20
MM, 27, 22, 10
MM, 27, 19, 10
MM, 27, 16, 10
MM, 25, 14, 10
MM, 24, 14, 30
MC, 1, 281
MM, 20, 14, 111
MM, 10, 15, 10
MM, 3, 17, 10
MM, 39, 18, 20
MM, 18, 18, 10
MM, 10, 19, 10
MM, 1, 19, 10
MM, 36, 19, 20
MM, 33, 19, 10
MM, 31, 18, 10
MM, 29, 18, 10
MM, 26, 17, 10
MM, 26, 16, 10
MM, 24, 16, 10
MM, 23, 16, 10
MM, 21, 13, 20
MC, 1, 251
MM, 29, 13, 161
MM, 41, 11, 10
MM, 5, 9, 10
MM, 29, 9, 11
MM, 10, 15, 90
MM, 29, 13, 10
MM, 39, 13, 10
MM, 4, 15, 20
MM, 7, 16, 10
MM, 9, 16, 10
MM, 10, 17, 10
MM, 10, 19, 10
MM, 9, 19, 282
MM, 6, 19, 10
MM, 4, 19, 10
MM, 41, 18, 20
MM, 36, 18, 10
MM, 34, 18, 10
MM, 31, 18, 9
MM, 30, 17, 11
MM, 29, 17, 10
MM, 29, 16, 9
MM, 28, 16, 10
MM, 27, 16, 21
MM, 23, 16, 19
MC, 1, 222
MM, 23, 17, 141
MM, 23, 19, 10
MM, 21, 23, 10
MM, 6, 0, 10
MM, 3, 7, 10
MM, 3, 17, 10
MM, 40, 16, 51
MM, 38, 23, 10
MM, 37, 26, 10
MM, 37, 27, 10
MM, 35, 31, 10
MM, 123, 8, 41
MM, 122, 11, 9
MM, 121, 12, 20
MM, 120, 13, 10
MM, 120, 14, 10
MM, 119, 17, 10
MM, 118, 18, 10
MM, 118, 20, 10
MM, 116, 22, 10
MM, 116, 24, 70
MM, 115, 25, 10
MM, 113, 27, 21
MM, 113, 28, 9
MC, 1, 352
MM, 117, 25, 191
MM, 119, 23, 10
MM, 121, 21, 10
MM, 130, 16, 10
MM, 137, 12, 10
MM, 144, 9, 10
MM, 153, 5, 10
MM, 0, 31, 20
MM, 11, 25, 10
MM, 32, 14, 10
MM, 21, 30, 30
MM, 27, 26, 11
MM, 32, 22, 10
MM, 34, 21, 11
MM, 36, 18, 9
MM, 36, 17, 10
MM, 37, 16, 10
MM, 37, 15, 20
MM, 37, 13, 30
MM, 37, 12, 20
MM, 37, 9, 10
MM, 37, 8, 10
MM, 36, 4, 11
MM, 34, 3, 10
MM, 32, 1, 9
MM, 31, 0, 10
MM, 1, 25, 182
MM, 1, 24, 19
MM, 2, 24, 10
MM, 4, 24, 20
MC, 1, 271
MM, 1, 25, 141
MM, 26, 28, 20
MM, 15, 28, 11
MM, 6, 28, 10
MM, 43, 3, 40
MM, 33, 5, 10
MM, 24, 5, 10
MM, 16, 5, 10
MM, 10, 6, 10
MM, 2, 9, 10
MM, 46, 11, 20
MM, 44, 12, 10
MM, 41, 12, 10
MM, 39, 12, 11
MM, 37, 12, 10
MM, 33, 12, 9
MM, 31, 12, 10
MM, 28, 13, 10
MM, 27, 14, 10
MM, 25, 14, 11
MM, 24, 14, 20
MM, 21, 14, 10
MM, 20, 16, 10
MM, 18, 16, 10
MM, 15, 17, 10
MM, 12, 18, 10
MM, 7, 21, 10
MM, 3, 21, 10
MM, 0, 21, 10
MM, 42, 22, 31
MM, 40, 22, 9
MM, 39, 22, 11
MM, 37, 22, 9
MM, 36, 22, 11
MM, 36, 21, 10
MC, 1, 321
MM, 38, 23, 151
MM, 42, 25, 10
MM, 10, 2, 30
MM, 24, 14, 10
MM, 30, 21, 10
MM, 35, 27, 10
MM, 137, 1, 30
MM, 140, 5, 10
MM, 141, 6, 10
MM, 143, 8, 11
MM, 144, 8, 9
MM, 144, 9, 20
MM, 144, 10, 91
MM, 144, 11, 120
MM, 144, 12, 20
MM, 144, 13, 51
MM, 144, 14, 19
MM, 144, 15, 21
MM, 144, 16, 10
MM, 144, 17, 71
MM, 143, 17, 10
MC, 1, 199
MM, 139, 9, 172
MM, 39, 9, 29
MM, 34, 28, 11
MM, 32, 14, 11
MM, 27, 4, 9
MC, 1, 401
MM, 0, 2, 242
MM, 1, 4, 11
MM, 2, 4, 10
MM, 4, 7, 9
MM, 6, 7, 11
MM, 7, 9, 10
MM, 9, 9, 10
MM, 9, 10, 10
MM, 9, 11, 9
MM, 10, 12, 21
MM, 12, 12, 10
MC, 1, 200
MM, 11, 12, 131
MM, 6, 12, 11
MM, 45, 11, 20
MM, 34, 6, 10
MM, 18, 2, 9
MC, 1, 553
MM, 29, 5, 211
MM, 32, 13, 10
MM, 33, 25, 10
MM, 36, 2, 10
MM, 40, 11, 11
MM, 41, 17, 9
MM, 43, 20, 11
MM, 40, 1, 40
MM, 41, 3, 10
MM, 42, 5, 10
MM, 42, 6, 10
MM, 42, 7, 11
MM, 43, 9, 9
MM, 43, 10, 20
MM, 43, 11, 61
MM, 43, 12, 321
MM, 43, 13, 10
MM, 44, 17, 10
MM, 44, 18, 10
MM, 45, 21, 10
MM, 45, 23, 11
MM, 45, 24, 9
MM, 45, 26, 10
MM, 45, 28, 10
MM, 45, 29, 21
MM, 46, 29, 59
MC, 1, 190
MM, 45, 28, 152
MM, 42, 24, 10
MM, 38, 18, 10
MM, 32, 12, 11
MM, 15, 18, 19
MM, 43, 24, 20
MM, 36, 15, 11
MM, 31, 5, 10
MC, 1, 732
MM, 25, 9, 252
MM, 5, 10, 20
MM, 14, 10, 10
MM, 22, 9, 10
MM, 28, 8, 11
MM, 33, 9, 9
MM, 34, 9, 21
MM, 35, 10, 10
MM, 36, 10, 11
MM, 37, 10, 9
MM, 38, 10, 11
MM, 39, 10, 18
MM, 40, 10, 21
MM, 41, 10, 20
MM, 42, 10, 10
MM, 43, 10, 10
MM, 3, 11, 41
MM, 4, 11, 9
MM, 5, 12, 10
MM, 6, 12, 11
MM, 7, 12, 10
MM, 9, 12, 19
MM, 10, 13, 20
MM, 11, 13, 11
MM, 13, 13, 10
MM, 16, 15, 10
MM, 19, 16, 10
MM, 24, 15, 11
MM, 27, 15, 8
MM, 28, 15, 12
MM, 31, 15, 9
MM, 35, 16, 11
MM, 5, 17, 19
MM, 15, 17, 11
MM, 18, 17, 10
MM, 24, 17, 9
MM, 28, 17, 10
MC, 1, 392
MM, 21, 18, 111
MM, 13, 18, 10
MM, 5, 18, 10
MM, 32, 18, 10
MM, 10, 18, 10
MM, 39, 15, 10
MM, 17, 15, 10
MM, 36, 12, 20
MM, 27, 11, 10
MM, 16, 11, 11
MM, 8, 11, 10
MM, 0, 11, 9
MC, 1, 573
MM, 0, 19, 181
MM, 23, 17, 10
MM, 8, 23, 20
MM, 20, 27, 10
MM, 28, 27, 10
MM, 39, 30, 10
MM, 0, 31, 21
MM, 4, 31, 9
MM, 10, 0, 52
MM, 10, 1, 9
MM, 12, 2, 10
MM, 13, 3, 20
MM, 14, 3, 40
MM, 14, 4, 70
MC, 1, 291
MM, 14, 2, 142
MM, 22, 19, 110
MM, 22, 18, 40
MM, 21, 18, 10
MM, 21, 17, 50
MC, 1, 301
MM, 17, 18, 161
MM, 8, 24, 11
MM, 3, 30, 10
MM, 31, 1, 20
MM, 28, 4, 10
MM, 26, 8, 10
MM, 21, 11, 10
MM, 19, 14, 10
MM, 17, 15, 10
MM, 12, 20, 10
MM, 7, 23, 10
MM, 4, 27, 10
MM, 1, 29, 10
MM, 0, 31, 10
MM, 43, 2, 91
MM, 42, 2, 20
MM, 41, 3, 9
MM, 40, 4, 11
MM, 39, 4, 20
MM, 37, 4, 30
MM, 35, 5, 20
MM, 34, 5, 20
MM, 32, 5, 10
MM, 31, 5, 10
MM, 28, 5, 10
MC, 1, 321
MM, 27, 5, 141
MM, 22, 2, 10
MM, 19, 0, 11
MM, 4, 27, 20
MM, 46, 23, 30
MM, 44, 23, 10
MM, 40, 22, 10
MM, 39, 21, 10
MM, 37, 20, 10
MM, 35, 19, 10
MM, 33, 18, 10
MM, 32, 18, 10
MM, 31, 18, 10
MC, 1, 261
MM, 31, 20, 151
MM, 30, 28, 10
MM, 24, 8, 21
MM, 22, 15, 10
MM, 17, 29, 9
MM, 104, 0, 31
MM, 102, 2, 9
MM, 101, 5, 11
MM, 99, 7, 10
MM, 97, 9, 10
MM, 97, 10, 9
MM, 96, 11, 11
MM, 96, 12, 10
MM, 95, 14, 20
MM, 94, 14, 11
MM, 94, 15, 19
MM, 94, 16, 11
MM, 94, 17, 9
MM, 93, 17, 10
MM, 93, 19, 20
MM, 92, 20, 20
MM, 91, 21, 30
MM, 91, 22, 10
MM, 90, 22, 20
MM, 88, 20, 30
MC, 1, 201
MM, 87, 19, 171
MM, 80, 14, 11
MM, 75, 9, 10
MM, 64, 3, 10
MM, 8, 29, 20
MM, 2, 13, 10
MM, 18, 22, 41
MM, 12, 18, 10
MM, 9, 13, 9
MM, 5, 11, 11
MM, 2, 9, 9
MC, 1, 523
MC, 1, 742
MC, 1, 1085
MM, 6, 21, 353
MM, 37, 26, 10
MM, 5, 24, 10
MM, 16, 25, 10
MM, 24, 26, 10
MM, 27, 28, 10
MM, 30, 29, 11
MM, 8, 1, 150
MM, 12, 1, 10
MM, 16, 2, 9
MM, 18, 0, 11
MM, 18, 1, 40
MM, 17, 1, 111
MM, 16, 1, 10
MM, 15, 1, 10
MM, 14, 1, 20
MM, 13, 1, 11
MM, 12, 1, 9
MM, 10, 1, 10
MM, 9, 1, 11
MM, 7, 1, 10
MM, 5, 1, 10
MM, 4, 1, 9
MM, 3, 1, 10
MM, 1, 1, 61
MM, 1, 2, 30
MM, 1, 3, 90
MM, 1, 4, 50
MM, 2, 5, 10
MM, 3, 6, 21
MM, 4, 7, 9
MM, 5, 7, 11
MM, 6, 7, 20
MM, 7, 7, 10
MM, 8, 7, 20
MM, 9, 7, 10
MM, 9, 9, 11
MM, 10, 9, 9
MM, 11, 9, 30
MC, 1, 410
MM, 8, 12, 73
MM, 3, 18, 10
MM, 1, 21, 10
MM, 32, 11, 40
MM, 27, 17, 10
MM, 22, 25, 11
MM, 197, 2, 29
MM, 194, 5, 10
MM, 192, 7, 10
MM, 191, 7, 10
MM, 191, 8, 10
MM, 191, 10, 10
MM, 190, 10, 10
MM, 189, 12, 31
MM, 188, 13, 10
MC, 1, 431
MM, 188, 11, 151
MM, 188, 9, 10
MM, 188, 4, 10
MM, 189, 1, 10
MM, 5, 29, 21
MM, 11, 21, 9
MM, 14, 14, 10
MM, 21, 1, 11
MM, 28, 24, 20
MM, 29, 17, 10
MM, 31, 15, 10
MM, 33, 9, 10
MM, 35, 6, 10
MM, 5, 31, 20
MM, 5, 28, 10
MM, 7, 28, 10
MM, 8, 26, 11
MM, 9, 25, 19
MM, 9, 24, 10
MM, 9, 23, 20
MM, 11, 22, 11
MM, 12, 21, 50
MM, 13, 18, 10
MC, 1, 200
MM, 7, 20, 132
MM, 41, 20, 20
MM, 22, 23, 10
MM, 0, 23, 10
MM, 26, 23, 10
MM, 37, 0, 70
MM, 28, 3, 10
MM, 18, 9, 10
MM, 14, 10, 11
MM, 11, 10, 10
MM, 8, 11, 10
MM, 7, 13, 10
MM, 6, 14, 30
MM, 4, 16, 250
MM, 1, 16, 10
MM, 43, 19, 21
MM, 33, 21, 10
MM, 26, 23, 10
MM, 20, 25, 10
MM, 16, 27, 10
MM, 13, 27, 10
MM, 11, 27, 10
MM, 10, 27, 10
MM, 8, 25, 30
MC, 1, 221
MM, 9, 25, 231
MM, 10, 25, 10
MM, 12, 25, 10
MM, 15, 27, 11
MM, 21, 27, 9
MM, 25, 28, 10
MM, 5, 0, 21
MM, 17, 5, 9
MM, 32, 20, 11
MM, 40, 25, 10
MM, 50, 0, 30
MM, 53, 2, 10
MM, 55, 4, 10
MM, 57, 6, 10
MM, 59, 6, 11
MM, 61, 8, 10
MM, 62, 9, 9
MM, 63, 10, 171
MC, 1, 250
MM, 63, 9, 162
MM, 63, 6, 20
MM, 64, 2, 10
MM, 29, 30, 20
MM, 31, 24, 11
MM, 34, 18, 9
MM, 36, 13, 10
MM, 41, 1, 10
MM, 43, 27, 20
MM, 0, 17, 20
MM, 2, 14, 11
MM, 4, 11, 10
MM, 8, 8, 11
MM, 9, 5, 9
MM, 11, 2, 10
MM, 14, 1, 10
MC, 1, 391
MM, 9, 23, 171
MM, 14, 23, 10
MM, 20, 22, 10
MM, 29, 21, 11
MM, 1, 20, 20
MM, 7, 20, 10
MM, 13, 20, 10
MM, 15, 20, 10
MM, 17, 20, 10
MM, 18, 20, 60
MM, 18, 19, 10
MM, 19, 20, 10
MC, 1, 251
MM, 16, 21, 100
MM, 9, 21, 11
MM, 3, 21, 11
MM, 33, 21, 19
MM, 7, 21, 10
MC, 1, 572
MM, 41, 5, 252
MM, 40, 8, 10
MM, 38, 9, 11
MM, 35, 10, 10
MM, 34, 10, 10
MM, 32, 12, 9
MM, 31, 13, 10
MM, 29, 15, 11
MM, 27, 15, 10
MM, 21, 15, 9
MM, 20, 15, 11
MC, 1, 210
MM, 22, 15, 121
MM, 25, 16, 10
MM, 29, 16, 11
MM, 32, 16, 10
MM, 35, 16, 10
MM, 38, 16, 10
MM, 40, 16, 10
MM, 41, 16, 10
MM, 42, 16, 19
MM, 43, 16, 111
MM, 0, 17, 221
MM, 1, 17, 20
MM, 3, 17, 21
MC, 1, 240
MM, 1, 17, 151
MM, 38, 17, 21
MM, 29, 17, 9
MM, 22, 17, 11
MM, 13, 15, 9
MM, 7, 15, 10
MM, 3, 15, 10
MM, 42, 16, 20
MM, 37, 16, 11
MM, 32, 16, 10
MM, 27, 14, 10
MM, 24, 13, 10
MM, 21, 13, 10
MM, 19, 13, 11
MM, 16, 13, 9
MM, 14, 13, 20
MM, 11, 13, 11
MC, 1, 240
MM, 12, 13, 141
MM, 16, 13, 10
MM, 24, 12, 10
MM, 40, 12, 10
MM, 2, 12, 10
MM, 27, 8, 10
MM, 10, 8, 10
MM, 30, 5, 10
MM, 8, 21, 50
MM, 22, 15, 11
MM, 29, 14, 10
MM, 35, 15, 10
MM, 36, 15, 10
MM, 36, 16, 60
MM, 35, 16, 170
MM, 34, 16, 82
MM, 33, 16, 20
MM, 31, 16, 10
MC, 1, 240
MM, 33, 16, 141
MM, 36, 17, 10
MM, 42, 20, 10
MM, 1, 28, 10
MM, 13, 4, 20
MM, 22, 10, 10
MM, 31, 15, 10
MM, 38, 19, 10
MM, 1, 29, 11
MM, 24, 1, 20
MM, 34, 9, 10
MM, 6, 20, 20
MM, 13, 25, 10
MM, 22, 31, 10
MM, 18, 30, 271
MM, 15, 28, 10
MM, 14, 27, 10
MM, 14, 24, 10
MM, 10, 21, 10
MM, 10, 20, 10
MM, 9, 19, 10
MM, 8, 18, 20
MM, 8, 17, 20
MM, 8, 16, 10
MM, 8, 15, 61
MC, 1, 242
MM, 9, 13, 170
MM, 14, 12, 10
MM, 20, 8, 10
MM, 25, 6, 10
MM, 301, 4, 8784
MM, 329, 30, 10
MM, 353, 54, 10
MM, 53, 6, 382
MM, 58, 17, 10
MM, 62, 24, 10
MM, 67, 30, 10
MM, 69, 32, 10
MM, 70, 34, 10
MM, 70, 30, 21
MM, 69, 27, 371
MM, 67, 24, 10
MM, 65, 22, 10
MM, 63, 15, 10
MM, 59, 9, 10
MM, 56, 2, 10
MM, 45, 20, 1237
MM, 22, 30, 10
MM, 2, 31, 10
MM, 23, 1, 20
MM, 9, 3, 10
MM, 39, 11, 19
MM, 33, 13, 10
MM, 31, 13, 11
MM, 30, 13, 10
MM, 30, 14, 11
MM, 29, 14, 19
MM, 29, 12, 20
MM, 30, 3, 10
MM, 31, 3, 190
MM, 33, 3, 11
MM, 38, 4, 11
MM, 41, 4, 9
MM, 5, 6, 30
MM, 14, 5, 10
MM, 29, 5, 10
MM, 39, 4, 11
MM, 9, 28, 170826
MM, 14, 21, 10
MM, 16, 14, 10
MM, 20, 0, 11
MM, 36, 7, 10
MM, 43, 31, 20
MM, 66, 42, 23
MM, 76, 12, 7
MM, 240, 6, 272
MM, 270, 23, 9
MM, 284, 33, 10
MM, 298, 45, 10
MM, 303, 51, 10
MM, 311, 59, 10
MM, 312, 62, 10
MM, 6, 7, 282
MM, 21, 21, 10
MM, 34, 0, 422
MM, 34, 1, 10
MM, 34, 2, 10
MM, 34, 4, 10
MM, 34, 6, 20
MM, 34, 7, 20
MM, 35, 8, 30
MM, 35, 9, 20
MM, 35, 10, 11
MM, 35, 11, 20
MM, 35, 12, 10
MM, 35, 13, 10
MM, 36, 13, 351
MM, 37, 13, 20
MM, 38, 13, 10
MM, 39, 13, 10
MM, 42, 13, 10
MM, 47, 10, 11
MM, 51, 9, 10
MM, 62, 7, 10
MM, 75, 4, 6420
MM, 66, 14, 10
MM, 59, 24, 10
MM, 53, 29, 10
MM, 47, 37, 11
MM, 32, 34, 59
MM, 32, 31, 373
MM, 32, 29, 10
MM, 32, 27, 10
MM, 32, 26, 10
MM, 32, 25, 10
MM, 32, 23, 10
MM, 32, 21, 10
MM, 32, 19, 10
