**********************************
LOGGING TIME: 20181021_160541
CLIENT IP: 192.168.137.1
USERNAME: Kanakvi Aggarwal
OS: Windows 10
*********************Neutral database**********************************
MM, 136, 28, 1541893259839
MM, 121, 22, 12
MM, 110, 16, 12
MM, 103, 13, 12
MM, 99, 13, 12
MM, 98, 13, 10
MM, 98, 12, 12
MM, 97, 12, 13
MM, 99, 20, 169
MM, 125, 16, 6495
MM, 160, 11, 12
MM, 6, 4, 12
MC, 1, 5234
MC, 1, 530
MM, 63, 7, 17176
MM, 63, 14, 12
MM, 63, 18, 11
MM, 64, 21, 11
MM, 64, 23, 13
MM, 64, 26, 12
MM, 64, 27, 12
MM, 64, 28, 11
MM, 65, 28, 38
MC, 1, 265
MM, 66, 28, 14
MM, 67, 29, 34
MM, 67, 30, 12
MM, 68, 31, 11
MM, 68, 33, 25
MM, 65, 35, 12
MM, 63, 38, 12
MM, 56, 42, 12
MM, 49, 46, 13
MM, 40, 54, 12
MM, 31, 63, 12
MM, 17, 0, 35
MM, 14, 3, 12
MM, 13, 6, 12
MM, 13, 7, 12
MM, 13, 8, 12
MM, 12, 8, 48
MM, 12, 9, 24
MM, 12, 10, 24
MM, 12, 11, 24
MM, 12, 12, 14
MM, 13, 12, 12
MM, 14, 12, 35
MM, 15, 12, 36
MM, 15, 13, 13
MM, 10, 2, 248
MM, 24, 11, 3
MM, 32, 11, 12
MM, 41, 12, 12
MM, 14, 2, 939
MM, 27, 8, 12
MM, 38, 15, 11
MM, 43, 20, 13
MM, 1, 29, 24
MM, 0, 18, 49
MM, 3, 22, 12
MM, 7, 24, 12
MM, 9, 27, 12
MM, 25, 1, 47
MM, 27, 4, 12
MM, 28, 4, 12
MM, 30, 4, 12
MM, 30, 5, 12
MM, 32, 6, 36
MM, 32, 7, 12
MM, 32, 8, 12
MM, 33, 8, 14
MM, 34, 9, 12
MM, 35, 9, 46
MM, 38, 9, 25
MM, 41, 9, 12
MM, 43, 10, 12
MM, 0, 12, 49
MM, 3, 13, 12
MM, 6, 15, 11
MM, 11, 18, 12
MM, 12, 18, 12
MM, 13, 18, 37
MM, 13, 19, 97
MM, 10, 17, 227
MM, 8, 17, 12
MM, 7, 16, 12
MM, 6, 16, 12
MM, 2, 16, 12
MM, 43, 16, 12
MM, 33, 16, 12
MM, 25, 16, 12
MM, 14, 18, 12
MM, 8, 18, 12
MM, 39, 26, 24
MM, 28, 31, 12
MM, 192, 2, 36
MM, 185, 5, 12
MM, 182, 5, 12
MM, 179, 7, 12
MM, 175, 8, 12
MM, 172, 10, 14
MM, 169, 11, 11
MM, 165, 12, 11
MM, 163, 15, 12
MM, 162, 15, 12
MM, 161, 15, 75
MM, 161, 13, 202
MM, 161, 11, 12
MM, 161, 9, 26
MM, 158, 8, 12
MM, 155, 6, 12
MM, 152, 4, 12
MM, 144, 0, 12
MM, 32, 28, 23
MM, 23, 23, 12
MM, 11, 20, 12
MM, 34, 12, 23
MM, 21, 9, 13
MM, 13, 5, 12
MM, 4, 3, 12
MM, 43, 1, 23
MM, 39, 1, 13
MM, 42, 31, 156
MM, 40, 31, 12
MM, 38, 30, 12
MM, 36, 29, 12
MM, 34, 28, 12
MM, 32, 25, 12
MM, 29, 23, 12
MM, 29, 22, 13
MM, 28, 21, 11
MM, 24, 20, 13
MM, 24, 19, 11
MM, 22, 18, 12
MM, 22, 17, 25
MM, 22, 16, 12
MM, 22, 15, 12
MM, 22, 14, 12
MM, 25, 18, 204
MM, 27, 20, 24
MM, 32, 24, 12
MM, 37, 28, 12
MM, 6, 1, 36
MM, 9, 3, 12
MM, 11, 7, 12
MM, 14, 9, 12
MM, 16, 10, 12
MM, 17, 11, 24
MM, 18, 11, 13
MM, 19, 11, 24
MM, 19, 12, 60
MM, 19, 13, 26
MM, 23, 8, 166
MM, 31, 6, 12
MM, 9, 24, 24
MM, 21, 18, 12
MM, 36, 6, 13
MM, 1, 1, 11
MM, 4, 30, 49
MM, 13, 28, 12
MM, 22, 22, 13
MM, 31, 14, 11
MM, 42, 11, 11
MM, 5, 4, 12
MM, 13, 2, 13
MM, 21, 2, 12
MM, 28, 0, 11
MM, 32, 0, 13
MM, 1, 5, 218
MM, 2, 5, 11
MM, 3, 5, 11
MM, 4, 6, 12
MM, 4, 7, 12
MM, 5, 10, 12
MM, 5, 12, 12
MM, 5, 13, 12
MM, 5, 14, 12
MM, 5, 15, 14
MM, 6, 15, 11
MM, 6, 16, 12
MM, 6, 17, 12
MM, 6, 18, 24
MM, 6, 19, 36
MM, 6, 18, 48
MM, 5, 14, 108
MM, 4, 13, 12
MM, 3, 11, 24
MM, 1, 10, 12
MM, 34, 3, 25
MM, 22, 0, 12
MM, 36, 0, 770
MM, 6, 9, 24
MM, 17, 14, 12
MM, 24, 20, 13
MM, 29, 23, 10
MM, 34, 27, 12
MM, 38, 31, 12
MM, 1, 0, 48
MM, 2, 2, 12
MM, 3, 2, 12
MM, 3, 4, 12
MM, 4, 4, 12
MM, 5, 6, 24
MM, 6, 7, 13
MM, 6, 8, 11
MM, 7, 8, 14
MM, 8, 8, 35
MM, 10, 9, 12
MM, 11, 9, 11
MM, 14, 10, 13
MM, 17, 10, 12
MM, 18, 11, 12
MM, 19, 11, 12
MM, 20, 12, 14
MM, 20, 13, 12
MM, 21, 13, 11
MM, 20, 11, 227
MM, 20, 10, 13
MM, 20, 8, 12
MM, 19, 6, 12
MM, 17, 2, 11
MM, 10, 28, 26
MM, 6, 21, 13
MM, 3, 16, 11
MM, 1, 13, 13
MM, 45, 5, 34
MM, 9, 16, 505
MM, 23, 15, 12
MM, 37, 15, 13
MM, 0, 19, 12
MM, 6, 20, 11
MM, 14, 21, 12
MM, 18, 23, 12
MM, 22, 24, 13
MM, 27, 24, 11
MM, 33, 24, 13
MM, 36, 24, 12
MM, 39, 24, 12
MM, 42, 24, 12
MM, 1, 21, 61
MM, 2, 21, 12
MM, 4, 21, 12
MM, 5, 21, 12
MM, 7, 21, 23
MM, 8, 21, 24
MM, 9, 21, 49
MM, 10, 21, 25
MM, 10, 21, 239
MM, 9, 20, 12
MM, 5, 20, 11
MM, 37, 20, 25
MM, 20, 20, 12
MM, 27, 24, 24
MM, 6, 26, 12
MM, 30, 2, 49
MM, 18, 4, 11
MM, 8, 7, 12
MM, 39, 10, 24
MM, 30, 11, 12
MM, 24, 11, 13
MM, 18, 11, 11
MM, 13, 12, 13
MM, 9, 12, 12
MM, 6, 12, 12
MM, 5, 12, 12
MM, 4, 12, 14
MM, 3, 12, 12
MM, 2, 12, 12
MM, 0, 12, 10
MM, 43, 12, 36
MM, 39, 12, 12
MM, 34, 12, 11
MM, 31, 12, 13
MM, 26, 15, 11
MM, 23, 15, 15
MM, 21, 15, 10
MM, 21, 16, 12
MM, 21, 17, 62
MM, 30, 16, 179
MM, 38, 13, 12
MM, 9, 9, 24
MM, 19, 4, 12
MM, 32, 0, 627
MM, 25, 6, 11
MM, 18, 7, 12
MM, 11, 12, 12
MM, 3, 13, 12
MM, 42, 14, 35
MM, 41, 14, 12
MM, 40, 14, 24
MM, 38, 14, 48
MM, 36, 14, 13
MM, 34, 14, 13
MM, 29, 14, 12
MM, 25, 14, 12
MM, 23, 14, 11
MM, 21, 14, 13
MM, 20, 15, 11
MM, 26, 17, 216
MM, 31, 20, 13
MM, 38, 25, 12
MM, 4, 30, 24
MM, 21, 2, 24
MM, 27, 8, 12
MM, 36, 16, 12
MM, 40, 23, 12
MM, 53, 1, 49
MM, 57, 6, 12
MM, 59, 9, 12
MM, 60, 12, 12
MM, 61, 14, 13
MM, 62, 14, 11
MM, 63, 16, 12
MM, 63, 17, 12
MM, 64, 18, 12
MM, 64, 19, 12
MM, 65, 19, 35
MM, 65, 20, 37
MM, 65, 21, 13
MM, 68, 11, 179
MM, 76, 4, 12
MM, 5, 20, 24
MM, 11, 11, 12
MM, 16, 7, 13
MM, 21, 3, 12
MM, 24, 2, 12
MM, 28, 1, 11
MM, 30, 0, 12
MM, 32, 0, 12
MM, 1, 29, 169
MM, 3, 28, 12
MM, 5, 27, 13
MM, 7, 26, 12
MM, 9, 24, 11
MM, 11, 23, 12
MM, 12, 23, 11
MM, 14, 22, 13
MM, 15, 21, 12
MM, 16, 19, 12
MM, 19, 19, 12
MM, 21, 18, 12
MM, 22, 17, 12
MM, 20, 17, 217
MM, 18, 17, 12
MM, 15, 17, 12
MM, 7, 17, 12
MM, 46, 17, 11
MM, 30, 17, 13
MM, 9, 17, 13
MM, 41, 17, 12
MM, 25, 17, 12
MM, 13, 17, 11
MM, 1, 17, 12
MM, 33, 19, 14
MM, 16, 22, 12
MM, 2, 27, 11
MM, 42, 27, 11
MM, 35, 28, 13
MM, 29, 30, 12
MM, 24, 31, 11
MM, 37, 30, 109
MM, 35, 30, 13
MM, 32, 29, 12
MM, 30, 28, 12
MM, 28, 26, 11
MM, 26, 24, 12
MM, 24, 24, 12
MM, 24, 22, 11
MM, 23, 20, 14
MM, 23, 19, 47
MM, 26, 20, 252
MM, 31, 20, 12
MM, 36, 22, 13
MM, 7, 31, 24
MM, 25, 0, 23
MM, 32, 4, 12
MM, 39, 9, 13
MM, 0, 11, 23
MM, 6, 12, 13
MM, 11, 14, 11
MM, 14, 16, 12
MM, 16, 16, 12
MM, 17, 16, 12
MM, 18, 17, 12
MM, 19, 17, 37
MM, 20, 17, 36
MM, 21, 17, 12
MM, 23, 17, 12
MM, 27, 17, 12
MM, 31, 17, 25
MM, 42, 17, 11
MM, 5, 13, 24
MM, 9, 13, 12
MM, 13, 13, 12
MM, 16, 13, 12
MM, 18, 13, 12
MM, 18, 11, 325
MM, 17, 9, 13
MM, 12, 2, 12
MM, 3, 26, 24
MM, 42, 15, 23
MM, 31, 9, 12
MM, 22, 3, 12
MC, 1, 410
MM, 18, 6, 72
MM, 21, 13, 13
MM, 28, 22, 12
MM, 34, 31, 12
MM, 39, 4, 11
MM, 41, 8, 12
MM, 1, 30, 60
MM, 1, 31, 12
MM, 45, 0, 96
MM, 45, 1, 28
MM, 45, 2, 10
MM, 45, 3, 25
MM, 45, 5, 11
MM, 45, 7, 12
MM, 45, 8, 12
MM, 45, 9, 23
MM, 45, 0, 265
MM, 5, 28, 11
MM, 10, 12, 13
MM, 19, 19, 23
MM, 24, 10, 12
MM, 25, 4, 12
MC, 1, 446
MM, 27, 1, 505
MM, 16, 4, 12
MM, 8, 7, 12
MM, 3, 7, 12
MM, 40, 9, 36
MM, 33, 11, 13
MM, 30, 12, 12
MM, 26, 14, 11
MM, 23, 15, 12
MM, 20, 15, 12
MM, 18, 15, 12
MM, 17, 16, 12
MM, 16, 16, 12
MM, 15, 16, 13
MM, 15, 18, 24
MM, 23, 18, 216
MM, 27, 19, 12
MM, 30, 21, 12
MM, 38, 23, 12
MM, 5, 25, 24
MM, 13, 30, 12
MM, 24, 31, 12
MM, 39, 0, 25
MM, 5, 2, 36
MM, 10, 5, 12
MM, 15, 9, 12
MM, 16, 10, 13
MM, 17, 10, 11
MM, 18, 11, 12
MM, 19, 12, 12
MM, 20, 12, 24
MM, 20, 13, 24
MM, 20, 14, 12
MM, 21, 14, 61
MM, 27, 11, 179
MM, 38, 5, 12
MM, 20, 29, 36
MM, 38, 27, 13
MM, 13, 27, 11
MM, 27, 30, 13
MM, 10, 2, 109
MM, 16, 3, 12
MM, 20, 4, 11
MM, 23, 4, 12
MM, 26, 4, 12
MM, 28, 4, 12
MM, 32, 4, 12
MM, 36, 5, 12
MM, 40, 5, 11
MM, 42, 6, 13
MM, 1, 4, 51
MM, 4, 3, 11
MM, 7, 0, 11
MM, 18, 30, 35
MM, 22, 28, 12
MM, 25, 24, 12
MM, 26, 24, 24
MM, 26, 22, 13
MM, 26, 21, 61
MM, 27, 19, 24
MM, 28, 19, 25
MM, 28, 20, 71
MC, 1, 119
MM, 25, 20, 12
MM, 19, 20, 12
MM, 4, 13, 12
MM, 40, 7, 12
MM, 22, 5, 13
MM, 23, 29, 35
MM, 5, 24, 13
MM, 20, 1, 712
MM, 20, 6, 12
MM, 21, 12, 12
MM, 21, 15, 11
MM, 23, 17, 11
MM, 23, 18, 12
MM, 23, 19, 24
MM, 23, 20, 12
MM, 24, 18, 326
MM, 25, 18, 12
MM, 26, 21, 12
MM, 27, 23, 12
MM, 31, 26, 12
MM, 33, 30, 11
MM, 40, 2, 25
MM, 43, 5, 12
MM, 2, 17, 35
MM, 4, 20, 13
MM, 5, 22, 11
MM, 6, 25, 12
MM, 7, 26, 12
MM, 7, 28, 12
MM, 8, 31, 12
MM, 49, 0, 24
MM, 49, 2, 12
MM, 49, 3, 13
MM, 49, 4, 11
MM, 50, 4, 12
MM, 50, 6, 12
MM, 50, 7, 12
MM, 50, 9, 13
MM, 50, 10, 13
MM, 50, 12, 11
MM, 50, 13, 72
MM, 52, 9, 240
MM, 55, 5, 12
MM, 64, 2, 12
MM, 39, 30, 24
MM, 4, 22, 25
MM, 8, 19, 12
MM, 8, 18, 11
MM, 10, 18, 12
MM, 12, 18, 12
MM, 13, 17, 13
MM, 14, 17, 11
MM, 15, 17, 12
MM, 16, 17, 26
MM, 16, 18, 47
MM, 17, 18, 62
MM, 18, 18, 11
MM, 19, 17, 13
MM, 20, 17, 23
MM, 20, 16, 168
MM, 20, 15, 11
MM, 20, 13, 12
MM, 23, 5, 12
MM, 41, 26, 37
MM, 1, 21, 12
MM, 11, 18, 12
MM, 22, 15, 12
MM, 25, 14, 12
MM, 30, 12, 12
MM, 37, 9, 11
MM, 40, 9, 12
MM, 43, 8, 12
MM, 0, 5, 25
MM, 3, 1, 12
MM, 28, 31, 36
MM, 30, 29, 12
MM, 33, 28, 12
MM, 35, 27, 24
MM, 36, 27, 12
MM, 36, 26, 12
MM, 37, 24, 12
MM, 38, 23, 12
MM, 38, 22, 12
MM, 38, 21, 12
MM, 38, 19, 12
MM, 38, 18, 12
MM, 38, 17, 13
MM, 38, 16, 11
MM, 37, 14, 13
MM, 36, 14, 12
MM, 34, 15, 216
MM, 30, 15, 12
MM, 26, 15, 12
MM, 17, 15, 14
MM, 5, 15, 11
MM, 43, 16, 11
MM, 23, 17, 12
MM, 9, 17, 12
MC, 1, 590
MM, 21, 2, 1347
MM, 22, 5, 12
MM, 23, 10, 12
MM, 23, 11, 12
MM, 23, 14, 12
MM, 23, 15, 12
MC, 1, 253
MM, 30, 15, 11
MM, 19, 15, 24
MM, 3, 15, 13
MM, 36, 17, 12
MM, 18, 24, 12
MM, 43, 24, 12
MM, 23, 21, 12
MM, 43, 19, 12
MM, 5, 19, 12
MM, 14, 19, 12
MM, 22, 19, 12
MM, 31, 22, 12
MM, 34, 23, 13
MM, 38, 23, 12
MM, 41, 26, 11
MM, 45, 26, 12
MM, 43, 30, 397
MM, 42, 30, 61
MM, 42, 29, 11
MM, 42, 28, 13
MM, 42, 27, 12
MM, 42, 26, 12
MM, 42, 25, 36
MM, 42, 24, 13
MM, 42, 23, 12
MM, 41, 22, 12
MM, 40, 22, 11
MM, 37, 21, 217
MM, 35, 20, 12
MM, 31, 19, 12
MM, 25, 15, 11
MM, 18, 11, 14
MM, 10, 6, 12
MM, 3, 4, 11
MM, 3, 31, 49
MM, 0, 30, 11
MM, 35, 24, 109
MM, 33, 23, 23
MM, 32, 22, 12
MM, 30, 21, 12
MM, 29, 20, 12
MM, 26, 18, 13
MM, 25, 18, 11
MM, 24, 18, 12
MM, 24, 18, 252
MM, 15, 17, 12
MM, 23, 10, 24
MM, 1, 9, 13
MM, 26, 5, 12
MM, 41, 0, 758
MM, 38, 2, 13
MM, 36, 5, 11
MM, 34, 7, 12
MM, 33, 8, 12
MM, 33, 9, 12
MM, 32, 10, 12
MM, 31, 12, 11
MM, 30, 13, 13
MM, 29, 13, 12
MM, 29, 14, 12
MM, 29, 15, 12
MM, 29, 16, 24
MM, 28, 16, 12
MM, 27, 16, 24
MM, 27, 17, 13
MM, 27, 18, 11
MM, 28, 16, 181
MM, 30, 16, 13
MM, 33, 16, 12
MM, 38, 19, 12
MM, 16, 4, 35
MM, 29, 13, 14
MM, 40, 23, 12
MM, 3, 31, 11
MM, 49, 1, 11
MM, 58, 14, 13
MM, 67, 20, 11
MM, 74, 24, 13
MM, 78, 29, 11
MM, 82, 32, 12
MM, 84, 34, 13
MM, 86, 35, 12
MM, 88, 35, 11
MM, 89, 37, 12
MM, 89, 38, 75
MM, 90, 39, 34
MM, 88, 33, 217
MM, 87, 32, 12
MM, 87, 30, 23
MM, 87, 28, 12
MM, 86, 23, 12
MM, 86, 21, 12
MM, 86, 15, 12
MM, 90, 5, 13
MM, 7, 23, 12
MM, 13, 6, 11
MM, 17, 24, 13
MM, 18, 14, 11
MM, 19, 6, 13
MM, 19, 2, 11
MM, 19, 0, 13
MM, 46, 2, 456
MM, 1, 10, 25
MM, 2, 12, 11
MM, 4, 14, 12
MM, 5, 15, 24
MM, 5, 16, 12
MM, 6, 16, 25
MM, 6, 17, 12
MM, 7, 18, 12
MM, 8, 18, 24
MM, 9, 18, 12
MM, 8, 14, 243
MM, 7, 13, 10
MM, 6, 12, 12
MM, 4, 12, 12
MM, 1, 10, 11
MM, 43, 8, 25
MM, 35, 7, 12
MM, 24, 7, 12
MM, 10, 7, 12
MM, 39, 7, 12
MM, 17, 9, 13
MM, 4, 10, 12
MM, 38, 14, 11
MM, 28, 14, 12
MM, 14, 15, 12
MM, 4, 15, 12
MM, 39, 17, 25
MM, 36, 18, 11
MM, 31, 18, 12
MM, 29, 18, 12
MM, 26, 18, 12
MM, 23, 18, 12
MM, 20, 18, 12
MM, 17, 18, 12
MM, 12, 18, 13
MM, 9, 18, 12
MM, 7, 19, 12
MM, 5, 19, 12
MM, 3, 19, 12
MM, 1, 19, 11
MM, 41, 20, 49
MM, 40, 20, 12
MM, 38, 20, 12
MM, 37, 20, 13
MM, 36, 20, 12
MM, 35, 20, 12
MM, 33, 20, 11
MM, 29, 20, 12
MM, 29, 19, 12
MM, 27, 19, 11
MM, 24, 19, 13
MM, 23, 19, 12
MM, 22, 19, 12
MM, 41, 14, 205
MM, 3, 11, 12
MM, 20, 5, 12
MM, 36, 1, 12
MM, 16, 7, 951
MM, 16, 19, 13
MM, 16, 25, 11
MM, 16, 0, 24
MM, 16, 7, 12
MM, 18, 16, 12
MM, 18, 20, 11
MM, 20, 27, 13
MM, 21, 30, 13
MM, 114, 0, 72
MM, 114, 2, 11
MM, 115, 2, 24
MM, 116, 4, 14
MM, 116, 5, 12
MM, 116, 6, 23
MM, 116, 7, 23
MM, 116, 8, 48
MM, 116, 9, 14
MM, 116, 10, 58
MM, 116, 11, 12
MM, 116, 12, 37
MM, 116, 13, 25
MM, 116, 14, 24
MM, 116, 9, 179
MM, 116, 7, 12
MM, 115, 3, 12
MM, 22, 19, 24
MM, 22, 5, 12
MM, 21, 27, 12
MM, 19, 15, 12
MM, 18, 4, 12
MM, 29, 1, 1035
MM, 16, 5, 11
MM, 4, 9, 12
MM, 41, 11, 24
MM, 38, 11, 12
MM, 34, 13, 13
MM, 32, 18, 11
MM, 22, 31, 13
MM, 5, 14, 12
MM, 5, 13, 218
MM, 7, 11, 12
MM, 9, 8, 12
MM, 9, 3, 48
MM, 12, 1, 12
MP, 1, 208
MR, 1, 176
MC, 1, 1
MM, 13, 31, 157
MM, 13, 30, 12
MM, 13, 28, 12
MM, 13, 26, 22
MM, 13, 21, 12
MM, 14, 18, 12
MM, 17, 15, 12
MM, 17, 10, 12
MM, 19, 8, 12
MM, 20, 7, 24
MM, 20, 6, 36
MM, 21, 6, 26
MM, 21, 7, 83
MM, 21, 8, 35
MM, 21, 10, 157
MM, 21, 11, 96
MM, 22, 11, 26
MM, 23, 12, 37
MM, 25, 14, 11
MM, 28, 15, 12
MM, 32, 18, 11
MM, 40, 20, 12
MM, 9, 28, 25
MM, 17, 29, 10
MM, 1, 0, 36
MM, 9, 3, 13
MM, 16, 4, 11
MM, 23, 6, 13
MM, 29, 7, 12
MM, 34, 7, 12
MM, 37, 7, 11
MM, 40, 9, 13
MM, 42, 9, 12
MM, 0, 13, 60
MM, 1, 14, 13
MM, 2, 15, 12
MM, 4, 15, 11
MM, 5, 15, 12
MM, 6, 15, 24
MM, 7, 15, 13
MM, 8, 15, 11
MM, 9, 15, 13
MM, 10, 15, 23
MM, 11, 15, 12
MM, 14, 15, 12
MM, 17, 15, 12
MM, 21, 14, 13
MM, 24, 14, 12
MM, 26, 14, 11
MM, 28, 13, 13
MM, 22, 6, 216
MM, 20, 2, 12
MM, 9, 30, 24
MM, 5, 24, 13
MM, 0, 19, 12
MM, 43, 12, 24
MM, 41, 7, 11
MM, 39, 4, 13
MM, 34, 1, 12
MM, 6, 31, 578
MM, 10, 1, 60
MM, 18, 3, 11
MM, 28, 3, 12
MM, 32, 3, 13
MM, 38, 5, 11
MM, 3, 6, 37
MM, 6, 7, 12
MM, 10, 7, 12
MM, 12, 7, 12
MM, 14, 8, 12
MM, 16, 8, 12
MM, 19, 10, 12
MM, 22, 10, 12
MM, 24, 12, 12
MM, 28, 13, 12
MM, 30, 14, 13
MM, 30, 15, 12
MM, 31, 17, 12
MM, 33, 18, 11
MM, 33, 20, 12
MM, 34, 22, 12
MM, 36, 23, 12
MM, 37, 24, 13
MM, 37, 25, 12
MM, 37, 26, 12
MM, 38, 27, 10
MM, 39, 27, 13
MM, 40, 27, 23
MM, 42, 28, 13
MM, 42, 29, 12
MM, 43, 29, 26
MM, 1, 27, 47
MM, 5, 26, 13
MM, 7, 25, 11
MM, 9, 24, 12
MM, 10, 24, 12
MM, 11, 23, 35
MM, 12, 21, 13
MM, 13, 21, 14
MM, 14, 21, 12
MM, 14, 19, 214
MM, 13, 19, 12
MM, 11, 19, 12
MM, 7, 19, 12
MM, 43, 16, 24
MM, 34, 15, 12
MM, 26, 15, 12
MM, 16, 15, 12
MM, 4, 15, 12
MM, 41, 18, 12
MM, 31, 21, 12
MM, 20, 26, 12
MM, 8, 29, 13
MM, 31, 2, 23
MM, 19, 6, 12
MM, 12, 10, 13
MM, 3, 16, 12
MM, 35, 30, 24
MM, 104, 2, 50
MM, 100, 7, 12
MM, 98, 9, 11
MM, 96, 14, 12
MM, 92, 17, 11
MM, 90, 22, 13
MM, 89, 24, 11
MM, 88, 24, 12
MM, 87, 25, 12
MM, 87, 26, 12
MM, 87, 27, 24
MM, 87, 28, 37
MM, 91, 16, 264
MM, 97, 7, 12
MM, 29, 30, 25
MM, 40, 24, 13
MM, 5, 14, 11
MM, 14, 3, 11
MM, 35, 26, 25
MM, 9, 9, 23
MM, 26, 0, 13
MM, 0, 31, 11
MM, 7, 26, 12
MM, 12, 24, 13
MM, 14, 23, 12
MM, 18, 23, 12
MM, 20, 22, 12
MM, 21, 22, 11
MM, 22, 22, 13
MM, 24, 22, 11
MM, 27, 21, 13
MM, 29, 21, 11
MM, 30, 21, 110
MM, 31, 21, 13
MM, 32, 21, 12
MM, 33, 21, 12
MM, 35, 21, 10
MP, 1, 73
MR, 1, 168
MC, 1, 0
MM, 0, 20, 216
MM, 2, 20, 13
MM, 5, 20, 13
MM, 8, 19, 12
MM, 11, 18, 12
MM, 13, 17, 11
MM, 13, 16, 12
MM, 15, 16, 11
MM, 17, 16, 12
MM, 18, 15, 73
MM, 19, 15, 12
MM, 20, 14, 11
MC, 1, 193
MM, 19, 15, 84
MM, 18, 15, 26
MM, 17, 15, 36
MM, 15, 15, 10
MM, 10, 15, 12
MM, 6, 15, 12
MM, 1, 15, 12
MM, 29, 17, 37
MM, 25, 18, 11
MM, 18, 20, 13
MM, 9, 24, 12
MM, 2, 28, 12
MM, 9, 4, 38
MM, 0, 8, 11
MM, 40, 11, 12
MM, 31, 16, 12
MM, 24, 22, 11
MM, 16, 29, 12
MM, 2, 0, 36
MM, 0, 2, 13
MM, 42, 8, 24
MM, 38, 12, 13
MM, 35, 14, 12
MM, 33, 15, 10
MM, 31, 15, 12
MM, 29, 15, 13
MM, 24, 17, 11
MM, 22, 18, 12
MM, 20, 20, 12
MM, 19, 20, 13
MM, 18, 20, 23
MM, 17, 20, 37
MM, 17, 19, 86
MM, 16, 18, 11
MM, 13, 17, 12
MM, 5, 14, 12
MM, 0, 12, 12
MM, 39, 11, 23
MM, 35, 9, 12
MM, 33, 7, 12
MM, 28, 6, 12
MM, 27, 6, 12
MM, 25, 6, 12
MM, 25, 7, 73
MM, 25, 5, 204
MM, 25, 4, 12
MM, 23, 3, 12
MM, 21, 0, 26
MM, 8, 27, 23
MM, 5, 23, 12
MM, 42, 13, 23
MM, 39, 8, 12
MM, 36, 5, 12
MM, 35, 3, 11
MM, 34, 1, 12
MM, 33, 0, 12
MM, 24, 0, 1001
MM, 22, 13, 10
MM, 20, 25, 13
MM, 17, 11, 24
MM, 17, 16, 12
MM, 16, 20, 12
MM, 16, 29, 11
MM, 55, 4, 25
MM, 55, 7, 11
MM, 54, 12, 13
MM, 54, 14, 12
MM, 53, 16, 13
MM, 53, 17, 12
MM, 53, 20, 12
MM, 53, 23, 11
MM, 53, 26, 12
MM, 53, 27, 13
MM, 53, 28, 24
MM, 53, 29, 36
MM, 52, 29, 24
MM, 51, 29, 24
MM, 51, 28, 23
MM, 51, 24, 169
MM, 51, 23, 12
MM, 51, 20, 12
MM, 51, 19, 11
MM, 51, 17, 13
MM, 51, 10, 12
MM, 11, 21, 24
MM, 11, 16, 13
MM, 8, 7, 12
MM, 3, 24, 37
MM, 1, 17, 10
MM, 0, 11, 12
MM, 21, 30, 314
MM, 21, 29, 12
MM, 21, 28, 12
MM, 21, 27, 23
MM, 21, 25, 12
MM, 21, 22, 12
MM, 21, 21, 12
MM, 22, 19, 14
MM, 22, 18, 11
MM, 23, 18, 48
MM, 23, 19, 38
MM, 34, 27, 142
MM, 42, 27, 12
MM, 13, 19, 60
MM, 34, 28, 11
MM, 9, 6, 37
MM, 22, 10, 12
MM, 34, 14, 12
MM, 39, 16, 12
MM, 3, 24, 37
MM, 4, 26, 12
MM, 5, 29, 11
MM, 6, 31, 15
MM, 9, 2, 70
MM, 9, 4, 13
MM, 11, 7, 10
MM, 11, 8, 12
MM, 11, 9, 13
MM, 12, 11, 12
MM, 13, 12, 11
MM, 13, 13, 12
MM, 14, 13, 48
MM, 15, 13, 13
MM, 15, 15, 12
MM, 17, 19, 13
MM, 18, 19, 12
MM, 18, 20, 12
MM, 19, 20, 36
MM, 20, 20, 13
MM, 18, 12, 167
MM, 18, 10, 11
MM, 18, 7, 12
MM, 24, 29, 24
MM, 29, 16, 13
MM, 38, 8, 11
MM, 25, 26, 26
MM, 31, 17, 12
MM, 1, 3, 24
MM, 6, 0, 12
MC, 1, 492
MC, 2, 180
MC, 3, 219
MM, 4, 29, 166
MM, 9, 12, 13
MM, 37, 30, 12
MM, 23, 4, 12
MM, 3, 19, 11
MM, 39, 27, 13
MM, 104, 7, 24
MM, 100, 14, 12
MM, 95, 18, 12
MM, 93, 19, 12
MM, 92, 24, 12
MM, 90, 27, 12
MM, 88, 32, 14
MM, 86, 37, 11
MM, 85, 40, 12
MM, 79, 40, 275
MM, 80, 39, 13
MM, 80, 38, 12
MM, 81, 37, 11
MM, 81, 35, 13
MM, 82, 33, 12
MM, 83, 33, 12
MM, 84, 30, 12
MM, 86, 28, 11
MM, 88, 25, 13
MM, 91, 23, 11
MM, 93, 22, 12
MM, 93, 21, 12
MC, 1, 218
MM, 94, 21, 35
MM, 95, 21, 12
MM, 98, 20, 12
MM, 102, 17, 12
MM, 105, 17, 14
MM, 111, 15, 11
MM, 122, 12, 11
MM, 130, 9, 13
MM, 137, 6, 11
MM, 153, 3, 13
MM, 162, 0, 11
MM, 41, 30, 37
MM, 43, 29, 12
MM, 0, 26, 49
MM, 1, 26, 11
MM, 2, 24, 13
MM, 3, 23, 12
MM, 5, 22, 11
MM, 6, 22, 13
MM, 6, 21, 37
MM, 7, 21, 12
MM, 8, 20, 12
MM, 9, 20, 108
MC, 1, 191
MM, 10, 19, 24
MM, 14, 17, 12
MM, 19, 13, 12
MM, 26, 8, 12
MM, 32, 1, 12
MM, 2, 20, 36
MM, 8, 14, 12
MM, 13, 10, 12
MM, 14, 8, 12
MM, 18, 5, 12
MM, 20, 3, 12
MM, 22, 2, 12
MM, 4, 31, 110
MM, 5, 31, 12
MM, 5, 30, 11
MM, 6, 30, 26
MM, 6, 29, 35
MM, 6, 28, 12
MM, 5, 28, 96
MM, 3, 28, 12
MM, 3, 27, 12
MM, 0, 26, 23
MM, 34, 26, 63
MM, 33, 26, 12
MM, 32, 26, 23
MM, 31, 26, 10
MM, 29, 25, 24
MM, 28, 25, 14
MM, 26, 24, 12
MM, 25, 22, 11
MM, 24, 22, 14
MM, 24, 21, 11
MM, 23, 21, 11
MM, 29, 25, 204
MM, 35, 27, 12
MM, 0, 27, 12
MM, 5, 30, 13
MM, 2, 0, 48
MM, 5, 3, 12
MM, 9, 3, 12
MM, 11, 5, 13
MM, 12, 5, 11
MM, 12, 6, 12
MM, 14, 6, 24
MM, 14, 7, 12
MM, 15, 7, 12
MM, 16, 7, 12
MM, 17, 8, 14
MM, 18, 8, 11
MM, 18, 9, 22
MM, 14, 6, 193
MM, 11, 5, 12
MM, 5, 4, 12
MM, 42, 0, 25
MM, 7, 31, 60
MM, 25, 28, 25
MM, 7, 26, 12
MM, 32, 24, 13
MM, 12, 24, 11
MM, 43, 1, 708
MM, 39, 6, 12
MM, 34, 10, 12
MM, 30, 13, 12
MM, 27, 16, 13
MM, 22, 18, 12
MM, 19, 18, 11
MM, 17, 18, 13
MM, 16, 18, 23
MM, 16, 17, 25
MM, 15, 17, 13
MM, 17, 18, 215
MM, 19, 18, 12
MM, 22, 18, 12
MM, 31, 17, 13
MM, 21, 15, 23
MM, 8, 16, 12
MM, 7, 19, 15
MM, 2, 26, 12
MM, 38, 5, 22
MM, 12, 9, 13
MM, 30, 13, 11
MM, 43, 16, 13
MM, 6, 20, 24
MM, 10, 20, 11
MM, 15, 21, 12
MM, 18, 22, 12
MM, 20, 23, 13
MM, 22, 24, 11
MM, 23, 24, 12
MM, 23, 25, 13
MM, 24, 25, 11
MM, 24, 26, 13
MM, 25, 27, 23
MM, 26, 27, 13
MM, 27, 27, 12
MM, 28, 27, 36
MM, 28, 26, 24
MM, 28, 25, 24
MM, 28, 24, 12
MM, 28, 23, 24
MM, 28, 22, 111
MM, 30, 22, 152
MM, 34, 21, 13
MM, 41, 19, 12
MM, 205, 0, 2413
MM, 177, 6, 7
MM, 144, 17, 10
MM, 113, 30, 13
MM, 90, 42, 11
MM, 59, 57, 12
MM, 35, 1, 13
MM, 4, 19, 189694
MM, 39, 6, 12
MM, 171, 63, 37
MM, 212, 61, 11
MM, 251, 56, 11
MM, 286, 52, 13
MM, 312, 50, 12
MM, 330, 48, 11
MM, 349, 48, 12
MM, 368, 51, 13
MM, 380, 54, 11
MM, 391, 58, 14
MM, 403, 63, 13
MM, 45, 2, 708
MM, 44, 4, 12
MM, 44, 8, 12
MM, 44, 10, 12
MM, 44, 11, 25
MM, 44, 12, 36
MM, 44, 14, 12
MM, 44, 15, 10
MM, 43, 16, 13
MM, 43, 17, 12
