********************************************************************************
LOGGING TIME: 20181021_155546
CLIENT IP: 192.168.137.1
USERNAME: Kanakvi Aggarwal
OS: Windows 10
**********************************Emotional database********************************************************************************
MM, 467, 258, 1541893260096
MM, 465, 263, 11
MM, 463, 265, 12
MM, 459, 266, 12
MM, 454, 270, 12
MM, 449, 277, 12
MM, 440, 283, 13
MM, 429, 289, 11
MM, 418, 296, 12
MM, 156, 3, 12
MM, 145, 8, 12
MM, 135, 11, 12
MM, 123, 14, 13
MM, 112, 15, 12
MM, 104, 17, 11
MM, 93, 18, 12
MM, 85, 21, 12
MM, 72, 24, 12
MM, 66, 26, 12
MM, 59, 28, 12
MM, 53, 30, 12
MM, 46, 31, 12
MM, 37, 34, 12
MM, 34, 34, 12
MM, 32, 35, 14
MM, 31, 35, 12
MM, 31, 36, 12
MM, 30, 37, 34
MM, 30, 38, 13
MM, 30, 40, 12
MM, 30, 41, 12
MM, 29, 41, 11
MM, 28, 40, 36
MM, 26, 38, 12
MM, 23, 30, 12
MM, 21, 14, 12
MM, 272, 289, 12
MM, 273, 259, 12
MM, 290, 175, 24
MM, 296, 147, 12
MM, 301, 133, 12
MM, 286, 125, 651
MM, 286, 133, 11
MM, 286, 141, 12
MM, 286, 151, 12
MM, 286, 163, 12
MM, 286, 175, 12
MM, 288, 259, 73
MM, 288, 265, 12
MM, 288, 270, 12
MM, 288, 274, 13
MM, 289, 278, 13
MM, 289, 281, 10
MM, 289, 285, 12
MM, 289, 290, 12
MM, 289, 294, 12
MM, 38, 2, 12
MM, 39, 4, 12
MM, 39, 6, 12
MM, 39, 8, 12
MM, 40, 9, 12
MM, 41, 9, 24
MM, 41, 10, 12
MM, 42, 11, 38
MM, 42, 12, 35
MM, 43, 11, 263
MM, 41, 28, 15640
MM, 39, 44, 12
MM, 37, 64, 12
MM, 37, 82, 12
MM, 290, 389, 12
MM, 292, 401, 12
MM, 292, 414, 12
MM, 41, 2, 13
MM, 43, 16, 11
MM, 43, 30, 13
MM, 42, 36, 12
MM, 38, 45, 12
MM, 36, 53, 13
MM, 34, 60, 12
MM, 31, 69, 11
MM, 30, 74, 12
MM, 30, 75, 23
MM, 30, 74, 134
MM, 32, 69, 13
MM, 34, 64, 13
MM, 37, 57, 11
MM, 41, 50, 12
MM, 44, 43, 12
MM, 47, 40, 12
MM, 50, 35, 12
MM, 52, 35, 12
MM, 52, 34, 12
MM, 53, 34, 12
MM, 53, 36, 216
MM, 58, 36, 12
MM, 72, 37, 12
MM, 94, 39, 12
MM, 111, 45, 12
MM, 129, 49, 12
MM, 141, 52, 12
MM, 156, 57, 12
MM, 170, 60, 12
MM, 183, 65, 12
MM, 193, 68, 13
MM, 202, 74, 11
MM, 210, 83, 13
MM, 217, 87, 11
MM, 222, 89, 13
MM, 479, 517, 12
MM, 483, 518, 11
MM, 487, 518, 13
MM, 492, 518, 12
MM, 495, 519, 12
MM, 498, 519, 12
MM, 500, 519, 12
MM, 502, 519, 12
MM, 503, 521, 12
MM, 504, 522, 12
MM, 505, 524, 12
MM, 505, 526, 12
MM, 506, 527, 12
MM, 507, 528, 23
MM, 508, 530, 13
MM, 508, 531, 24
MM, 509, 532, 72
MM, 509, 533, 13
MM, 12, 0, 24
MM, 12, 1, 13
MM, 12, 3, 190
MM, 15, 6, 13
MM, 20, 9, 12
MM, 24, 14, 12
MM, 33, 19, 11
MM, 3, 27, 13
MM, 557, 569, 12
MM, 568, 577, 12
MM, 15, 16, 12
MM, 34, 26, 13
MM, 623, 606, 12
MM, 17, 6, 12
MM, 25, 12, 11
MM, 32, 19, 12
MM, 655, 629, 12
MM, 657, 632, 12
MM, 657, 634, 12
MM, 657, 636, 60
MM, 657, 639, 13
MM, 656, 643, 12
MM, 4, 1, 13
MM, 4, 2, 13
MM, 4, 4, 11
MM, 4, 5, 11
MM, 5, 5, 12
MM, 5, 7, 73
MM, 5, 8, 11
MM, 6, 8, 60
MM, 5, 4, 168
MM, 4, 3, 13
MM, 2, 3, 24
MM, 647, 648, 11
MM, 14, 1, 13
MM, 613, 646, 12
MM, 25, 1, 12
MM, 9, 2, 13
MM, 31, 10, 11
MM, 11, 14, 12
MM, 525, 667, 12
MM, 30, 25, 12
MM, 26, 26, 12
MM, 22, 28, 12
MM, 507, 677, 14
MM, 505, 677, 11
MM, 504, 680, 12
MM, 503, 680, 23
MM, 501, 680, 12
MM, 99, 0, 12
MM, 97, 2, 12
MM, 94, 3, 12
MM, 93, 5, 12
MM, 91, 5, 12
MM, 90, 6, 25
MM, 90, 7, 133
MM, 90, 8, 12
MM, 90, 4, 143
MM, 89, 0, 12
MM, 489, 676, 12
MM, 487, 666, 12
MM, 487, 654, 12
MM, 487, 644, 12
MM, 25, 28, 12
MM, 24, 19, 12
MM, 24, 17, 12
MM, 23, 14, 13
MM, 23, 11, 12
MM, 23, 6, 12
MM, 23, 2, 12
MM, 486, 605, 11
MM, 489, 600, 12
MM, 491, 597, 12
MM, 492, 597, 25
MM, 492, 596, 24
MM, 492, 595, 12
MM, 492, 594, 12
MM, 491, 593, 12
MM, 491, 592, 12
MM, 491, 591, 12
MM, 491, 590, 13
MM, 491, 588, 12
MM, 491, 587, 12
MM, 0, 15, 11
MM, 5, 14, 12
MM, 6, 14, 12
MM, 10, 14, 12
MM, 13, 14, 12
MM, 15, 14, 12
MM, 18, 13, 12
MM, 19, 13, 12
MC, 1, 229
MM, 19, 14, 24
MM, 19, 16, 24
MM, 21, 18, 11
MM, 23, 22, 12
MM, 29, 26, 12
MM, 527, 603, 13
MM, 532, 606, 12
MM, 537, 609, 12
MM, 2, 5, 12
MM, 5, 7, 12
MM, 5, 9, 12
MM, 6, 9, 12
MM, 6, 10, 13
MM, 6, 11, 24
MM, 7, 11, 121
MM, 9, 11, 24
MM, 10, 11, 11
MM, 11, 11, 37
MM, 8, 7, 155
MM, 7, 5, 12
MM, 4, 5, 12
MM, 536, 613, 12
MM, 27, 2, 12
MM, 511, 607, 13
MM, 499, 604, 11
MM, 489, 601, 12
MM, 16, 27, 13
MM, 6, 27, 11
MM, 454, 598, 12
MM, 31, 25, 12
MM, 24, 24, 13
MM, 20, 24, 11
MM, 18, 23, 12
MM, 17, 23, 13
MM, 16, 23, 11
MM, 15, 23, 13
MM, 13, 22, 11
MM, 11, 21, 13
MM, 9, 21, 12
MM, 8, 19, 12
MM, 5, 17, 12
MM, 1, 15, 12
MM, 413, 585, 12
MM, 410, 583, 13
MM, 409, 583, 12
MM, 36, 12, 24
MM, 409, 583, 83
MM, 410, 583, 13
MP, 1, 13
MR, 1, 204
MM, 9, 13, 11
MM, 15, 12, 12
MM, 21, 12, 12
MM, 26, 11, 12
MM, 29, 11, 12
MM, 30, 11, 12
MM, 29, 11, 97
MM, 28, 11, 25
MM, 27, 11, 23
MM, 25, 11, 13
MM, 23, 11, 13
MM, 20, 11, 11
MM, 17, 11, 11
MM, 13, 11, 12
MM, 11, 11, 11
MM, 13, 11, 180
MM, 15, 11, 13
MM, 18, 11, 12
MM, 21, 11, 12
MM, 29, 11, 12
MM, 450, 582, 12
MM, 3, 10, 12
MM, 6, 10, 12
MM, 8, 10, 12
MM, 9, 10, 12
MM, 455, 580, 228
MM, 31, 10, 12
MM, 27, 11, 14
MM, 22, 13, 10
MM, 17, 13, 12
MM, 16, 13, 13
MM, 19, 15, 277
MM, 19, 17, 12
MM, 20, 19, 13
MM, 21, 21, 12
MM, 23, 26, 11
MM, 442, 604, 12
MM, 26, 5, 12
MM, 27, 13, 12
MM, 31, 18, 12
MM, 32, 22, 12
MM, 456, 636, 13
MM, 456, 640, 11
MM, 8, 0, 12
MM, 8, 6, 13
MM, 9, 15, 11
MM, 9, 18, 12
MM, 9, 24, 12
MM, 9, 27, 13
MM, 458, 677, 11
MM, 58, 2, 12
MM, 58, 8, 12
MM, 58, 13, 12
MM, 58, 19, 12
MM, 58, 21, 12
MM, 59, 22, 12
MM, 59, 23, 36
MM, 59, 19, 314
MM, 58, 18, 11
MM, 58, 17, 12
MM, 56, 14, 12
MM, 53, 11, 12
MM, 52, 7, 12
MM, 443, 679, 12
MM, 26, 21, 12
MM, 18, 12, 13
MM, 11, 6, 11
MM, 414, 644, 12
MM, 27, 30, 13
MM, 21, 29, 12
MM, 14, 26, 12
MM, 10, 24, 12
MM, 8, 22, 12
MM, 5, 21, 11
MM, 1, 21, 13
MM, 378, 628, 12
MM, 375, 627, 12
MM, 34, 19, 12
MM, 33, 19, 12
MM, 32, 18, 13
MM, 29, 17, 11
MM, 26, 16, 12
MM, 23, 15, 12
MM, 20, 15, 14
MM, 18, 15, 11
MM, 17, 15, 13
MM, 16, 15, 11
MM, 15, 15, 35
MM, 15, 14, 86
MM, 21, 8, 142
MM, 26, 5, 13
MM, 32, 3, 12
MM, 380, 606, 12
MM, 385, 605, 12
MM, 390, 602, 12
MM, 21, 29, 12
MM, 23, 27, 12
MM, 27, 25, 11
MM, 33, 25, 13
MM, 36, 23, 12
MM, 413, 592, 12
MM, 1, 20, 12
MM, 4, 19, 12
MM, 9, 18, 13
MM, 15, 17, 11
MM, 24, 14, 12
MM, 31, 11, 12
MM, 452, 581, 12
MM, 1, 10, 12
MM, 3, 10, 12
MM, 4, 10, 25
MM, 5, 10, 60
MM, 7, 10, 12
MM, 9, 10, 12
MM, 10, 10, 13
MM, 12, 10, 11
MM, 14, 10, 12
MM, 15, 10, 12
MM, 15, 9, 96
MM, 7, 8, 228
MM, 5, 8, 12
MM, 2, 8, 13
MM, 455, 579, 12
MM, 452, 579, 12
MM, 33, 8, 11
MM, 29, 10, 13
MM, 25, 10, 12
MM, 24, 10, 12
MM, 24, 11, 25
MM, 22, 12, 15
MM, 21, 12, 9
MM, 20, 12, 11
MM, 19, 12, 48
MM, 21, 13, 205
MM, 21, 17, 12
MM, 21, 22, 12
MM, 436, 602, 12
MM, 15, 6, 12
MM, 15, 16, 12
MM, 18, 25, 12
MM, 439, 641, 12
MM, 30, 2, 11
MM, 30, 8, 12
MM, 30, 14, 13
MM, 30, 24, 12
MM, 40, 1, 12
MM, 41, 8, 12
MM, 43, 13, 12
MM, 43, 15, 12
MM, 43, 16, 12
MM, 43, 17, 12
MM, 43, 19, 12
MM, 43, 22, 13
MM, 43, 24, 13
MM, 43, 27, 12
MM, 43, 26, 239
MM, 43, 24, 12
MM, 43, 22, 12
MM, 43, 21, 12
MM, 43, 20, 12
MM, 44, 19, 50
MM, 44, 18, 12
MM, 44, 17, 22
MC, 1, 230
MM, 44, 16, 119
MM, 43, 14, 13
MM, 41, 12, 11
MM, 38, 8, 12
MM, 34, 1, 12
MM, 19, 29, 12
MM, 13, 22, 12
MM, 9, 20, 12
MM, 8, 17, 12
MM, 4, 10, 12
MM, 3, 6, 12
MM, 2, 1, 12
MM, 31, 30, 12
MM, 31, 24, 12
MM, 31, 19, 12
MM, 31, 13, 13
MM, 31, 9, 12
MM, 31, 8, 12
MM, 32, 7, 13
MM, 32, 6, 12
MM, 33, 4, 11
MM, 415, 610, 12
MM, 417, 608, 12
MM, 419, 605, 12
MM, 424, 602, 12
MM, 12, 30, 12
MM, 14, 29, 12
MM, 15, 29, 12
MM, 17, 29, 12
MM, 19, 29, 12
MM, 21, 29, 12
MM, 23, 29, 12
MM, 24, 29, 12
MM, 25, 29, 12
MM, 25, 30, 62
MM, 439, 602, 23
MM, 438, 602, 12
MM, 437, 603, 24
MM, 435, 604, 11
MM, 12, 0, 13
MM, 9, 2, 12
MM, 4, 3, 12
MM, 418, 614, 12
MM, 34, 7, 12
MM, 30, 8, 12
MM, 28, 8, 13
MM, 26, 9, 11
MM, 25, 9, 12
MM, 24, 9, 12
MM, 22, 9, 36
MM, 23, 6, 288
MM, 23, 4, 12
MM, 26, 0, 13
MM, 407, 606, 12
MM, 410, 604, 12
MM, 412, 602, 12
MM, 1, 29, 13
MM, 3, 27, 12
MM, 6, 23, 12
MM, 7, 21, 11
MM, 11, 19, 13
MM, 13, 17, 12
MM, 16, 13, 13
MM, 18, 12, 10
MM, 19, 10, 12
MM, 20, 10, 12
MM, 21, 9, 12
MM, 22, 9, 12
MC, 1, 253
MM, 22, 11, 11
MM, 22, 12, 13
MM, 22, 15, 12
MM, 22, 18, 12
MM, 22, 23, 12
MM, 23, 29, 12
MM, 20, 0, 12
MM, 24, 7, 11
MM, 28, 11, 13
MM, 32, 20, 12
MM, 32, 24, 11
MM, 34, 28, 13
MM, 456, 639, 12
MM, 456, 643, 12
MM, 7, 3, 12
MM, 8, 7, 12
MM, 9, 8, 12
MM, 10, 10, 12
MM, 10, 11, 50
MM, 10, 12, 12
MM, 11, 12, 11
MM, 11, 13, 12
MM, 12, 13, 12
MM, 10, 2, 276
MM, 458, 641, 12
MM, 34, 22, 12
MM, 32, 10, 12
MM, 32, 4, 12
MM, 452, 605, 12
MM, 451, 600, 12
MM, 34, 23, 12
MM, 33, 18, 13
MM, 32, 14, 12
MM, 30, 10, 11
MM, 28, 7, 12
MM, 27, 6, 25
MM, 26, 5, 14
MM, 25, 4, 11
MM, 24, 4, 11
MM, 23, 4, 36
MM, 23, 3, 12
MM, 22, 3, 24
MM, 21, 3, 36
MM, 23, 6, 168
MM, 23, 8, 11
MM, 24, 10, 14
MM, 32, 15, 11
MM, 455, 594, 13
MM, 8, 29, 11
MM, 471, 605, 13
MM, 22, 5, 12
MM, 29, 10, 12
MM, 3, 18, 12
MM, 10, 25, 12
MM, 520, 639, 12
MM, 525, 642, 12
MM, 3, 1, 12
MM, 8, 3, 11
MM, 11, 6, 13
MM, 13, 7, 12
MM, 14, 7, 170
MM, 15, 9, 12
MM, 17, 10, 11
MM, 18, 10, 24
MM, 18, 11, 12
MM, 17, 10, 168
MM, 16, 10, 74
MM, 14, 10, 11
MM, 10, 12, 11
MM, 6, 14, 12
MM, 2, 16, 13
MM, 0, 20, 12
MM, 524, 668, 12
MM, 31, 26, 12
MM, 29, 29, 12
MM, 512, 678, 11
MM, 510, 679, 12
MM, 509, 679, 13
MM, 509, 680, 12
MM, 108, 0, 12
MM, 106, 2, 12
MM, 105, 5, 11
MM, 104, 6, 12
MM, 104, 7, 25
MM, 103, 7, 11
MM, 103, 8, 86
MM, 102, 8, 12
MM, 102, 9, 13
MM, 100, 5, 178
MM, 98, 4, 12
MM, 94, 3, 12
MM, 91, 2, 12
MM, 88, 0, 12
MM, 483, 681, 13
MM, 477, 679, 12
MM, 470, 677, 11
MM, 16, 30, 12
MM, 12, 30, 12
MM, 7, 29, 12
MM, 5, 27, 13
MM, 3, 26, 11
MM, 1, 25, 13
MM, 448, 670, 12
MM, 446, 670, 12
MM, 446, 669, 12
MM, 444, 669, 12
MM, 33, 24, 12
MM, 31, 24, 12
MM, 28, 23, 12
MM, 25, 22, 12
MM, 23, 22, 12
MM, 21, 22, 12
MM, 21, 21, 24
MM, 22, 20, 217
MM, 22, 19, 11
MM, 24, 18, 13
MM, 28, 15, 12
MM, 446, 655, 12
MM, 10, 2, 12
MM, 478, 642, 12
MM, 2, 27, 12
MM, 23, 20, 12
MM, 6, 14, 12
MM, 23, 11, 12
MM, 575, 616, 12
MM, 8, 6, 12
MM, 19, 3, 11
MM, 27, 3, 13
MM, 617, 608, 11
MM, 621, 607, 13
MM, 623, 607, 12
MM, 624, 607, 12
MM, 625, 607, 60
MM, 626, 607, 12
MM, 628, 607, 12
MM, 630, 606, 25
MM, 635, 605, 13
MM, 27, 30, 11
MM, 643, 600, 12
MM, 0, 27, 13
MM, 1, 26, 11
MM, 4, 26, 12
MM, 4, 25, 25
MM, 5, 25, 23
MM, 5, 23, 13
MM, 5, 22, 47
MM, 5, 21, 85
MC, 1, 156
MM, 4, 21, 23
MM, 3, 22, 13
MM, 646, 595, 11
MM, 28, 27, 13
MM, 626, 603, 11
MM, 615, 607, 13
MM, 27, 5, 12
MM, 14, 13, 12
MM, 578, 633, 12
MM, 566, 641, 12
MM, 28, 1, 12
MM, 23, 1, 12
MM, 22, 1, 12
MM, 21, 1, 12
MM, 20, 2, 49
MM, 20, 3, 12
MM, 17, 4, 13
MM, 16, 4, 12
MM, 15, 7, 12
MM, 14, 8, 10
MM, 13, 8, 13
MM, 13, 9, 12
MM, 12, 9, 133
MM, 12, 3, 167
MM, 13, 1, 12
MM, 542, 640, 12
MM, 2, 24, 12
MM, 2, 19, 12
MM, 0, 16, 12
MM, 537, 621, 12
MM, 34, 10, 14
MM, 31, 8, 10
MM, 27, 7, 12
MM, 25, 4, 12
MM, 23, 3, 12
MM, 22, 3, 12
MM, 22, 2, 12
MM, 21, 1, 12
MM, 20, 0, 12
MM, 518, 606, 13
MM, 517, 605, 11
MM, 515, 603, 12
MM, 514, 603, 12
MM, 514, 602, 12
MM, 513, 602, 13
MM, 19, 29, 122
MM, 19, 28, 13
MM, 19, 28, 164
MM, 19, 29, 49
MM, 21, 28, 158
MM, 27, 27, 12
MM, 3, 25, 13
MM, 15, 24, 12
MM, 25, 22, 11
MM, 564, 593, 11
MM, 1, 22, 12
MM, 5, 22, 12
MM, 10, 22, 12
MM, 17, 22, 12
MM, 22, 21, 12
MM, 28, 21, 12
MM, 30, 21, 14
MM, 605, 591, 11
MM, 606, 591, 11
MM, 609, 590, 12
MM, 610, 590, 12
MM, 0, 19, 12
MM, 1, 19, 12
MM, 2, 19, 73
MM, 3, 19, 11
MM, 4, 19, 13
MM, 5, 19, 13
MC, 1, 239
MM, 4, 21, 48
MM, 610, 597, 12
MM, 602, 602, 12
MM, 12, 0, 12
MM, 3, 8, 12
MM, 579, 621, 12
MM, 32, 18, 12
MM, 27, 20, 12
MM, 23, 24, 13
MM, 21, 26, 12
MM, 557, 640, 12
MM, 24, 2, 12
MM, 22, 6, 12
MM, 20, 8, 12
MM, 19, 9, 11
MM, 18, 10, 13
MM, 17, 13, 12
MM, 16, 15, 12
MM, 15, 17, 12
MM, 15, 19, 12
MM, 14, 19, 12
MM, 13, 19, 24
MM, 12, 19, 98
MM, 12, 13, 166
MM, 11, 11, 12
MM, 7, 4, 13
MM, 29, 28, 12
MM, 20, 21, 12
MM, 7, 12, 12
MM, 495, 613, 12
MM, 23, 2, 12
MM, 14, 0, 12
MM, 470, 605, 12
MM, 465, 604, 12
MM, 462, 603, 12
MM, 460, 602, 12
MM, 3, 30, 12
MM, 2, 30, 36
MM, 0, 30, 24
MM, 454, 599, 14
MM, 452, 598, 12
MM, 451, 598, 12
MM, 33, 26, 12
MM, 32, 26, 13
MM, 31, 26, 10
MM, 31, 25, 11
MM, 29, 24, 62
MM, 23, 22, 24
MM, 20, 21, 11
MM, 17, 21, 13
MM, 13, 20, 12
MM, 13, 19, 12
MM, 12, 19, 11
MM, 12, 18, 37
MM, 17, 20, 191
MM, 20, 20, 12
MM, 23, 22, 12
MM, 31, 25, 12
MM, 455, 599, 12
MM, 462, 605, 12
MM, 7, 3, 12
MM, 16, 9, 12
MM, 22, 14, 13
MM, 27, 19, 12
MM, 494, 631, 11
MM, 0, 26, 12
MM, 503, 639, 13
MM, 507, 642, 12
MM, 22, 1, 11
MM, 27, 3, 13
MM, 28, 4, 13
MM, 29, 4, 12
MM, 30, 5, 23
MM, 30, 6, 11
MM, 33, 8, 12
MM, 523, 654, 13
MM, 524, 655, 12
MM, 526, 656, 12
MM, 527, 656, 49
MM, 528, 656, 24
MM, 0, 11, 12
MM, 2, 11, 12
MM, 4, 11, 12
MM, 6, 11, 12
MM, 8, 11, 12
MM, 9, 11, 23
MM, 11, 11, 12
MM, 13, 11, 12
MM, 14, 11, 25
MM, 15, 11, 12
MM, 15, 12, 35
MM, 9, 3, 186
MM, 537, 641, 7
MM, 534, 634, 12
MM, 29, 21, 12
MM, 25, 14, 12
MM, 23, 9, 12
MM, 22, 4, 13
MM, 20, 0, 11
MM, 519, 607, 12
MM, 519, 603, 12
MM, 24, 30, 13
MM, 23, 28, 12
MM, 21, 27, 11
MM, 21, 26, 13
MM, 21, 24, 12
MM, 18, 22, 12
MM, 18, 19, 12
MM, 18, 16, 12
MM, 16, 13, 12
MM, 15, 10, 12
MM, 15, 8, 12
MM, 15, 7, 25
MM, 14, 7, 12
MM, 14, 8, 83
MM, 11, 9, 169
MM, 9, 9, 11
MM, 3, 11, 13
MM, 30, 14, 12
MM, 21, 19, 12
MM, 13, 22, 12
MM, 4, 25, 12
MM, 451, 602, 13
MM, 440, 605, 12
MM, 10, 1, 11
MM, 0, 6, 12
MM, 34, 8, 12
MM, 26, 10, 12
MM, 19, 11, 13
MM, 14, 12, 11
MM, 8, 14, 12
MM, 6, 15, 14
MM, 3, 15, 11
MM, 2, 15, 12
MM, 1, 15, 11
MM, 1, 14, 61
MM, 2, 14, 131
MM, 6, 14, 181
MM, 8, 14, 12
MM, 10, 15, 12
MM, 14, 16, 12
MM, 19, 18, 12
MM, 26, 21, 12
MM, 31, 25, 12
MM, 422, 639, 12
MM, 427, 642, 12
MM, 434, 644, 12
MM, 30, 3, 13
MM, 446, 654, 11
MM, 3, 14, 12
MM, 6, 18, 13
MM, 10, 21, 12
MM, 11, 25, 11
MM, 12, 28, 13
MM, 13, 30, 12
MM, 462, 677, 12
MM, 462, 678, 12
MM, 463, 680, 12
MM, 64, 0, 11
MM, 64, 1, 12
MM, 64, 2, 13
MM, 64, 4, 37
MM, 64, 5, 36
MM, 63, 5, 24
MM, 62, 5, 36
MM, 61, 5, 11
MM, 61, 6, 12
MM, 61, 7, 12
MM, 61, 8, 24
MM, 60, 9, 12
MM, 60, 10, 50
MM, 59, 0, 190
MM, 459, 681, 13
MM, 4, 26, 36
MM, 447, 665, 11
MM, 28, 14, 13
MM, 17, 6, 12
MM, 10, 2, 12
MM, 408, 645, 12
MM, 401, 641, 12
MM, 397, 640, 12
MM, 392, 639, 12
MM, 9, 30, 12
MM, 7, 29, 12
MM, 6, 28, 12
MM, 6, 27, 12
MM, 5, 27, 49
MM, 4, 25, 13
MM, 3, 24, 13
MM, 2, 23, 10
MM, 0, 21, 12
MM, 378, 627, 12
MM, 375, 625, 11
MM, 374, 624, 12
MM, 33, 16, 13
MM, 33, 17, 24
MM, 32, 18, 12
MM, 31, 18, 62
MM, 30, 17, 23
MM, 28, 17, 12
MM, 25, 17, 12
MM, 22, 16, 12
MM, 19, 14, 12
MM, 17, 14, 12
MM, 16, 13, 11
MM, 15, 13, 13
MM, 22, 13, 227
MM, 27, 13, 12
MM, 377, 621, 13
MM, 7, 16, 11
MM, 17, 16, 13
MM, 28, 19, 12
MM, 416, 630, 12
MM, 6, 23, 12
MM, 18, 26, 12
MM, 32, 28, 13
MM, 3, 28, 12
MM, 17, 28, 11
MM, 493, 636, 12
MM, 9, 29, 12
MM, 19, 29, 13
MM, 524, 639, 12
MM, 527, 639, 12
MM, 532, 640, 11
MM, 534, 641, 12
MM, 536, 641, 12
MM, 538, 642, 13
MM, 541, 643, 12
MM, 545, 644, 11
MM, 19, 1, 13
MM, 22, 2, 12
MM, 27, 5, 11
MM, 28, 5, 13
MM, 28, 7, 23
MM, 27, 7, 61
MM, 26, 7, 37
MM, 25, 7, 23
MM, 25, 8, 12
MM, 25, 9, 24
MM, 24, 9, 12
MM, 23, 10, 24
MM, 23, 11, 24
MM, 22, 11, 14
MM, 17, 4, 251
MM, 11, 1, 12
MM, 4, 0, 12
MM, 527, 642, 12
MM, 522, 641, 12
MM, 517, 639, 12
MM, 10, 29, 12
MM, 498, 636, 11
MM, 28, 26, 13
MM, 19, 25, 12
MM, 15, 24, 13
MM, 8, 20, 11
MM, 3, 18, 12
MM, 461, 626, 12
MM, 457, 626, 12
MM, 33, 16, 13
MM, 31, 16, 12
MM, 28, 16, 13
MM, 23, 15, 11
MM, 21, 15, 13
MM, 21, 14, 11
MM, 20, 14, 24
MM, 20, 15, 72
MM, 23, 16, 240
MM, 27, 18, 12
MM, 29, 24, 13
MM, 31, 29, 12
MM, 456, 643, 12
MM, 11, 3, 12
MM, 12, 6, 12
MM, 13, 14, 13
MM, 14, 17, 11
MM, 14, 20, 12
MM, 14, 24, 12
MM, 14, 28, 11
MM, 14, 30, 12
MM, 463, 677, 13
MM, 463, 680, 12
MM, 464, 681, 12
MM, 64, 1, 12
MM, 64, 2, 36
MM, 64, 3, 50
MM, 65, 3, 11
MM, 66, 3, 16
MM, 66, 4, 9
MM, 66, 7, 12
MM, 67, 10, 10
MM, 67, 12, 12
MM, 68, 12, 12
MM, 68, 13, 49
MM, 69, 6, 227
MM, 69, 3, 12
MM, 24, 29, 13
MM, 30, 18, 12
MM, 484, 656, 12
MM, 486, 649, 12
MM, 486, 645, 12
MM, 487, 643, 12
MM, 487, 642, 12
MM, 487, 641, 12
MM, 487, 639, 12
MM, 26, 30, 12
MM, 26, 28, 12
MM, 26, 27, 24
MM, 26, 26, 13
MM, 26, 24, 12
MM, 26, 23, 12
MM, 26, 22, 73
MM, 25, 22, 35
MM, 25, 21, 48
MM, 24, 21, 12
MM, 26, 21, 157
MM, 30, 21, 12
MM, 495, 629, 11
MM, 497, 627, 12
MM, 1, 18, 12
MM, 3, 18, 13
MM, 5, 18, 11
MM, 7, 16, 12
MM, 9, 16, 12
MM, 10, 16, 13
MM, 13, 16, 12
MM, 18, 14, 12
MM, 26, 11, 12
MM, 33, 9, 12
MM, 5, 3, 12
MM, 13, 0, 12
MM, 564, 605, 12
MM, 574, 602, 11
MM, 15, 28, 13
MM, 27, 27, 12
MM, 608, 595, 12
MM, 3, 24, 12
MM, 9, 22, 11
MM, 14, 22, 13
MM, 16, 21, 12
MM, 17, 21, 12
MM, 18, 21, 12
MM, 18, 20, 12
MM, 19, 20, 13
MM, 20, 19, 23
MM, 21, 19, 12
MM, 22, 19, 13
MM, 23, 19, 24
MM, 25, 19, 12
MM, 26, 19, 24
MC, 1, 240
MM, 25, 19, 12
MM, 24, 19, 12
MM, 20, 19, 12
MM, 15, 20, 12
MM, 10, 22, 12
MM, 0, 22, 13
MM, 33, 24, 12
MM, 20, 27, 11
MM, 6, 30, 12
MM, 563, 606, 12
MM, 555, 606, 13
MM, 8, 2, 12
MM, 539, 616, 12
MM, 26, 13, 12
MM, 15, 17, 11
MM, 6, 22, 12
MM, 498, 634, 13
MM, 29, 29, 12
MM, 25, 30, 11
MM, 483, 640, 12
MM, 480, 642, 13
MM, 477, 643, 12
MM, 472, 644, 12
MM, 21, 3, 11
MM, 19, 5, 12
MM, 17, 6, 13
MM, 16, 8, 12
MM, 15, 10, 12
MM, 14, 10, 12
MM, 13, 10, 12
MM, 13, 11, 25
MM, 13, 12, 60
MM, 13, 4, 240
MM, 13, 2, 13
MM, 462, 642, 11
MM, 0, 28, 12
MM, 461, 628, 12
MM, 458, 621, 12
MM, 34, 4, 13
MM, 451, 607, 11
MM, 32, 29, 12
MM, 29, 24, 12
MM, 27, 21, 13
MM, 26, 15, 11
MM, 25, 14, 13
MM, 24, 13, 11
MM, 23, 13, 12
MM, 23, 12, 13
MM, 22, 12, 12
MM, 22, 11, 12
MM, 20, 8, 194
MM, 22, 12, 142
MM, 23, 15, 13
MM, 23, 23, 11
MM, 438, 604, 12
MM, 20, 10, 13
MM, 20, 22, 12
MM, 32, 1, 12
MM, 33, 10, 11
MM, 444, 663, 12
MM, 444, 675, 13
MM, 45, 0, 12
MM, 45, 4, 12
MM, 46, 9, 12
MM, 47, 12, 11
MM, 47, 15, 13
MM, 47, 16, 12
MM, 47, 17, 12
MM, 47, 18, 12
MM, 47, 19, 12
MM, 47, 20, 61
MM, 48, 20, 35
MM, 51, 17, 216
MM, 57, 13, 12
MM, 64, 9, 13
MM, 74, 0, 12
MM, 484, 675, 11
MM, 6, 24, 13
MM, 20, 18, 12
MM, 33, 11, 11
MM, 3, 5, 12
MM, 545, 644, 13
MM, 23, 29, 12
MM, 577, 632, 12
MM, 9, 18, 12
MM, 24, 15, 12
MM, 30, 13, 12
MM, 0, 11, 12
MM, 3, 11, 12
MM, 5, 10, 12
MM, 8, 8, 12
MM, 13, 6, 12
MM, 18, 5, 12
MM, 23, 3, 12
MM, 25, 3, 13
MM, 26, 3, 61
MM, 28, 3, 24
MM, 30, 3, 12
MM, 32, 2, 13
MM, 652, 609, 10
MM, 654, 608, 12
MM, 656, 606, 12
MM, 10, 28, 12
MM, 12, 26, 12
MM, 13, 24, 12
MM, 14, 21, 12
MM, 15, 20, 12
MM, 16, 18, 12
MM, 16, 17, 12
MM, 14, 18, 253
MM, 9, 18, 11
MM, 1, 18, 13
MM, 28, 18, 12
MM, 18, 20, 12
MM, 5, 23, 13
MM, 32, 26, 12
MM, 579, 602, 11
MM, 565, 606, 12
MM, 12, 1, 11
MM, 538, 614, 13
MM, 20, 10, 12
MM, 6, 19, 11
MM, 494, 631, 12
MM, 23, 26, 12
MM, 19, 27, 12
MM, 17, 28, 13
MM, 475, 639, 11
MM, 472, 642, 13
MM, 16, 0, 12
MM, 9, 4, 12
MM, 4, 5, 12
MM, 3, 6, 12
MM, 2, 6, 121
MM, 2, 7, 13
MM, 0, 7, 12
MM, 448, 654, 11
MM, 445, 656, 12
MM, 33, 14, 12
MM, 31, 14, 11
MM, 30, 14, 37
MM, 24, 17, 49
MM, 19, 19, 12
MM, 15, 19, 12
MM, 18, 18, 323
MM, 18, 15, 12
MM, 18, 12, 13
MM, 18, 10, 13
MM, 19, 5, 12
MM, 428, 642, 12
MM, 8, 29, 11
MM, 8, 25, 12
MM, 8, 20, 12
MM, 8, 18, 12
MM, 8, 15, 12
MM, 9, 12, 12
MM, 10, 7, 12
MM, 11, 5, 12
MM, 11, 3, 12
MM, 12, 3, 13
MM, 12, 0, 47
MM, 434, 604, 13
MM, 434, 602, 12
MM, 20, 29, 12
MC, 1, 349
MM, 17, 30, 72
MM, 427, 602, 13
MM, 419, 604, 12
MM, 412, 605, 12
MM, 404, 606, 12
MM, 15, 0, 12
MM, 9, 1, 12
MM, 2, 4, 12
MM, 31, 7, 11
MM, 29, 7, 12
MM, 28, 7, 12
MM, 27, 8, 13
MM, 27, 9, 13
MM, 24, 10, 22
MM, 21, 11, 12
MM, 18, 13, 13
MM, 14, 14, 11
MM, 11, 16, 13
MM, 9, 16, 24
MM, 14, 16, 252
MM, 18, 17, 12
MM, 24, 17, 12
MM, 34, 18, 12
MM, 11, 18, 12
MM, 25, 21, 12
MM, 0, 24, 12
MM, 14, 24, 12
MM, 29, 26, 12
MM, 2, 29, 12
MM, 14, 29, 11
MM, 486, 640, 13
MM, 497, 643, 12
MM, 17, 0, 12
MM, 28, 1, 12
MM, 34, 4, 13
MM, 527, 651, 12
MM, 5, 9, 11
MM, 10, 11, 12
MM, 12, 15, 13
MM, 17, 16, 11
MM, 20, 17, 12
MM, 23, 20, 12
MM, 25, 23, 13
MM, 27, 26, 12
MM, 28, 29, 12
MM, 558, 676, 14
MM, 560, 678, 11
MM, 562, 678, 12
MM, 563, 679, 12
MM, 563, 680, 24
MM, 564, 680, 11
MM, 563, 680, 122
MM, 562, 679, 23
MM, 561, 679, 12
MM, 560, 678, 12
MM, 556, 677, 11
MM, 25, 30, 14
MM, 24, 30, 12
MM, 23, 30, 12
MM, 23, 29, 12
MM, 23, 27, 23
MM, 23, 26, 12
MM, 23, 23, 12
MM, 23, 22, 12
MM, 22, 21, 12
MM, 22, 20, 12
MM, 21, 19, 12
MM, 21, 18, 36
MM, 17, 18, 205
MM, 15, 17, 12
MM, 9, 14, 11
MM, 527, 656, 13
MM, 28, 7, 12
MM, 502, 643, 12
MM, 27, 29, 12
MM, 13, 26, 12
MM, 460, 632, 11
MM, 27, 24, 14
MM, 17, 21, 11
MM, 9, 21, 12
MM, 4, 21, 12
MM, 1, 20, 12
MM, 419, 628, 12
MM, 34, 20, 11
MM, 31, 20, 13
MM, 29, 20, 12
MM, 28, 20, 13
MM, 25, 20, 12
MM, 25, 19, 12
MM, 24, 19, 12
MM, 23, 19, 12
MM, 21, 19, 12
MM, 20, 19, 24
MM, 19, 19, 23
MM, 19, 18, 12
MM, 18, 18, 12
MM, 18, 17, 12
MM, 18, 16, 50
MM, 22, 18, 179
MM, 25, 19, 12
MM, 30, 22, 12
MM, 417, 636, 12
MM, 424, 642, 12
MM, 26, 5, 13
MM, 33, 9, 11
MM, 2, 13, 12
MM, 4, 17, 12
MM, 10, 22, 12
MM, 15, 27, 13
MM, 472, 681, 11
MM, 76, 8, 13
MM, 79, 13, 11
MM, 81, 15, 14
MM, 83, 16, 11
MM, 84, 18, 12
MM, 85, 18, 12
MM, 85, 20, 12
MM, 85, 17, 420
MM, 85, 16, 13
MM, 85, 15, 12
MM, 86, 13, 11
MM, 91, 8, 13
MM, 499, 679, 12
MM, 18, 27, 12
MM, 29, 19, 12
MM, 1, 9, 12
MM, 545, 644, 12
MM, 20, 26, 12
MM, 34, 20, 13
MM, 5, 10, 12
MM, 13, 6, 12
MM, 22, 1, 11
MM, 612, 607, 12
MM, 619, 602, 12
MM, 14, 30, 12
MM, 18, 28, 12
MM, 21, 26, 12
MM, 22, 26, 12
MM, 24, 25, 12
MM, 25, 25, 49
MM, 25, 24, 24
MM, 26, 23, 36
MM, 27, 21, 12
MM, 27, 20, 12
MC, 1, 265
MM, 26, 20, 59
MM, 24, 21, 12
MM, 21, 23, 12
MM, 16, 24, 13
MM, 9, 27, 12
MM, 609, 606, 12
MM, 17, 3, 12
MM, 6, 10, 14
MM, 578, 624, 11
MM, 31, 21, 12
MM, 24, 26, 11
MM, 19, 30, 12
MM, 554, 642, 12
MM, 21, 1, 12
MM, 18, 3, 12
MM, 17, 5, 12
MM, 13, 10, 12
MM, 10, 13, 12
MM, 8, 16, 12
MM, 4, 18, 12
MM, 3, 19, 12
MM, 3, 20, 62
MM, 2, 20, 120
MM, 2, 19, 37
MM, 5, 17, 202
MM, 6, 17, 26
MM, 7, 16, 72
MM, 8, 16, 35
MM, 8, 18, 12
MM, 8, 21, 11
MM, 9, 23, 12
MM, 9, 25, 13
MM, 9, 27, 12
MM, 9, 28, 12
MM, 8, 29, 12
MM, 7, 30, 24
MM, 536, 676, 12
MM, 534, 676, 11
MM, 533, 677, 13
MM, 532, 678, 13
MM, 531, 678, 12
MP, 1, 24
MR, 1, 156
MC, 1, 0
MM, 531, 679, 181
MM, 531, 680, 12
MM, 531, 681, 97
MM, 131, 0, 48
MM, 129, 2, 107
MM, 129, 3, 12
MM, 128, 4, 12
MC, 1, 481
MM, 128, 3, 23
MM, 128, 1, 38
MM, 128, 0, 13
MM, 528, 681, 22
MM, 528, 680, 12
MM, 528, 679, 12
MM, 528, 675, 12
MM, 528, 666, 13
MM, 528, 658, 12
MM, 1, 2, 12
MM, 32, 29, 12
MM, 32, 21, 12
MM, 32, 17, 11
MM, 32, 13, 13
MM, 32, 10, 12
MM, 32, 7, 12
MM, 32, 4, 12
MM, 32, 2, 12
MM, 530, 606, 12
MM, 529, 606, 24
MM, 528, 605, 38
MM, 528, 604, 34
MM, 527, 603, 13
MM, 526, 603, 12
MM, 525, 603, 12
MM, 524, 603, 23
MM, 523, 603, 12
MM, 522, 603, 12
MM, 522, 602, 13
MM, 28, 29, 24
MM, 26, 29, 11
MM, 25, 28, 13
MM, 24, 28, 12
MM, 23, 27, 12
MM, 22, 27, 12
MM, 21, 26, 12
MM, 21, 25, 12
MM, 20, 24, 13
MM, 19, 22, 11
MM, 18, 21, 23
MM, 17, 21, 12
MM, 22, 27, 168
MM, 25, 28, 13
MM, 522, 603, 12
MM, 29, 0, 12
MM, 535, 611, 12
MM, 538, 613, 12
MM, 6, 9, 12
MM, 8, 11, 13
MM, 10, 12, 12
MM, 12, 13, 13
MM, 13, 14, 12
MM, 14, 15, 23
MM, 15, 15, 13
MM, 15, 16, 12
MM, 15, 17, 12
MM, 15, 15, 203
MM, 14, 14, 36
MM, 12, 13, 12
MM, 10, 12, 12
MM, 8, 9, 12
MM, 3, 8, 12
MM, 537, 613, 13
MM, 33, 2, 13
MM, 29, 1, 12
MM, 26, 0, 10
MM, 523, 607, 12
MM, 521, 606, 13
MM, 519, 605, 12
MM, 516, 603, 12
MM, 19, 30, 12
MM, 15, 29, 12
MM, 10, 28, 12
MM, 7, 25, 12
MM, 4, 25, 12
MM, 492, 596, 12
MM, 29, 23, 12
MM, 21, 23, 12
MM, 14, 21, 12
MM, 11, 21, 12
MM, 5, 21, 12
MM, 2, 21, 12
MM, 0, 21, 12
MM, 454, 592, 12
MM, 453, 592, 86
MM, 452, 592, 23
MM, 451, 592, 12
MM, 34, 21, 23
MM, 31, 21, 13
MM, 30, 21, 11
MM, 28, 21, 12
MM, 27, 21, 12
MM, 27, 20, 24
MM, 26, 20, 48
MM, 25, 20, 26
MM, 28, 20, 191
MM, 30, 21, 12
MM, 30, 24, 12
MM, 30, 28, 12
MM, 447, 606, 12
MM, 28, 9, 12
MM, 31, 25, 13
MM, 6, 6, 12
MM, 8, 19, 12
MM, 10, 23, 12
MM, 10, 25, 12
MM, 10, 26, 12
MM, 11, 27, 12
MM, 11, 29, 12
MM, 460, 676, 12
MM, 461, 680, 12
MM, 61, 2, 12
MM, 61, 4, 12
MM, 62, 4, 37
MM, 62, 5, 132
MM, 62, 6, 37
MM, 62, 7, 24
MM, 62, 9, 24
MM, 62, 11, 24
MM, 62, 12, 24
MM, 62, 6, 179
MM, 62, 5, 24
MM, 62, 2, 12
MM, 460, 680, 12
MM, 10, 29, 12
MM, 5, 22, 12
MM, 1, 13, 12
MM, 444, 644, 12
MM, 16, 25, 12
MM, 8, 12, 12
MM, 1, 6, 12
MM, 418, 607, 12
MM, 415, 602, 12
MM, 413, 597, 12
MM, 409, 594, 13
MM, 35, 20, 14
MM, 33, 18, 11
MM, 32, 16, 12
MM, 31, 14, 11
MM, 30, 14, 12
MM, 29, 13, 25
MM, 29, 12, 12
MM, 29, 11, 11
MM, 28, 11, 12
MM, 28, 10, 36
MM, 27, 10, 37
MM, 27, 9, 12
MM, 26, 9, 12
MM, 25, 9, 11
MM, 24, 8, 12
MM, 23, 8, 24
MM, 29, 29, 168
MM, 475, 606, 13
MM, 495, 608, 12
MM, 14, 0, 12
MM, 24, 0, 12
MM, 32, 0, 12
MM, 1, 0, 12
MM, 8, 0, 12
MM, 14, 0, 12
MM, 20, 0, 12
MM, 25, 0, 12
MM, 29, 0, 13
MM, 34, 0, 12
MM, 578, 608, 12
MM, 1, 0, 11
MM, 7, 0, 12
MM, 597, 607, 13
MM, 602, 606, 11
MM, 612, 606, 12
MM, 620, 606, 12
MM, 623, 606, 12
MM, 624, 606, 13
MM, 626, 606, 11
MM, 628, 606, 12
MM, 631, 605, 13
MM, 634, 605, 12
MM, 637, 604, 12
MM, 643, 604, 12
MM, 647, 603, 12
MM, 3, 29, 12
MM, 7, 29, 12
MM, 10, 28, 13
MM, 14, 27, 12
MM, 16, 27, 11
MM, 17, 26, 11
MM, 17, 25, 49
MM, 19, 23, 37
MM, 20, 21, 12
MM, 20, 20, 12
MC, 1, 228
MM, 17, 20, 23
MM, 11, 18, 13
MM, 3, 18, 11
MM, 26, 18, 13
MM, 12, 18, 12
MM, 2, 18, 12
MM, 25, 18, 12
MM, 11, 18, 12
MM, 567, 590, 12
MM, 22, 21, 12
MM, 10, 22, 12
MM, 530, 595, 12
MM, 26, 24, 12
MM, 16, 25, 12
MM, 6, 25, 12
MM, 0, 25, 12
MM, 492, 596, 12
MM, 490, 596, 13
MM, 31, 25, 12
MM, 27, 25, 12
MM, 23, 24, 12
MM, 19, 23, 13
MM, 16, 23, 11
MM, 16, 22, 12
MM, 14, 21, 13
MM, 13, 21, 12
MM, 13, 20, 23
MM, 12, 20, 25
MM, 14, 20, 239
MM, 15, 21, 12
MM, 20, 21, 12
MM, 488, 593, 12
MM, 9, 25, 12
MM, 25, 29, 13
MM, 2, 29, 11
MM, 12, 29, 12
MM, 21, 30, 13
MM, 564, 601, 11
MM, 578, 603, 13
MM, 594, 606, 11
MM, 617, 609, 12
MM, 15, 5, 13
MM, 23, 6, 12
MM, 28, 6, 12
MM, 29, 7, 12
MM, 29, 9, 36
MM, 30, 9, 12
MM, 31, 10, 12
MM, 32, 10, 12
MM, 652, 619, 12
MM, 654, 620, 13
MM, 655, 620, 11
MM, 656, 620, 13
MM, 657, 621, 11
MM, 4, 13, 12
MM, 10, 15, 12
MM, 13, 16, 12
MM, 17, 16, 12
MM, 18, 17, 24
MM, 11, 11, 252
MM, 0, 10, 13
MM, 22, 7, 12
MM, 4, 5, 12
MM, 23, 5, 12
MM, 3, 0, 12
MM, 568, 606, 12
MM, 556, 606, 12
MM, 540, 607, 13
MM, 528, 607, 11
MM, 518, 607, 13
MM, 8, 0, 11
MM, 0, 0, 12
MM, 27, 2, 12
MM, 21, 2, 12
MM, 12, 3, 13
MM, 6, 5, 12
MM, 461, 614, 12
MM, 458, 614, 12
MM, 456, 614, 12
MM, 34, 6, 12
MM, 34, 7, 24
MM, 31, 7, 37
MM, 29, 8, 12
MM, 27, 8, 12
MM, 27, 9, 11
MM, 26, 9, 12
MM, 26, 10, 12
MM, 25, 10, 12
MM, 25, 11, 48
MM, 25, 12, 13
MM, 25, 13, 12
MM, 24, 13, 96
MM, 26, 13, 204
MM, 27, 13, 12
MM, 29, 13, 12
MM, 33, 14, 12
MM, 458, 622, 12
MM, 2, 16, 12
MM, 9, 18, 12
MM, 23, 20, 12
MM, 495, 628, 12
MM, 11, 22, 11
MM, 25, 22, 13
MM, 536, 631, 14
MM, 12, 26, 12
MM, 26, 30, 12
MM, 583, 642, 11
MM, 27, 2, 12
MM, 610, 652, 12
MM, 1, 8, 12
MM, 5, 11, 13
MM, 7, 12, 11
MM, 8, 12, 12
MM, 10, 13, 12
MM, 12, 15, 12
MM, 14, 17, 12
MM, 16, 18, 13
MM, 17, 18, 13
MM, 18, 19, 34
MM, 20, 20, 13
MM, 22, 21, 11
MM, 27, 21, 12
MM, 646, 667, 13
MM, 650, 667, 11
MM, 651, 667, 12
MM, 1, 22, 12
MM, 3, 22, 13
MM, 3, 23, 24
MM, 4, 23, 84
MM, 6, 23, 14
MM, 7, 23, 11
MM, 9, 23, 12
MM, 11, 23, 11
MM, 14, 23, 312
MM, 22, 23, 12
MM, 688, 665, 12
MM, 704, 663, 13
MM, 724, 660, 11
MM, 741, 658, 12
MM, 755, 658, 12
MM, 767, 658, 12
MM, 4, 36, 12
MM, 14, 36, 12
MM, 21, 37, 12
MM, 24, 37, 13
MM, 25, 37, 11
MM, 27, 37, 72
MM, 29, 35, 13
MM, 30, 34, 12
MM, 31, 32, 12
MM, 32, 32, 12
MM, 32, 31, 12
MM, 34, 29, 24
MM, 35, 28, 13
MM, 37, 27, 12
