**********************************
LOGGING TIME: 20181020_142814
CLIENT IP: 192.168.137.1
USERNAME: Kanakvi Aggarwal
OS: Windows 10
*********************Neutral database**********************************
MM, 96, 0, 1541893259659
MM, 94, 15, 11
MM, 94, 27, 12
MM, 93, 35, 12
MM, 91, 43, 12
MM, 89, 48, 12
MM, 89, 52, 12
MM, 50, 15, 241
MM, 35, 26, 84
MM, 34, 21, 12
MM, 34, 20, 12
MM, 35, 20, 12
MM, 37, 19, 12
MM, 40, 16, 12
MM, 53, 11, 12
MM, 60, 7, 12
MM, 64, 5, 13
MM, 67, 4, 12
MM, 70, 4, 11
MM, 71, 4, 13
MM, 72, 4, 24
MM, 73, 4, 12
MM, 74, 4, 23
MM, 75, 4, 13
MM, 76, 4, 11
MM, 78, 3, 12
MM, 72, 4, 2713
MM, 69, 5, 11
MM, 66, 6, 13
MM, 65, 7, 11
MM, 62, 7, 12
MM, 61, 8, 13
MM, 60, 9, 12
MM, 58, 10, 13
MM, 58, 11, 23
MM, 57, 13, 13
MM, 57, 15, 35
MM, 57, 20, 13
MC, 1, 403
MM, 73, 20, 2839
MM, 89, 17, 11
MM, 118, 10, 12
MM, 166, 2, 12
MC, 1, 13071
MC, 1, 578
MM, 1, 22, 16801
MM, 2, 24, 12
MM, 3, 24, 11
MM, 4, 24, 13
MM, 5, 24, 35
MM, 7, 24, 12
MM, 10, 24, 12
MM, 18, 26, 12
MM, 21, 26, 13
MM, 27, 26, 12
MC, 1, 428
MM, 19, 30, 245
MM, 10, 38, 12
MM, 4, 45, 12
MM, 4, 0, 72
MM, 10, 8, 13
MM, 15, 12, 12
MM, 19, 16, 11
MM, 25, 17, 13
MM, 28, 17, 49
MM, 30, 18, 12
MM, 32, 18, 13
MM, 34, 18, 11
MM, 35, 19, 12
MM, 37, 19, 12
MM, 40, 20, 12
MM, 42, 20, 12
MM, 0, 21, 48
MM, 1, 21, 12
MM, 2, 21, 12
MM, 3, 21, 12
MM, 4, 21, 73
MM, 5, 21, 24
MM, 6, 21, 48
MM, 6, 22, 13
MM, 5, 21, 216
MM, 4, 21, 12
MM, 3, 21, 12
MM, 2, 21, 12
MM, 0, 21, 12
MM, 40, 16, 36
MM, 32, 16, 12
MM, 26, 16, 12
MM, 17, 15, 12
MM, 9, 14, 12
MM, 3, 14, 12
MP, 1, 133
MR, 1, 108
MM, 0, 14, 84
MM, 1, 15, 12
MM, 1, 16, 24
MM, 2, 16, 12
MM, 3, 17, 48
MM, 3, 18, 109
MM, 4, 18, 35
MM, 5, 19, 36
MM, 6, 19, 61
MM, 7, 19, 59
MM, 8, 19, 37
MM, 9, 19, 12
MM, 10, 19, 27
MC, 1, 142
MM, 11, 21, 60
MM, 14, 22, 12
MM, 22, 24, 12
MM, 30, 27, 12
MM, 0, 27, 12
MM, 18, 28, 12
MM, 36, 30, 12
MM, 1, 1, 84
MM, 17, 10, 13
MM, 30, 18, 11
MM, 43, 26, 12
MM, 26, 8, 24
MM, 42, 12, 13
MM, 3, 18, 11
MM, 17, 22, 12
MM, 43, 11, 386
MM, 42, 11, 11
MM, 41, 11, 12
MM, 39, 11, 12
MM, 38, 11, 12
MM, 37, 11, 25
MM, 36, 11, 60
MM, 35, 11, 12
MM, 33, 12, 24
MM, 28, 12, 12
MM, 24, 13, 12
MM, 19, 13, 12
MM, 17, 13, 12
MM, 17, 12, 24
MM, 17, 11, 48
MM, 18, 9, 180
MM, 17, 7, 25
MM, 16, 6, 12
MM, 9, 2, 12
MM, 7, 25, 36
MM, 25, 19, 12
MM, 35, 9, 12
MM, 31, 0, 1301
MM, 25, 7, 12
MM, 16, 13, 12
MM, 11, 16, 12
MM, 10, 20, 12
MM, 9, 20, 36
MM, 9, 21, 48
MM, 8, 22, 24
MM, 7, 22, 60
MM, 7, 21, 98
MM, 8, 20, 119
MM, 9, 20, 23
MM, 11, 19, 13
MM, 17, 18, 11
MM, 25, 15, 13
MM, 34, 13, 12
MM, 0, 10, 11
MM, 21, 1, 13
MM, 40, 1, 96
MM, 0, 2, 12
MM, 6, 2, 12
MM, 10, 2, 12
MM, 14, 3, 13
MM, 19, 3, 12
MM, 20, 3, 12
MM, 22, 3, 12
MM, 26, 4, 12
MM, 29, 4, 12
MM, 31, 4, 12
MM, 33, 4, 12
MM, 35, 4, 12
MM, 36, 4, 12
MM, 37, 5, 24
MM, 39, 5, 25
MM, 41, 5, 11
MM, 42, 7, 13
MM, 1, 11, 35
MM, 3, 11, 13
MM, 9, 12, 12
MM, 13, 12, 12
MM, 18, 12, 12
MM, 21, 12, 12
MM, 23, 12, 12
MM, 24, 13, 12
MM, 25, 13, 12
MC, 1, 228
MM, 24, 11, 12
MM, 22, 9, 12
MM, 18, 5, 12
MM, 22, 31, 24
MM, 19, 26, 12
MM, 17, 24, 12
MM, 15, 22, 12
MM, 14, 20, 12
MM, 13, 19, 12
MM, 11, 18, 12
MM, 11, 16, 12
MM, 11, 15, 24
MM, 9, 14, 12
MM, 9, 13, 13
MM, 8, 11, 13
MM, 8, 12, 95
MM, 9, 15, 144
MM, 9, 17, 24
MM, 9, 22, 12
MM, 8, 26, 12
MM, 7, 30, 12
MM, 41, 4, 25
MM, 39, 11, 12
MM, 37, 16, 12
MM, 36, 18, 12
MM, 35, 22, 12
MM, 33, 26, 12
MM, 32, 27, 12
MM, 31, 28, 24
MM, 30, 31, 13
MM, 31, 0, 48
MM, 31, 1, 11
MM, 31, 2, 24
MM, 29, 2, 73
MM, 28, 3, 12
MM, 27, 3, 11
MM, 25, 4, 13
MM, 24, 5, 11
MM, 23, 5, 12
MM, 22, 7, 25
MM, 22, 8, 12
MM, 22, 9, 14
MM, 22, 10, 22
MM, 22, 11, 25
MM, 23, 7, 167
MM, 26, 4, 11
MM, 43, 27, 37
MM, 0, 24, 12
MM, 6, 22, 12
MM, 12, 17, 13
MM, 18, 17, 11
MM, 25, 11, 12
MM, 32, 7, 12
MM, 36, 2, 12
MM, 24, 31, 61
MM, 25, 31, 12
MM, 25, 30, 12
MM, 26, 30, 73
MM, 26, 29, 11
MM, 26, 28, 36
MM, 26, 27, 13
MM, 26, 25, 11
MM, 26, 24, 12
MM, 27, 20, 12
MM, 27, 19, 12
MM, 27, 17, 12
MM, 27, 16, 12
MM, 26, 14, 13
MM, 25, 14, 12
MM, 24, 14, 11
MM, 23, 14, 49
MC, 1, 169
MM, 22, 14, 11
MM, 21, 13, 12
MM, 14, 12, 12
MM, 21, 12, 27
MM, 27, 12, 21
MM, 5, 12, 12
MM, 22, 13, 12
MM, 34, 1, 73
MM, 29, 3, 12
MM, 25, 3, 12
MM, 23, 3, 12
MM, 22, 3, 12
MM, 21, 3, 60
MM, 21, 2, 108
MM, 20, 0, 25
MM, 42, 4, 565
MM, 35, 8, 12
MM, 28, 14, 12
MM, 24, 16, 12
MM, 21, 17, 12
MM, 19, 20, 12
MM, 18, 22, 12
MM, 16, 23, 12
MM, 14, 24, 12
MM, 13, 24, 12
MM, 12, 24, 24
MM, 11, 24, 73
MM, 14, 24, 144
MM, 15, 24, 24
MM, 16, 24, 12
MM, 18, 24, 12
MM, 24, 24, 12
MM, 30, 24, 12
MM, 38, 25, 12
MM, 11, 30, 24
MM, 33, 2, 24
MM, 40, 10, 12
MM, 2, 24, 48
MM, 4, 30, 12
MM, 51, 2, 61
MM, 52, 4, 24
MM, 56, 7, 12
MM, 58, 8, 12
MM, 60, 8, 12
MM, 62, 9, 11
MM, 63, 9, 13
MM, 63, 10, 61
MM, 63, 11, 48
MM, 64, 11, 36
MM, 69, 3, 204
MM, 3, 26, 23
MM, 16, 15, 13
MM, 28, 5, 11
MM, 2, 29, 25
MM, 17, 24, 12
MM, 24, 18, 12
MM, 31, 15, 12
MM, 34, 14, 12
MM, 37, 13, 12
MM, 39, 12, 12
MM, 41, 11, 12
MM, 43, 10, 12
MM, 1, 5, 37
MM, 2, 5, 12
MM, 3, 5, 11
MM, 3, 4, 50
MM, 3, 5, 169
MM, 1, 6, 12
MM, 0, 6, 12
MM, 43, 8, 47
MM, 42, 8, 23
MM, 41, 9, 13
MM, 40, 9, 12
MM, 39, 9, 12
MM, 37, 10, 12
MM, 36, 10, 12
MM, 35, 10, 72
MM, 35, 11, 25
MM, 34, 10, 155
MM, 27, 10, 13
MM, 15, 12, 12
MM, 32, 15, 24
MM, 12, 15, 11
MM, 22, 14, 25
MM, 8, 14, 12
MM, 32, 14, 25
MM, 22, 15, 12
MM, 14, 15, 11
MM, 10, 15, 12
MM, 6, 15, 12
MM, 1, 15, 13
MM, 42, 15, 24
MM, 38, 15, 12
MM, 33, 15, 12
MM, 32, 15, 12
MM, 30, 15, 11
MM, 28, 15, 12
MM, 27, 15, 12
MM, 26, 15, 13
MM, 24, 15, 12
MM, 22, 15, 11
MM, 19, 15, 12
MM, 15, 15, 13
MM, 9, 15, 12
MM, 5, 16, 12
MM, 2, 17, 12
MM, 42, 18, 97
MM, 39, 18, 14
MM, 35, 18, 10
MM, 32, 18, 13
MM, 30, 18, 11
MM, 29, 18, 59
MM, 3, 23, 240
MM, 15, 24, 13
MM, 27, 26, 12
MM, 39, 26, 12
MM, 1, 26, 11
MM, 12, 27, 13
MM, 22, 30, 12
MM, 13, 0, 73
MM, 14, 1, 12
MM, 16, 1, 12
MM, 18, 2, 12
MM, 19, 2, 13
MM, 22, 3, 11
MM, 25, 5, 12
MM, 28, 6, 12
MM, 32, 9, 12
MM, 34, 10, 13
MM, 35, 10, 11
MM, 35, 11, 12
MM, 35, 12, 60
MM, 35, 13, 49
MM, 35, 14, 24
MM, 34, 15, 23
MM, 32, 16, 12
MM, 31, 16, 12
MM, 30, 17, 13
MM, 29, 17, 84
MM, 28, 17, 24
MM, 28, 12, 204
MM, 28, 10, 24
MM, 27, 9, 14
MM, 26, 6, 11
MM, 24, 3, 12
MM, 17, 31, 24
MM, 11, 22, 13
MM, 4, 16, 11
MM, 40, 6, 36
MM, 37, 4, 12
MM, 36, 1, 12
MM, 29, 1, 674
MM, 32, 10, 12
MM, 35, 16, 12
MM, 38, 23, 12
MM, 39, 30, 12
MM, 1, 22, 72
MM, 5, 28, 13
MM, 49, 0, 47
MM, 50, 1, 13
MM, 53, 4, 12
MM, 53, 7, 12
MM, 53, 8, 12
MM, 54, 9, 23
MM, 54, 11, 37
MM, 54, 12, 13
MM, 54, 13, 12
MM, 54, 15, 12
MM, 54, 16, 48
MM, 54, 17, 11
MM, 54, 18, 12
MM, 54, 19, 13
MM, 54, 20, 72
MM, 54, 19, 97
MM, 54, 18, 47
MM, 55, 18, 61
MM, 56, 18, 73
MM, 62, 12, 143
MM, 75, 0, 12
MM, 0, 26, 12
MM, 20, 11, 12
MM, 33, 2, 11
MM, 4, 22, 24
MM, 11, 15, 13
MM, 16, 12, 12
MM, 25, 8, 13
MM, 30, 5, 11
MM, 33, 5, 12
MM, 35, 5, 13
MM, 37, 5, 72
MM, 38, 5, 12
MM, 38, 6, 121
MM, 37, 6, 12
MM, 36, 7, 12
MM, 36, 8, 11
MM, 35, 8, 25
MM, 33, 8, 11
MM, 32, 9, 12
MM, 30, 9, 12
MM, 29, 9, 12
MM, 28, 10, 24
MM, 27, 11, 36
MM, 34, 8, 181
MM, 36, 6, 11
MM, 36, 5, 24
MM, 38, 4, 12
MM, 39, 4, 13
MM, 39, 3, 12
MM, 43, 1, 12
MM, 18, 31, 35
MM, 20, 31, 12
MM, 20, 30, 13
MM, 20, 29, 36
MM, 20, 28, 48
MM, 20, 27, 73
MC, 1, 217
MM, 20, 28, 47
MM, 20, 29, 13
MM, 16, 31, 12
MM, 39, 5, 36
MM, 34, 11, 12
MM, 29, 14, 12
MM, 27, 21, 12
MM, 25, 26, 12
MM, 23, 28, 12
MM, 22, 31, 12
MM, 22, 1, 36
MM, 22, 3, 12
MM, 22, 5, 12
MM, 22, 7, 12
MM, 22, 10, 12
MM, 22, 11, 36
MM, 22, 7, 278
MM, 21, 6, 11
MM, 17, 4, 12
MM, 4, 4, 11
MM, 11, 28, 38
MM, 32, 20, 25
MM, 24, 19, 11
MM, 17, 17, 12
MM, 13, 16, 12
MM, 8, 16, 12
MM, 5, 15, 12
MM, 42, 14, 37
MM, 39, 14, 12
MM, 37, 14, 12
MM, 35, 14, 11
MM, 32, 14, 12
MM, 31, 14, 12
MM, 30, 14, 13
MM, 30, 13, 24
MM, 29, 14, 83
MM, 29, 9, 229
MM, 33, 4, 12
MM, 42, 0, 12
MM, 24, 0, 904
MM, 25, 1, 12
MM, 25, 2, 12
MM, 25, 3, 36
MM, 25, 5, 24
MM, 25, 6, 11
MM, 25, 7, 24
MM, 26, 7, 48
MM, 26, 8, 13
MM, 25, 7, 143
MM, 24, 7, 12
MM, 23, 6, 12
MM, 19, 6, 13
MM, 14, 6, 12
MM, 11, 6, 11
MM, 5, 6, 12
MM, 0, 9, 12
MM, 42, 15, 24
MM, 37, 15, 13
MM, 36, 15, 12
MM, 35, 15, 12
MM, 35, 16, 12
MM, 34, 16, 72
MM, 33, 16, 13
MM, 32, 16, 24
MM, 33, 16, 206
MM, 35, 18, 10
MM, 37, 19, 12
MM, 40, 22, 12
MM, 6, 4, 36
MM, 11, 8, 13
MM, 20, 15, 11
MM, 25, 21, 13
MM, 29, 26, 11
MM, 35, 31, 13
MM, 32, 1, 49
MM, 33, 2, 12
MM, 34, 3, 12
MM, 35, 5, 12
MM, 38, 8, 12
MM, 39, 9, 12
MM, 41, 11, 12
MM, 43, 12, 12
MM, 43, 13, 12
MM, 44, 14, 24
MM, 44, 15, 24
MM, 45, 17, 12
MM, 46, 18, 12
MM, 47, 18, 12
MM, 47, 19, 12
MM, 52, 12, 192
MM, 63, 9, 12
MM, 67, 3, 12
MM, 35, 31, 11
MM, 8, 19, 24
MM, 25, 14, 13
MM, 39, 9, 13
MM, 9, 4, 12
MM, 43, 25, 24
MM, 16, 12, 11
MM, 32, 5, 12
MM, 23, 29, 24
MM, 29, 26, 12
MM, 33, 25, 12
MM, 3, 17, 24
MM, 7, 16, 12
MM, 12, 15, 12
MM, 15, 13, 12
MM, 16, 13, 13
MM, 17, 13, 37
MM, 19, 12, 12
MM, 22, 12, 12
MM, 23, 12, 12
MM, 24, 12, 36
MM, 25, 12, 72
MM, 13, 13, 239
MM, 25, 16, 25
MM, 0, 20, 12
MM, 29, 27, 12
MM, 12, 5, 24
MM, 32, 15, 23
MM, 12, 20, 12
MM, 41, 27, 13
MM, 42, 0, 36
MM, 36, 0, 12
MM, 34, 1, 12
MM, 33, 1, 13
MM, 32, 1, 13
MM, 32, 0, 156
MM, 33, 0, 23
MM, 39, 31, 37
MM, 43, 29, 12
MM, 3, 26, 35
MM, 5, 25, 12
MM, 5, 24, 12
MM, 7, 23, 12
MM, 11, 21, 12
MM, 14, 17, 12
MM, 16, 17, 12
MM, 18, 16, 12
MM, 19, 16, 12
MM, 20, 15, 12
MM, 21, 14, 12
MM, 22, 14, 25
MM, 23, 14, 49
MM, 23, 16, 179
MM, 23, 19, 12
MM, 23, 22, 12
MM, 22, 26, 12
MM, 21, 30, 12
MM, 17, 6, 24
MM, 16, 12, 14
MM, 14, 17, 12
MM, 13, 25, 12
MM, 13, 27, 12
MM, 12, 29, 12
MM, 50, 1, 48
MM, 50, 4, 12
MM, 50, 6, 12
MM, 50, 8, 12
MM, 50, 10, 12
MM, 49, 10, 24
MM, 48, 11, 11
MM, 47, 11, 25
MM, 47, 12, 12
MM, 47, 14, 11
MM, 47, 9, 302
MM, 47, 8, 11
MM, 47, 6, 13
MM, 47, 4, 12
MM, 44, 1, 11
MM, 37, 22, 36
MM, 28, 13, 12
MM, 22, 6, 12
MM, 8, 29, 25
MM, 0, 22, 11
MM, 41, 11, 25
MM, 36, 2, 12
MM, 27, 10, 553
MM, 17, 9, 24
MM, 31, 9, 12
MM, 6, 12, 24
MM, 16, 12, 12
MM, 20, 12, 12
MM, 26, 12, 12
MM, 32, 12, 12
MM, 0, 9, 37
MM, 5, 8, 12
MM, 9, 8, 12
MM, 10, 8, 12
MM, 11, 8, 37
MM, 12, 8, 49
MM, 14, 8, 11
MM, 16, 8, 12
MM, 19, 8, 12
MM, 21, 8, 12
MM, 23, 9, 12
MM, 23, 10, 24
MM, 23, 11, 11
MM, 23, 12, 24
MM, 10, 11, 265
MM, 25, 3, 24
MM, 41, 0, 927
MM, 39, 2, 13
MM, 38, 3, 12
MM, 36, 5, 12
MM, 36, 6, 12
MM, 35, 7, 12
MM, 35, 8, 12
MM, 34, 9, 12
MM, 34, 10, 12
MM, 34, 11, 24
MM, 33, 11, 48
MM, 32, 11, 36
MM, 27, 7, 156
MM, 25, 7, 12
MM, 24, 6, 12
MM, 23, 5, 13
MM, 19, 5, 11
MM, 16, 5, 12
MM, 13, 5, 13
MM, 10, 5, 12
MM, 7, 5, 12
MM, 3, 5, 12
MM, 0, 5, 12
MM, 43, 5, 72
MM, 42, 5, 24
MM, 41, 5, 12
MM, 37, 5, 12
MM, 37, 6, 13
MM, 36, 6, 12
MM, 35, 7, 11
MM, 35, 8, 36
MM, 35, 10, 37
MM, 38, 10, 204
MM, 38, 13, 12
MM, 41, 18, 12
MM, 43, 21, 12
MM, 0, 30, 24
MM, 11, 4, 37
MM, 13, 7, 12
MM, 18, 11, 12
MM, 20, 14, 12
MM, 24, 21, 12
MM, 27, 26, 11
MM, 32, 30, 13
MM, 34, 0, 48
MM, 36, 1, 11
MM, 39, 2, 12
MM, 41, 3, 12
MM, 43, 4, 13
MM, 45, 5, 12
MM, 46, 6, 12
MM, 48, 8, 12
MM, 50, 9, 12
MM, 51, 9, 12
MM, 52, 9, 12
MM, 53, 10, 12
MM, 54, 11, 11
MM, 54, 12, 37
MM, 55, 13, 12
MM, 55, 14, 72
MM, 36, 30, 253
MM, 42, 23, 12
MM, 2, 9, 36
MM, 5, 6, 12
MM, 7, 6, 12
MM, 8, 2, 12
MM, 10, 0, 12
MM, 5, 27, 49
MM, 2, 23, 12
MM, 1, 23, 12
MM, 1, 21, 12
MM, 43, 13, 48
MM, 42, 10, 12
MM, 39, 6, 12
MM, 37, 6, 12
MM, 35, 6, 97
MM, 34, 6, 11
MM, 33, 6, 25
MM, 32, 6, 35
MM, 32, 7, 12
MM, 31, 7, 36
MM, 30, 7, 25
MM, 14, 1, 203
MM, 35, 29, 25
MM, 9, 21, 12
MM, 33, 15, 12
MM, 2, 10, 12
MM, 16, 7, 12
MM, 29, 4, 12
MM, 5, 0, 193
MM, 6, 1, 13
MM, 7, 1, 11
MM, 7, 2, 12
MM, 8, 3, 12
MM, 8, 4, 12
MM, 8, 5, 24
MM, 8, 6, 12
MM, 8, 8, 13
MM, 8, 9, 11
MM, 6, 10, 14
MM, 4, 11, 10
MM, 0, 11, 12
MM, 34, 12, 49
MM, 33, 12, 12
MM, 31, 12, 12
MM, 29, 14, 12
MM, 27, 14, 12
MM, 26, 14, 12
MM, 25, 14, 12
MM, 24, 14, 11
MM, 23, 14, 85
MM, 16, 13, 229
MM, 10, 10, 12
MM, 0, 10, 12
MM, 30, 10, 12
MM, 14, 10, 12
MM, 25, 16, 23
MM, 11, 19, 12
MM, 1, 20, 13
MM, 37, 22, 12
MM, 24, 23, 12
MM, 12, 23, 12
MM, 26, 2, 722
MM, 26, 6, 12
MM, 28, 11, 12
MM, 28, 13, 12
MM, 28, 15, 13
MM, 29, 19, 11
MM, 29, 23, 12
MM, 29, 26, 12
MM, 30, 29, 13
MM, 36, 3, 35
MM, 38, 4, 12
MM, 39, 7, 12
MM, 41, 11, 12
MM, 43, 14, 12
MM, 0, 25, 48
MM, 0, 28, 13
MM, 95, 1, 84
MM, 96, 1, 24
MM, 96, 2, 12
MM, 96, 3, 25
MM, 96, 4, 157
MM, 96, 6, 36
MM, 96, 7, 35
MM, 94, 8, 13
MM, 93, 9, 23
MM, 93, 10, 13
MM, 92, 11, 12
MM, 92, 12, 11
MM, 92, 13, 24
MM, 92, 14, 12
MM, 92, 16, 37
MM, 89, 5, 228
MM, 88, 2, 12
MM, 26, 26, 36
MM, 15, 20, 12
MM, 6, 16, 12
MM, 1, 12, 13
MM, 42, 6, 23
MM, 38, 3, 13
MM, 35, 0, 12
MM, 20, 28, 85
MM, 17, 28, 12
MM, 14, 27, 12
MM, 12, 27, 12
MM, 8, 27, 12
MM, 6, 27, 12
MM, 4, 26, 12
MM, 2, 26, 24
MM, 1, 26, 35
MM, 0, 26, 13
MM, 43, 22, 121
MM, 38, 21, 11
MM, 34, 21, 12
MM, 29, 19, 13
MM, 28, 17, 12
MM, 26, 15, 12
MM, 25, 15, 11
MM, 24, 15, 13
MM, 24, 14, 60
MM, 27, 13, 203
MM, 30, 12, 12
MM, 32, 12, 13
MM, 35, 12, 12
MM, 37, 12, 11
MM, 41, 12, 13
MM, 1, 11, 24
MM, 10, 9, 12
MM, 20, 6, 12
MM, 35, 2, 12
MM, 1, 0, 12
MM, 7, 0, 60
MM, 15, 2, 12
MM, 22, 4, 12
MM, 31, 9, 13
MM, 36, 14, 12
MM, 45, 19, 12
MM, 2, 30, 48
MM, 19, 2, 36
MM, 22, 3, 12
MM, 23, 3, 12
MM, 24, 3, 12
MM, 25, 3, 109
MM, 25, 5, 71
MM, 25, 7, 25
MM, 25, 8, 24
MM, 25, 9, 12
MM, 25, 11, 12
MM, 25, 12, 12
MM, 25, 13, 24
MM, 25, 14, 24
MM, 24, 15, 48
MM, 24, 16, 37
MM, 23, 16, 49
MM, 22, 9, 142
MM, 22, 7, 36
MM, 24, 2, 13
MM, 39, 23, 24
MM, 1, 14, 12
MM, 12, 4, 12
MM, 7, 23, 36
MM, 18, 19, 12
MM, 29, 16, 12
MM, 7, 13, 24
MM, 15, 11, 12
MM, 20, 10, 12
MM, 23, 9, 12
MM, 24, 9, 12
MM, 25, 9, 48
MM, 26, 9, 12
MM, 26, 10, 12
MM, 27, 10, 24
MM, 27, 11, 25
MM, 26, 11, 95
MM, 25, 11, 13
MM, 24, 11, 12
MM, 21, 11, 228
MM, 20, 11, 12
MM, 15, 11, 12
MM, 19, 11, 24
MM, 28, 7, 24
MM, 10, 5, 13
MM, 40, 5, 11
MM, 18, 5, 12
MM, 11, 7, 856
MM, 24, 15, 12
MM, 39, 25, 11
MM, 10, 8, 24
MM, 21, 17, 13
MM, 28, 24, 12
MM, 80, 0, 24
MM, 82, 3, 12
MM, 87, 6, 12
MM, 90, 9, 12
MM, 92, 11, 12
MM, 96, 14, 12
MM, 98, 17, 12
MM, 98, 18, 12
MM, 99, 18, 12
MM, 99, 19, 72
MM, 99, 13, 289
MM, 99, 10, 12
MM, 101, 8, 12
MM, 103, 5, 12
MM, 105, 4, 12
MM, 106, 2, 12
MM, 25, 25, 37
MM, 30, 16, 12
MM, 32, 12, 11
MM, 33, 12, 13
MM, 33, 11, 48
MM, 33, 10, 12
MM, 33, 9, 72
MM, 33, 8, 12
MM, 32, 6, 24
MM, 30, 6, 12
MM, 30, 5, 12
MM, 29, 5, 12
MM, 29, 6, 72
MM, 29, 7, 38
MM, 30, 5, 142
MM, 34, 3, 13
MM, 44, 29, 24
MM, 3, 14, 36
MM, 8, 10, 12
MM, 10, 9, 12
MM, 12, 6, 11
MM, 16, 5, 13
MM, 19, 3, 12
MM, 3, 31, 157
MM, 4, 31, 24
MM, 5, 29, 12
MM, 6, 28, 11
MM, 8, 27, 12
MM, 10, 26, 12
MM, 11, 26, 13
MM, 12, 26, 59
MM, 12, 25, 12
MM, 14, 23, 25
MM, 16, 22, 12
MM, 16, 21, 11
MM, 16, 20, 60
MM, 16, 18, 13
MM, 16, 16, 12
MM, 17, 15, 12
MM, 10, 16, 217
MM, 0, 16, 12
MM, 41, 16, 24
MM, 37, 16, 12
MM, 34, 16, 12
MM, 30, 16, 12
MM, 26, 15, 12
MM, 23, 15, 12
MM, 19, 14, 12
MM, 15, 14, 12
MM, 12, 14, 12
MM, 9, 14, 12
MM, 5, 14, 12
MM, 0, 14, 12
MC, 1, 675
MM, 27, 9, 132
MM, 26, 18, 12
MM, 26, 30, 12
MM, 24, 2, 12
MM, 24, 12, 12
MM, 28, 23, 12
MM, 31, 31, 12
MM, 125, 1, 12
MM, 125, 7, 12
MM, 127, 11, 12
MM, 131, 14, 12
MM, 132, 16, 12
MM, 133, 16, 12
MM, 133, 14, 397
MM, 134, 13, 12
MM, 136, 10, 12
MM, 140, 5, 12
MM, 144, 0, 12
MM, 11, 31, 49
MM, 13, 30, 12
MM, 15, 28, 12
MM, 16, 27, 12
MM, 17, 27, 12
MM, 17, 26, 12
MM, 17, 25, 11
MM, 18, 24, 13
MM, 18, 22, 13
MM, 19, 22, 12
MM, 19, 21, 12
MM, 20, 21, 12
MM, 20, 20, 36
MM, 20, 18, 12
MM, 20, 17, 24
MC, 1, 167
MM, 22, 17, 12
MM, 25, 13, 12
MM, 30, 11, 13
MM, 39, 3, 11
MM, 6, 29, 25
MM, 19, 24, 12
MM, 25, 22, 12
MM, 30, 19, 12
MM, 39, 16, 12
MM, 1, 10, 25
MM, 8, 7, 12
MM, 16, 4, 12
MM, 19, 2, 13
MM, 22, 1, 11
MM, 23, 1, 12
MM, 5, 30, 60
MM, 6, 30, 13
MM, 8, 30, 11
MM, 8, 29, 11
MM, 11, 28, 12
MM, 15, 27, 12
MM, 16, 27, 13
MM, 16, 26, 36
MM, 16, 25, 23
MM, 17, 23, 13
MM, 17, 22, 12
MM, 18, 20, 12
MC, 1, 241
MM, 18, 21, 23
MM, 17, 22, 13
MM, 9, 23, 12
MM, 4, 27, 12
MM, 11, 0, 24
MM, 30, 18, 24
MM, 17, 26, 12
MM, 41, 7, 60
MM, 37, 9, 13
MM, 35, 13, 12
MM, 33, 16, 12
MM, 27, 17, 12
MM, 23, 19, 12
MM, 22, 19, 13
MM, 22, 20, 12
MM, 19, 25, 24
MM, 16, 27, 12
MM, 13, 28, 12
MM, 12, 28, 12
MM, 11, 29, 13
MM, 11, 30, 71
MM, 12, 30, 107
MM, 13, 30, 12
MM, 14, 29, 13
MM, 14, 27, 11
MM, 15, 24, 13
MM, 17, 23, 12
MM, 18, 22, 12
MM, 18, 21, 12
MM, 18, 20, 73
MM, 19, 20, 12
MM, 19, 20, 203
MM, 17, 19, 37
MM, 14, 17, 12
MM, 3, 14, 11
MM, 37, 9, 13
MM, 24, 6, 11
MM, 12, 1, 13
MM, 27, 31, 24
MM, 17, 28, 12
MM, 4, 25, 13
MM, 37, 19, 23
MM, 35, 16, 12
MM, 32, 13, 12
MM, 30, 10, 12
MM, 29, 10, 12
MM, 27, 8, 12
MM, 26, 4, 12
MM, 25, 2, 12
MM, 24, 0, 13
MM, 31, 1, 530
MM, 36, 14, 12
MM, 38, 20, 14
MM, 40, 31, 10
MM, 43, 0, 11
MM, 2, 26, 48
MM, 3, 31, 12
MM, 48, 1, 12
MM, 50, 3, 13
MM, 51, 5, 13
MM, 52, 7, 10
MM, 52, 8, 24
MM, 54, 10, 13
MM, 55, 15, 11
MM, 57, 18, 14
MM, 59, 21, 11
MM, 60, 23, 13
MM, 62, 24, 10
MM, 63, 24, 14
MM, 63, 25, 48
MM, 63, 26, 24
MM, 63, 25, 216
MM, 63, 24, 12
MC, 1, 192
MM, 63, 23, 120
MM, 63, 22, 37
MM, 62, 22, 13
MM, 62, 21, 11
MM, 61, 20, 12
MM, 60, 18, 12
MM, 60, 14, 11
MM, 56, 9, 12
MM, 54, 4, 12
MM, 5, 29, 25
MM, 3, 24, 12
MM, 0, 17, 12
MM, 0, 15, 12
MM, 2, 19, 217
MM, 3, 16, 12
MM, 6, 13, 12
MM, 11, 9, 12
MM, 12, 8, 12
MM, 13, 8, 13
MM, 13, 9, 48
MM, 14, 9, 12
MM, 14, 10, 12
MM, 14, 12, 11
MM, 14, 13, 13
MM, 15, 14, 11
MM, 16, 15, 13
MM, 16, 16, 12
MM, 17, 17, 35
MM, 18, 19, 13
MM, 18, 20, 12
MM, 18, 21, 12
MM, 20, 21, 12
MM, 21, 19, 167
MM, 22, 18, 14
MM, 23, 18, 10
MM, 24, 18, 12
MM, 26, 18, 13
MM, 31, 17, 11
MM, 36, 16, 13
MM, 11, 5, 24
MM, 8, 22, 24
MM, 34, 12, 13
MM, 4, 9, 11
MM, 17, 3, 12
MM, 16, 2, 278
MM, 16, 4, 12
MM, 16, 5, 24
MM, 16, 6, 48
MM, 16, 8, 24
MM, 16, 9, 25
MM, 16, 10, 11
MM, 16, 12, 24
MM, 16, 13, 37
MM, 13, 8, 131
MM, 12, 6, 24
MM, 12, 5, 24
MM, 11, 4, 12
MM, 8, 3, 24
MM, 21, 5, 24
MM, 7, 5, 12
MM, 39, 5, 13
MM, 23, 5, 12
MM, 11, 5, 12
MM, 41, 5, 24
MM, 29, 5, 13
MM, 21, 5, 12
MM, 9, 5, 12
MM, 1, 5, 12
MM, 31, 7, 637
MM, 36, 18, 12
MM, 42, 29, 12
MM, 1, 10, 24
MM, 6, 19, 12
MM, 8, 26, 13
MM, 104, 0, 24
MM, 106, 5, 12
MM, 106, 9, 12
MM, 107, 11, 12
MM, 108, 14, 12
MM, 108, 16, 12
MM, 108, 17, 12
MM, 108, 19, 12
MM, 108, 20, 12
MM, 108, 22, 23
MM, 108, 24, 12
MM, 109, 25, 12
MM, 110, 26, 12
MM, 111, 26, 121
MM, 111, 25, 37
MM, 111, 24, 48
MC, 1, 192
MM, 111, 23, 24
MM, 111, 22, 23
MM, 111, 21, 25
MM, 111, 19, 25
MM, 111, 18, 12
MM, 111, 17, 24
MM, 111, 16, 12
MM, 111, 12, 12
MM, 111, 8, 12
MM, 111, 2, 12
MM, 22, 28, 23
MM, 23, 26, 12
MM, 23, 24, 13
MM, 23, 21, 12
MM, 23, 19, 12
MM, 24, 17, 24
MM, 25, 16, 11
MM, 26, 14, 13
MM, 30, 11, 12
MM, 32, 9, 12
MM, 34, 7, 12
MM, 37, 5, 12
MM, 38, 5, 12
MM, 39, 4, 13
MM, 39, 3, 11
MM, 40, 3, 24
MM, 41, 2, 12
MM, 42, 2, 24
MM, 42, 1, 13
MM, 43, 1, 12
MM, 0, 30, 180
MM, 4, 26, 13
MM, 8, 19, 11
MM, 11, 17, 12
MM, 13, 16, 12
MM, 14, 15, 12
MM, 15, 15, 25
MM, 13, 16, 287
MM, 5, 13, 13
MM, 42, 13, 11
MM, 26, 12, 13
MM, 11, 10, 12
MM, 33, 5, 24
MM, 21, 4, 12
MM, 10, 1, 12
MM, 2, 4, 698
MM, 30, 6, 13
MM, 1, 8, 11
MM, 21, 10, 11
MM, 39, 11, 13
MM, 3, 11, 12
MM, 16, 13, 12
MM, 28, 13, 12
MM, 36, 14, 12
MM, 37, 15, 13
MM, 38, 16, 11
MM, 38, 17, 12
MM, 39, 17, 85
MM, 39, 16, 24
MM, 39, 15, 24
MM, 39, 13, 12
MM, 39, 12, 12
MM, 40, 12, 36
MM, 41, 12, 13
MM, 43, 12, 11
MM, 2, 12, 37
MM, 8, 12, 12
MM, 13, 13, 12
MM, 17, 13, 12
MM, 19, 13, 11
MM, 21, 13, 13
MM, 23, 13, 12
MM, 25, 14, 11
MM, 26, 14, 12
MM, 27, 15, 12
MM, 27, 18, 12
MM, 27, 19, 24
MM, 28, 19, 13
MM, 28, 20, 11
MC, 1, 158
MM, 28, 19, 24
MM, 28, 18, 60
MC, 2, 265
MM, 28, 17, 35
MM, 28, 16, 13
MM, 28, 15, 12
MM, 27, 15, 12
MM, 26, 13, 24
MM, 21, 8, 12
MM, 30, 31, 24
MM, 25, 28, 12
MM, 21, 26, 12
MM, 16, 23, 12
MM, 14, 22, 12
MM, 12, 19, 12
MM, 11, 18, 24
MM, 11, 17, 12
MM, 11, 19, 348
MM, 11, 20, 48
MM, 12, 21, 13
MM, 17, 22, 12
MM, 22, 24, 12
MM, 27, 25, 11
MM, 32, 28, 14
MM, 1, 28, 12
MM, 9, 29, 12
MM, 16, 31, 12
MM, 46, 25, 5007
MM, 30, 20, 12
MM, 16, 18, 11
MM, 2, 17, 13
MM, 178, 18, 11
MM, 166, 26, 12
MM, 174, 44, 86871
MM, 33, 3, 24
MM, 6, 7, 73792
MM, 6, 6, 35
MM, 5, 6, 12
MM, 4, 5, 25
MM, 3, 3, 23
MM, 10, 4, 36
MM, 43, 4, 12
MM, 21, 2, 13
MM, 39, 7, 13
MM, 7, 18, 22
MM, 83, 32, 15
MM, 98, 20, 515
MM, 85, 17, 12
MM, 77, 17, 11
MM, 71, 17, 13
MM, 69, 16, 12
MM, 67, 16, 12
