********************************************************************************
LOGGING TIME: 20181022_205718
CLIENT IP: 10.112.51.53
USERNAME: Kanakvi Aggarwal
OS: Windows 10
**********************************Emotional database********************************************************************************
MM, 780, 614, 1541893262949
MM, 26, 29, 313
MM, 32, 0, 16
MM, 503, 526, 8
MM, 168, 53, 12
MM, 106, 9, 13
MM, 314, 395, 13
MM, 29, 56, 11
MM, 11, 24, 11
MM, 5, 8, 14
MM, 256, 289, 11
MM, 256, 275, 12
MM, 270, 257, 12
MM, 364, 179, 241
MM, 354, 166, 13
MM, 344, 147, 12
MM, 334, 132, 11
MM, 311, 104, 25
MM, 303, 93, 13
MM, 296, 86, 11
MM, 293, 79, 11
MM, 289, 75, 12
MM, 289, 77, 84
MM, 289, 78, 12
MM, 289, 79, 13
MM, 289, 80, 11
MM, 289, 81, 15
MM, 289, 82, 10
MM, 289, 83, 11
MM, 289, 84, 12
MM, 288, 86, 12
MM, 287, 89, 13
MM, 284, 94, 11
MM, 284, 97, 13
MM, 281, 101, 41
MM, 279, 102, 2
MM, 279, 104, 5
MM, 279, 106, 12
MM, 288, 138, 470
MM, 290, 152, 12
MM, 291, 164, 11
MM, 291, 174, 13
MM, 291, 184, 13
MM, 294, 258, 95
MM, 294, 264, 11
MM, 294, 267, 13
MM, 294, 273, 12
MM, 294, 276, 11
MM, 294, 279, 13
MM, 293, 286, 12
MM, 293, 289, 11
MM, 293, 292, 13
MM, 292, 294, 38
MM, 41, 3, 2
MM, 40, 6, 9
MM, 38, 9, 11
MM, 38, 11, 12
MM, 38, 14, 12
MM, 38, 15, 13
MM, 38, 18, 12
MM, 38, 19, 11
MM, 38, 20, 132
MM, 38, 22, 26
MM, 38, 23, 23
MM, 38, 24, 13
MM, 38, 25, 23
MM, 38, 24, 84
MM, 35, 36, 13375
MM, 30, 54, 14
MM, 25, 67, 11
MM, 22, 77, 11
MM, 271, 385, 12
MM, 271, 393, 13
MM, 271, 401, 11
MM, 271, 415, 12
MM, 20, 1, 13
MM, 20, 9, 11
MM, 20, 17, 12
MM, 20, 23, 12
MM, 21, 28, 13
MM, 23, 35, 12
MM, 26, 40, 12
MM, 27, 44, 12
MM, 29, 47, 12
MM, 30, 49, 12
MM, 31, 49, 36
MM, 34, 49, 315
MM, 38, 51, 48
MM, 53, 54, 2
MM, 56, 56, 10
MM, 62, 59, 15
MM, 67, 61, 308
MM, 100, 85, 300
MM, 371, 546, 533
MM, 16, 29, 6
MM, 15, 27, 607
MM, 15, 26, 12
MM, 15, 25, 13
MM, 15, 24, 84
MM, 15, 23, 36
MM, 15, 22, 35
MM, 15, 21, 253
MM, 14, 21, 280
MM, 13, 21, 23
MM, 12, 21, 12
MM, 11, 21, 14
MM, 8, 21, 10
MM, 7, 21, 12
MM, 6, 21, 26
MM, 5, 21, 11
MM, 3, 21, 11
MM, 2, 21, 12
MM, 0, 21, 13
MM, 10, 26, 493
MM, 396, 567, 12
MM, 2, 5, 15
MM, 17, 13, 9
MM, 450, 589, 15
MM, 15, 25, 11
MM, 496, 603, 10
MM, 23, 5, 13
MM, 19, 20, 24
MM, 1, 30, 24
MM, 595, 642, 13
MM, 603, 644, 11
MM, 610, 647, 12
MM, 0, 4, 12
MM, 5, 4, 12
MM, 7, 5, 12
MM, 7, 4, 121
MM, 8, 4, 59
MM, 11, 4, 13
MM, 16, 4, 11
MM, 20, 4, 13
MM, 25, 4, 12
MM, 28, 5, 12
MM, 648, 651, 11
MM, 651, 652, 12
MM, 2, 8, 12
MM, 3, 8, 13
MM, 4, 9, 11
MM, 5, 10, 13
MM, 7, 12, 11
MM, 10, 13, 15
MM, 11, 15, 10
MM, 12, 15, 11
MM, 13, 15, 13
MM, 14, 16, 12
MM, 15, 17, 23
MM, 14, 16, 281
MM, 12, 16, 22
MM, 7, 16, 39
MM, 648, 662, 8
MM, 23, 20, 14
MM, 8, 25, 10
MM, 613, 675, 12
MM, 602, 676, 13
MM, 592, 678, 11
MM, 116, 6, 171
MM, 116, 7, 118
MC, 1, 292
MM, 116, 6, 45
MM, 116, 5, 13
MM, 116, 4, 12
MM, 116, 3, 12
MM, 115, 2, 26
MM, 114, 2, 10
MM, 112, 2, 24
MM, 509, 681, 14
MM, 505, 679, 43
MM, 487, 674, 2
MM, 28, 26, 2
MM, 19, 20, 11
MM, 10, 15, 51
MM, 441, 642, 1
MM, 14, 25, 9
MM, 8, 19, 11
MM, 3, 15, 12
MM, 420, 620, 12
MM, 417, 616, 12
MM, 415, 611, 13
MM, 410, 604, 12
MM, 36, 27, 56
MM, 391, 568, 5
MM, 15, 29, 10
MM, 14, 27, 45
MM, 11, 24, 1
MM, 9, 22, 3
MM, 8, 20, 12
MM, 7, 19, 27
MM, 7, 20, 45
MM, 7, 21, 25
MM, 7, 22, 14
MM, 5, 22, 9
MM, 4, 22, 13
MM, 4, 23, 36
MM, 3, 23, 12
MM, 4, 23, 63
MM, 5, 23, 9
MM, 6, 23, 26
MM, 7, 23, 11
MM, 9, 23, 23
MM, 12, 23, 14
MM, 14, 23, 11
MM, 16, 25, 11
MM, 19, 27, 13
MM, 22, 29, 12
MM, 397, 565, 11
MM, 402, 568, 14
MM, 33, 1, 12
MM, 409, 577, 11
MM, 411, 579, 12
MM, 414, 581, 11
MM, 414, 583, 14
MM, 414, 584, 34
MM, 414, 585, 13
MM, 413, 585, 11
MM, 413, 586, 14
MM, 412, 586, 11
MM, 411, 586, 12
MM, 410, 586, 25
MM, 409, 585, 11
MM, 409, 584, 39
MM, 410, 583, 34
MM, 412, 583, 12
MM, 3, 13, 12
MM, 10, 15, 11
MM, 14, 18, 14
MM, 17, 20, 11
MM, 18, 21, 23
MM, 19, 21, 12
MM, 20, 21, 36
MM, 20, 22, 121
MM, 19, 22, 12
MM, 15, 19, 169
MM, 14, 19, 25
MM, 13, 19, 23
MM, 11, 19, 12
MM, 10, 19, 24
MM, 9, 19, 14
MM, 7, 20, 10
MM, 4, 22, 14
MM, 413, 596, 10
MM, 409, 598, 14
MM, 35, 28, 10
MM, 33, 29, 13
MM, 31, 30, 13
MM, 402, 602, 10
MM, 402, 603, 13
MM, 400, 603, 11
MM, 399, 603, 25
MM, 398, 604, 59
MM, 398, 605, 37
MM, 398, 606, 36
MM, 398, 607, 25
MM, 18, 0, 35
MM, 18, 2, 24
MM, 18, 3, 24
MM, 18, 4, 37
MM, 18, 5, 13
MM, 17, 5, 11
MM, 17, 3, 216
MM, 18, 2, 13
MM, 19, 2, 25
MM, 20, 2, 11
MM, 21, 2, 12
MM, 25, 2, 12
MM, 419, 610, 12
MM, 19, 2, 12
MM, 1, 5, 13
MM, 24, 8, 13
MM, 5, 12, 10
MM, 30, 14, 12
MM, 5, 17, 13
MM, 18, 20, 11
MM, 26, 23, 12
MM, 575, 634, 14
MM, 580, 635, 12
MM, 3, 28, 10
MM, 6, 29, 13
MM, 10, 29, 11
MM, 12, 30, 15
MM, 14, 30, 10
MM, 16, 30, 11
MM, 19, 30, 13
MM, 21, 30, 11
MM, 25, 30, 12
MM, 26, 30, 12
MM, 27, 30, 14
MM, 28, 30, 47
MM, 29, 30, 24
MM, 30, 29, 14
MM, 615, 637, 10
MM, 617, 635, 12
MM, 1, 27, 12
MM, 3, 26, 12
MM, 4, 24, 12
MM, 5, 24, 12
MM, 5, 22, 48
MM, 5, 21, 12
MM, 6, 19, 25
MM, 6, 18, 11
MM, 7, 18, 12
MM, 7, 17, 12
MM, 8, 16, 122
MM, 11, 16, 11
MM, 11, 15, 12
MM, 12, 15, 25
MM, 12, 15, 179
MM, 12, 14, 13
MM, 12, 13, 24
MM, 11, 12, 12
MM, 11, 8, 12
MM, 10, 6, 13
MM, 9, 1, 11
MM, 627, 605, 12
MM, 16, 29, 12
MM, 16, 26, 12
MM, 16, 23, 12
MM, 15, 21, 12
MM, 15, 20, 13
MM, 14, 18, 11
MM, 13, 16, 12
MM, 13, 15, 14
MM, 13, 16, 132
MM, 13, 17, 11
MM, 13, 25, 301
MM, 25, 30, 4
MM, 33, 0, 21
MM, 26, 11, 35
MM, 24, 13, 14
MM, 23, 14, 12
MM, 22, 15, 25
MM, 21, 15, 34
MM, 21, 16, 11
MM, 21, 17, 138
MM, 20, 19, 1
MM, 21, 14, 271
MM, 21, 13, 13
MM, 21, 12, 11
MM, 22, 10, 14
MM, 23, 7, 10
MM, 27, 4, 12
MM, 601, 642, 13
MM, 29, 26, 11
MM, 1, 20, 13
MM, 14, 14, 12
MM, 20, 5, 12
MM, 29, 2, 12
MM, 650, 607, 12
MM, 652, 605, 12
MM, 656, 603, 13
MM, 656, 602, 10
MM, 658, 602, 13
MM, 11, 30, 25
MM, 12, 29, 38
MM, 14, 27, 21
MM, 16, 25, 12
MM, 17, 24, 13
MM, 18, 23, 11
MM, 19, 22, 12
MM, 19, 21, 12
MM, 20, 20, 24
MM, 21, 18, 12
MM, 22, 18, 50
MM, 25, 20, 313
MM, 1, 20, 11
MM, 28, 22, 12
MM, 16, 22, 12
MM, 13, 21, 12
MM, 11, 20, 12
MM, 9, 20, 58
MM, 7, 22, 2
MM, 5, 23, 13
MM, 4, 26, 11
MM, 4, 27, 48
MM, 4, 26, 49
MM, 4, 25, 24
MM, 4, 24, 11
MM, 4, 23, 26
MM, 6, 23, 10
MM, 6, 22, 61
MM, 6, 21, 12
MM, 7, 20, 37
MM, 9, 18, 24
MM, 9, 17, 11
MM, 10, 17, 13
MM, 11, 17, 36
MM, 12, 17, 36
MM, 12, 16, 12
MM, 13, 16, 24
MM, 10, 19, 168
MM, 7, 25, 26
MM, 6, 29, 11
MM, 5, 29, 11
MM, 417, 603, 36
MM, 416, 603, 25
MM, 416, 604, 14
MM, 415, 605, 10
MM, 414, 606, 14
MM, 33, 0, 11
MM, 32, 0, 11
MM, 30, 2, 13
MM, 26, 7, 10
MM, 23, 11, 13
MM, 19, 13, 12
MM, 17, 14, 12
MM, 16, 14, 12
MM, 16, 15, 12
MM, 15, 15, 14
MM, 15, 16, 71
MM, 15, 17, 23
MM, 15, 15, 193
MM, 16, 14, 48
MM, 17, 14, 2
MM, 19, 16, 11
MM, 24, 19, 11
MM, 27, 21, 13
MM, 32, 26, 11
MM, 416, 637, 13
MM, 419, 641, 12
MM, 421, 644, 11
MM, 16, 6, 13
MM, 20, 8, 11
MM, 23, 10, 14
MM, 25, 14, 11
MM, 28, 17, 25
MM, 30, 18, 3
MM, 30, 20, 10
MM, 32, 22, 10
MM, 33, 25, 12
MM, 444, 674, 12
MM, 445, 676, 13
MM, 446, 679, 11
MM, 447, 680, 12
MM, 447, 681, 15
MM, 47, 0, 9
MM, 48, 0, 12
MM, 48, 1, 12
MM, 48, 3, 15
MM, 49, 3, 9
MM, 49, 4, 14
MM, 50, 4, 35
MM, 50, 3, 396
MM, 50, 2, 25
MM, 50, 0, 25
MM, 451, 680, 24
MM, 451, 679, 11
MM, 452, 678, 12
MM, 453, 676, 12
MM, 6, 29, 13
MM, 9, 27, 12
MM, 10, 23, 13
MM, 12, 20, 10
MM, 14, 18, 13
MM, 15, 16, 29
MM, 17, 15, 2
MM, 17, 14, 5
MM, 19, 13, 12
MM, 20, 12, 12
MM, 21, 9, 12
MM, 23, 6, 12
MM, 24, 6, 12
MM, 25, 3, 13
MM, 27, 2, 11
MM, 29, 0, 12
MM, 480, 644, 29
MM, 483, 642, 2
MM, 486, 639, 5
MM, 26, 29, 12
MM, 27, 27, 14
MM, 29, 26, 11
MM, 493, 633, 12
MM, 494, 633, 12
MM, 495, 632, 13
MM, 496, 632, 24
MM, 496, 631, 10
MM, 498, 631, 13
MM, 0, 22, 12
MM, 2, 21, 11
MM, 5, 20, 16
MM, 8, 19, 9
MM, 10, 18, 11
MM, 14, 15, 13
MM, 16, 15, 12
MM, 18, 14, 12
MM, 21, 14, 12
MM, 24, 14, 12
MM, 26, 14, 12
MM, 27, 14, 12
MM, 29, 14, 12
MM, 30, 14, 15
MM, 31, 14, 22
MM, 34, 14, 14
MM, 534, 622, 9
MM, 536, 622, 12
MM, 537, 622, 12
MM, 0, 14, 25
MM, 2, 14, 24
MM, 3, 14, 23
MM, 4, 14, 27
MM, 6, 14, 22
MM, 7, 14, 11
MM, 8, 14, 38
MM, 8, 15, 13
MM, 8, 16, 10
MM, 5, 14, 171
MM, 2, 14, 10
MM, 538, 621, 13
MM, 534, 621, 14
MM, 29, 12, 9
MM, 19, 12, 12
MM, 7, 9, 12
MM, 28, 7, 15
MM, 8, 7, 10
MM, 458, 615, 11
MM, 24, 11, 12
MM, 16, 12, 12
MM, 7, 14, 12
MM, 418, 622, 13
MM, 28, 15, 12
MM, 17, 17, 11
MM, 14, 17, 12
MM, 10, 17, 14
MM, 8, 18, 11
MM, 5, 18, 12
MM, 2, 19, 12
MM, 1, 19, 12
MM, 0, 19, 45
MM, 379, 627, 54
MM, 34, 20, 2
MM, 33, 20, 8
MM, 32, 20, 36
MM, 31, 20, 12
MM, 30, 20, 26
MM, 29, 18, 9
MM, 29, 17, 12
MM, 28, 16, 12
MM, 28, 15, 60
MM, 28, 16, 49
MM, 32, 17, 168
MM, 33, 17, 12
MM, 375, 627, 13
MM, 379, 629, 14
MM, 6, 24, 10
MM, 13, 27, 13
MM, 398, 639, 12
MM, 407, 643, 11
MM, 7, 1, 12
MM, 13, 4, 12
MM, 22, 7, 14
MM, 25, 8, 10
MM, 29, 9, 12
MM, 31, 9, 12
MM, 31, 10, 12
MM, 33, 11, 12
MM, 444, 657, 12
MM, 445, 658, 76
MM, 446, 658, 23
MM, 447, 658, 10
MM, 448, 658, 23
MM, 0, 13, 60
MM, 2, 13, 61
MM, 4, 13, 12
MM, 5, 13, 12
MM, 6, 13, 29
MM, 7, 13, 2
MM, 8, 13, 6
MM, 9, 13, 59
MC, 1, 173
MM, 9, 12, 9
MM, 8, 11, 12
MM, 7, 11, 14
MM, 7, 9, 9
MM, 7, 8, 12
MM, 6, 5, 12
MM, 5, 1, 13
MM, 30, 29, 13
MM, 26, 26, 10
MM, 25, 24, 37
MM, 19, 14, 2
MM, 17, 10, 10
MM, 15, 8, 14
MM, 13, 5, 10
MM, 11, 3, 17
MM, 429, 607, 8
MM, 424, 604, 11
MM, 4, 30, 12
MM, 1, 27, 12
MM, 413, 597, 14
MM, 410, 595, 10
MM, 36, 23, 14
MM, 36, 22, 12
MM, 34, 21, 12
MM, 33, 20, 11
MM, 32, 19, 14
MM, 31, 18, 12
MM, 31, 17, 9
MM, 30, 17, 39
MM, 29, 17, 10
MM, 28, 17, 25
MM, 28, 16, 10
MM, 27, 16, 12
MM, 28, 16, 109
MM, 32, 16, 123
MM, 33, 16, 12
MM, 36, 16, 10
MM, 410, 587, 11
MM, 413, 587, 12
MM, 4, 16, 13
MM, 10, 16, 12
MM, 15, 16, 12
MM, 19, 16, 13
MM, 21, 16, 13
MM, 22, 16, 22
MM, 22, 17, 24
MM, 23, 17, 12
MM, 25, 17, 12
MM, 25, 21, 230
MM, 24, 22, 11
MM, 24, 23, 25
MM, 24, 25, 11
MM, 24, 29, 13
MM, 439, 606, 12
MM, 20, 6, 12
MM, 21, 16, 11
MM, 23, 27, 12
MM, 447, 645, 13
MM, 447, 655, 25
MM, 0, 19, 3
MM, 2, 24, 8
MM, 452, 677, 14
MM, 453, 680, 72
MM, 57, 12, 1
MM, 58, 13, 12
MM, 58, 15, 8
MM, 59, 17, 12
MM, 59, 19, 14
MM, 60, 20, 13
MM, 60, 21, 11
MM, 60, 16, 315
MM, 60, 15, 23
MM, 61, 15, 10
MM, 62, 9, 12
MM, 68, 4, 14
MM, 477, 677, 10
MM, 487, 664, 13
MM, 10, 7, 11
MM, 509, 641, 15
MM, 19, 24, 10
MM, 29, 14, 12
MM, 34, 11, 12
MM, 535, 618, 12
MM, 537, 616, 12
MM, 538, 616, 11
MM, 539, 616, 24
MM, 0, 8, 24
MM, 1, 8, 13
MM, 2, 8, 12
MM, 6, 8, 28
MM, 8, 7, 8
MM, 8, 6, 24
MM, 9, 6, 24
MM, 9, 7, 96
MM, 9, 8, 12
MM, 9, 9, 12
MM, 9, 11, 25
MM, 9, 12, 36
MM, 9, 7, 180
MM, 9, 4, 25
MM, 12, 0, 12
MM, 556, 602, 12
MM, 565, 596, 12
MM, 2, 19, 12
MM, 7, 17, 12
MM, 15, 14, 13
MM, 19, 11, 15
MM, 22, 9, 8
MM, 23, 9, 36
MM, 24, 9, 24
MM, 22, 12, 316
MM, 22, 13, 11
MM, 21, 13, 10
MM, 21, 15, 36
MM, 17, 19, 12
MM, 14, 27, 12
MM, 33, 0, 13
MM, 24, 8, 11
MM, 19, 11, 12
MM, 16, 16, 14
MM, 14, 20, 10
MM, 12, 25, 12
MM, 9, 30, 14
MM, 547, 642, 19
MM, 16, 1, 4
MM, 14, 9, 12
MM, 13, 13, 13
MM, 11, 15, 11
MM, 11, 16, 12
MM, 10, 17, 13
MM, 9, 18, 11
MM, 9, 19, 12
MM, 9, 20, 12
MM, 8, 21, 12
MM, 7, 21, 12
MM, 6, 22, 12
MM, 6, 24, 12
MM, 5, 24, 14
MM, 6, 24, 107
MM, 8, 22, 205
MM, 8, 21, 12
MM, 8, 20, 27
MM, 8, 19, 2
MM, 7, 17, 7
MM, 2, 12, 12
MM, 525, 650, 14
MM, 516, 644, 10
MM, 2, 28, 13
MM, 29, 23, 10
MM, 20, 20, 14
MM, 11, 17, 11
MM, 3, 14, 13
MM, 0, 13, 12
MM, 459, 618, 12
MM, 34, 9, 11
MM, 32, 8, 12
MM, 27, 8, 14
MM, 25, 8, 10
MM, 22, 7, 12
MM, 19, 6, 13
MM, 15, 5, 13
MM, 14, 4, 11
MM, 13, 4, 12
MM, 12, 4, 13
MM, 11, 4, 11
MM, 11, 5, 84
MM, 11, 6, 24
MM, 11, 7, 36
MM, 12, 8, 13
MM, 12, 9, 35
MM, 12, 10, 14
MM, 13, 5, 168
MM, 13, 2, 24
MM, 13, 1, 11
MM, 14, 1, 12
MM, 15, 0, 12
MM, 436, 607, 12
MM, 437, 606, 27
MM, 438, 604, 9
MM, 440, 602, 12
MM, 27, 29, 13
MM, 29, 26, 73
MM, 455, 587, 2
MM, 0, 15, 9
MM, 1, 15, 14
MM, 2, 15, 22
MM, 2, 16, 48
MM, 2, 17, 24
MM, 3, 17, 12
MM, 2, 16, 193
MM, 1, 16, 12
MM, 0, 16, 12
MM, 455, 587, 13
MM, 454, 587, 14
MM, 452, 587, 9
MM, 451, 587, 12
MM, 34, 16, 12
MM, 31, 16, 12
MM, 29, 13, 13
MM, 25, 13, 11
MM, 24, 13, 24
MM, 22, 11, 12
MM, 20, 11, 26
MM, 19, 11, 2
MM, 18, 11, 9
MM, 17, 11, 11
MM, 15, 11, 36
MM, 14, 11, 12
MM, 23, 15, 238
MM, 24, 16, 3
MM, 25, 20, 12
MM, 26, 26, 13
MM, 441, 602, 12
MM, 442, 606, 11
MM, 21, 1, 12
MM, 21, 3, 14
MM, 21, 5, 10
MM, 21, 7, 12
MM, 21, 8, 49
MM, 20, 8, 36
MM, 20, 9, 12
MM, 16, 5, 266
MM, 15, 5, 12
MM, 14, 4, 23
MM, 13, 4, 36
MM, 12, 4, 13
MM, 11, 4, 12
MM, 8, 5, 12
MM, 7, 5, 11
MM, 5, 5, 12
MM, 1, 6, 12
MM, 417, 614, 13
MM, 33, 7, 11
MM, 30, 7, 15
MM, 28, 7, 10
MM, 24, 7, 12
MM, 29, 6, 314
MM, 30, 7, 11
MM, 30, 8, 12
MM, 33, 11, 14
MM, 418, 626, 10
MM, 4, 25, 12
MM, 432, 641, 12
MM, 28, 5, 12
MM, 30, 10, 14
MM, 443, 662, 10
MM, 447, 665, 12
MM, 0, 23, 12
MM, 1, 27, 30
MM, 453, 676, 6
MM, 454, 678, 15
MM, 457, 680, 9
MM, 58, 2, 13
MM, 58, 5, 13
MM, 59, 7, 11
MM, 59, 9, 12
MM, 59, 11, 37
MM, 60, 13, 11
MM, 60, 14, 13
MM, 60, 16, 13
MM, 60, 17, 11
MM, 60, 19, 13
MM, 61, 21, 11
MM, 61, 20, 168
MM, 61, 19, 35
MM, 61, 18, 13
MC, 1, 280
MM, 62, 17, 21
MM, 62, 16, 14
MM, 64, 16, 11
MM, 65, 13, 11
MM, 69, 11, 14
MM, 75, 3, 10
MM, 492, 677, 12
MM, 21, 22, 14
MM, 1, 15, 12
MM, 15, 7, 11
MM, 7, 28, 59
MM, 16, 25, 25
MM, 26, 20, 24
MM, 612, 627, 13
MM, 614, 626, 29
MM, 3, 12, 8
MM, 8, 9, 9
MM, 10, 8, 14
MM, 12, 6, 11
MM, 13, 5, 14
MM, 14, 4, 10
MM, 14, 2, 12
MM, 16, 2, 12
MM, 17, 0, 12
MM, 638, 605, 25
MM, 639, 604, 13
MM, 639, 603, 10
MM, 30, 30, 12
MM, 645, 599, 12
MM, 646, 599, 14
MM, 0, 26, 11
MM, 2, 26, 14
MM, 3, 25, 11
MM, 5, 24, 11
MM, 6, 23, 12
MM, 8, 22, 14
MM, 10, 22, 12
MM, 11, 22, 9
MM, 9, 23, 278
MM, 7, 23, 15
MM, 1, 23, 8
MM, 28, 23, 13
MM, 20, 23, 12
MM, 12, 23, 14
MM, 609, 595, 11
MM, 26, 25, 11
MM, 10, 30, 13
MM, 562, 603, 11
MM, 548, 604, 12
MM, 538, 604, 12
MM, 527, 606, 14
MM, 23, 2, 10
MM, 19, 3, 12
MM, 12, 5, 12
MM, 5, 7, 13
MM, 498, 616, 12
MM, 29, 9, 11
MM, 23, 11, 13
MM, 18, 12, 12
MM, 12, 13, 11
MM, 8, 13, 12
MM, 7, 13, 12
MM, 6, 14, 13
MM, 5, 14, 24
MM, 4, 14, 36
MM, 3, 14, 24
MM, 2, 14, 12
MM, 2, 13, 36
MM, 2, 12, 25
MM, 2, 11, 11
MM, 3, 11, 213
MM, 5, 11, 3
MM, 6, 11, 25
MM, 7, 12, 217
MM, 7, 13, 25
MM, 6, 17, 35
MM, 6, 25, 2
MM, 465, 643, 10
MM, 15, 11, 12
MM, 13, 19, 14
MM, 11, 26, 10
MM, 11, 30, 13
MM, 457, 679, 12
MM, 55, 2, 13
MM, 55, 6, 11
MM, 54, 9, 13
MM, 53, 13, 11
MM, 53, 16, 11
MM, 52, 17, 13
MM, 52, 18, 11
MM, 52, 20, 57
MM, 52, 21, 3
MM, 52, 22, 37
MM, 51, 22, 24
MM, 51, 16, 253
MM, 50, 15, 12
MM, 50, 13, 13
MM, 50, 11, 14
MM, 49, 11, 10
MM, 48, 8, 11
MM, 44, 0, 12
MM, 439, 676, 12
MM, 22, 22, 12
MM, 16, 11, 13
MM, 9, 4, 11
MM, 410, 641, 12
MM, 23, 26, 12
MM, 19, 17, 15
MM, 14, 10, 9
MM, 10, 5, 12
MM, 9, 2, 13
MM, 386, 606, 14
MM, 385, 604, 9
MM, 384, 602, 13
MM, 11, 29, 23
MM, 10, 28, 13
MM, 10, 27, 13
MM, 10, 26, 13
MM, 9, 25, 10
MM, 7, 24, 24
MM, 7, 23, 13
MM, 7, 22, 11
MM, 7, 21, 13
MM, 7, 20, 35
MM, 7, 19, 14
MM, 7, 18, 12
MM, 7, 16, 11
MM, 5, 20, 241
MM, 451, 585, 11
MM, 9, 12, 13
MM, 28, 7, 12
MM, 8, 4, 13
MM, 28, 4, 11
MM, 18, 4, 12
MM, 32, 4, 12
MM, 4, 6, 12
MM, 14, 7, 13
MM, 24, 9, 10
MM, 32, 9, 13
MM, 607, 581, 13
MM, 0, 10, 10
MM, 6, 10, 12
MM, 10, 10, 14
MM, 13, 10, 10
MM, 16, 10, 12
MM, 18, 10, 13
MM, 20, 10, 11
MM, 22, 10, 25
MM, 23, 10, 12
MM, 24, 10, 12
MM, 26, 10, 11
MM, 27, 10, 14
MM, 28, 10, 11
MM, 30, 10, 12
MM, 643, 581, 12
MM, 644, 582, 13
MM, 0, 12, 11
MM, 4, 12, 12
MM, 8, 14, 12
MM, 11, 16, 13
MM, 13, 17, 11
MM, 16, 17, 13
MM, 17, 18, 25
MC, 1, 254
MM, 16, 18, 9
MM, 15, 18, 12
MM, 13, 20, 14
MM, 8, 21, 12
MM, 6, 22, 11
MM, 3, 22, 14
MM, 1, 22, 12
MM, 645, 593, 9
MM, 28, 22, 13
MM, 18, 21, 49
MM, 26, 18, 1
MM, 14, 18, 10
MM, 0, 18, 12
MM, 25, 18, 12
MM, 15, 18, 12
MM, 5, 18, 15
MM, 528, 589, 21
MM, 28, 18, 3
MM, 23, 18, 10
MM, 17, 18, 12
MM, 9, 18, 12
MM, 5, 18, 11
MM, 493, 589, 13
MM, 30, 18, 12
MM, 27, 18, 12
MM, 26, 18, 11
MM, 25, 18, 17
MM, 24, 19, 8
MM, 22, 19, 12
MM, 19, 19, 12
MM, 18, 19, 12
MM, 16, 20, 12
MM, 15, 20, 12
MM, 13, 20, 14
MM, 11, 20, 22
MM, 8, 20, 12
MM, 5, 20, 13
MM, 3, 20, 12
MM, 2, 20, 11
MM, 2, 19, 49
MM, 2, 18, 14
MM, 2, 17, 21
MM, 3, 17, 24
MM, 4, 17, 24
MM, 5, 17, 26
MM, 6, 17, 11
MM, 7, 17, 23
MM, 8, 17, 61
MM, 7, 18, 350
MM, 7, 19, 11
MM, 7, 20, 25
MM, 7, 21, 11
MM, 6, 22, 13
MM, 5, 22, 12
MM, 3, 23, 12
MM, 1, 25, 12
MM, 0, 27, 14
MM, 0, 28, 10
MM, 454, 602, 12
MM, 452, 603, 12
MM, 451, 603, 12
MM, 450, 604, 13
MM, 448, 606, 13
MM, 25, 0, 12
MM, 21, 3, 10
MM, 19, 6, 12
MM, 19, 7, 12
MM, 18, 9, 12
MM, 16, 10, 12
MM, 16, 12, 12
MM, 15, 14, 12
MM, 14, 15, 12
MM, 13, 18, 12
MM, 13, 19, 12
MM, 12, 20, 24
MM, 12, 21, 24
MM, 11, 21, 13
MM, 11, 22, 12
MM, 10, 22, 11
MM, 10, 23, 14
MM, 9, 23, 10
MM, 8, 23, 37
MM, 7, 23, 96
MM, 8, 19, 339
MM, 7, 19, 23
MM, 6, 19, 35
MM, 2, 19, 14
MM, 418, 627, 12
MM, 34, 19, 11
MM, 29, 19, 12
MM, 25, 19, 12
MM, 20, 18, 15
MM, 18, 17, 9
MM, 17, 17, 12
MM, 16, 17, 13
MM, 18, 17, 268
MM, 19, 17, 20
MM, 19, 18, 12
MM, 20, 19, 12
MM, 22, 20, 13
MM, 25, 22, 12
MM, 27, 23, 13
MM, 29, 25, 11
MM, 30, 27, 12
MM, 32, 30, 11
MM, 414, 640, 13
MM, 415, 642, 22
MM, 8, 1, 2
MM, 10, 6, 12
MM, 11, 11, 11
MM, 13, 12, 12
MM, 14, 14, 13
MM, 17, 20, 13
MM, 18, 21, 10
MM, 19, 23, 12
MM, 20, 25, 13
MM, 21, 27, 12
MM, 22, 29, 12
MM, 432, 676, 12
MM, 433, 677, 12
MM, 433, 678, 12
MM, 433, 679, 12
MM, 433, 680, 48
MM, 434, 680, 36
MM, 434, 681, 109
MM, 34, 0, 50
MM, 34, 1, 20
MM, 34, 2, 14
MM, 34, 3, 12
MM, 34, 4, 26
MM, 34, 5, 35
MM, 34, 6, 23
MM, 34, 7, 12
MM, 34, 8, 13
MM, 34, 9, 61
MM, 34, 1, 183
MM, 435, 680, 20
MM, 435, 679, 14
MM, 435, 677, 10
MM, 27, 29, 12
MM, 27, 26, 13
MM, 30, 19, 14
MM, 32, 16, 9
MM, 447, 651, 12
MM, 3, 2, 15
MM, 455, 644, 10
MM, 459, 640, 11
MM, 461, 637, 12
MM, 1, 27, 15
MM, 2, 27, 10
MM, 4, 27, 12
MM, 6, 25, 13
MM, 8, 21, 11
MM, 10, 21, 12
MM, 12, 19, 12
MM, 13, 19, 12
MM, 13, 18, 36
MM, 13, 17, 37
MM, 14, 17, 11
MM, 14, 16, 13
MM, 15, 18, 217
MM, 25, 17, 38
MM, 1, 13, 26
MM, 25, 3, 2
MM, 548, 606, 6
MM, 6, 29, 11
MM, 22, 24, 39
MM, 1, 15, 1
MM, 5, 13, 9
MM, 12, 8, 12
MM, 21, 8, 11
MM, 27, 7, 16
MM, 29, 7, 21
MM, 30, 8, 13
MM, 643, 581, 11
MM, 645, 581, 12
MM, 647, 583, 28
MM, 1, 12, 1
MM, 2, 14, 7
MM, 3, 15, 12
MM, 4, 15, 56
MM, 5, 15, 3
MM, 6, 15, 26
MM, 7, 15, 12
MM, 7, 16, 96
MM, 8, 16, 24
MM, 8, 17, 13
MM, 8, 18, 24
MM, 5, 16, 168
MM, 3, 18, 12
MM, 1, 19, 12
MM, 647, 590, 12
MM, 645, 590, 12
MM, 29, 19, 12
MM, 24, 18, 14
MM, 14, 17, 10
MM, 8, 17, 12
MM, 0, 15, 13
MM, 29, 15, 11
MM, 20, 15, 12
MM, 10, 15, 12
MM, 0, 16, 13
MM, 25, 16, 11
MM, 11, 17, 13
MM, 29, 22, 11
MM, 17, 25, 15
MM, 8, 28, 9
MM, 2, 30, 12
MM, 493, 601, 12
MM, 489, 601, 13
MM, 30, 30, 12
MM, 28, 30, 26
MM, 25, 30, 23
MM, 23, 30, 11
MM, 21, 30, 13
MM, 18, 30, 12
MM, 17, 30, 12
MM, 16, 30, 13
MM, 14, 30, 10
MM, 12, 30, 12
MM, 8, 30, 12
MM, 5, 29, 12
MM, 4, 27, 31
MM, 4, 26, 3
MM, 4, 24, 14
MM, 4, 23, 12
MM, 4, 22, 12
MM, 4, 21, 12
MM, 5, 20, 24
MM, 6, 20, 12
MM, 9, 19, 13
MM, 10, 19, 11
MM, 11, 19, 25
MM, 12, 22, 217
MM, 12, 23, 25
MM, 12, 25, 11
MM, 12, 27, 14
MM, 468, 602, 22
MM, 4, 1, 13
MM, 1, 8, 11
MM, 459, 624, 12
MM, 458, 633, 12
MM, 455, 640, 12
MM, 455, 644, 12
MM, 5, 0, 13
MM, 4, 3, 12
MM, 4, 5, 14
MM, 4, 8, 9
MM, 4, 12, 12
MM, 3, 20, 13
MM, 3, 23, 11
MM, 3, 28, 13
MM, 452, 676, 11
MM, 451, 677, 15
MM, 451, 679, 10
MM, 451, 680, 11
MM, 450, 681, 29
MM, 449, 681, 20
MM, 448, 681, 24
MM, 48, 0, 73
MM, 48, 1, 47
MM, 47, 2, 26
MM, 446, 680, 203
MM, 446, 678, 12
MM, 445, 676, 14
MM, 445, 674, 11
MM, 445, 671, 11
MM, 33, 21, 12
MM, 31, 14, 12
MM, 26, 3, 12
MM, 431, 643, 12
MM, 428, 640, 12
MM, 3, 28, 16
MM, 0, 25, 9
MM, 417, 629, 12
MM, 415, 627, 12
MM, 32, 18, 14
MM, 31, 17, 10
MM, 30, 16, 12
MM, 29, 15, 14
MM, 28, 14, 9
MM, 26, 13, 13
MM, 25, 12, 13
MM, 24, 12, 11
MM, 24, 11, 12
MM, 23, 10, 12
MM, 23, 9, 24
MM, 23, 8, 12
MM, 22, 8, 12
MM, 21, 8, 15
MM, 21, 9, 21
MM, 21, 10, 12
MM, 21, 11, 13
MM, 20, 12, 11
MM, 19, 12, 48
MM, 18, 12, 60
MC, 1, 137
MM, 20, 12, 9
MM, 21, 12, 12
MM, 22, 12, 12
MM, 25, 13, 14
MM, 27, 13, 10
MM, 30, 13, 11
MM, 418, 621, 14
MM, 0, 14, 11
MM, 2, 15, 12
MM, 5, 15, 12
MM, 7, 16, 14
MM, 10, 16, 9
MM, 16, 16, 14
MM, 24, 16, 12
MM, 456, 624, 11
MM, 4, 16, 13
MM, 20, 16, 11
MM, 30, 17, 15
MM, 498, 626, 9
MM, 6, 18, 12
MM, 10, 20, 12
MM, 14, 22, 14
MM, 20, 24, 10
MM, 23, 26, 12
MM, 28, 27, 12
MM, 31, 28, 12
MM, 535, 638, 12
MM, 537, 639, 12
MM, 539, 643, 14
MM, 541, 644, 10
MM, 542, 644, 12
MM, 14, 0, 13
MM, 16, 1, 12
MM, 17, 2, 12
MM, 18, 2, 12
MM, 18, 3, 12
MM, 19, 4, 12
MM, 20, 4, 12
MM, 21, 4, 12
MM, 22, 5, 36
MM, 22, 6, 48
MM, 22, 7, 13
MM, 22, 8, 11
MM, 21, 8, 25
MM, 20, 8, 12
MM, 19, 8, 12
MM, 18, 8, 12
MM, 17, 9, 13
MM, 16, 9, 10
MM, 15, 10, 13
MM, 14, 10, 13
MM, 13, 11, 22
MM, 12, 11, 25
MM, 15, 7, 156
MM, 16, 5, 30
MM, 17, 4, 6
MM, 18, 2, 13
MM, 549, 644, 14
MM, 552, 640, 9
MM, 18, 27, 13
MM, 27, 22, 11
MM, 32, 15, 13
MM, 577, 621, 12
MM, 1, 9, 13
MM, 10, 4, 11
MM, 16, 0, 14
MM, 604, 604, 12
MM, 3, 27, 10
MM, 8, 24, 13
MM, 12, 21, 11
MM, 15, 20, 12
MM, 16, 19, 12
MM, 19, 19, 13
MM, 21, 18, 11
MM, 23, 18, 13
MM, 24, 18, 11
MM, 25, 17, 13
MM, 26, 17, 49
MM, 27, 17, 11
MM, 29, 17, 12
MM, 30, 17, 12
MM, 644, 587, 11
MM, 646, 587, 25
MM, 647, 585, 12
MM, 2, 12, 11
MM, 7, 11, 13
MM, 8, 11, 13
MM, 9, 11, 11
MM, 10, 11, 12
MM, 11, 11, 13
MM, 11, 12, 71
MM, 11, 13, 26
MM, 11, 14, 34
MM, 9, 11, 157
MM, 7, 10, 26
MM, 2, 7, 10
MM, 643, 577, 12
MM, 24, 4, 13
MM, 12, 3, 11
MM, 2, 3, 13
MM, 28, 1, 13
MM, 9, 0, 14
MM, 26, 0, 9
MM, 8, 0, 12
MM, 23, 0, 12
MM, 3, 0, 13
MM, 11, 0, 23
MM, 3, 0, 14
MM, 30, 0, 22
MM, 21, 0, 24
MM, 10, 0, 25
MM, 7, 0, 13
MM, 5, 0, 10
MM, 3, 0, 12
MM, 2, 0, 13
MM, 417, 570, 13
MM, 2, 0, 70
MM, 2, 1, 25
MM, 1, 3, 23
MM, 0, 4, 13
MM, 411, 576, 12
MM, 35, 6, 11
MM, 32, 9, 13
MM, 30, 11, 13
MM, 27, 11, 11
MM, 25, 12, 13
MM, 23, 14, 15
MM, 22, 14, 8
MM, 21, 14, 11
MM, 20, 14, 14
MM, 18, 14, 11
MM, 16, 14, 24
MM, 15, 14, 25
MM, 20, 12, 243
MM, 21, 12, 13
MM, 24, 13, 8
MM, 27, 18, 12
MM, 34, 23, 37
MM, 6, 4, 3
MM, 15, 11, 9
MM, 26, 19, 13
MM, 33, 25, 66
MM, 31, 24, 2
MM, 484, 674, 5
MM, 485, 679, 12
MM, 486, 681, 10
MM, 87, 0, 12
MM, 87, 1, 12
MM, 87, 2, 13
MM, 87, 3, 120
MM, 87, 4, 83
MM, 87, 5, 15
MM, 87, 6, 34
MM, 87, 7, 37
MM, 87, 8, 13
MM, 87, 9, 10
MM, 87, 10, 12
MM, 87, 12, 13
MM, 87, 13, 11
MM, 86, 7, 255
MM, 86, 4, 11
MM, 86, 3, 11
MM, 86, 1, 12
MM, 486, 681, 13
MM, 487, 679, 11
MM, 488, 676, 12
MM, 1, 30, 12
MM, 2, 28, 13
MM, 2, 26, 13
MM, 3, 24, 10
MM, 4, 21, 14
MM, 6, 17, 13
MM, 9, 14, 10
MM, 10, 12, 12
MM, 11, 11, 14
MM, 11, 10, 10
MM, 12, 10, 12
MM, 12, 9, 26
MM, 13, 9, 10
MM, 14, 8, 12
MM, 14, 7, 36
MM, 16, 7, 36
MM, 16, 9, 12
MM, 17, 10, 229
MM, 19, 8, 12
MM, 21, 7, 12
MM, 24, 5, 12
MM, 29, 1, 14
MM, 522, 642, 10
MM, 30, 28, 12
MM, 34, 27, 12
MM, 538, 631, 12
MM, 1, 20, 12
MM, 3, 18, 12
MM, 6, 14, 15
MM, 7, 10, 10
MM, 12, 6, 12
MM, 14, 4, 11
MM, 16, 2, 13
MM, 18, 0, 12
MM, 19, 0, 11
MM, 561, 605, 15
MM, 561, 604, 10
MM, 563, 602, 12
MM, 564, 600, 12
MM, 565, 600, 14
MM, 566, 599, 11
MM, 567, 599, 11
MM, 567, 598, 121
MM, 568, 598, 24
MM, 0, 26, 12
MM, 1, 23, 11
MM, 5, 21, 13
MM, 6, 20, 13
MM, 8, 19, 11
MM, 8, 17, 12
MM, 11, 16, 13
MM, 12, 14, 23
MM, 14, 13, 12
MM, 16, 12, 13
MM, 17, 12, 23
MM, 14, 12, 265
MM, 12, 12, 44
MM, 10, 13, 33
MM, 2, 13, 3
MM, 566, 584, 4
MM, 27, 13, 13
MM, 18, 13, 12
MM, 12, 13, 13
MM, 8, 13, 12
MM, 6, 13, 13
MM, 3, 13, 12
MM, 529, 584, 12
MM, 526, 584, 10
MM, 29, 13, 12
MM, 26, 13, 12
MM, 22, 13, 12
MM, 21, 13, 24
MM, 20, 13, 13
MM, 19, 13, 11
MM, 17, 13, 24
MM, 16, 13, 37
MM, 16, 14, 35
MM, 22, 14, 266
MM, 23, 15, 12
MM, 24, 16, 11
MM, 26, 18, 12
MM, 26, 24, 13
MM, 26, 30, 13
MM, 19, 7, 11
MM, 18, 18, 14
MM, 513, 640, 10
MM, 24, 2, 12
MM, 21, 8, 12
MM, 21, 13, 12
MM, 21, 19, 12
MM, 20, 25, 12
MM, 508, 678, 14
MM, 108, 5, 10
MM, 107, 8, 12
MM, 107, 12, 12
MM, 107, 14, 15
MM, 107, 15, 10
MM, 107, 16, 11
MM, 107, 17, 15
MM, 107, 18, 9
MM, 106, 18, 12
MM, 106, 19, 13
MM, 105, 19, 84
MM, 106, 18, 253
MM, 106, 16, 12
MM, 107, 14, 14
MM, 108, 12, 10
MM, 109, 10, 11
MM, 111, 8, 13
MM, 113, 4, 12
MM, 114, 2, 12
MM, 116, 1, 13
MM, 519, 681, 13
MM, 522, 679, 10
MM, 527, 674, 12
MM, 0, 27, 12
MM, 2, 27, 12
MM, 5, 26, 12
MM, 6, 25, 13
MM, 7, 24, 13
MM, 8, 24, 10
MM, 9, 23, 24
MM, 10, 23, 60
MM, 13, 20, 255
MM, 29, 4, 23
MM, 579, 627, 29
MM, 604, 607, 43
MM, 2, 29, 25
MM, 8, 27, 13
MM, 17, 24, 10
MM, 647, 588, 72
MM, 2, 15, 36
MM, 3, 15, 24
MM, 8, 12, 25
MM, 12, 12, 23
MM, 15, 11, 13
MM, 17, 11, 15
MM, 19, 11, 10
MM, 20, 11, 11
MM, 21, 13, 35
MM, 22, 13, 13
MM, 22, 14, 24
MM, 21, 14, 73
MM, 19, 14, 168
MM, 18, 14, 24
MM, 17, 14, 12
MM, 16, 14, 12
MM, 14, 14, 12
MM, 10, 14, 12
MM, 6, 15, 12
MM, 1, 16, 15
MM, 646, 588, 9
MM, 29, 18, 12
MM, 21, 18, 12
MM, 12, 21, 15
MM, 2, 21, 10
MM, 33, 23, 12
MM, 22, 29, 13
MM, 583, 603, 10
MM, 576, 607, 28
MM, 31, 3, 2
MM, 24, 9, 9
MM, 18, 12, 30
MM, 12, 18, 5
MM, 6, 25, 10
MM, 541, 639, 25
MM, 540, 641, 97
MM, 9, 2, 2
MM, 9, 3, 3
MM, 9, 4, 6
MM, 9, 5, 12
MM, 8, 7, 12
MM, 8, 8, 13
MM, 8, 9, 84
MM, 8, 10, 71
MM, 8, 11, 26
MM, 8, 6, 170
MM, 8, 5, 9
MM, 8, 4, 36
MM, 7, 2, 25
MM, 6, 1, 24
MM, 5, 1, 11
MM, 531, 644, 13
MM, 526, 640, 14
MM, 18, 28, 10
MM, 7, 20, 12
MM, 495, 623, 12
MM, 23, 9, 12
MM, 12, 1, 12
MM, 467, 605, 14
MM, 5, 28, 13
MM, 454, 595, 10
MM, 34, 22, 11
MM, 29, 18, 14
MM, 22, 15, 11
MM, 19, 13, 12
MM, 15, 11, 13
MM, 12, 10, 13
MM, 10, 9, 10
MM, 7, 7, 12
MM, 5, 5, 12
MM, 4, 5, 12
MM, 4, 4, 24
MM, 5, 4, 60
MM, 6, 5, 61
MM, 7, 6, 60
MM, 9, 8, 168
MM, 9, 9, 14
MM, 10, 9, 10
MM, 10, 10, 61
MM, 11, 11, 12
MM, 11, 13, 12
MM, 14, 18, 11
MM, 16, 24, 12
MM, 12, 0, 13
MM, 15, 10, 11
MM, 18, 23, 12
MM, 441, 643, 13
MM, 33, 4, 14
MM, 443, 654, 10
MM, 446, 663, 12
MM, 446, 667, 13
MM, 447, 672, 10
MM, 448, 676, 12
MM, 448, 678, 13
MM, 48, 0, 13
MM, 49, 2, 12
MM, 49, 4, 11
MM, 50, 6, 13
MM, 51, 8, 11
MM, 51, 9, 24
MM, 52, 10, 15
MM, 52, 11, 21
MM, 52, 12, 36
MM, 52, 13, 48
MM, 52, 8, 253
MM, 52, 6, 14
MM, 52, 1, 12
MM, 453, 679, 11
MM, 4, 28, 12
MM, 6, 21, 12
MM, 6, 13, 14
MM, 6, 10, 10
MM, 6, 5, 11
MM, 7, 1, 13
MM, 457, 642, 12
MM, 458, 636, 12
MM, 459, 632, 12
MM, 459, 630, 14
MM, 459, 629, 10
MM, 459, 628, 49
MM, 459, 627, 47
MM, 459, 624, 25
MM, 460, 623, 11
MM, 460, 622, 13
MM, 461, 622, 72
MM, 0, 14, 60
MM, 1, 14, 12
MM, 2, 14, 100
MM, 3, 14, 21
MM, 4, 14, 55
MM, 7, 14, 162
MM, 13, 12, 13
MM, 24, 6, 10
MM, 507, 607, 13
MM, 525, 600, 11
MM, 11, 24, 14
MM, 23, 18, 12
MM, 569, 586, 11
MM, 9, 13, 13
MM, 21, 12, 11
MM, 34, 10, 12
MM, 3, 9, 12
MM, 11, 9, 35
MM, 28, 7, 2
MM, 642, 578, 11
MM, 646, 578, 12
MM, 1, 7, 12
MM, 5, 7, 13
MM, 8, 7, 13
MM, 10, 6, 11
MM, 12, 6, 11
MM, 15, 5, 12
MM, 18, 5, 15
MM, 20, 5, 10
MM, 23, 5, 11
MM, 24, 5, 14
MM, 26, 5, 10
MM, 27, 5, 25
MM, 28, 5, 14
MM, 29, 7, 22
MM, 29, 8, 12
MM, 25, 9, 266
MM, 24, 9, 11
MM, 22, 9, 12
MM, 21, 7, 11
MM, 16, 7, 14
MM, 11, 7, 10
MM, 646, 578, 13
MM, 25, 7, 12
MM, 13, 5, 13
MM, 610, 575, 12
MM, 32, 2, 11
MM, 18, 2, 14
MM, 6, 2, 10
MM, 32, 2, 12
MM, 18, 3, 12
MM, 6, 3, 14
MM, 29, 6, 31
MM, 12, 9, 6
MM, 6, 10, 9
MM, 491, 581, 13
MM, 29, 10, 11
MM, 25, 10, 14
MM, 20, 11, 11
MM, 17, 11, 11
MM, 14, 11, 13
MM, 13, 11, 12
MM, 12, 11, 38
MM, 11, 11, 47
MM, 10, 11, 35
MM, 10, 12, 60
MM, 10, 13, 24
MM, 11, 13, 50
MM, 14, 11, 155
MM, 15, 11, 13
MM, 16, 12, 23
MM, 16, 16, 12
MM, 18, 20, 13
MM, 20, 29, 11
MM, 14, 2, 12
MM, 14, 12, 13
MM, 14, 24, 14
MM, 476, 644, 10
MM, 27, 16, 25
MM, 27, 28, 12
MM, 475, 679, 10
MM, 75, 3, 13
MM, 75, 8, 13
MM, 75, 10, 11
MM, 75, 12, 13
MM, 75, 14, 17
MM, 75, 15, 6
MM, 75, 18, 12
MM, 75, 19, 37
MM, 75, 20, 11
MM, 75, 21, 14
MM, 75, 22, 58
MM, 75, 21, 96
MM, 75, 19, 37
MM, 76, 12, 216
MM, 76, 11, 13
MM, 78, 6, 12
MM, 88, 0, 14
MM, 12, 25, 10
MM, 25, 14, 13
MM, 523, 646, 12
MM, 535, 638, 11
MM, 3, 21, 12
MM, 12, 13, 13
MM, 19, 10, 14
MM, 20, 9, 10
MM, 21, 9, 47
MM, 22, 9, 24
MM, 23, 9, 13
MM, 23, 10, 12
MM, 23, 11, 26
MM, 24, 11, 10
MM, 25, 12, 12
MM, 26, 12, 12
MM, 27, 12, 24
MM, 28, 12, 26
MM, 28, 13, 11
MM, 29, 15, 11
MM, 27, 15, 228
MM, 26, 15, 25
MM, 25, 15, 12
MM, 22, 14, 13
MM, 19, 11, 11
MM, 14, 9, 12
MM, 4, 8, 12
MM, 535, 613, 12
MM, 30, 3, 12
MM, 19, 0, 12
MM, 504, 604, 13
MM, 493, 602, 11
MM, 29, 27, 12
MM, 18, 25, 12
MM, 10, 24, 12
MM, 1, 22, 13
MM, 451, 591, 11
MM, 31, 19, 13
MM, 25, 19, 13
MM, 23, 16, 10
MM, 19, 16, 13
MM, 17, 16, 24
MM, 17, 17, 132
MM, 16, 17, 73
MM, 22, 17, 185
MM, 27, 17, 8
MM, 33, 20, 11
MM, 455, 591, 15
MM, 5, 21, 9
MM, 15, 21, 13
MM, 28, 23, 11
MM, 5, 23, 15
MM, 23, 25, 10
MM, 0, 25, 11
MM, 13, 28, 14
MM, 558, 602, 10
MM, 569, 603, 12
MM, 577, 605, 12
MM, 582, 606, 15
MM, 588, 607, 10
MM, 14, 0, 12
MM, 19, 3, 12
MM, 24, 7, 15
MM, 28, 8, 10
MM, 612, 618, 11
MM, 615, 618, 12
MM, 617, 619, 12
MM, 1, 12, 12
MM, 6, 15, 12
MM, 9, 15, 12
MM, 12, 15, 13
MM, 15, 15, 11
MM, 17, 15, 24
MM, 19, 15, 24
MM, 21, 15, 12
MM, 22, 15, 12
MM, 23, 14, 12
MM, 24, 14, 12
MM, 26, 13, 13
MM, 28, 11, 11
MM, 31, 11, 12
MM, 652, 618, 13
MM, 655, 618, 11
MM, 657, 618, 12
MM, 0, 10, 12
MM, 2, 10, 13
MM, 3, 10, 12
MM, 3, 11, 12
MM, 4, 11, 36
MM, 5, 11, 24
MM, 6, 11, 13
MM, 7, 11, 11
MM, 7, 12, 26
MM, 7, 13, 22
MM, 7, 14, 12
MC, 1, 174
MM, 6, 13, 248
MM, 6, 12, 12
MM, 6, 11, 36
MM, 6, 9, 52
MM, 6, 3, 1
MM, 6, 1, 9
MM, 664, 607, 12
MM, 664, 604, 10
MM, 664, 602, 12
MM, 16, 30, 13
MM, 16, 29, 13
MM, 16, 28, 10
MM, 16, 27, 14
MM, 16, 26, 92
MM, 16, 25, 15
MM, 16, 23, 12
MM, 17, 23, 12
MM, 17, 22, 27
MM, 17, 21, 9
MM, 17, 20, 36
MM, 18, 20, 12
MM, 18, 19, 51
MC, 1, 161
MM, 16, 19, 5
MM, 17, 20, 103
MM, 17, 21, 5
MM, 18, 22, 13
MM, 18, 25, 14
MM, 19, 29, 10
MM, 9, 11, 84
MM, 9, 14, 13
MM, 9, 17, 11
MM, 9, 19, 12
MM, 7, 21, 12
MM, 7, 22, 12
MM, 6, 26, 13
MM, 663, 639, 11
MM, 663, 643, 13
MM, 11, 2, 11
MM, 11, 4, 15
MM, 10, 6, 10
MM, 10, 8, 12
MM, 10, 10, 23
MM, 10, 11, 12
MM, 9, 11, 85
MM, 11, 10, 228
MM, 12, 9, 14
MM, 14, 9, 11
MM, 17, 8, 11
MM, 23, 7, 12
MM, 684, 649, 13
MM, 692, 648, 12
MM, 709, 643, 11
MM, 725, 638, 14
MM, 739, 635, 12
MM, 752, 632, 11
MM, 764, 630, 12
MM, 3, 7, 14
MM, 10, 6, 10
MM, 16, 5, 40
MM, 29, 3, 1
MM, 34, 3, 7
MM, 37, 3, 12
MM, 37, 4, 121
MM, 36, 7, 48
MM, 36, 9, 12
MM, 36, 11, 14
MM, 36, 13, 10
MM, 36, 14, 13
MM, 36, 15, 12
MM, 35, 16, 23
MM, 35, 17, 27
