********************************************************************************
LOGGING TIME: 20181022_200640
CLIENT IP: 192.168.137.1
USERNAME: Kanakvi Aggarwal
OS: Windows 10
**********************************Emotional database********************************************************************************
MM, 344, 177, 1541893260248
MM, 338, 166, 11
MM, 337, 163, 13
MM, 335, 157, 11
MM, 334, 152, 12
MM, 333, 150, 12
MM, 332, 147, 12
MM, 332, 144, 13
MM, 332, 140, 12
MM, 332, 137, 13
MM, 332, 134, 11
MM, 332, 132, 12
MM, 333, 131, 11
MM, 333, 130, 13
MM, 334, 128, 13
MM, 335, 128, 17
MM, 336, 127, 6
MM, 337, 126, 12
MM, 337, 125, 60
MM, 337, 124, 13
MM, 338, 120, 11
MM, 344, 111, 12
MM, 358, 101, 13
MM, 373, 95, 11
MM, 386, 88, 12
MM, 400, 85, 13
MM, 414, 84, 12
MM, 426, 84, 11
MM, 443, 84, 13
MM, 453, 87, 28
MM, 463, 89, 2
MM, 468, 90, 5
MM, 471, 92, 13
MM, 473, 93, 11
MM, 474, 94, 13
MM, 476, 95, 11
MM, 477, 97, 13
MM, 479, 98, 12
MM, 480, 99, 12
MM, 483, 99, 12
MM, 483, 101, 12
MM, 485, 102, 12
MM, 488, 103, 12
MM, 493, 104, 13
MM, 498, 106, 11
MM, 501, 108, 13
MM, 506, 109, 12
MM, 509, 110, 11
MM, 511, 111, 13
MM, 512, 111, 11
MM, 513, 111, 13
MM, 514, 112, 11
MM, 515, 112, 12
MM, 516, 112, 24
MM, 517, 112, 25
MM, 518, 112, 24
MM, 518, 119, 698
MM, 514, 127, 12
MM, 499, 139, 13
MM, 488, 154, 12
MM, 476, 169, 12
MM, 463, 184, 12
MM, 413, 258, 72
MM, 409, 265, 11
MM, 403, 272, 12
MM, 398, 283, 13
MM, 396, 286, 12
MM, 394, 291, 12
MM, 393, 292, 12
MM, 392, 292, 12
MM, 392, 293, 13
MM, 391, 294, 11
MM, 390, 295, 25
MM, 390, 296, 47
MM, 389, 296, 51
MM, 138, 1, 36
MM, 137, 3, 12
MM, 135, 12, 10
MM, 127, 25, 12
MM, 120, 38, 12
MM, 114, 47, 11
MM, 109, 54, 14
MM, 107, 59, 11
MM, 105, 62, 12
MM, 105, 64, 12
MM, 104, 64, 24
MM, 104, 63, 85
MM, 104, 61, 193
MM, 98, 71, 14777
MM, 92, 80, 12
MM, 339, 384, 12
MM, 336, 389, 12
MM, 334, 394, 12
MM, 331, 399, 112
MM, 68, 5, 3
MM, 66, 24, 2
MM, 65, 25, 5
MM, 65, 26, 11
MM, 65, 27, 49
MM, 66, 27, 48
MM, 66, 28, 37
MM, 67, 28, 59
MM, 67, 27, 109
MM, 68, 27, 48
MM, 69, 27, 11
MM, 70, 28, 12
MM, 72, 30, 13
MM, 73, 31, 12
MM, 76, 33, 12
MM, 79, 37, 12
MM, 83, 43, 12
MM, 89, 48, 12
MM, 93, 57, 12
MM, 99, 64, 13
MM, 103, 73, 12
MM, 104, 76, 11
MM, 106, 81, 13
MM, 108, 86, 12
MM, 108, 89, 11
MM, 360, 516, 13
MM, 360, 520, 11
MM, 360, 523, 12
MM, 360, 529, 12
MM, 360, 532, 12
MM, 1, 6, 362
MM, 395, 533, 11
MM, 430, 526, 13
MM, 469, 522, 11
MM, 503, 520, 13
MM, 525, 520, 12
MM, 547, 522, 12
MM, 567, 527, 13
MM, 582, 530, 11
MM, 19, 1, 12
MM, 32, 6, 13
MM, 3, 9, 13
MM, 14, 12, 10
MM, 24, 14, 12
MM, 31, 16, 12
MM, 655, 551, 13
MM, 656, 551, 11
MM, 658, 551, 12
MM, 660, 551, 14
MM, 0, 18, 11
MM, 3, 18, 11
MM, 5, 18, 13
MM, 5, 19, 11
MM, 6, 19, 26
MM, 6, 20, 23
MM, 6, 19, 63
MM, 6, 18, 25
MM, 7, 17, 9
MM, 9, 16, 12
MM, 12, 14, 12
MM, 14, 14, 11
MM, 15, 14, 13
MM, 15, 15, 35
MM, 15, 16, 12
MM, 15, 19, 132
MM, 15, 25, 13
MM, 676, 567, 12
MM, 25, 7, 12
MM, 22, 15, 12
MM, 20, 30, 12
MM, 9, 3, 12
MM, 7, 13, 12
MM, 7, 19, 12
MM, 7, 30, 12
MM, 665, 641, 12
MM, 13, 0, 12
MM, 13, 6, 12
MM, 13, 12, 13
MM, 13, 19, 12
MM, 13, 23, 11
MM, 13, 24, 12
MM, 12, 20, 301
MM, 11, 20, 13
MM, 11, 19, 12
MM, 11, 18, 12
MM, 11, 17, 11
MM, 9, 17, 60
MM, 650, 662, 2
MM, 23, 18, 2
MM, 9, 18, 10
MM, 612, 664, 10
MM, 29, 22, 13
MM, 13, 24, 27
MM, 1, 25, 1
MM, 560, 677, 9
MM, 548, 681, 12
MM, 139, 1, 11
MM, 134, 3, 13
MM, 132, 3, 12
MM, 131, 4, 11
MM, 531, 679, 326
MM, 2, 30, 12
MM, 1, 21, 12
MM, 528, 654, 12
MM, 524, 643, 11
MM, 22, 25, 13
MM, 19, 18, 12
MM, 18, 11, 12
MM, 14, 8, 12
MM, 11, 4, 12
MM, 506, 607, 11
MM, 503, 604, 13
MM, 499, 603, 12
MM, 497, 602, 12
MM, 496, 602, 12
MM, 2, 30, 12
MM, 2, 29, 13
MM, 2, 28, 52
MM, 2, 27, 8
MM, 3, 26, 24
MM, 5, 25, 12
MM, 6, 25, 12
MM, 8, 25, 12
MM, 11, 23, 11
MM, 12, 23, 24
MM, 13, 22, 61
MM, 22, 27, 217
MM, 523, 605, 12
MM, 32, 3, 12
MM, 1, 9, 12
MM, 6, 12, 12
MM, 8, 13, 12
MM, 8, 14, 24
MM, 8, 15, 12
MM, 8, 16, 12
MM, 9, 16, 85
MM, 9, 13, 169
MM, 9, 12, 12
MM, 8, 12, 11
MM, 5, 10, 12
MM, 537, 617, 12
MM, 31, 4, 12
MM, 18, 0, 13
MM, 503, 605, 12
MM, 489, 601, 12
MM, 19, 29, 11
MM, 8, 27, 13
MM, 454, 597, 12
MM, 29, 24, 11
MM, 20, 23, 12
MM, 16, 23, 12
MM, 15, 22, 13
MM, 13, 21, 12
MM, 12, 21, 12
MM, 9, 18, 36
MM, 8, 17, 24
MM, 8, 16, 35
MM, 8, 17, 73
MM, 8, 0, 187
MM, 8, 10, 6
MM, 8, 17, 12
MM, 432, 644, 36
MM, 24, 3, 12
MM, 24, 8, 12
MM, 25, 14, 12
MM, 26, 23, 11
MM, 28, 29, 13
MM, 437, 679, 12
MM, 37, 0, 13
MM, 37, 2, 11
MM, 37, 3, 12
MM, 37, 5, 25
MM, 37, 6, 11
MM, 38, 7, 13
MM, 38, 8, 23
MM, 38, 9, 64
MM, 39, 9, 24
MM, 38, 1, 201
MM, 415, 644, 49
MM, 17, 12, 35
MM, 12, 8, 13
MM, 9, 5, 12
MM, 5, 0, 11
MM, 381, 606, 13
MM, 379, 604, 12
MM, 377, 602, 13
MM, 3, 30, 11
MM, 2, 28, 24
MM, 2, 27, 24
MM, 2, 26, 13
MM, 3, 26, 120
MM, 10, 28, 181
MM, 17, 28, 12
MM, 32, 24, 11
MM, 5, 21, 12
MM, 7, 16, 25
MM, 25, 14, 12
MM, 3, 14, 12
MM, 21, 14, 12
MM, 0, 14, 11
MM, 12, 14, 12
MM, 22, 14, 12
MM, 32, 14, 12
MM, 1, 14, 13
MM, 6, 14, 13
MM, 10, 14, 311
MM, 605, 587, 51
MM, 644, 583, 6
MM, 10, 12, 3
MM, 15, 10, 2
MM, 17, 9, 12
MM, 19, 8, 12
MM, 21, 8, 12
MM, 23, 7, 12
MM, 24, 7, 12
MM, 25, 7, 11
MM, 26, 7, 24
MM, 27, 6, 24
MM, 28, 6, 12
MM, 29, 6, 13
MM, 31, 6, 12
MM, 32, 6, 11
MM, 33, 6, 24
MM, 33, 7, 73
MM, 33, 8, 24
MM, 33, 9, 12
MM, 33, 10, 12
MM, 33, 11, 13
MM, 31, 11, 11
MM, 31, 12, 24
MM, 30, 12, 13
MM, 29, 12, 12
MC, 1, 181
MM, 28, 12, 11
MM, 26, 11, 28
MM, 24, 10, 2
MM, 15, 10, 6
MM, 3, 10, 13
MM, 24, 10, 12
MM, 8, 10, 11
MM, 33, 12, 13
MM, 17, 12, 12
MM, 1, 12, 12
MM, 20, 15, 11
MM, 4, 15, 13
MM, 27, 17, 12
MM, 18, 18, 12
MM, 12, 18, 11
MM, 8, 18, 13
MM, 4, 18, 12
MM, 0, 18, 11
MM, 490, 589, 13
MM, 489, 589, 11
MM, 30, 18, 13
MM, 25, 18, 11
MM, 22, 18, 14
MM, 20, 17, 12
MM, 19, 16, 11
MM, 18, 15, 24
MM, 17, 14, 87
MM, 16, 14, 12
MM, 15, 14, 23
MM, 490, 590, 191
MM, 8, 21, 12
MM, 24, 26, 12
MM, 539, 602, 12
MM, 553, 607, 13
MM, 30, 4, 11
MM, 1, 10, 14
MM, 10, 11, 11
MM, 16, 14, 13
MM, 23, 15, 11
MM, 28, 17, 12
MM, 617, 626, 12
MM, 6, 22, 12
MM, 9, 23, 12
MM, 13, 25, 12
MM, 15, 25, 11
MM, 17, 25, 12
MM, 18, 25, 13
MM, 20, 25, 12
MM, 22, 25, 12
MM, 24, 25, 12
MM, 26, 25, 12
MM, 26, 26, 13
MM, 27, 26, 10
MM, 29, 26, 14
MM, 30, 26, 24
MM, 31, 26, 11
MM, 33, 24, 25
MM, 653, 631, 12
MM, 655, 629, 11
MM, 1, 18, 12
MM, 4, 17, 12
MM, 6, 15, 13
MM, 7, 15, 12
MM, 9, 13, 11
MM, 11, 12, 14
MM, 12, 12, 11
MM, 12, 13, 72
MM, 9, 13, 157
MM, 6, 13, 12
MM, 2, 12, 15
MM, 33, 12, 9
MM, 19, 12, 13
MM, 9, 12, 12
MM, 615, 620, 11
MM, 24, 14, 12
MM, 11, 17, 12
MM, 580, 624, 32
MM, 12, 16, 4
MM, 538, 621, 12
MM, 29, 13, 12
MM, 18, 12, 13
MM, 10, 12, 11
MM, 0, 10, 12
MM, 493, 618, 13
MM, 25, 10, 12
MM, 20, 10, 12
MM, 17, 10, 12
MM, 11, 10, 12
MM, 6, 10, 12
MM, 0, 10, 12
MM, 459, 618, 12
MM, 34, 10, 12
MM, 32, 9, 12
MM, 29, 9, 12
MM, 27, 9, 11
MM, 25, 9, 16
MM, 23, 9, 10
MM, 21, 8, 11
MM, 20, 8, 13
MM, 18, 8, 11
MM, 17, 8, 13
MM, 15, 8, 11
MM, 14, 8, 24
MM, 13, 8, 12
MM, 14, 8, 97
MM, 14, 9, 48
MM, 14, 10, 36
MM, 11, 11, 216
MM, 5, 11, 13
MM, 0, 11, 12
MM, 418, 619, 11
MM, 416, 619, 12
MM, 415, 620, 12
MM, 33, 12, 100
MM, 30, 12, 2
MM, 29, 12, 8
MM, 27, 12, 13
MM, 25, 12, 11
MM, 23, 12, 12
MM, 21, 12, 24
MM, 20, 12, 23
MM, 23, 13, 230
MM, 25, 13, 12
MM, 26, 15, 11
MM, 28, 18, 13
MM, 415, 633, 12
MM, 421, 640, 12
MM, 17, 0, 12
MM, 23, 8, 12
MM, 29, 18, 12
MM, 444, 673, 12
MM, 450, 678, 176
MM, 54, 4, 2
MC, 1, 245
MM, 56, 4, 71
MM, 57, 4, 11
MM, 60, 2, 13
MM, 471, 678, 12
MM, 0, 25, 11
MM, 25, 7, 12
MM, 1, 29, 13
MM, 2, 12, 12
MM, 615, 614, 39
MM, 651, 607, 1
MM, 666, 604, 8
MM, 676, 602, 12
MM, 685, 599, 12
MM, 0, 27, 12
MM, 7, 25, 13
MM, 12, 21, 11
MM, 19, 16, 12
MM, 23, 14, 12
MM, 26, 14, 12
MM, 26, 13, 48
MM, 27, 13, 12
MM, 26, 13, 73
MM, 25, 14, 11
MM, 24, 15, 13
MM, 21, 15, 12
MM, 15, 15, 11
MM, 7, 15, 12
MM, 3, 16, 13
MM, 685, 587, 11
MM, 31, 16, 13
MM, 28, 16, 12
MM, 27, 16, 12
MM, 26, 16, 24
MM, 26, 17, 36
MM, 26, 18, 36
MM, 25, 18, 38
MM, 25, 17, 35
MM, 29, 24, 146
MM, 29, 26, 10
MM, 677, 602, 11
MM, 678, 604, 13
MM, 679, 606, 12
MM, 22, 2, 13
MM, 22, 4, 12
MM, 22, 5, 12
MM, 22, 6, 12
MM, 22, 7, 72
MM, 674, 607, 217
MM, 668, 604, 12
MM, 658, 604, 12
MM, 644, 601, 12
MM, 18, 27, 11
MM, 4, 25, 13
MM, 31, 24, 13
MM, 17, 24, 11
MM, 5, 22, 12
MM, 565, 593, 13
MM, 26, 22, 11
MM, 11, 23, 13
MM, 1, 24, 11
MM, 30, 26, 12
MM, 23, 28, 11
MM, 510, 602, 13
MM, 501, 605, 12
MM, 493, 608, 12
MM, 24, 1, 13
MM, 20, 2, 11
MM, 19, 2, 13
MM, 18, 3, 12
MM, 16, 4, 11
MM, 15, 5, 26
MM, 14, 6, 2
MM, 11, 7, 89
MM, 460, 618, 2
MM, 457, 619, 2
MM, 456, 619, 12
MM, 34, 12, 12
MM, 33, 12, 12
MM, 32, 13, 24
MM, 31, 13, 24
MM, 30, 13, 36
MM, 29, 13, 13
MM, 28, 13, 11
MM, 26, 13, 13
MM, 23, 13, 23
MM, 21, 13, 13
MM, 20, 13, 11
MM, 19, 13, 12
MM, 18, 13, 25
MM, 21, 6, 242
MM, 21, 4, 11
MM, 21, 2, 12
MM, 442, 607, 11
MM, 442, 604, 13
MM, 27, 25, 11
MM, 25, 20, 13
MM, 25, 14, 12
MM, 25, 10, 12
MM, 25, 5, 138
MM, 22, 9, 175
MM, 21, 12, 11
MM, 19, 17, 13
MM, 8, 23, 12
MM, 4, 28, 12
MM, 412, 603, 12
MM, 25, 0, 12
MM, 19, 7, 13
MM, 17, 9, 12
MM, 15, 10, 12
MM, 13, 10, 11
MM, 12, 11, 24
MM, 12, 12, 36
MM, 12, 13, 48
MM, 11, 13, 25
MM, 25, 6, 168
MM, 417, 613, 12
MM, 12, 2, 13
MM, 452, 603, 12
MM, 10, 30, 12
MM, 19, 19, 12
MM, 30, 15, 11
MM, 491, 583, 13
MM, 493, 583, 11
MM, 4, 11, 13
MM, 7, 11, 13
MM, 10, 11, 10
MM, 11, 11, 13
MM, 12, 11, 12
MM, 13, 11, 12
MM, 14, 11, 313
MM, 26, 11, 301
MC, 1, 342
MM, 25, 11, 20
MM, 24, 11, 85
MM, 24, 10, 11
MM, 27, 16, 37
MM, 27, 19, 277
MM, 26, 25, 48
MM, 518, 603, 11
MM, 17, 2, 14
MM, 16, 4, 11
MM, 16, 5, 12
MM, 16, 6, 60
MM, 15, 9, 13
MM, 15, 12, 12
MM, 14, 14, 11
MM, 14, 20, 12
MM, 14, 23, 11
MM, 14, 26, 12
MM, 513, 639, 12
MM, 513, 643, 13
MM, 25, 3, 12
MM, 25, 5, 11
MM, 25, 8, 12
MM, 26, 10, 13
MM, 26, 11, 12
MM, 26, 13, 12
MM, 26, 16, 12
MM, 26, 20, 12
MM, 26, 23, 12
MM, 26, 27, 13
MM, 26, 30, 11
MM, 514, 676, 13
MM, 515, 679, 12
MM, 515, 681, 11
MM, 115, 3, 12
MM, 115, 4, 13
MM, 115, 6, 60
MM, 115, 7, 13
MM, 115, 9, 23
MM, 118, 4, 266
MM, 120, 1, 11
MM, 524, 679, 12
MM, 4, 30, 13
MM, 13, 24, 11
MM, 24, 13, 12
MM, 568, 648, 12
MM, 577, 640, 13
MM, 9, 26, 11
MM, 20, 19, 13
MM, 30, 15, 11
MM, 1, 7, 13
MM, 9, 5, 11
MM, 14, 3, 13
MM, 641, 607, 12
MM, 645, 607, 11
MM, 650, 606, 13
MM, 652, 606, 12
MM, 655, 606, 11
MM, 656, 606, 25
MM, 658, 606, 12
MM, 659, 606, 12
MM, 660, 606, 12
MM, 664, 605, 13
MM, 667, 605, 11
MM, 669, 605, 12
MM, 671, 605, 12
MM, 672, 605, 12
MM, 674, 605, 24
MM, 676, 605, 12
MM, 678, 604, 12
MM, 682, 603, 12
MM, 686, 601, 12
MM, 0, 29, 13
MM, 2, 28, 11
MM, 4, 27, 12
MM, 7, 25, 13
MM, 9, 23, 11
MM, 14, 21, 12
MC, 1, 328
MM, 13, 21, 10
MM, 12, 21, 12
MM, 11, 21, 12
MM, 9, 21, 12
MM, 6, 21, 12
MM, 2, 21, 12
MM, 686, 592, 12
MM, 29, 22, 12
MM, 23, 22, 12
MM, 14, 22, 12
MM, 8, 22, 13
MM, 4, 22, 11
MM, 646, 593, 13
MM, 30, 20, 11
MM, 19, 19, 36
MM, 17, 19, 13
MM, 16, 19, 12
MM, 15, 19, 11
MM, 14, 19, 118
MM, 14, 18, 4
MM, 14, 17, 23
MM, 14, 15, 217
MM, 13, 15, 12
MM, 10, 15, 12
MM, 5, 15, 12
MM, 34, 15, 12
MM, 20, 15, 12
MM, 8, 16, 25
MM, 25, 16, 2
MM, 7, 17, 9
MM, 21, 21, 12
MM, 5, 22, 12
MM, 27, 24, 12
MM, 13, 24, 12
MM, 1, 25, 12
MM, 32, 27, 12
MM, 21, 28, 12
MM, 13, 28, 13
MM, 9, 28, 11
MM, 4, 28, 13
MM, 2, 28, 11
MM, 1, 28, 12
MM, 0, 28, 25
MM, 0, 27, 36
MM, 0, 26, 24
MM, 0, 24, 72
MM, 1, 24, 12
MM, 2, 24, 12
MM, 3, 24, 13
MM, 4, 23, 10
MM, 5, 23, 13
MM, 7, 22, 12
MM, 11, 21, 16
MM, 14, 21, 11
MM, 15, 21, 12
MM, 16, 21, 10
MM, 17, 21, 23
MM, 18, 21, 12
MM, 18, 24, 241
MM, 17, 26, 24
MM, 17, 30, 13
MM, 431, 604, 12
MM, 9, 0, 11
MM, 7, 9, 12
MM, 4, 17, 13
MM, 4, 26, 12
MM, 423, 642, 12
MM, 14, 3, 11
MM, 12, 10, 12
MM, 12, 13, 13
MM, 12, 14, 12
MM, 12, 15, 12
MM, 12, 16, 13
MM, 12, 17, 12
MM, 12, 18, 60
MM, 12, 6, 239
MM, 12, 0, 14
MM, 423, 639, 11
MM, 3, 20, 12
MM, 6, 14, 12
MM, 7, 7, 13
MM, 7, 1, 43
MM, 430, 604, 2
MM, 430, 602, 3
MM, 15, 29, 23
MM, 15, 28, 12
MM, 15, 26, 13
MM, 15, 24, 11
MM, 15, 21, 13
MM, 15, 19, 12
MM, 15, 17, 12
MM, 15, 15, 23
MM, 15, 14, 13
MM, 16, 14, 59
MM, 17, 23, 194
MM, 17, 27, 12
MM, 19, 29, 12
MM, 437, 605, 11
MM, 18, 4, 13
MM, 21, 12, 11
MM, 24, 19, 12
MM, 25, 23, 13
MM, 26, 26, 12
MM, 450, 639, 12
MM, 2, 0, 12
MM, 2, 5, 13
MM, 3, 14, 11
MM, 4, 20, 13
MM, 6, 27, 11
MM, 7, 28, 12
MM, 7, 30, 12
MM, 456, 676, 13
MM, 456, 677, 36
MM, 56, 0, 2
MM, 56, 2, 9
MM, 57, 4, 13
MM, 58, 4, 110
MM, 58, 5, 36
MM, 58, 6, 59
MM, 58, 7, 24
MM, 465, 681, 193
MM, 474, 677, 11
MM, 487, 670, 13
MM, 11, 22, 12
MM, 24, 14, 12
MM, 523, 651, 12
MM, 10, 0, 12
MM, 14, 30, 11
MM, 27, 24, 13
MM, 580, 624, 12
MM, 9, 13, 12
MM, 20, 6, 12
MM, 27, 2, 12
MM, 617, 607, 13
MM, 626, 603, 11
MM, 20, 29, 13
MM, 24, 29, 12
MM, 27, 28, 35
MM, 29, 27, 49
MM, 643, 596, 11
MM, 645, 595, 13
MM, 646, 595, 12
MM, 1, 23, 11
MM, 3, 23, 12
MM, 8, 22, 13
MM, 11, 21, 12
MM, 12, 20, 12
MM, 11, 20, 110
MM, 8, 20, 166
MM, 6, 20, 14
MM, 4, 20, 10
MM, 2, 21, 13
MM, 644, 594, 12
MM, 24, 24, 11
MM, 16, 24, 14
MM, 4, 24, 11
MM, 33, 27, 12
MM, 586, 603, 12
MM, 574, 606, 12
MM, 25, 2, 12
MM, 16, 5, 13
MM, 10, 8, 12
MM, 3, 9, 12
MM, 535, 620, 13
MM, 27, 15, 10
MM, 20, 16, 12
MM, 13, 22, 12
MM, 5, 24, 13
MM, 0, 26, 12
MM, 494, 637, 12
MM, 23, 30, 11
MM, 482, 640, 13
MM, 479, 640, 12
MM, 478, 640, 11
MM, 476, 640, 13
MM, 476, 639, 36
MM, 475, 639, 60
MM, 13, 30, 25
MM, 12, 29, 43
MM, 12, 28, 2
MM, 12, 27, 2
MM, 12, 26, 12
MM, 12, 25, 24
MM, 12, 24, 13
MM, 12, 23, 11
MM, 13, 24, 230
MM, 14, 26, 12
MM, 15, 28, 12
MM, 478, 640, 12
MM, 29, 3, 12
MM, 29, 13, 12
MM, 29, 24, 12
MM, 473, 678, 12
MM, 72, 2, 12
MM, 71, 11, 12
MM, 70, 15, 12
MM, 69, 17, 12
MM, 67, 23, 12
MM, 65, 27, 12
MM, 64, 30, 12
MM, 464, 715, 12
MM, 464, 716, 12
MM, 463, 717, 12
MM, 463, 718, 12
MM, 462, 718, 12
MM, 462, 719, 36
MP, 1, 124
MR, 1, 108
MM, 462, 713, 8
MM, 62, 29, 26
MM, 62, 28, 11
MM, 62, 27, 11
MM, 62, 25, 14
MM, 61, 22, 11
MM, 61, 20, 12
MM, 61, 18, 12
MM, 61, 17, 12
MM, 61, 16, 13
MM, 61, 15, 11
MM, 62, 15, 75
MM, 60, 15, 154
MM, 59, 15, 25
MM, 58, 14, 36
MM, 56, 11, 12
MM, 54, 10, 11
MM, 50, 6, 13
MM, 49, 3, 12
MM, 447, 679, 12
MM, 443, 675, 12
MM, 32, 27, 12
MM, 30, 24, 22
MM, 29, 20, 2
MM, 27, 19, 15
MM, 26, 19, 9
MM, 25, 19, 12
MM, 24, 19, 24
MM, 23, 19, 60
MM, 22, 19, 48
MM, 22, 20, 25
MM, 27, 19, 144
MM, 30, 17, 12
MM, 445, 658, 12
MM, 3, 10, 13
MM, 12, 3, 11
MM, 470, 643, 12
MM, 479, 639, 12
MM, 26, 28, 12
MM, 494, 633, 12
MM, 4, 24, 12
MM, 10, 23, 12
MM, 12, 23, 12
MM, 13, 23, 12
MM, 14, 22, 13
MM, 15, 22, 23
MM, 17, 22, 13
MM, 23, 20, 11
MM, 26, 19, 13
MM, 31, 17, 12
MM, 536, 624, 12
MM, 0, 16, 12
MM, 3, 16, 12
MM, 4, 16, 12
MM, 6, 16, 12
MM, 10, 16, 12
MM, 15, 16, 13
MM, 18, 16, 12
MM, 21, 17, 11
MM, 23, 17, 12
MM, 24, 17, 12
MM, 26, 17, 73
MM, 27, 17, 12
MM, 28, 16, 12
MM, 30, 16, 11
MM, 31, 16, 13
MM, 30, 16, 144
MM, 29, 16, 25
MM, 28, 16, 11
MM, 27, 16, 24
MM, 26, 16, 12
MM, 25, 16, 37
MM, 24, 15, 36
MM, 22, 15, 12
MM, 21, 15, 13
MM, 18, 13, 192
MM, 10, 12, 11
MM, 0, 9, 13
MM, 27, 7, 12
MM, 16, 4, 11
MM, 8, 3, 13
MM, 496, 608, 11
MM, 488, 607, 12
MM, 477, 604, 13
MM, 471, 602, 11
MM, 10, 30, 12
MM, 2, 30, 13
MM, 455, 601, 12
MM, 450, 600, 13
MM, 33, 26, 12
MM, 31, 26, 12
MM, 29, 26, 12
MM, 28, 26, 11
MM, 27, 25, 12
MM, 26, 25, 25
MM, 25, 24, 12
MM, 23, 23, 11
MM, 21, 21, 13
MM, 20, 21, 11
MM, 19, 21, 25
MM, 18, 21, 12
MM, 18, 20, 62
MM, 18, 19, 12
MM, 18, 18, 36
MM, 14, 17, 191
MM, 13, 17, 12
MM, 12, 16, 13
MM, 7, 16, 11
MM, 414, 587, 12
MM, 410, 587, 12
MM, 36, 16, 12
MM, 35, 16, 12
MM, 34, 16, 12
MM, 33, 15, 12
MM, 32, 15, 36
MM, 31, 15, 24
MM, 30, 15, 24
MM, 34, 15, 205
MM, 411, 586, 12
MM, 8, 15, 13
MM, 20, 15, 11
MM, 451, 586, 12
MM, 9, 15, 12
MM, 25, 14, 12
MM, 3, 11, 12
MM, 17, 11, 13
MM, 527, 582, 11
MM, 8, 11, 12
MM, 17, 12, 14
MM, 29, 13, 10
MM, 566, 584, 13
MM, 1, 14, 11
MM, 4, 15, 12
MM, 10, 17, 13
MM, 13, 19, 12
MM, 14, 19, 12
MM, 18, 20, 12
MM, 20, 20, 12
MM, 23, 20, 12
MM, 25, 21, 12
MM, 28, 21, 12
MM, 30, 21, 12
MM, 31, 21, 12
MM, 33, 21, 13
MM, 34, 21, 11
MM, 605, 592, 37
MM, 607, 592, 12
MM, 608, 592, 11
MM, 610, 592, 12
MM, 2, 21, 13
MM, 3, 20, 11
MM, 4, 20, 24
MM, 5, 20, 63
MM, 5, 22, 239
MM, 4, 23, 13
MM, 3, 27, 11
MM, 608, 604, 12
MM, 18, 4, 66
MM, 575, 641, 9
MM, 572, 643, 9
MM, 1, 1, 12
MM, 568, 648, 13
MM, 566, 651, 12
MM, 33, 8, 11
MM, 32, 11, 12
MM, 31, 13, 13
MM, 30, 14, 12
MM, 30, 15, 12
MM, 29, 17, 11
MM, 27, 19, 13
MM, 24, 21, 11
MM, 22, 21, 12
MM, 22, 22, 13
MM, 21, 22, 12
MM, 21, 23, 12
MM, 20, 23, 12
MM, 19, 23, 11
MM, 18, 23, 88
MM, 18, 15, 189
MM, 17, 14, 14
MM, 17, 13, 11
MM, 15, 10, 12
MM, 13, 8, 12
MM, 10, 3, 12
MM, 536, 643, 12
MM, 534, 641, 12
MM, 34, 30, 12
MM, 32, 29, 12
MM, 30, 27, 12
MM, 29, 26, 13
MM, 28, 24, 11
MM, 27, 23, 13
MM, 26, 21, 12
MM, 25, 20, 12
MM, 25, 19, 13
MM, 24, 19, 11
MM, 24, 18, 24
MM, 23, 17, 12
MM, 26, 23, 217
MM, 26, 27, 11
MM, 525, 640, 12
MM, 525, 644, 13
MM, 523, 653, 12
MM, 34, 18, 12
MM, 34, 28, 12
MM, 522, 679, 12
MM, 122, 2, 12
MM, 122, 3, 12
MM, 122, 4, 12
MM, 121, 6, 12
MM, 121, 7, 41
MM, 120, 8, 43
MM, 120, 9, 24
MM, 120, 10, 24
MM, 119, 11, 27
MM, 119, 12, 60
MM, 118, 12, 47
MM, 118, 1, 155
MM, 518, 676, 12
MM, 32, 16, 12
MM, 34, 2, 12
MM, 24, 29, 13
MM, 24, 23, 11
MM, 24, 20, 13
MM, 24, 15, 12
MM, 24, 12, 12
MM, 24, 10, 12
MM, 24, 8, 11
MM, 24, 7, 12
MM, 24, 6, 25
MM, 24, 7, 73
MM, 24, 9, 12
MM, 24, 10, 109
MM, 26, 12, 82
MM, 27, 12, 13
MM, 29, 12, 23
MM, 31, 12, 13
MM, 33, 12, 12
MM, 534, 620, 12
MM, 536, 620, 12
MM, 539, 619, 12
MM, 1, 11, 12
MM, 5, 9, 12
MM, 10, 6, 12
MM, 12, 5, 13
MM, 18, 2, 11
MM, 563, 607, 12
MM, 566, 605, 12
MM, 571, 604, 13
MM, 574, 603, 11
MM, 4, 30, 12
MM, 6, 29, 13
MM, 6, 28, 13
MM, 8, 27, 12
MM, 9, 26, 11
MM, 11, 25, 13
MM, 12, 24, 11
MM, 13, 23, 121
MM, 12, 30, 168
MM, 582, 603, 12
MM, 582, 604, 12
MM, 1, 1, 12
MM, 2, 6, 12
MM, 4, 14, 12
MM, 4, 20, 12
MM, 4, 25, 12
MM, 5, 28, 12
MM, 586, 641, 12
MM, 586, 643, 12
MM, 16, 2, 12
MM, 17, 5, 13
MM, 18, 9, 11
MM, 19, 12, 13
MM, 19, 13, 11
MM, 17, 12, 302
MM, 15, 11, 11
MM, 13, 11, 12
MM, 8, 11, 13
MM, 4, 11, 11
MM, 1, 12, 14
MM, 567, 661, 10
MM, 29, 20, 13
MM, 18, 28, 12
MM, 540, 677, 12
MM, 131, 0, 13
MM, 127, 1, 12
MM, 123, 3, 11
MM, 121, 4, 13
MM, 119, 4, 12
MM, 119, 5, 24
MM, 119, 6, 71
MM, 118, 6, 12
MM, 118, 7, 49
MM, 523, 681, 277
MM, 28, 30, 12
MM, 20, 3, 5
MM, 25, 0, 9
MM, 613, 605, 10
MM, 616, 604, 12
MM, 618, 602, 12
MM, 10, 30, 12
MM, 12, 28, 13
MM, 16, 27, 11
MM, 18, 25, 13
MM, 19, 24, 12
MM, 21, 23, 11
MM, 23, 23, 13
MM, 25, 21, 23
MM, 28, 20, 13
MM, 642, 587, 12
MM, 2, 9, 12
MM, 11, 4, 24
MM, 14, 2, 1
MM, 16, 2, 11
MM, 16, 3, 50
MM, 16, 4, 12
MM, 15, 5, 24
MM, 14, 6, 34
MM, 13, 7, 27
MM, 13, 8, 3
MM, 10, 8, 10
MM, 8, 10, 11
MM, 6, 11, 10
MM, 4, 11, 12
MM, 2, 11, 12
MM, 0, 11, 11
MM, 645, 582, 13
MM, 30, 11, 12
MM, 27, 11, 11
MM, 24, 11, 12
MM, 22, 11, 12
MM, 21, 11, 12
MM, 19, 11, 25
MM, 19, 12, 11
MM, 18, 12, 13
MM, 17, 12, 24
MM, 16, 12, 36
MM, 16, 13, 25
MC, 1, 170
MM, 15, 12, 46
MM, 15, 11, 12
MM, 14, 10, 12
MM, 11, 9, 12
MM, 2, 7, 13
MM, 29, 5, 11
MM, 16, 6, 12
MM, 2, 6, 12
MM, 25, 9, 13
MM, 11, 10, 12
MM, 1, 10, 11
MM, 30, 10, 12
MM, 19, 12, 13
MM, 7, 13, 12
MM, 491, 584, 12
MM, 23, 17, 12
MM, 16, 17, 12
MM, 8, 18, 13
MM, 1, 19, 11
MM, 451, 592, 12
MM, 29, 22, 11
MM, 21, 23, 98
MM, 412, 603, 2
MM, 407, 605, 2
MM, 405, 606, 7
MM, 405, 607, 12
MM, 23, 0, 13
MM, 21, 1, 12
MM, 20, 2, 11
MM, 19, 2, 13
MM, 18, 2, 48
MM, 16, 5, 24
MM, 11, 8, 11
MM, 6, 11, 14
MM, 3, 12, 13
MM, 1, 13, 12
MM, 1, 14, 109
MM, 2, 14, 46
MM, 8, 14, 204
MM, 9, 14, 24
MM, 11, 14, 13
MM, 14, 14, 12
MM, 19, 16, 11
MM, 30, 19, 13
MM, 420, 630, 11
MM, 10, 29, 13
MM, 436, 641, 12
MM, 444, 646, 11
MM, 0, 7, 13
MM, 4, 14, 12
MM, 10, 21, 12
MM, 14, 28, 12
MM, 469, 680, 12
MM, 72, 2, 27
MM, 75, 7, 1
MM, 75, 10, 8
MM, 77, 12, 13
MM, 77, 13, 23
MM, 77, 14, 13
MM, 77, 15, 12
MM, 78, 16, 11
MM, 78, 17, 13
MM, 79, 17, 35
MM, 79, 16, 36
MM, 80, 16, 50
MM, 81, 9, 179
MM, 85, 3, 14
MM, 9, 25, 11
MM, 27, 9, 11
MM, 34, 29, 12
MM, 12, 12, 13
MM, 27, 3, 11
MM, 579, 602, 13
MM, 20, 27, 12
MM, 25, 26, 12
MM, 27, 25, 12
MM, 30, 24, 12
MM, 605, 593, 12
MM, 609, 592, 12
MM, 3, 21, 12
MM, 7, 20, 12
MM, 14, 20, 12
MM, 18, 20, 12
MM, 20, 20, 13
MM, 22, 20, 11
MM, 23, 20, 13
MM, 27, 20, 12
MM, 642, 591, 11
MM, 646, 591, 12
MM, 647, 591, 25
MM, 0, 21, 24
MM, 0, 22, 23
MM, 1, 22, 16
MM, 2, 22, 11
MM, 4, 22, 12
MM, 5, 22, 22
MM, 6, 22, 48
MM, 7, 22, 24
MM, 8, 22, 36
MM, 5, 22, 229
MM, 3, 22, 12
MM, 646, 592, 12
MM, 27, 21, 13
MM, 19, 20, 12
MM, 11, 20, 11
MM, 607, 592, 12
MM, 23, 22, 13
MM, 9, 25, 12
MM, 30, 27, 11
MM, 543, 603, 12
MM, 532, 606, 12
MM, 524, 607, 13
MM, 21, 1, 11
MM, 17, 2, 12
MM, 15, 3, 13
MM, 10, 4, 12
MM, 5, 8, 12
MM, 0, 12, 12
MM, 495, 623, 12
MM, 30, 19, 12
MM, 26, 21, 12
MM, 23, 23, 12
MM, 22, 25, 12
MM, 20, 29, 12
MM, 20, 30, 12
MM, 481, 640, 30
MM, 480, 643, 2
MM, 479, 643, 5
MM, 478, 644, 11
MM, 29, 0, 12
MM, 29, 1, 13
MM, 29, 4, 11
MM, 29, 7, 12
MM, 29, 10, 13
MM, 29, 13, 11
MM, 29, 18, 12
MM, 29, 21, 12
MM, 29, 22, 25
MM, 28, 22, 12
MM, 27, 22, 60
MM, 26, 22, 24
MM, 26, 20, 24
MM, 25, 20, 12
MM, 25, 19, 12
MM, 23, 19, 12
MM, 23, 18, 25
MM, 23, 13, 240
MM, 23, 10, 12
MM, 21, 6, 13
MM, 468, 643, 12
MM, 5, 29, 11
MM, 4, 21, 89
MM, 6, 28, 2
MM, 5, 25, 2
MM, 4, 24, 4
MM, 4, 23, 12
MM, 3, 22, 12
MM, 3, 20, 13
MM, 3, 19, 11
MM, 1, 18, 13
MM, 1, 16, 11
MM, 455, 586, 12
MM, 453, 586, 12
MM, 452, 585, 13
MM, 451, 583, 11
MM, 450, 582, 13
MM, 34, 10, 12
MM, 33, 9, 11
MM, 31, 8, 24
MM, 30, 7, 12
MM, 29, 7, 24
MM, 27, 7, 13
MM, 25, 7, 12
MM, 24, 7, 12
MM, 23, 7, 23
MM, 23, 8, 63
MM, 23, 9, 23
MM, 23, 10, 35
MM, 25, 10, 229
MM, 26, 10, 13
MM, 27, 10, 24
MM, 28, 10, 11
MM, 29, 10, 72
MM, 30, 10, 49
MM, 32, 10, 27
MM, 34, 10, 11
MM, 450, 581, 13
MM, 451, 581, 10
MM, 452, 581, 10
MM, 454, 581, 13
MM, 455, 582, 12
MM, 1, 11, 13
MM, 2, 11, 11
MM, 3, 11, 12
MM, 5, 11, 13
MM, 6, 11, 12
MM, 7, 11, 12
MM, 9, 11, 12
MM, 10, 11, 12
MM, 12, 11, 12
MM, 14, 11, 23
MM, 15, 11, 25
MM, 16, 11, 25
MM, 18, 11, 24
MM, 19, 11, 11
MM, 20, 11, 36
MM, 21, 11, 36
MM, 21, 12, 50
MM, 23, 12, 13
MM, 23, 13, 166
MC, 1, 243
MM, 23, 14, 203
MM, 19, 26, 1
MM, 19, 13, 5
MM, 19, 18, 6
MM, 19, 22, 12
MM, 19, 28, 11
MM, 468, 678, 13
MM, 468, 681, 25
MM, 69, 2, 2
MM, 69, 8, 9
MM, 69, 11, 12
MM, 69, 12, 12
MM, 69, 15, 11
MM, 69, 21, 13
MM, 69, 26, 12
MM, 71, 30, 12
MM, 472, 715, 14
MM, 472, 719, 10
MM, 472, 720, 12
MM, 472, 721, 13
MM, 473, 722, 11
MM, 473, 723, 13
MM, 474, 722, 168
MM, 474, 721, 11
MM, 475, 720, 12
MM, 476, 717, 28
MM, 77, 30, 11
MM, 78, 27, 13
MM, 80, 23, 10
MM, 81, 19, 12
MM, 83, 17, 12
MM, 85, 15, 12
MM, 87, 12, 11
MM, 89, 8, 12
MM, 92, 6, 12
MM, 92, 5, 12
MM, 92, 6, 97
MM, 92, 8, 25
MM, 94, 9, 155
MM, 96, 9, 13
MM, 102, 9, 11
MM, 111, 6, 12
MM, 120, 0, 13
MM, 529, 677, 12
MM, 12, 29, 11
MM, 23, 21, 13
MM, 565, 660, 12
MM, 6, 5, 11
MM, 591, 642, 12
MM, 21, 26, 13
MM, 1, 15, 12
MM, 12, 7, 12
MM, 643, 605, 11
MM, 4, 25, 14
MM, 11, 20, 12
MM, 18, 16, 11
MM, 21, 14, 12
MM, 25, 12, 12
MM, 28, 8, 109
MM, 34, 2, 4
MM, 34, 0, 4
MM, 682, 568, 16
MM, 684, 565, 12
MM, 23, 30, 12
MM, 23, 29, 23
MM, 23, 28, 13
MM, 19, 20, 48
MM, 18, 17, 12
MM, 17, 17, 12
MM, 16, 15, 12
MM, 16, 14, 13
MM, 16, 15, 84
MM, 16, 16, 25
MM, 15, 20, 179
MM, 14, 21, 16
MM, 13, 28, 9
MM, 14, 8, 12
MM, 646, 596, 12
MM, 631, 606, 11
MM, 7, 6, 13
MM, 3, 14, 11
MM, 0, 21, 12
MM, 617, 633, 12
MM, 616, 635, 24
MM, 616, 636, 25
MM, 616, 637, 12
MM, 616, 638, 23
MM, 616, 639, 13
MM, 616, 640, 24
MM, 616, 641, 24
MM, 617, 642, 24
MM, 618, 644, 12
MM, 4, 1, 12
MM, 5, 3, 12
MM, 6, 4, 12
MM, 7, 7, 13
MM, 7, 8, 23
MM, 7, 9, 25
MM, 8, 9, 98
MM, 21, 13, 239
MM, 653, 604, 12
MM, 18, 19, 12
MM, 27, 8, 12
MM, 688, 571, 13
MM, 695, 565, 11
MM, 700, 563, 12
MM, 0, 28, 13
MM, 2, 27, 11
MM, 3, 27, 12
MM, 3, 26, 91
MM, 6, 25, 4
MM, 7, 24, 4
MM, 8, 24, 4
MM, 8, 23, 30
MC, 1, 253
MC, 2, 206
MC, 3, 192
MM, 7, 23, 146
MM, 6, 23, 82
MM, 5, 24, 37
MM, 4, 26, 11
MM, 700, 567, 12
MM, 684, 580, 12
MM, 12, 21, 13
MM, 643, 602, 12
MM, 4, 2, 12
MM, 16, 21, 11
MM, 8, 1, 13
MM, 34, 11, 13
MM, 21, 21, 13
MM, 12, 27, 10
MM, 532, 679, 12
MM, 127, 1, 13
MM, 123, 4, 11
MM, 120, 5, 12
MM, 119, 7, 13
MM, 117, 8, 12
MM, 117, 10, 11
MM, 116, 10, 12
MM, 115, 6, 397
MM, 115, 5, 12
MM, 114, 3, 12
MM, 113, 3, 13
MM, 512, 679, 11
MM, 23, 24, 13
MM, 21, 13, 12
MM, 509, 644, 11
MM, 10, 23, 13
MM, 10, 14, 11
MM, 10, 8, 13
MM, 10, 4, 31
MM, 11, 0, 3
MM, 510, 604, 2
MM, 18, 27, 12
MM, 22, 23, 12
MM, 24, 21, 12
MM, 25, 20, 12
MM, 25, 19, 11
MM, 27, 18, 12
MM, 28, 17, 13
MM, 29, 17, 12
MM, 525, 587, 13
MM, 526, 587, 11
MM, 527, 587, 12
MM, 528, 586, 37
MM, 530, 586, 11
MM, 2, 14, 13
MM, 6, 12, 12
MM, 8, 12, 11
MM, 9, 12, 24
MM, 10, 12, 37
MM, 11, 12, 47
MM, 5, 13, 171
MM, 3, 14, 10
MM, 528, 586, 12
MM, 21, 16, 13
MM, 9, 18, 11
MM, 493, 589, 13
MM, 27, 18, 12
MM, 19, 18, 12
MM, 6, 19, 12
MM, 452, 592, 12
MM, 27, 21, 12
MM, 19, 21, 13
MM, 13, 21, 11
MM, 8, 21, 11
MM, 6, 21, 13
MM, 4, 21, 12
MM, 1, 21, 13
MM, 0, 20, 12
MM, 414, 591, 12
MM, 414, 590, 11
MM, 414, 589, 12
MM, 414, 588, 13
MM, 414, 587, 36
MP, 1, 62
MR, 1, 179
MM, 1, 16, 35
MM, 2, 16, 73
MM, 3, 16, 24
MM, 4, 16, 11
MM, 5, 16, 37
MM, 6, 16, 12
MM, 7, 16, 24
MM, 8, 16, 13
MM, 6, 16, 168
MM, 5, 16, 12
MM, 5, 17, 12
MM, 4, 17, 35
MM, 4, 18, 14
MM, 2, 19, 23
MM, 1, 20, 12
MM, 413, 593, 12
MM, 36, 24, 12
MM, 33, 26, 13
MM, 400, 604, 11
MM, 14, 0, 13
MM, 9, 2, 11
MM, 4, 5, 13
MM, 1, 7, 11
MM, 379, 616, 13
MM, 378, 617, 12
MM, 376, 618, 12
MM, 374, 620, 12
MM, 33, 13, 12
MM, 30, 13, 12
MM, 29, 13, 49
MM, 28, 13, 59
MM, 27, 13, 36
MM, 26, 13, 48
MM, 26, 14, 12
MM, 25, 14, 12
MM, 24, 14, 12
MM, 23, 14, 12
MM, 22, 14, 25
MM, 30, 11, 168
MM, 34, 10, 13
MM, 379, 616, 11
MM, 9, 7, 12
MM, 20, 4, 13
MM, 26, 3, 12
MM, 415, 608, 12
MM, 424, 605, 12
MM, 429, 602, 12
MM, 22, 30, 11
MM, 27, 27, 12
MM, 450, 597, 13
MM, 3, 25, 12
MM, 6, 23, 12
MM, 9, 23, 12
MM, 13, 22, 12
MM, 15, 22, 12
MM, 17, 22, 24
MM, 18, 22, 13
MM, 19, 22, 47
MM, 27, 20, 2
MM, 31, 20, 23
MM, 489, 590, 1
MM, 491, 589, 11
MM, 493, 589, 12
MM, 0, 18, 24
MM, 493, 589, 110
MM, 491, 589, 12
MM, 489, 589, 11
MM, 31, 17, 13
MM, 30, 16, 12
MM, 28, 16, 11
MM, 26, 16, 12
MM, 26, 15, 12
MM, 25, 15, 36
MM, 24, 15, 36
MM, 23, 16, 228
MM, 22, 16, 13
MM, 21, 17, 12
MM, 18, 19, 17
MM, 12, 23, 7
MM, 1, 27, 12
MM, 442, 605, 12
MM, 14, 3, 12
MM, 2, 6, 12
MM, 416, 618, 12
MM, 29, 13, 12
MM, 26, 13, 12
MM, 25, 14, 13
MM, 23, 14, 11
MM, 22, 14, 12
MM, 20, 14, 13
MM, 19, 14, 11
MM, 18, 14, 12
MM, 17, 14, 146
MM, 22, 14, 167
MM, 24, 16, 12
MM, 29, 18, 12
MM, 417, 629, 12
MM, 3, 25, 13
MM, 12, 29, 11
MM, 440, 642, 12
MM, 447, 647, 13
MM, 5, 8, 12
MM, 11, 14, 12
MM, 15, 19, 12
MM, 22, 25, 12
MM, 27, 30, 12
MM, 482, 680, 12
MM, 86, 4, 13
MM, 87, 5, 11
MM, 87, 6, 24
MM, 88, 7, 13
MM, 88, 8, 12
MM, 88, 9, 47
MM, 88, 10, 37
MM, 88, 11, 23
MM, 89, 11, 15
MM, 89, 12, 96
MM, 93, 6, 217
MM, 93, 5, 9
MM, 96, 2, 13
MM, 504, 677, 12
MM, 28, 27, 12
MM, 527, 664, 12
MM, 13, 13, 13
MM, 28, 6, 12
MM, 569, 645, 11
MM, 584, 640, 12
MM, 12, 29, 12
MM, 22, 26, 13
MM, 612, 631, 11
MM, 2, 20, 12
MM, 9, 19, 12
MM, 15, 19, 13
MM, 24, 15, 12
MM, 27, 14, 12
MM, 33, 14, 12
MM, 656, 622, 12
MM, 2, 14, 12
MM, 7, 12, 11
MM, 12, 10, 12
MM, 15, 10, 13
MM, 18, 9, 12
MM, 19, 8, 11
MM, 21, 7, 13
MM, 21, 6, 11
MM, 23, 6, 13
MM, 24, 5, 12
MM, 26, 3, 12
MM, 28, 3, 11
MM, 28, 2, 99
MM, 28, 0, 13
MM, 685, 605, 11
MM, 684, 601, 13
MM, 34, 28, 11
MM, 31, 27, 11
MM, 28, 25, 12
MM, 25, 24, 13
MM, 22, 22, 12
MM, 21, 22, 12
MM, 20, 22, 24
MM, 21, 27, 240
MM, 22, 29, 13
MM, 671, 604, 11
MM, 14, 0, 12
MM, 15, 1, 12
MM, 16, 2, 25
MM, 16, 3, 47
MM, 16, 4, 12
MM, 16, 5, 49
MM, 16, 7, 24
MM, 12, 2, 193
MM, 10, 2, 11
MM, 0, 1, 12
MM, 24, 1, 13
MM, 624, 607, 12
MM, 602, 606, 12
MM, 582, 604, 12
MM, 564, 604, 12
MM, 543, 605, 12
MM, 525, 606, 11
MM, 9, 0, 13
MM, 26, 2, 12
MM, 12, 3, 12
MM, 2, 5, 12
MM, 461, 614, 11
MM, 459, 614, 13
MM, 459, 615, 66
MM, 459, 616, 68
MM, 459, 617, 82
MM, 457, 618, 24
MM, 456, 619, 96
MM, 25, 13, 1
MM, 19, 15, 9
MM, 15, 17, 3
MM, 14, 17, 25
MM, 19, 16, 216
MM, 25, 16, 12
MM, 0, 16, 13
MM, 16, 16, 11
MM, 498, 624, 12
MM, 15, 18, 12
MM, 31, 18, 13
MM, 538, 627, 12
MM, 7, 21, 12
MM, 19, 21, 12
MM, 31, 24, 12
MM, 1, 27, 12
MM, 15, 28, 11
MM, 606, 641, 12
MM, 617, 644, 13
MM, 10, 0, 12
MM, 15, 2, 12
MM, 17, 3, 12
MM, 18, 3, 12
MM, 19, 3, 12
MM, 20, 3, 12
MM, 20, 4, 12
MM, 22, 4, 12
MM, 23, 4, 13
MM, 24, 6, 11
MM, 25, 6, 12
MM, 27, 6, 13
MM, 30, 8, 12
MM, 647, 654, 12
MM, 0, 12, 12
MM, 2, 13, 12
MM, 5, 14, 12
MM, 7, 15, 12
MM, 9, 15, 12
MM, 11, 15, 12
MM, 12, 15, 35
MM, 22, 11, 242
MM, 683, 652, 12
MM, 693, 650, 13
MM, 700, 648, 10
MM, 708, 646, 19
MM, 712, 645, 6
MM, 718, 645, 13
MM, 728, 645, 12
MM, 738, 645, 11
MM, 742, 645, 13
MM, 750, 645, 11
MM, 762, 644, 13
MM, 0, 19, 11
MM, 4, 19, 12
MM, 9, 19, 13
MM, 11, 18, 11
MM, 12, 18, 13
MM, 13, 18, 36
MM, 14, 18, 24
MM, 14, 19, 63
