**********************************
LOGGING TIME: 20180930_164713
CLIENT IP: 10.112.51.53
USERNAME: Kanakvi Aggarwal
OS: Windows 10
*********************Neutral database**********************************
MM, 17, 22, 1537598292806
MM, 105, 20, 133
MM, 110, 5, 12
MM, 118, 2, 4124
MM, 111, 9, 12
MM, 104, 13, 12
MM, 99, 14, 12
MC, 1, 477
MM, 115, 12, 2715
MM, 139, 4, 12
MC, 1, 4145
MM, 72, 23, 630
MM, 45, 8, 12
MC, 1, 49202
MM, 154, 45, 12863
MM, 3, 19, 24
MM, 43, 1, 21694
MM, 146, 51, 12
MM, 186, 29, 12
MM, 188, 26, 361
MM, 194, 16, 12
MM, 203, 3, 12
MC, 1, 1500
MC, 1, 5148
MC, 1, 747
MM, 206, 4, 9532
MM, 202, 11, 11
MM, 196, 22, 12
MM, 190, 31, 12
MM, 182, 42, 12
MM, 174, 51, 12
MM, 165, 57, 12
MM, 160, 63, 13
MM, 39, 9, 60
MM, 30, 17, 12
MM, 21, 23, 12
MM, 12, 30, 12
MM, 1, 25, 363
MM, 5, 20, 11
MM, 5, 15, 12
MM, 5, 16, 60
MM, 5, 17, 48
MM, 4, 17, 36
MM, 5, 17, 121
MM, 5, 18, 206
MM, 5, 19, 60
MM, 6, 19, 24
MC, 1, 157
MM, 7, 19, 24
MM, 8, 19, 12
MM, 10, 19, 24
MM, 16, 19, 12
MM, 22, 19, 12
MM, 26, 19, 12
MM, 36, 19, 12
MM, 33, 4, 976
MM, 12, 16, 36
MM, 19, 24, 12
MM, 40, 0, 25
MM, 0, 6, 11
MM, 9, 12, 12
MM, 17, 17, 12
MM, 23, 24, 12
MM, 25, 26, 12
MM, 29, 28, 12
MM, 31, 30, 12
MM, 9, 28, 157
MM, 14, 25, 12
MM, 17, 22, 12
MM, 19, 21, 12
MM, 20, 20, 12
MM, 21, 20, 12
MM, 22, 20, 12
MM, 21, 20, 157
MM, 20, 19, 156
MM, 19, 19, 12
MM, 14, 15, 12
MM, 7, 17, 48
MM, 29, 9, 13
MM, 6, 26, 23
MM, 39, 1, 1121
MM, 41, 2, 12
MM, 43, 3, 12
MM, 45, 4, 12
MM, 0, 9, 36
MM, 2, 10, 12
MM, 3, 10, 36
MM, 4, 11, 12
MM, 5, 11, 25
MM, 8, 11, 24
MM, 13, 12, 11
MM, 16, 12, 12
MM, 21, 12, 13
MM, 24, 12, 12
MM, 26, 12, 12
MM, 28, 12, 13
MM, 27, 11, 96
MC, 1, 120
MM, 26, 11, 36
MM, 24, 11, 12
MM, 22, 11, 12
MM, 21, 11, 12
MM, 19, 11, 12
MM, 3, 11, 12
MM, 17, 11, 12
MM, 18, 11, 12
MM, 25, 7, 12
MM, 40, 0, 12
MC, 1, 603
MM, 14, 1, 60
MM, 21, 16, 12
MM, 30, 27, 12
MM, 37, 0, 12
MM, 6, 24, 24
MM, 58, 7, 24
MM, 61, 13, 12
MM, 63, 17, 12
MM, 66, 20, 12
MM, 66, 22, 12
MM, 68, 25, 12
MM, 69, 26, 12
MM, 70, 28, 12
MM, 70, 27, 145
MM, 72, 24, 132
MM, 73, 23, 13
MM, 79, 21, 12
MM, 86, 15, 12
MM, 96, 12, 11
MM, 103, 8, 13
MM, 112, 5, 12
MM, 121, 2, 11
MM, 133, 1, 13
MM, 27, 31, 48
MM, 30, 30, 12
MM, 35, 30, 12
MM, 37, 30, 12
MM, 38, 30, 24
MM, 38, 29, 72
MM, 38, 28, 13
MM, 38, 27, 12
MM, 38, 25, 24
MM, 38, 24, 12
MM, 38, 23, 12
MM, 38, 22, 24
MM, 37, 22, 96
MM, 37, 21, 24
MM, 36, 20, 24
MM, 35, 20, 25
MM, 34, 20, 24
MM, 32, 21, 193
MM, 26, 21, 12
MM, 10, 21, 12
MM, 38, 21, 12
MM, 16, 21, 12
MM, 26, 20, 24
MM, 14, 20, 12
MM, 6, 19, 12
MM, 43, 18, 24
MM, 37, 18, 12
MM, 29, 18, 12
MM, 19, 18, 12
MM, 12, 16, 12
MM, 2, 15, 12
MM, 42, 14, 12
MM, 31, 11, 12
MM, 19, 9, 12
MM, 8, 6, 12
MM, 17, 28, 49
MM, 11, 25, 11
MM, 9, 24, 12
MM, 7, 23, 12
MM, 7, 22, 12
MM, 6, 21, 12
MM, 6, 20, 206
MM, 6, 19, 23
MM, 7, 19, 13
MM, 14, 19, 156
MM, 17, 19, 12
MM, 24, 19, 12
MM, 42, 21, 12
MM, 23, 21, 12
MM, 12, 28, 12
MM, 3, 28, 12
MM, 20, 30, 24
MM, 38, 30, 12
MM, 23, 1, 37
MM, 35, 2, 11
MM, 1, 8, 24
MM, 9, 9, 12
MM, 16, 11, 12
MM, 22, 12, 12
MM, 28, 12, 12
MM, 30, 12, 13
MM, 32, 12, 61
MM, 36, 12, 12
MM, 42, 11, 12
MM, 4, 8, 12
MM, 12, 8, 12
MM, 18, 8, 11
MM, 20, 8, 12
MM, 21, 8, 12
MM, 21, 9, 12
MM, 21, 10, 12
MM, 21, 11, 24
MM, 21, 12, 13
MM, 20, 12, 12
MM, 19, 13, 12
MM, 18, 14, 12
MM, 16, 14, 12
MM, 15, 14, 12
MM, 13, 14, 12
MM, 9, 14, 12
MM, 38, 15, 25
MM, 28, 15, 12
MM, 23, 16, 12
MM, 21, 16, 12
MM, 18, 16, 12
MM, 17, 16, 12
MM, 16, 16, 11
MM, 15, 16, 13
MM, 14, 16, 23
MM, 13, 16, 12
MM, 13, 15, 350
MM, 9, 13, 12
MM, 32, 5, 12
MM, 18, 7, 24
MC, 1, 902
MM, 22, 3, 267
MM, 30, 12, 12
MM, 33, 17, 12
MM, 36, 24, 12
MM, 40, 28, 12
MM, 0, 13, 72
MM, 0, 15, 12
MM, 1, 16, 12
MM, 1, 17, 12
MM, 1, 18, 24
MM, 1, 19, 25
MM, 1, 21, 12
MM, 1, 24, 12
MM, 1, 28, 12
MM, 1, 29, 12
MM, 1, 30, 12
MM, 41, 1, 24
MM, 41, 6, 12
MM, 41, 12, 11
MM, 41, 18, 13
MM, 42, 21, 12
MM, 43, 21, 109
MM, 43, 20, 72
MM, 43, 19, 12
MM, 43, 18, 24
MM, 44, 18, 60
MC, 1, 710
MM, 44, 17, 86
MM, 44, 16, 12
MM, 45, 14, 12
MM, 52, 11, 12
MM, 63, 1, 12
MM, 10, 11, 36
MM, 40, 27, 23
MM, 8, 16, 12
MM, 19, 13, 12
MM, 26, 9, 13
MM, 31, 5, 11
MM, 33, 5, 13
MM, 34, 5, 12
MM, 37, 3, 12
MM, 39, 1, 11
MM, 13, 31, 61
MM, 14, 31, 12
MM, 15, 30, 12
MM, 17, 29, 12
MM, 18, 29, 25
MM, 20, 29, 12
MM, 20, 28, 12
MM, 20, 27, 24
MM, 20, 26, 12
MM, 24, 23, 12
MM, 33, 20, 11
MM, 40, 17, 12
MM, 0, 15, 25
MM, 1, 15, 12
MM, 3, 15, 24
MM, 5, 15, 12
MM, 7, 15, 12
MM, 9, 15, 12
MM, 11, 15, 12
MM, 12, 15, 12
MM, 14, 15, 12
MM, 17, 15, 24
MM, 19, 15, 13
MM, 25, 15, 11
MM, 35, 15, 12
MM, 1, 15, 25
MM, 3, 15, 12
MM, 5, 15, 12
MM, 6, 15, 12
MM, 7, 15, 12
MM, 8, 15, 24
MM, 9, 15, 12
MM, 10, 15, 12
MM, 11, 15, 12
MM, 14, 15, 36
MM, 16, 15, 13
MM, 17, 15, 11
MM, 18, 15, 12
MM, 19, 15, 12
MM, 20, 15, 24
MM, 20, 16, 37
MM, 21, 16, 73
MC, 1, 132
MM, 20, 16, 60
MM, 19, 16, 24
MM, 18, 16, 24
MM, 8, 16, 12
MM, 32, 16, 12
MM, 33, 20, 24
MM, 19, 23, 12
MM, 0, 26, 12
MM, 36, 29, 12
MM, 26, 31, 12
MM, 45, 1, 120
MM, 42, 2, 13
MM, 34, 6, 12
MM, 29, 9, 12
MM, 24, 10, 12
MM, 20, 10, 12
MM, 15, 10, 12
MM, 11, 12, 12
MM, 7, 13, 12
MM, 4, 13, 12
MM, 2, 14, 12
MM, 0, 15, 12
MM, 40, 15, 36
MM, 37, 15, 24
MM, 35, 15, 12
MM, 33, 16, 12
MM, 29, 18, 12
MM, 26, 18, 13
MM, 24, 19, 11
MM, 22, 19, 12
MM, 20, 19, 13
MM, 19, 19, 12
MM, 18, 19, 12
MM, 18, 18, 109
MC, 1, 119
MM, 21, 19, 36
MM, 22, 20, 13
MM, 23, 20, 12
MM, 25, 22, 12
MM, 25, 26, 12
MM, 27, 28, 12
MM, 30, 31, 12
MM, 30, 3, 12
MM, 31, 5, 12
MM, 34, 10, 12
MM, 35, 15, 12
MM, 38, 23, 12
MM, 80, 9, 24
MM, 80, 19, 12
MM, 79, 23, 12
MM, 79, 25, 12
MM, 79, 28, 13
MM, 79, 29, 12
MM, 78, 29, 47
MM, 78, 30, 24
MM, 79, 30, 133
MC, 1, 133
MM, 79, 29, 24
MM, 79, 28, 36
MM, 77, 28, 12
MM, 77, 27, 12
MM, 76, 25, 12
MM, 71, 22, 12
MM, 62, 16, 12
MM, 53, 12, 12
MM, 42, 7, 13
MM, 30, 3, 12
MM, 19, 0, 11
MM, 40, 28, 36
MM, 23, 23, 12
MM, 12, 16, 12
MM, 1, 10, 13
MM, 41, 4, 24
MM, 39, 2, 12
MM, 37, 1, 12
MM, 37, 0, 12
MM, 31, 30, 144
MM, 26, 28, 13
MM, 21, 26, 12
MM, 19, 25, 12
MM, 16, 23, 12
MM, 14, 23, 24
MM, 14, 21, 48
MM, 14, 20, 12
MM, 14, 19, 24
MM, 14, 18, 12
MM, 15, 18, 60
MM, 16, 18, 25
MM, 18, 21, 168
MM, 18, 22, 12
MM, 20, 23, 24
MM, 28, 24, 12
MM, 17, 31, 24
MM, 40, 11, 24
MM, 32, 24, 36
MM, 23, 24, 12
MM, 6, 23, 12
MM, 35, 22, 12
MM, 2, 20, 12
MM, 20, 18, 13
MM, 36, 15, 11
MM, 48, 14, 242
MM, 47, 14, 12
MM, 45, 14, 24
MM, 44, 14, 24
MM, 43, 14, 13
MM, 41, 14, 11
MM, 40, 14, 25
MM, 38, 14, 12
MM, 37, 14, 12
MM, 36, 16, 12
MM, 34, 16, 11
MM, 30, 17, 12
MM, 26, 20, 12
MM, 25, 20, 13
MM, 25, 21, 12
MM, 26, 21, 84
MM, 27, 21, 36
MM, 28, 20, 289
MC, 2, 145
MM, 28, 21, 60
MM, 27, 21, 12
MM, 26, 21, 13
MM, 23, 22, 23
MM, 20, 24, 12
MM, 14, 28, 12
MM, 32, 6, 24
MM, 3, 14, 12
MM, 26, 21, 13
MM, 2, 27, 12
MM, 158, 2, 35
MM, 154, 3, 12
MM, 151, 3, 12
MM, 149, 4, 13
MM, 148, 5, 12
MM, 146, 6, 12
MM, 144, 7, 12
MM, 143, 8, 12
MM, 142, 9, 25
MM, 141, 9, 11
MM, 140, 10, 13
MM, 137, 11, 12
MM, 133, 13, 12
MM, 131, 14, 12
MM, 130, 14, 12
MM, 131, 15, 133
MM, 132, 15, 71
MM, 134, 14, 181
MM, 134, 13, 12
MM, 134, 11, 12
MM, 134, 10, 12
MM, 134, 7, 12
MM, 133, 3, 12
MM, 40, 27, 24
MM, 37, 12, 13
MM, 30, 24, 23
MM, 26, 11, 12
MM, 2, 10, 964
MM, 9, 12, 12
MM, 11, 14, 12
MM, 13, 15, 12
MM, 15, 15, 12
MM, 16, 15, 24
MM, 16, 16, 12
MM, 14, 15, 350
MM, 12, 15, 12
MM, 12, 14, 12
MM, 10, 13, 12
MM, 8, 12, 12
MM, 5, 12, 13
MM, 0, 9, 11
MM, 38, 2, 24
MC, 1, 868
MM, 23, 2, 252
MM, 29, 11, 12
MM, 35, 22, 12
MM, 41, 29, 13
MM, 1, 11, 23
MM, 6, 20, 12
MM, 10, 29, 12
MM, 55, 2, 12
MM, 56, 9, 12
MM, 59, 15, 12
MM, 61, 18, 13
MM, 63, 21, 12
MM, 66, 26, 12
MM, 68, 29, 12
MM, 69, 32, 12
MM, 70, 33, 12
MM, 70, 34, 24
MM, 70, 32, 277
MM, 70, 31, 48
MM, 70, 30, 13
MM, 70, 29, 24
MM, 70, 28, 48
MC, 1, 217
MM, 70, 27, 24
MM, 70, 25, 23
MM, 70, 23, 25
MM, 70, 22, 12
MM, 69, 22, 24
MM, 68, 21, 12
MM, 67, 21, 12
MM, 62, 20, 12
MM, 59, 18, 12
MM, 54, 14, 12
MM, 47, 11, 12
MM, 38, 4, 12
MM, 28, 29, 37
MM, 24, 28, 12
MM, 20, 25, 12
MM, 18, 23, 12
MM, 17, 21, 12
MM, 16, 21, 12
MM, 15, 20, 12
MM, 15, 19, 12
MM, 16, 19, 36
MM, 17, 19, 48
MM, 18, 19, 25
MM, 21, 19, 204
MM, 22, 19, 12
MM, 25, 19, 12
MM, 37, 11, 12
MM, 13, 1, 12
MM, 9, 21, 13
MM, 37, 7, 11
MM, 29, 26, 12
MM, 13, 13, 13
MM, 34, 3, 301
MM, 28, 9, 12
MM, 23, 11, 12
MM, 21, 13, 12
MM, 19, 13, 12
MM, 18, 13, 60
MM, 17, 14, 24
MM, 16, 15, 24
MM, 15, 15, 37
MM, 15, 15, 252
MM, 13, 17, 25
MM, 7, 24, 12
MM, 18, 6, 23
MM, 4, 22, 12
MM, 36, 10, 24
MM, 29, 16, 12
MM, 22, 18, 13
MM, 20, 19, 12
MM, 19, 19, 12
MM, 18, 20, 36
MM, 17, 20, 24
MM, 16, 20, 37
MM, 15, 20, 12
MM, 12, 20, 24
MM, 10, 20, 12
MM, 8, 20, 12
MM, 7, 20, 12
MM, 6, 20, 12
MM, 5, 19, 12
MM, 4, 19, 12
MM, 2, 19, 72
MM, 43, 19, 24
MM, 40, 19, 13
MM, 35, 19, 11
MM, 31, 19, 13
MM, 30, 19, 12
MM, 28, 19, 12
MM, 27, 19, 12
MM, 27, 18, 97
MM, 30, 17, 156
MM, 30, 16, 12
MM, 29, 16, 12
MM, 28, 14, 12
MM, 27, 12, 12
MM, 26, 9, 12
MM, 24, 4, 12
MM, 12, 30, 23
MM, 5, 21, 13
MM, 1, 15, 11
MM, 46, 5, 37
MM, 43, 1, 12
MM, 1, 23, 747
MM, 7, 23, 12
MM, 14, 22, 12
MM, 20, 20, 12
MM, 25, 19, 13
MM, 28, 19, 12
MM, 34, 19, 11
MM, 40, 19, 12
MM, 5, 19, 37
MM, 8, 18, 12
MM, 12, 18, 12
MM, 15, 18, 12
MM, 17, 18, 12
MM, 19, 18, 12
MM, 20, 18, 24
MM, 21, 18, 12
MM, 22, 18, 13
MM, 23, 18, 12
MM, 26, 18, 12
MM, 28, 18, 12
MM, 30, 18, 12
MM, 31, 18, 12
MM, 33, 18, 12
MM, 35, 18, 24
MM, 40, 18, 12
MM, 3, 18, 24
MM, 5, 18, 11
MM, 6, 18, 13
MM, 9, 18, 11
MM, 12, 18, 13
MM, 14, 18, 12
MM, 15, 17, 12
MM, 16, 16, 12
MM, 17, 16, 24
MM, 17, 15, 25
MM, 18, 15, 11
MM, 19, 15, 13
MM, 19, 14, 12
MC, 1, 265
MM, 18, 14, 24
MM, 18, 15, 36
MM, 17, 17, 23
MM, 16, 17, 12
MM, 15, 19, 12
MM, 13, 21, 13
MM, 8, 26, 12
MM, 4, 30, 11
MM, 32, 1, 14
MM, 23, 9, 11
MM, 14, 18, 12
MM, 4, 27, 12
MM, 41, 0, 49
MM, 41, 1, 12
MM, 40, 1, 12
MM, 40, 3, 11
MM, 39, 3, 12
MM, 37, 6, 12
MM, 35, 7, 12
MM, 34, 8, 12
MM, 33, 10, 12
MM, 32, 10, 25
MM, 32, 11, 11
MM, 31, 12, 13
MM, 30, 12, 12
MM, 29, 13, 12
MM, 28, 13, 24
MM, 28, 15, 12
MM, 27, 15, 48
MM, 27, 12, 157
MM, 25, 11, 36
MM, 18, 8, 12
MM, 14, 7, 12
MM, 3, 2, 12
MM, 39, 1, 12
MM, 39, 26, 49
MM, 29, 25, 12
MM, 16, 22, 12
MM, 8, 20, 12
MM, 1, 19, 12
MM, 40, 15, 24
MM, 38, 14, 12
MM, 35, 12, 12
MM, 32, 10, 12
MM, 30, 8, 12
MM, 29, 6, 12
MM, 29, 5, 12
MM, 29, 3, 12
MM, 28, 2, 12
MM, 28, 0, 12
MM, 10, 14, 530
MM, 27, 21, 12
MM, 7, 31, 12
MM, 21, 1, 12
MM, 30, 5, 12
MM, 39, 13, 13
MM, 8, 27, 23
MM, 165, 0, 37
MM, 166, 0, 12
MM, 167, 1, 12
MM, 167, 0, 109
MM, 28, 30, 95
MM, 28, 28, 13
MM, 28, 26, 12
MM, 28, 23, 24
MM, 27, 22, 12
MM, 26, 21, 12
MM, 25, 20, 12
MM, 23, 19, 12
MM, 22, 15, 12
MM, 20, 14, 13
MM, 19, 13, 11
MM, 18, 13, 24
MM, 18, 12, 24
MM, 17, 12, 12
MM, 17, 12, 205
MM, 15, 12, 12
MM, 13, 12, 13
MM, 12, 11, 11
MM, 10, 9, 12
MM, 4, 4, 12
MM, 40, 29, 36
MM, 36, 23, 12
MM, 34, 19, 13
MM, 30, 15, 11
MM, 27, 12, 12
MM, 24, 11, 12
MM, 20, 7, 13
MM, 18, 7, 12
MM, 16, 6, 13
MM, 15, 5, 11
MM, 14, 5, 12
MM, 14, 4, 36
MM, 14, 3, 60
MM, 14, 2, 85
MM, 14, 1, 12
MM, 15, 0, 747
MM, 11, 3, 12
MM, 8, 3, 12
MM, 6, 4, 12
MM, 5, 4, 12
MM, 2, 5, 12
MM, 0, 7, 13
MM, 43, 9, 72
MM, 42, 10, 12
MM, 41, 10, 12
MM, 38, 10, 23
MM, 37, 10, 109
MM, 40, 10, 289
MM, 41, 10, 36
MM, 43, 10, 12
MM, 43, 11, 12
MM, 2, 24, 36
MM, 14, 10, 24
MM, 24, 21, 13
MM, 30, 28, 11
MM, 35, 6, 37
MM, 37, 11, 11
MM, 42, 20, 12
MM, 47, 25, 12
MM, 52, 31, 13
MM, 55, 34, 12
MM, 58, 36, 12
MM, 61, 37, 12
MM, 63, 38, 13
MM, 64, 39, 11
MM, 65, 40, 24
MM, 67, 40, 12
MM, 67, 41, 12
MM, 75, 41, 253
MM, 75, 40, 12
MM, 75, 38, 12
MM, 75, 37, 12
MM, 74, 37, 13
MM, 74, 36, 11
MM, 74, 35, 12
MM, 74, 34, 13
MM, 74, 33, 12
MM, 74, 31, 12
MM, 74, 30, 12
MM, 74, 29, 24
MM, 74, 28, 12
MM, 74, 27, 12
MM, 73, 30, 253
MM, 72, 30, 12
MM, 71, 29, 12
MM, 65, 24, 12
MM, 56, 11, 12
MM, 37, 17, 25
MM, 7, 15, 24
MC, 1, 626
MM, 9, 5, 97
MM, 25, 8, 12
MM, 43, 8, 12
MM, 9, 12, 12
MM, 29, 15, 12
MM, 7, 23, 24
MM, 14, 29, 12
MM, 37, 5, 24
MM, 4, 17, 24
MM, 7, 20, 12
MM, 11, 24, 12
MM, 13, 26, 12
MM, 14, 28, 12
MM, 14, 29, 12
MM, 12, 29, 72
MM, 10, 29, 12
MM, 8, 29, 15
MM, 6, 29, 11
MM, 5, 29, 11
MM, 3, 29, 24
MM, 2, 29, 12
MM, 0, 29, 12
MM, 42, 28, 24
MM, 39, 28, 12
MM, 37, 27, 12
MM, 35, 26, 12
MM, 33, 25, 12
MM, 32, 24, 12
MM, 31, 23, 12
MM, 30, 23, 12
MM, 30, 22, 12
MM, 30, 21, 24
MM, 31, 21, 133
MM, 32, 21, 84
MC, 1, 108
MM, 31, 21, 109
MM, 29, 21, 12
MM, 27, 21, 11
MM, 24, 19, 12
MM, 18, 17, 12
MM, 9, 15, 13
MM, 0, 10, 12
MM, 40, 7, 12
MM, 30, 6, 12
MM, 21, 4, 12
MM, 16, 2, 12
MM, 0, 4, 60
MM, 42, 4, 543
MM, 36, 4, 12
MM, 30, 4, 12
MM, 25, 3, 12
MM, 21, 3, 12
MM, 16, 3, 12
MM, 12, 3, 12
MM, 10, 2, 13
MM, 6, 2, 12
MM, 2, 2, 12
MM, 42, 2, 36
MM, 39, 2, 12
MM, 37, 2, 12
MM, 35, 2, 12
MM, 32, 2, 12
MM, 30, 5, 12
MM, 27, 5, 11
MM, 25, 5, 12
MM, 21, 7, 13
MM, 19, 7, 12
MM, 17, 8, 12
MM, 17, 9, 12
MM, 15, 10, 12
MM, 14, 12, 12
MM, 13, 14, 12
MM, 12, 15, 12
MM, 11, 16, 12
MM, 10, 19, 12
MM, 9, 22, 12
MM, 9, 25, 12
MM, 8, 27, 12
MM, 7, 30, 12
MM, 6, 31, 12
MM, 10, 28, 217
MM, 12, 21, 12
MM, 14, 16, 12
MM, 15, 12, 12
MM, 15, 10, 12
MM, 16, 7, 13
MM, 16, 6, 11
MM, 16, 5, 12
MM, 16, 4, 13
MM, 16, 2, 12
MM, 16, 1, 12
MM, 16, 31, 120
MM, 16, 30, 24
MM, 16, 29, 72
MM, 16, 28, 25
MM, 16, 25, 12
MM, 16, 22, 12
MM, 16, 20, 12
MM, 17, 17, 12
MM, 17, 16, 12
MM, 17, 15, 12
MM, 17, 14, 96
MM, 18, 14, 48
MM, 16, 16, 193
MM, 14, 17, 12
MM, 12, 17, 12
MM, 10, 18, 12
MM, 7, 18, 12
MM, 5, 18, 12
MM, 3, 18, 12
MM, 2, 19, 13
MM, 1, 19, 11
MM, 42, 19, 72
MM, 40, 19, 25
MM, 38, 19, 12
MM, 37, 19, 12
MM, 36, 19, 12
MM, 33, 19, 12
MM, 32, 19, 24
MM, 31, 19, 61
MM, 35, 22, 240
MM, 37, 22, 12
MM, 38, 23, 13
MM, 39, 23, 12
MM, 41, 25, 12
MM, 43, 28, 12
MM, 9, 5, 36
MM, 15, 13, 12
MM, 24, 20, 12
MM, 31, 28, 11
MM, 36, 0, 26
MM, 41, 4, 11
MM, 46, 7, 12
MM, 48, 9, 13
MM, 50, 11, 12
MM, 52, 13, 12
MM, 54, 16, 12
MM, 57, 20, 11
MM, 58, 23, 12
MM, 59, 23, 12
MM, 59, 24, 12
MC, 1, 253
MM, 59, 22, 25
MM, 58, 20, 12
MM, 56, 19, 12
MM, 55, 16, 12
MM, 52, 11, 12
MM, 46, 2, 12
MM, 0, 30, 13
MM, 39, 19, 11
MM, 29, 6, 12
MC, 1, 783
MM, 17, 7, 218
MM, 34, 7, 11
MM, 4, 7, 12
MM, 17, 12, 12
MM, 29, 16, 12
MM, 38, 21, 13
MM, 37, 21, 372
MM, 35, 21, 49
MM, 34, 21, 12
MM, 33, 21, 12
MM, 34, 21, 48
MM, 35, 20, 24
MM, 35, 19, 12
MM, 36, 19, 133
MM, 38, 18, 12
MM, 38, 17, 12
MM, 40, 17, 12
MM, 43, 15, 12
MM, 0, 15, 36
MM, 4, 15, 12
MM, 5, 15, 37
MM, 6, 15, 12
MM, 6, 16, 12
MM, 6, 17, 72
MM, 7, 17, 24
MM, 8, 17, 38
MC, 1, 192
MM, 7, 17, 12
MM, 6, 17, 12
MM, 4, 17, 23
MM, 3, 17, 12
MM, 0, 16, 12
MM, 41, 15, 24
MM, 31, 15, 12
MM, 15, 15, 12
MM, 42, 19, 12
MM, 22, 22, 12
MM, 4, 22, 12
MM, 34, 0, 471
MM, 41, 3, 12
MM, 3, 7, 24
MM, 6, 11, 12
MM, 10, 12, 11
MM, 12, 13, 13
MM, 13, 13, 12
MM, 13, 14, 36
MM, 14, 14, 132
MM, 14, 13, 24
MM, 14, 12, 61
MM, 15, 12, 36
MM, 15, 11, 49
MC, 1, 144
MM, 15, 12, 24
MM, 15, 13, 24
MM, 15, 14, 36
MM, 15, 15, 12
MM, 15, 19, 12
MM, 13, 22, 12
MM, 12, 28, 12
MM, 9, 7, 24
MM, 5, 16, 12
MM, 3, 25, 13
MM, 0, 31, 12
MM, 137, 1, 24
MM, 136, 3, 12
MM, 134, 6, 12
MM, 132, 11, 12
MM, 132, 14, 12
MM, 131, 17, 12
MM, 131, 18, 36
MM, 131, 17, 169
MM, 131, 15, 156
MM, 131, 14, 24
MM, 131, 13, 13
MM, 130, 10, 12
MM, 129, 5, 12
MM, 36, 24, 24
MM, 35, 10, 12
MM, 33, 31, 12
MM, 33, 17, 12
MM, 33, 7, 12
MM, 8, 1, 675
MM, 16, 2, 12
MM, 21, 5, 12
MM, 26, 6, 12
MM, 28, 7, 13
MM, 31, 8, 11
MM, 32, 9, 12
MM, 32, 10, 12
MM, 33, 10, 205
MC, 1, 205
MM, 32, 9, 48
MM, 31, 9, 12
MM, 30, 9, 12
MM, 29, 9, 24
MM, 27, 8, 24
MM, 25, 8, 12
MM, 24, 7, 12
MM, 22, 7, 13
MM, 19, 6, 12
MM, 13, 5, 12
MM, 2, 3, 12
MM, 39, 0, 24
MM, 33, 6, 806
MM, 39, 20, 13
MM, 0, 2, 23
MM, 3, 11, 12
MM, 4, 15, 12
MM, 4, 17, 13
MM, 5, 20, 11
MM, 5, 21, 13
MM, 6, 23, 12
MM, 7, 28, 12
MM, 9, 31, 12
MM, 51, 2, 37
MM, 51, 3, 12
MM, 52, 7, 12
MM, 53, 11, 12
MM, 54, 13, 12
MM, 55, 14, 11
MM, 55, 15, 12
MM, 56, 15, 12
MM, 56, 16, 13
MM, 56, 17, 11
MM, 53, 13, 242
MM, 50, 12, 24
MM, 48, 10, 12
MM, 45, 8, 12
MM, 44, 5, 12
MM, 37, 21, 36
MM, 28, 13, 12
MM, 17, 5, 13
MM, 0, 31, 48
MM, 43, 29, 84
MM, 42, 28, 24
MM, 41, 27, 12
MM, 40, 27, 24
MM, 38, 25, 24
MM, 37, 24, 12
MM, 34, 21, 13
MM, 33, 19, 11
MM, 31, 18, 12
MM, 30, 17, 12
MM, 30, 16, 13
MM, 30, 15, 12
MM, 27, 13, 12
MM, 26, 12, 12
MM, 26, 11, 12
MM, 26, 10, 12
MM, 26, 9, 12
MM, 26, 8, 12
MM, 25, 11, 205
MM, 23, 12, 12
MM, 21, 12, 12
MM, 19, 12, 12
MM, 16, 11, 12
MM, 12, 11, 12
MM, 8, 10, 12
MM, 5, 8, 12
MM, 4, 8, 12
MM, 3, 8, 12
MM, 2, 8, 12
MM, 1, 8, 24
MM, 0, 8, 60
MM, 43, 7, 97
MM, 42, 7, 12
MM, 41, 7, 36
MM, 1, 10, 349
MM, 7, 16, 12
MM, 20, 23, 12
MM, 0, 1, 24
MM, 14, 4, 12
MM, 30, 8, 12
MM, 17, 16, 24
MM, 40, 21, 13
MM, 6, 24, 11
MM, 22, 26, 12
MM, 34, 28, 12
MM, 5, 28, 25
MM, 11, 28, 12
MM, 15, 28, 12
MM, 19, 28, 12
MM, 20, 28, 13
MM, 23, 28, 12
MM, 24, 25, 24
MM, 24, 24, 24
MM, 24, 23, 12
MM, 24, 21, 12
MM, 27, 20, 11
MM, 30, 17, 13
MM, 31, 14, 12
MM, 33, 14, 12
MM, 34, 14, 12
MM, 35, 14, 12
MM, 36, 13, 12
MM, 38, 13, 12
MM, 38, 11, 12
MM, 40, 11, 12
MM, 43, 11, 12
MM, 3, 12, 60
MM, 6, 13, 13
MM, 8, 13, 11
MM, 11, 14, 12
MM, 13, 14, 12
MM, 14, 14, 12
MM, 16, 14, 12
MM, 17, 14, 24
MM, 18, 14, 13
MM, 16, 12, 302
MM, 11, 12, 11
MM, 3, 10, 12
MM, 14, 25, 37
MM, 34, 9, 24
MM, 21, 30, 216
MM, 19, 29, 12
MM, 16, 29, 12
MM, 15, 28, 12
MM, 13, 27, 12
MM, 11, 26, 12
MM, 9, 24, 12
MM, 8, 23, 12
MM, 6, 22, 13
MM, 5, 22, 12
MM, 5, 23, 11
MM, 1, 29, 13
MM, 38, 0, 1277
MM, 40, 2, 12
MM, 41, 4, 12
MM, 43, 7, 12
MM, 0, 17, 48
MM, 1, 19, 12
MM, 3, 21, 12
MM, 5, 23, 12
MM, 6, 23, 12
MM, 8, 25, 12
MM, 10, 27, 13
MM, 15, 30, 11
MM, 18, 31, 12
MM, 35, 0, 61
MM, 38, 1, 12
MM, 41, 3, 11
MM, 3, 8, 37
MM, 4, 8, 12
MM, 5, 9, 24
MM, 6, 9, 24
MM, 6, 10, 12
MM, 7, 10, 13
MM, 8, 11, 12
MM, 9, 11, 11
MM, 10, 11, 12
MM, 10, 12, 12
MM, 11, 12, 12
MM, 12, 12, 25
MM, 12, 13, 11
MM, 14, 13, 61
MM, 15, 13, 24
MM, 15, 14, 12
MM, 16, 14, 24
MM, 17, 16, 25
MM, 18, 17, 23
MM, 19, 18, 12
MM, 20, 19, 25
MM, 22, 20, 12
MM, 23, 21, 11
MM, 25, 22, 12
MM, 26, 23, 25
MM, 27, 23, 11
MM, 27, 24, 12
MM, 29, 25, 13
MM, 30, 27, 24
MM, 31, 27, 12
MM, 32, 27, 12
MM, 33, 28, 24
MM, 33, 29, 12
MM, 34, 29, 12
MM, 34, 31, 13
MM, 131, 1, 108
MM, 138, 3, 12
MM, 150, 3, 11
MM, 170, 3, 12
MM, 8, 11, 25
MM, 44, 15, 24
MM, 33, 11, 1241
MM, 13, 11, 12
MM, 18, 7, 24
MM, 24, 4, 27
MM, 4, 4, 11
MM, 38, 2, 10
MM, 24, 1, 12
MM, 12, 1, 12
MM, 28, 1, 24
MM, 10, 1, 13
MM, 14, 4, 217
MM, 4, 7, 12
MM, 37, 10, 23
MM, 25, 11, 12
MM, 15, 11, 12
MM, 10, 11, 12
MM, 7, 10, 12
MM, 5, 8, 13
MM, 5, 6, 12
MM, 5, 4, 12
MM, 5, 3, 12
MM, 5, 2, 12
MM, 5, 1, 12
MM, 4, 1, 12
MM, 5, 1, 85
MM, 6, 1, 24
MM, 8, 1, 24
MM, 9, 3, 12
MM, 10, 3, 12
MM, 11, 5, 12
MM, 12, 6, 24
MM, 14, 7, 13
MM, 14, 8, 11
MM, 15, 10, 12
MM, 16, 11, 13
MM, 17, 11, 35
MM, 17, 12, 12
MC, 1, 121
MM, 20, 12, 60
MM, 27, 15, 12
MM, 43, 17, 12
MM, 11, 19, 12
MM, 33, 22, 12
MM, 12, 22, 12
MM, 17, 22, 24
MM, 33, 22, 12
MM, 11, 25, 24
MM, 29, 27, 12
MM, 45, 30, 12
MM, 22, 0, 25
MM, 33, 2, 12
MM, 43, 5, 12
MM, 3, 8, 24
MM, 6, 8, 12
MM, 8, 8, 12
MM, 12, 9, 12
MM, 16, 9, 13
MM, 25, 9, 11
MM, 33, 9, 12
MM, 41, 11, 12
MM, 42, 14, 241
MM, 40, 15, 12
MM, 37, 15, 13
MM, 35, 16, 11
MM, 34, 16, 12
MM, 32, 16, 12
MM, 31, 16, 24
MM, 30, 16, 12
MM, 29, 16, 12
MM, 29, 13, 243
MM, 26, 10, 11
MM, 23, 6, 12
MM, 10, 1, 12
MM, 27, 29, 12
MM, 42, 12, 12
MM, 9, 1, 13
MM, 12, 11, 1204
MM, 26, 20, 12
MM, 36, 29, 14
MM, 2, 4, 22
MM, 7, 8, 12
MM, 13, 14, 12
MM, 18, 18, 12
MM, 20, 20, 13
MM, 21, 21, 11
MM, 22, 21, 13
MM, 22, 22, 36
MM, 23, 23, 24
MM, 23, 25, 12
MM, 24, 25, 12
MM, 25, 26, 12
MM, 25, 27, 12
MM, 26, 28, 12
MM, 27, 28, 12
MM, 28, 30, 12
MM, 126, 0, 168
MM, 126, 1, 12
MM, 127, 2, 48
MM, 128, 2, 13
MM, 128, 3, 12
MM, 128, 4, 12
MM, 128, 5, 12
MM, 129, 8, 12
MM, 129, 9, 12
MM, 130, 11, 12
MM, 131, 14, 12
MM, 131, 15, 15
MM, 132, 16, 10
MM, 133, 16, 12
MM, 134, 16, 12
MM, 134, 17, 24
MM, 135, 17, 120
MC, 1, 181
MM, 134, 17, 36
MM, 135, 16, 73
MM, 138, 15, 11
MM, 143, 10, 12
MM, 150, 5, 14
MM, 36, 27, 35
MM, 6, 11, 24
MM, 19, 5, 13
MM, 34, 31, 143
MM, 36, 28, 12
MM, 40, 27, 12
MM, 1, 24, 48
MM, 3, 24, 37
MM, 8, 22, 12
MM, 11, 20, 12
MM, 17, 16, 12
MM, 28, 12, 12
MM, 39, 9, 12
MM, 5, 6, 24
MM, 12, 5, 12
MM, 18, 5, 12
MM, 21, 5, 12
MM, 25, 5, 12
MM, 27, 5, 12
MM, 31, 3, 12
MM, 33, 2, 12
MM, 35, 1, 12
MM, 38, 1, 12
MM, 39, 1, 25
MM, 39, 0, 36
MM, 40, 0, 24
MM, 40, 1, 84
MM, 40, 2, 12
MM, 40, 3, 24
MM, 40, 4, 12
MM, 40, 5, 12
MM, 39, 6, 12
MM, 39, 7, 37
MM, 38, 7, 12
MM, 38, 8, 12
MM, 37, 9, 60
MC, 1, 156
MM, 36, 9, 12
MM, 36, 8, 12
MM, 35, 8, 12
MM, 32, 7, 12
MM, 27, 5, 13
MM, 21, 5, 11
MM, 15, 4, 12
MM, 1, 4, 12
MM, 31, 2, 12
MM, 35, 28, 37
MM, 15, 25, 12
MM, 40, 23, 12
MM, 20, 18, 13
MM, 2, 15, 12
MC, 1, 698
MC, 1, 542
MC, 2, 242
MC, 1, 1312
MM, 9, 1, 157
MM, 10, 7, 12
MM, 11, 10, 13
MM, 13, 15, 11
MM, 16, 20, 12
MM, 17, 23, 12
MM, 18, 30, 13
MM, 23, 2, 24
MM, 24, 5, 12
MM, 25, 8, 12
MM, 25, 12, 11
MM, 27, 15, 13
MM, 29, 20, 12
MM, 30, 28, 12
MM, 74, 1, 48
MM, 74, 4, 11
MM, 75, 5, 12
MM, 75, 7, 13
MM, 76, 9, 12
MM, 76, 10, 12
MM, 77, 11, 12
MM, 77, 12, 24
MM, 77, 13, 12
MM, 77, 14, 12
MM, 78, 14, 12
MM, 79, 15, 12
MM, 79, 16, 24
MM, 80, 18, 12
MM, 80, 19, 25
MM, 81, 19, 36
MM, 81, 20, 36
MM, 81, 18, 253
MM, 81, 17, 12
MM, 81, 15, 12
MM, 81, 13, 12
MM, 81, 12, 12
MM, 81, 9, 12
MM, 81, 0, 12
MM, 41, 27, 12
MM, 41, 9, 12
MM, 41, 31, 13
MM, 41, 13, 12
MM, 1, 29, 855
MM, 3, 30, 12
MM, 5, 31, 12
MM, 8, 31, 12
MM, 9, 0, 157
MM, 10, 1, 23
MM, 10, 2, 12
MM, 11, 2, 13
MM, 13, 2, 35
MM, 13, 4, 13
MM, 14, 5, 12
MM, 15, 7, 12
MM, 16, 8, 12
MM, 17, 8, 48
MM, 18, 8, 49
MM, 17, 7, 170
MM, 16, 7, 11
MM, 15, 7, 12
MM, 13, 6, 11
MM, 11, 6, 12
MM, 9, 6, 12
MM, 7, 6, 13
MM, 0, 6, 12
MM, 41, 7, 12
MM, 26, 8, 11
MM, 8, 10, 12
MM, 36, 13, 13
MM, 2, 16, 12
MM, 19, 16, 12
MM, 31, 19, 24
MM, 19, 20, 12
MM, 11, 20, 13
MM, 5, 20, 11
MM, 3, 20, 12
MM, 2, 20, 12
MM, 1, 20, 12
MM, 0, 20, 217
MM, 42, 20, 84
MM, 40, 20, 12
MM, 38, 20, 12
MM, 36, 20, 12
MM, 35, 20, 84
MM, 35, 19, 61
MM, 39, 19, 157
MM, 41, 19, 12
MM, 42, 19, 12
MM, 5, 19, 48
MM, 18, 16, 12
MM, 29, 8, 12
MM, 41, 5, 15
MM, 2, 2, 10
MC, 1, 674
MM, 6, 1, 108
MM, 4, 9, 13
MM, 3, 17, 11
MM, 0, 22, 13
MM, 43, 8, 48
MM, 42, 13, 12
MM, 40, 19, 12
MM, 39, 23, 12
MM, 38, 26, 12
MM, 77, 1, 24
MM, 77, 3, 12
MM, 75, 6, 12
MM, 75, 8, 12
MM, 75, 10, 12
MM, 75, 11, 13
MM, 75, 12, 12
MM, 75, 13, 12
MM, 74, 16, 12
MM, 73, 17, 12
MM, 73, 15, 337
MM, 73, 14, 12
MM, 73, 13, 12
MM, 74, 9, 12
MM, 2, 21, 25
MM, 11, 11, 12
MM, 22, 26, 24
MM, 26, 15, 12
MM, 33, 4, 12
MM, 4, 26, 711
MM, 7, 27, 12
MM, 12, 29, 12
MM, 12, 1, 96
MM, 14, 1, 12
MM, 15, 2, 12
MM, 16, 3, 24
MM, 17, 4, 12
MM, 17, 5, 12
MM, 18, 5, 12
MM, 19, 6, 12
MM, 20, 8, 12
MM, 20, 9, 36
MM, 21, 9, 60
MM, 22, 8, 194
MM, 20, 7, 24
MM, 18, 7, 12
MM, 16, 7, 12
MM, 11, 5, 12
MM, 5, 5, 12
MM, 28, 5, 24
MM, 10, 5, 12
MM, 40, 3, 12
MM, 26, 0, 12
MM, 4, 17, 675
MM, 18, 12, 12
MM, 30, 10, 12
MM, 37, 8, 12
MM, 42, 7, 12
MM, 41, 10, 229
MM, 40, 10, 12
MM, 36, 14, 48
MC, 1, 278
MM, 37, 14, 48
MM, 36, 16, 84
MM, 31, 20, 12
MM, 7, 4, 24
MM, 43, 28, 24
MM, 29, 3, 12
MM, 18, 20, 12
MM, 91, 1, 25
MM, 85, 7, 11
MM, 83, 12, 12
MM, 80, 15, 12
MM, 78, 20, 12
MM, 77, 25, 12
MM, 75, 27, 12
MM, 74, 30, 12
MM, 74, 31, 13
MM, 73, 33, 12
MM, 73, 34, 12
MM, 73, 35, 24
MM, 72, 36, 12
MM, 72, 35, 145
MM, 72, 33, 24
MM, 73, 32, 36
MM, 73, 31, 12
MM, 73, 29, 25
MM, 73, 28, 11
MM, 73, 27, 11
MM, 74, 27, 14
MM, 75, 26, 10
MM, 75, 25, 13
MM, 76, 25, 12
MM, 78, 22, 181
MM, 78, 20, 25
MM, 78, 19, 12
MM, 75, 18, 23
MM, 73, 14, 12
MM, 67, 8, 12
MM, 60, 0, 12
MM, 7, 26, 12
MM, 36, 9, 12
MM, 6, 23, 25
MM, 39, 12, 23
MM, 36, 6, 13
MM, 33, 3, 11
MM, 30, 1, 12
MM, 23, 0, 193
MM, 23, 1, 12
MM, 23, 3, 24
MM, 23, 5, 13
MM, 23, 7, 12
MM, 23, 9, 12
MM, 24, 12, 12
MM, 24, 13, 12
MM, 24, 14, 12
MM, 24, 15, 24
MM, 23, 15, 84
MM, 22, 15, 12
MM, 21, 15, 12
MM, 22, 14, 157
MM, 22, 13, 24
MM, 24, 12, 12
MM, 33, 8, 12
MM, 41, 2, 12
MM, 29, 0, 855
MM, 19, 3, 12
MM, 14, 6, 12
MM, 5, 7, 13
MM, 40, 10, 23
MM, 37, 10, 12
MM, 33, 10, 13
MM, 28, 10, 12
MM, 25, 10, 12
MM, 19, 11, 12
MM, 12, 12, 12
MM, 4, 14, 12
MM, 41, 15, 24
MM, 37, 15, 12
MM, 35, 15, 12
MM, 31, 15, 12
MM, 29, 15, 12
MM, 27, 15, 12
MM, 26, 15, 24
MM, 23, 15, 13
MM, 22, 15, 11
MM, 21, 15, 12
MM, 20, 15, 49
MM, 23, 14, 240
MM, 25, 14, 12
MM, 27, 14, 13
MM, 30, 14, 12
MM, 38, 13, 11
MM, 0, 8, 13
MM, 17, 7, 12
MM, 27, 4, 12
MM, 39, 2, 12
MC, 1, 1133
MM, 179, 23, 133
MC, 1, 1891
MM, 391, 22, 1445
MM, 378, 52, 11
MM, 27, 1, 60
MM, 29, 6, 12
MM, 5, 19, 24
MM, 13, 23, 12
MM, 28, 31, 12
MM, 346, 0, 5243
MM, 343, 4, 12
MM, 341, 6, 15
MM, 340, 11, 9
MM, 340, 15, 12
MM, 338, 18, 12
MM, 338, 22, 12
MM, 338, 23, 48
MM, 339, 23, 12
MM, 340, 23, 48
MM, 341, 23, 60
MM, 342, 22, 24
MM, 342, 21, 12
MM, 342, 20, 12
MM, 343, 19, 13
MM, 343, 17, 11
MM, 343, 16, 12
MM, 345, 12, 12
MM, 345, 11, 37
MM, 345, 10, 37
MM, 345, 11, 276
MM, 341, 11, 24
MM, 325, 16, 12
MM, 290, 25, 12
MM, 229, 25, 12
MM, 174, 30, 12
MM, 131, 37, 12
MM, 84, 42, 12
MM, 50, 46, 12
MM, 21, 46, 13
MM, 47, 28, 5994
MM, 343, 0, 366189
MM, 0, 21, 24
MM, 27, 17, 639
MM, 46, 2, 24
MM, 42, 11, 12
MM, 41, 15, 12
MM, 41, 16, 23
MM, 44, 17, 13
MM, 48, 17, 11
MM, 53, 19, 12
MM, 57, 19, 12
MM, 62, 18, 13
MM, 66, 17, 11
MM, 71, 17, 13
MM, 74, 17, 12
MM, 78, 17, 12
MM, 82, 16, 12
MM, 83, 16, 12
MM, 87, 15, 13
MM, 90, 14, 11
MM, 93, 13, 12
MM, 100, 10, 13
MM, 104, 9, 12
MM, 109, 7, 11
MM, 116, 5, 12
MM, 120, 5, 12
MM, 128, 4, 12
MM, 139, 0, 12
MM, 28, 26, 24
MM, 24, 9, 25
MM, 17, 1, 12
MM, 17, 25, 24
MM, 37, 20, 13
MM, 0, 5, 1011
MM, 15, 26, 650
MM, 6, 0, 13
MM, 484, 37, 23
MM, 448, 19, 652
MM, 394, 22, 12
MM, 348, 18, 12
MM, 320, 12, 12
MM, 302, 7, 11
MM, 26, 23, 6180
MM, 42, 17, 12
MM, 3, 16, 12
MM, 40, 16, 12
MM, 15, 16, 12
MM, 43, 21, 12
MM, 3, 14, 25
MM, 12, 17, 12
MM, 15, 19, 11
MM, 16, 20, 13
MM, 16, 22, 11
MM, 16, 23, 12
MM, 15, 23, 25
MM, 13, 26, 12
MM, 6, 26, 12
MM, 36, 27, 121
MM, 8, 14, 36
MM, 14, 14, 12
MM, 23, 14, 11
MM, 29, 15, 12
MM, 31, 17, 14
MM, 34, 21, 11
MM, 35, 21, 13
