********************************************************************************
LOGGING TIME: 20181001_195822
CLIENT IP: 10.112.51.53
USERNAME: Kanakvi Aggarwal
OS: Windows 10
**********************************Emotional database********************************************************************************
MM, 212, 63, 1537598292502
MM, 192, 61, 364
MM, 166, 54, 14
MM, 134, 45, 10
MM, 102, 39, 12
MM, 76, 29, 12
MM, 53, 17, 12
MM, 36, 9, 13
MM, 27, 3, 12
MM, 274, 422, 12
MM, 272, 417, 12
MM, 272, 413, 12
MM, 272, 403, 13
MM, 272, 391, 12
MM, 23, 82, 12
MM, 26, 69, 11
MM, 30, 59, 12
MM, 36, 50, 12
MM, 44, 42, 12
MM, 51, 33, 12
MM, 59, 26, 12
MM, 64, 20, 11
MM, 68, 18, 13
MM, 70, 16, 13
MM, 70, 17, 97
MM, 69, 18, 47
MM, 68, 19, 24
MM, 68, 20, 37
MM, 67, 20, 11
MM, 67, 22, 229
MM, 63, 27, 14060
MM, 55, 38, 11
MM, 51, 51, 13
MM, 44, 68, 11
MM, 39, 82, 12
MM, 285, 395, 11
MM, 280, 414, 13
MM, 274, 425, 12
MM, 20, 11, 12
MM, 20, 17, 12
MM, 19, 19, 12
MM, 19, 20, 12
MM, 20, 20, 25
MM, 21, 20, 11
MM, 22, 20, 25
MM, 23, 20, 11
MM, 24, 20, 48
MM, 25, 20, 13
MM, 25, 19, 24
MM, 26, 19, 25
MC, 1, 217
MM, 27, 19, 60
MM, 29, 19, 23
MM, 32, 19, 13
MM, 43, 21, 13
MM, 59, 22, 11
MM, 74, 27, 13
MM, 97, 32, 11
MM, 115, 36, 12
MM, 130, 41, 13
MM, 148, 47, 12
MM, 164, 52, 12
MM, 169, 61, 12
MM, 171, 64, 12
MM, 177, 67, 12
MM, 186, 70, 12
MM, 170, 78, 254
MM, 160, 83, 11
MM, 146, 84, 12
MM, 139, 87, 12
MM, 134, 89, 12
MM, 381, 518, 11
MM, 381, 519, 13
MM, 380, 522, 12
MM, 379, 524, 12
MM, 379, 525, 24
MM, 379, 527, 12
MM, 378, 527, 12
MM, 378, 529, 12
MM, 376, 531, 12
MM, 374, 532, 12
MM, 371, 534, 12
MM, 371, 535, 73
MM, 372, 535, 25
MM, 0, 1, 12
MM, 1, 2, 24
MM, 3, 2, 12
MM, 7, 4, 132
MM, 8, 4, 106
MM, 412, 540, 2
MM, 3, 8, 11
MM, 7, 8, 13
MM, 10, 8, 12
MM, 15, 8, 12
MM, 21, 8, 12
MM, 27, 8, 11
MM, 34, 5, 13
MM, 449, 539, 12
MM, 451, 539, 12
MM, 452, 539, 37
MM, 453, 539, 11
MM, 454, 539, 12
MM, 0, 5, 11
MM, 2, 6, 13
MM, 2, 7, 12
MM, 3, 7, 12
MM, 3, 8, 12
MM, 3, 9, 13
MM, 1, 9, 108
MM, 455, 543, 12
MM, 449, 543, 12
MM, 32, 9, 11
MM, 29, 9, 13
MM, 28, 9, 12
MM, 27, 9, 12
MM, 26, 9, 12
MM, 25, 9, 12
MM, 24, 9, 48
MM, 23, 9, 24
MM, 22, 9, 12
MM, 21, 8, 25
MM, 20, 8, 11
MM, 19, 8, 12
MM, 18, 8, 24
MM, 18, 7, 24
MM, 30, 7, 156
MM, 32, 7, 13
MM, 34, 8, 12
MM, 452, 544, 12
MM, 0, 13, 13
MM, 7, 17, 11
MM, 18, 25, 13
MM, 489, 565, 12
MM, 10, 1, 12
MM, 21, 7, 12
MM, 0, 14, 12
MM, 7, 19, 12
MM, 14, 25, 12
MM, 25, 30, 12
MM, 563, 605, 12
MM, 32, 3, 12
MM, 577, 613, 12
MM, 2, 13, 12
MM, 7, 15, 12
MM, 10, 17, 12
MM, 14, 21, 13
MM, 15, 23, 11
MM, 16, 24, 13
MM, 17, 25, 11
MM, 20, 27, 12
MM, 20, 29, 13
MM, 601, 639, 11
MM, 603, 641, 26
MM, 603, 642, 47
MM, 33, 0, 12
MM, 34, 2, 12
MM, 35, 5, 12
MM, 35, 6, 12
MM, 36, 8, 12
MM, 609, 654, 48
MM, 2, 12, 13
MM, 13, 15, 11
MM, 22, 19, 12
MM, 30, 19, 12
MM, 649, 665, 12
MM, 650, 665, 13
MM, 651, 665, 12
MM, 0, 20, 24
MM, 2, 20, 11
MM, 2, 19, 121
MM, 2, 18, 48
MM, 3, 17, 61
MM, 5, 16, 12
MM, 6, 16, 11
MM, 8, 16, 13
MM, 8, 15, 12
MM, 8, 13, 205
MM, 7, 10, 24
MM, 6, 5, 12
MM, 2, 0, 84
MM, 6, 6, 4
MM, 6, 4, 9
MM, 7, 4, 13
MM, 7, 5, 118
MM, 6, 5, 25
MM, 1, 5, 12
MM, 644, 576, 13
MM, 29, 5, 12
MM, 27, 5, 11
MM, 25, 5, 12
MM, 24, 5, 11
MM, 23, 5, 13
MM, 21, 5, 12
MM, 21, 6, 35
MM, 20, 7, 12
MM, 19, 7, 13
MM, 18, 8, 14
MM, 17, 9, 10
MM, 16, 9, 12
MM, 15, 9, 12
MM, 15, 10, 132
MM, 17, 13, 169
MM, 11, 16, 12
MM, 4, 20, 11
MM, 608, 594, 13
MM, 605, 595, 13
MM, 27, 29, 11
MM, 593, 605, 13
MM, 8, 3, 12
MM, 2, 10, 12
MM, 579, 625, 12
MM, 31, 24, 11
MM, 29, 29, 12
MM, 565, 641, 13
MM, 563, 644, 11
MM, 33, 1, 12
MM, 32, 2, 13
MM, 31, 3, 12
MM, 31, 4, 12
MM, 31, 5, 72
MM, 31, 7, 38
MM, 30, 7, 12
MM, 27, 9, 12
MM, 26, 10, 11
MM, 24, 10, 12
MM, 22, 11, 48
MM, 21, 13, 28
MM, 20, 13, 8
MM, 19, 13, 11
MM, 19, 13, 205
MM, 16, 17, 13
MM, 11, 21, 12
MM, 4, 25, 12
MM, 0, 30, 11
MM, 524, 679, 13
MM, 119, 0, 12
MM, 111, 9, 13
MM, 102, 17, 11
MM, 95, 24, 12
MM, 487, 713, 13
MM, 482, 717, 11
MM, 479, 720, 12
MM, 478, 720, 12
MM, 477, 720, 13
MM, 478, 720, 83
MP, 1, 14
MR, 1, 107
MM, 479, 718, 12
MM, 479, 717, 24
MM, 479, 716, 12
MM, 479, 715, 12
MM, 479, 714, 12
MM, 479, 713, 12
MM, 79, 30, 12
MM, 79, 29, 12
MM, 79, 27, 13
MM, 79, 25, 11
MM, 79, 23, 12
MM, 79, 21, 12
MM, 80, 21, 12
MM, 80, 20, 25
MM, 80, 19, 97
MC, 1, 108
MM, 79, 19, 35
MM, 77, 17, 13
MM, 73, 16, 12
MM, 68, 13, 12
MM, 61, 9, 11
MM, 52, 1, 13
MM, 443, 676, 11
MM, 25, 25, 12
MM, 21, 18, 13
MM, 12, 13, 12
MM, 10, 8, 12
MM, 10, 5, 12
MM, 6, 2, 12
MM, 412, 644, 12
MM, 411, 642, 12
MM, 411, 641, 49
MM, 411, 640, 71
MM, 411, 639, 49
MM, 409, 639, 24
MM, 28, 29, 24
MM, 26, 28, 12
MM, 23, 27, 12
MM, 19, 26, 12
MM, 15, 25, 12
MM, 8, 22, 12
MM, 3, 19, 12
MM, 0, 18, 11
MM, 34, 17, 13
MM, 33, 14, 12
MM, 30, 10, 11
MM, 29, 10, 13
MM, 30, 10, 36
MM, 31, 10, 25
MM, 31, 11, 13
MM, 33, 12, 107
MM, 33, 14, 13
MM, 34, 14, 23
MM, 376, 622, 11
MM, 377, 622, 37
MM, 378, 622, 24
MM, 379, 622, 37
MM, 0, 14, 109
MM, 19, 13, 12
MM, 9, 13, 11
MM, 28, 13, 12
MM, 0, 12, 12
MM, 14, 10, 145
MM, 25, 10, 6
MM, 13, 4, 6
MM, 24, 2, 12
MM, 686, 570, 12
MM, 702, 568, 12
MM, 714, 568, 12
MM, 723, 566, 12
MM, 727, 566, 12
MM, 29, 29, 12
MM, 31, 29, 12
MM, 34, 26, 12
MM, 738, 560, 13
MM, 744, 557, 11
MM, 749, 556, 12
MM, 759, 555, 12
MM, 764, 554, 12
MM, 770, 554, 12
MM, 784, 566, 48
MM, 786, 569, 12
MM, 789, 575, 12
MM, 792, 582, 13
MM, 792, 588, 11
MM, 792, 589, 13
MM, 793, 589, 12
MM, 794, 589, 11
MM, 795, 589, 26
MM, 796, 587, 10
MM, 798, 585, 13
MM, 800, 582, 11
MM, 804, 575, 13
MM, 807, 571, 12
MM, 768, 545, 421
MM, 34, 3, 12
MM, 698, 533, 12
MM, 657, 533, 12
MM, 22, 8, 13
MM, 18, 24, 11
MM, 530, 568, 13
MM, 12, 2, 12
MM, 28, 11, 11
MM, 451, 591, 13
MM, 18, 27, 12
MM, 0, 30, 12
MM, 410, 601, 12
MM, 405, 602, 12
MM, 404, 602, 24
MM, 405, 602, 73
MM, 406, 602, 36
MM, 406, 604, 60
MM, 406, 605, 12
MM, 405, 607, 11
MM, 25, 0, 14
MM, 24, 1, 11
MM, 23, 3, 12
MM, 22, 8, 11
MM, 22, 11, 13
MM, 21, 16, 12
MM, 21, 17, 12
MM, 21, 18, 12
MC, 1, 242
MM, 22, 18, 36
MM, 24, 17, 11
MM, 32, 14, 12
MM, 5, 11, 12
MM, 19, 8, 12
MM, 458, 616, 12
MM, 11, 5, 13
MM, 25, 1, 11
MM, 4, 0, 12
MM, 523, 606, 12
MM, 537, 605, 13
MM, 19, 30, 12
MM, 29, 27, 12
MM, 6, 24, 12
MM, 17, 23, 12
MM, 29, 21, 12
MM, 609, 591, 13
MM, 3, 20, 14
MM, 6, 19, 9
MM, 8, 18, 12
MM, 10, 18, 12
MM, 11, 17, 12
MM, 12, 17, 12
MM, 14, 16, 12
MM, 16, 15, 13
MM, 19, 15, 11
MM, 22, 14, 13
MM, 25, 14, 12
MM, 27, 14, 12
MM, 29, 14, 12
MM, 642, 585, 12
MM, 647, 585, 11
MM, 5, 12, 13
MM, 11, 12, 12
MM, 17, 12, 12
MM, 22, 11, 12
MM, 28, 11, 12
MM, 30, 11, 12
MM, 32, 11, 13
MM, 33, 11, 10
MM, 34, 11, 13
MM, 683, 581, 24
MM, 685, 581, 12
MM, 687, 581, 12
MM, 0, 10, 12
MM, 3, 10, 12
MM, 5, 10, 12
MM, 7, 10, 12
MM, 8, 10, 24
MM, 9, 10, 13
MM, 10, 10, 11
MM, 12, 10, 12
MM, 8, 9, 278
MM, 687, 579, 12
MM, 31, 8, 12
MM, 21, 9, 12
MM, 7, 10, 12
MM, 22, 12, 12
MM, 10, 21, 28
MM, 26, 25, 8
MM, 6, 28, 12
MM, 23, 30, 12
MM, 497, 603, 11
MM, 478, 606, 13
MM, 2, 0, 12
MM, 29, 3, 12
MM, 17, 4, 12
MM, 7, 4, 12
MM, 3, 4, 12
MM, 0, 5, 12
MM, 418, 613, 12
MM, 32, 5, 12
MM, 25, 7, 12
MM, 21, 7, 13
MM, 17, 9, 12
MM, 10, 12, 12
MM, 3, 12, 11
MM, 1, 12, 13
MM, 0, 12, 96
MM, 378, 620, 11
MM, 376, 620, 13
MM, 33, 15, 11
MM, 29, 16, 13
MM, 27, 17, 12
MM, 25, 18, 12
MM, 22, 18, 13
MM, 21, 18, 12
MM, 19, 18, 11
MM, 17, 19, 13
MM, 16, 19, 36
MM, 15, 19, 72
MM, 18, 17, 157
MM, 22, 17, 36
MM, 26, 18, 12
MM, 32, 20, 12
MM, 376, 630, 12
MM, 3, 25, 12
MM, 9, 27, 12
MM, 16, 30, 12
MM, 399, 639, 12
MM, 403, 640, 12
MM, 407, 641, 29
MM, 411, 643, 2
MM, 4, 0, 5
MM, 6, 2, 12
MM, 8, 3, 12
MM, 10, 4, 12
MM, 11, 4, 24
MM, 12, 4, 37
MM, 12, 5, 36
MM, 12, 6, 60
MC, 1, 193
MM, 12, 4, 48
MM, 12, 3, 12
MM, 12, 2, 12
MM, 12, 1, 12
MM, 422, 643, 11
MM, 422, 640, 13
MM, 3, 26, 12
MM, 6, 15, 12
MM, 6, 7, 13
MM, 6, 3, 11
MM, 428, 607, 12
MM, 428, 604, 12
MM, 429, 602, 12
MM, 14, 29, 12
MM, 14, 27, 12
MM, 15, 27, 74
MM, 15, 25, 24
MM, 15, 23, 11
MM, 16, 22, 48
MM, 16, 21, 23
MM, 17, 21, 49
MM, 17, 24, 191
MM, 17, 25, 14
MM, 17, 27, 12
MM, 17, 29, 12
MM, 432, 603, 12
MM, 432, 605, 12
MM, 12, 0, 12
MM, 13, 5, 12
MM, 13, 11, 12
MM, 14, 16, 12
MM, 16, 19, 13
MM, 17, 24, 11
MM, 17, 26, 13
MM, 17, 30, 12
MM, 436, 642, 12
MM, 26, 1, 12
MM, 23, 5, 12
MM, 19, 8, 11
MM, 16, 10, 13
MM, 13, 14, 12
MM, 9, 15, 12
MM, 6, 17, 12
MM, 3, 19, 12
MM, 408, 667, 12
MM, 403, 669, 12
MM, 27, 27, 12
MM, 23, 29, 13
MM, 391, 676, 11
MM, 388, 678, 12
MM, 386, 678, 12
MM, 386, 679, 37
MM, 386, 680, 24
MM, 386, 681, 11
MM, 386, 682, 13
MM, 387, 682, 11
MM, 387, 683, 12
MM, 394, 683, 13
MM, 12, 0, 11
MM, 31, 23, 13
MM, 32, 8, 12
MM, 522, 641, 12
MM, 6, 28, 12
MM, 31, 20, 11
MM, 8, 19, 13
MM, 24, 19, 12
MM, 615, 627, 12
MM, 4, 19, 12
MM, 6, 19, 12
MM, 8, 19, 12
MM, 9, 19, 13
MM, 10, 19, 11
MM, 12, 20, 24
MM, 13, 21, 49
MM, 14, 22, 11
MM, 15, 23, 13
MM, 16, 23, 12
MM, 16, 24, 12
MM, 18, 25, 12
MM, 18, 26, 12
MM, 18, 28, 59
MM, 17, 30, 13
MM, 635, 639, 12
MM, 635, 641, 12
MM, 634, 642, 12
MM, 634, 643, 13
MM, 18, 1, 12
MM, 17, 3, 11
MM, 16, 5, 13
MM, 15, 6, 12
MM, 15, 7, 12
MM, 15, 9, 11
MM, 14, 9, 12
MM, 14, 10, 25
MM, 12, 9, 241
MM, 5, 11, 11
MM, 610, 657, 13
MM, 30, 14, 12
MM, 16, 15, 12
MM, 5, 18, 12
MM, 564, 669, 12
MM, 23, 26, 12
MM, 16, 29, 12
MM, 12, 30, 12
MM, 536, 676, 13
MM, 533, 678, 11
MM, 528, 679, 12
MM, 523, 681, 12
MM, 120, 0, 12
MM, 117, 0, 12
MM, 115, 1, 12
MM, 113, 2, 12
MM, 112, 3, 13
MM, 111, 3, 12
MM, 111, 1, 228
MM, 111, 0, 12
MM, 511, 681, 12
MM, 509, 680, 12
MM, 502, 676, 12
MM, 494, 676, 12
MM, 1, 26, 13
MM, 31, 20, 11
MM, 20, 17, 12
MM, 10, 12, 13
MM, 448, 650, 12
MM, 32, 2, 12
MM, 428, 640, 12
MM, 2, 29, 11
MM, 32, 24, 13
MM, 20, 21, 12
MM, 11, 19, 12
MM, 3, 17, 12
MM, 379, 623, 12
MM, 376, 622, 12
MM, 374, 622, 13
MM, 374, 621, 47
MM, 374, 622, 49
MM, 33, 14, 11
MM, 32, 14, 13
MM, 30, 14, 36
MM, 29, 15, 12
MM, 26, 15, 12
MM, 24, 15, 12
MM, 22, 15, 12
MM, 21, 15, 12
MM, 20, 15, 12
MM, 19, 15, 24
MM, 18, 16, 13
MM, 18, 17, 35
MM, 19, 17, 13
MM, 25, 16, 120
MM, 28, 16, 12
MM, 34, 16, 12
MM, 379, 624, 12
MM, 4, 16, 12
MM, 10, 15, 12
MM, 13, 14, 12
MM, 14, 14, 12
MM, 16, 14, 97
MM, 17, 14, 12
MM, 18, 14, 36
MM, 25, 10, 156
MM, 420, 613, 12
MM, 15, 0, 12
MM, 447, 602, 12
MM, 4, 26, 13
MM, 16, 21, 11
MM, 21, 19, 13
MM, 23, 18, 12
MM, 27, 17, 12
MM, 28, 17, 12
MM, 28, 16, 12
MM, 28, 15, 24
MM, 29, 14, 12
MM, 31, 13, 12
MM, 488, 584, 12
MM, 489, 584, 12
MM, 490, 584, 36
MM, 489, 584, 123
MM, 488, 584, 11
MM, 31, 13, 23
MM, 30, 13, 24
MM, 29, 13, 12
MM, 28, 13, 12
MM, 27, 13, 12
MM, 26, 13, 12
MM, 25, 13, 12
MM, 24, 13, 12
MC, 1, 205
MM, 23, 13, 60
MM, 22, 13, 12
MM, 23, 13, 84
MM, 27, 13, 24
MM, 488, 584, 24
MM, 490, 584, 13
MM, 493, 585, 12
MM, 0, 14, 12
MM, 3, 15, 12
MM, 5, 15, 12
MM, 9, 15, 12
MM, 14, 15, 12
MM, 17, 15, 11
MM, 18, 15, 12
MM, 20, 15, 13
MM, 21, 15, 38
MM, 24, 15, 142
MM, 26, 15, 12
MM, 530, 586, 13
MM, 13, 14, 12
MM, 31, 12, 12
MM, 10, 10, 12
MM, 24, 10, 13
MM, 32, 11, 12
MM, 609, 583, 10
MM, 1, 13, 13
MM, 3, 14, 12
MM, 4, 15, 12
MM, 4, 16, 12
MM, 4, 17, 12
MM, 4, 18, 11
MM, 3, 18, 25
MM, 2, 18, 13
MM, 1, 18, 23
MM, 610, 589, 25
MM, 608, 589, 11
MM, 605, 592, 13
MM, 25, 21, 11
MM, 21, 21, 13
MM, 16, 22, 12
MM, 8, 22, 12
MM, 568, 594, 12
MM, 30, 25, 12
MM, 26, 25, 12
MM, 20, 26, 12
MM, 13, 26, 12
MM, 7, 26, 12
MM, 3, 26, 13
MM, 529, 597, 12
MM, 525, 597, 11
MM, 26, 26, 12
MM, 20, 26, 13
MM, 14, 26, 12
MM, 10, 26, 12
MM, 3, 24, 12
MM, 1, 23, 12
MM, 492, 594, 12
MM, 490, 593, 11
MM, 30, 21, 13
MM, 27, 20, 12
MM, 26, 20, 11
MM, 28, 20, 74
MM, 29, 20, 23
MM, 30, 20, 24
MM, 31, 20, 12
MM, 488, 591, 12
MM, 489, 591, 25
MM, 490, 591, 12
MM, 491, 591, 12
MM, 493, 591, 12
MM, 6, 20, 12
MM, 14, 20, 11
MM, 23, 20, 13
MM, 525, 591, 11
MM, 529, 591, 13
MM, 2, 22, 11
MM, 5, 22, 14
MM, 6, 22, 11
MM, 8, 22, 24
MM, 10, 22, 12
MM, 13, 22, 12
MM, 20, 22, 12
MM, 25, 22, 12
MM, 567, 593, 12
MM, 7, 22, 12
MM, 17, 22, 12
MM, 27, 25, 12
MM, 1, 26, 12
MM, 620, 602, 12
MM, 628, 607, 13
MM, 13, 2, 11
MM, 18, 5, 13
MM, 23, 8, 11
MM, 30, 10, 13
MM, 654, 620, 94
MM, 12, 6, 207
MM, 691, 607, 13
MM, 22, 25, 12
MM, 725, 588, 12
MM, 736, 582, 12
MM, 749, 574, 11
MM, 760, 569, 12
MM, 769, 566, 12
MM, 749, 553, 495
MM, 25, 20, 11
MM, 9, 23, 12
MM, 34, 25, 13
MM, 22, 26, 11
MM, 9, 30, 13
MM, 662, 565, 11
MM, 650, 566, 12
MM, 633, 570, 12
MM, 10, 2, 12
MM, 609, 574, 12
MM, 27, 3, 12
MM, 19, 3, 12
MM, 14, 3, 13
MM, 12, 3, 11
MM, 11, 3, 13
MM, 10, 3, 35
MM, 8, 5, 12
MM, 7, 5, 25
MM, 6, 5, 12
MM, 3, 5, 12
MM, 565, 579, 12
MM, 27, 11, 11
MM, 21, 13, 13
MM, 10, 16, 12
MM, 0, 19, 13
MM, 23, 19, 11
MM, 5, 19, 12
MM, 28, 21, 12
MM, 22, 21, 12
MM, 19, 21, 12
MM, 17, 21, 12
MM, 16, 22, 13
MM, 16, 23, 36
MM, 16, 24, 48
MM, 14, 25, 35
MM, 14, 27, 110
MM, 14, 28, 11
MM, 14, 29, 25
MM, 15, 29, 276
MM, 16, 28, 25
MM, 17, 28, 12
MM, 18, 27, 12
MM, 19, 27, 12
MM, 20, 25, 13
MM, 21, 21, 11
MM, 24, 19, 12
MM, 26, 17, 13
MM, 27, 16, 12
MM, 28, 15, 11
MM, 28, 14, 60
MM, 30, 14, 122
MM, 31, 14, 12
MM, 489, 585, 12
MM, 5, 14, 12
MM, 19, 14, 11
MM, 25, 14, 13
MM, 525, 585, 11
MM, 1, 14, 12
MM, 2, 14, 13
MM, 5, 15, 11
MM, 5, 16, 24
MM, 5, 17, 72
MM, 5, 18, 12
MM, 1, 18, 205
MM, 0, 18, 120
MM, 2, 18, 72
MM, 4, 18, 13
MM, 10, 16, 12
MM, 32, 7, 12
MM, 3, 6, 12
MM, 588, 570, 12
MM, 611, 565, 12
MM, 14, 28, 13
MM, 32, 24, 11
MM, 5, 19, 66
MM, 8, 9, 2
MM, 16, 9, 5
MM, 24, 9, 12
MM, 29, 9, 12
MM, 32, 9, 12
MM, 33, 9, 12
MM, 33, 10, 37
MM, 34, 10, 47
MM, 34, 11, 12
MM, 737, 545, 17
MM, 738, 545, 7
MM, 738, 546, 12
MM, 742, 546, 12
MM, 747, 546, 12
MM, 756, 546, 12
MM, 763, 546, 13
MM, 769, 545, 11
MM, 765, 552, 603
MM, 746, 556, 12
MM, 16, 27, 11
MM, 33, 0, 12
MM, 15, 3, 13
MM, 3, 4, 12
MM, 28, 6, 12
MM, 17, 7, 12
MM, 7, 9, 12
MM, 30, 12, 12
MM, 21, 14, 12
MM, 18, 14, 11
MM, 15, 14, 12
MM, 9, 14, 13
MM, 4, 14, 12
MM, 1, 14, 12
MM, 565, 585, 13
MM, 30, 14, 12
MM, 26, 13, 12
MM, 25, 13, 11
MM, 23, 12, 12
MM, 22, 12, 12
MM, 21, 11, 12
MM, 20, 10, 24
MM, 19, 10, 12
MM, 18, 10, 13
MM, 16, 10, 12
MM, 13, 10, 12
MM, 7, 10, 12
MM, 1, 10, 12
MM, 530, 581, 12
MM, 528, 581, 12
MM, 527, 581, 36
MM, 525, 581, 23
MM, 29, 11, 25
MM, 28, 12, 12
MM, 26, 14, 12
MM, 24, 15, 12
MM, 23, 15, 13
MM, 22, 16, 12
MM, 21, 18, 13
MM, 19, 18, 11
MM, 18, 18, 25
MM, 10, 15, 228
MM, 488, 586, 11
MM, 16, 11, 13
MM, 0, 10, 12
MM, 29, 10, 12
MM, 23, 10, 12
MM, 18, 10, 12
MM, 17, 10, 12
MM, 18, 10, 132
MM, 20, 10, 36
MM, 20, 11, 24
MM, 20, 12, 12
MM, 21, 12, 12
MM, 22, 12, 12
MM, 22, 11, 13
MM, 29, 7, 11
MM, 454, 578, 12
MM, 11, 11, 13
MM, 21, 13, 12
MM, 29, 14, 12
MM, 490, 585, 12
MM, 490, 587, 12
MM, 491, 587, 36
MM, 493, 588, 49
MM, 1, 17, 24
MM, 1, 18, 12
MM, 1, 19, 24
MM, 0, 19, 96
MM, 493, 590, 12
MM, 491, 590, 12
MM, 489, 590, 12
MM, 31, 18, 12
MM, 29, 18, 13
MM, 27, 18, 11
MM, 24, 18, 12
MM, 22, 18, 12
MM, 20, 18, 12
MM, 19, 18, 13
MM, 18, 18, 48
MM, 18, 17, 47
MM, 21, 17, 206
MM, 25, 15, 12
MM, 28, 15, 11
MM, 30, 15, 13
MM, 488, 586, 12
MM, 5, 17, 12
MM, 19, 19, 12
MM, 0, 20, 12
MM, 16, 20, 12
MM, 565, 591, 12
MM, 2, 18, 12
MM, 10, 15, 12
MM, 23, 14, 12
MM, 33, 14, 12
MM, 0, 14, 12
MM, 6, 14, 11
MM, 11, 14, 13
MM, 12, 14, 12
MM, 14, 14, 12
MM, 16, 14, 12
MM, 17, 14, 12
MM, 18, 14, 12
MM, 20, 14, 12
MM, 25, 15, 12
MM, 28, 15, 13
MM, 30, 15, 12
MM, 642, 586, 11
MM, 642, 587, 13
MM, 643, 587, 24
MM, 644, 587, 24
MM, 646, 587, 12
MM, 647, 587, 24
MM, 0, 16, 13
MM, 0, 15, 71
MM, 1, 15, 25
MM, 2, 15, 13
MM, 3, 15, 35
MM, 4, 15, 24
MM, 4, 14, 36
MM, 5, 14, 24
MM, 6, 14, 48
MC, 1, 241
MM, 5, 15, 36
MM, 2, 21, 14
MM, 644, 597, 10
MM, 640, 602, 12
MM, 17, 0, 12
MM, 11, 5, 12
MM, 6, 9, 12
MM, 615, 622, 12
MM, 612, 625, 12
MM, 29, 19, 12
MM, 27, 20, 12
MM, 22, 23, 12
MM, 20, 24, 12
MM, 19, 24, 13
MM, 18, 25, 36
MM, 18, 27, 13
MM, 15, 28, 12
MM, 13, 30, 13
MM, 12, 30, 10
MM, 592, 639, 11
MM, 591, 639, 13
MM, 588, 640, 12
MM, 585, 640, 12
MM, 582, 642, 12
MM, 8, 0, 13
MM, 2, 2, 11
MM, 569, 648, 13
MM, 565, 648, 12
MM, 34, 4, 12
MM, 33, 4, 11
MM, 33, 5, 85
MM, 32, 5, 48
MM, 32, 6, 12
MM, 31, 7, 61
MM, 31, 8, 24
MM, 30, 8, 25
MM, 29, 9, 10
MM, 28, 9, 12
MM, 27, 9, 24
MM, 25, 9, 12
MM, 24, 9, 13
MM, 23, 9, 11
MM, 22, 9, 12
MM, 22, 6, 146
MM, 19, 5, 12
MM, 11, 5, 11
MM, 30, 3, 12
MM, 27, 3, 12
MM, 3, 30, 13
MM, 27, 25, 12
MM, 0, 21, 12
MM, 44, 19, 12
MM, 34, 16, 12
MM, 21, 15, 12
MM, 7, 13, 11
MM, 272, 621, 13
MM, 266, 621, 12
MM, 263, 620, 12
MM, 261, 620, 12
MM, 260, 620, 12
MM, 259, 620, 12
MM, 259, 619, 12
MM, 259, 618, 12
MM, 260, 618, 24
MM, 261, 618, 12
MM, 261, 617, 24
MM, 262, 617, 12
MM, 262, 616, 12
MM, 262, 615, 13
MM, 264, 615, 11
MM, 265, 614, 12
MM, 267, 614, 14
MM, 270, 614, 10
MM, 4, 6, 13
MM, 9, 6, 12
MM, 12, 6, 11
MM, 17, 7, 12
MM, 20, 7, 12
MM, 22, 8, 13
MM, 24, 8, 11
MM, 26, 9, 12
MM, 29, 10, 13
MM, 31, 10, 12
MM, 33, 10, 11
MM, 34, 11, 13
MM, 37, 11, 12
MM, 39, 11, 13
MM, 40, 12, 12
MM, 41, 12, 11
MM, 43, 12, 13
MM, 47, 12, 12
MM, 50, 12, 12
MM, 336, 620, 12
MM, 5, 12, 11
MM, 9, 12, 12
MM, 12, 12, 13
MM, 13, 12, 12
MM, 14, 12, 24
MM, 16, 12, 72
MM, 17, 12, 26
MM, 18, 12, 23
MM, 19, 12, 24
MC, 1, 145
MM, 22, 12, 23
MM, 26, 10, 12
MM, 24, 5, 12
MM, 474, 605, 12
MM, 10, 30, 12
MM, 25, 25, 13
MM, 529, 595, 11
MM, 13, 20, 12
MM, 27, 19, 12
MM, 2, 16, 12
MM, 9, 13, 12
MM, 17, 11, 13
MM, 24, 9, 12
MM, 29, 8, 11
MM, 30, 8, 13
MM, 31, 8, 37
MM, 32, 8, 11
MM, 33, 8, 24
MM, 34, 8, 61
MM, 34, 9, 61
MM, 33, 9, 12
MM, 31, 10, 11
MM, 29, 11, 13
MM, 27, 12, 11
MM, 25, 12, 12
MM, 23, 13, 12
MM, 22, 13, 12
MM, 20, 13, 25
MM, 19, 11, 252
MM, 17, 11, 12
MM, 11, 9, 12
MM, 4, 9, 11
MM, 564, 580, 12
MM, 29, 9, 13
MM, 21, 8, 13
MM, 18, 8, 11
MM, 15, 8, 12
MM, 13, 8, 12
MM, 12, 8, 12
MM, 11, 8, 12
MM, 10, 8, 24
MM, 9, 8, 13
MM, 8, 8, 12
MM, 7, 8, 23
MM, 5, 9, 13
MM, 530, 581, 12
MM, 526, 582, 12
MM, 525, 582, 12
MM, 30, 11, 12
MM, 29, 11, 24
MM, 28, 11, 11
MM, 26, 12, 113
MM, 16, 14, 1
MM, 16, 15, 20
MM, 15, 13, 216
MM, 14, 13, 12
MM, 11, 13, 12
MM, 28, 13, 12
MM, 9, 13, 13
MM, 22, 13, 12
MM, 0, 15, 12
MM, 29, 15, 11
MM, 17, 15, 13
MM, 3, 17, 11
MM, 368, 590, 13
MM, 30, 21, 12
MM, 22, 22, 12
MM, 17, 25, 12
MM, 16, 25, 12
MM, 15, 25, 24
MM, 15, 26, 24
MM, 14, 27, 24
MM, 13, 28, 12
MM, 11, 29, 12
MM, 10, 29, 12
MM, 13, 29, 85
MM, 16, 29, 24
MM, 20, 30, 13
MM, 24, 30, 12
MM, 360, 602, 11
MM, 362, 603, 12
MM, 364, 604, 13
MM, 366, 605, 11
MM, 368, 606, 12
MM, 372, 606, 11
MM, 373, 607, 13
MM, 374, 608, 12
MM, 376, 608, 12
MM, 377, 608, 25
MM, 378, 608, 24
MM, 378, 609, 12
MM, 379, 610, 35
MM, 0, 2, 13
MM, 0, 3, 12
MM, 1, 3, 23
MM, 2, 4, 13
MM, 3, 4, 11
MM, 4, 4, 13
MM, 6, 4, 24
MM, 6, 6, 12
MM, 7, 6, 12
MM, 8, 6, 12
MM, 9, 6, 12
MM, 9, 7, 12
MM, 10, 7, 12
MM, 11, 7, 41
MC, 1, 140
MM, 14, 10, 48
MM, 24, 12, 12
MM, 417, 624, 12
MM, 7, 24, 12
MM, 439, 640, 12
MM, 3, 5, 12
MM, 10, 12, 11
MM, 15, 18, 13
MM, 18, 21, 12
MM, 18, 24, 13
MM, 19, 26, 11
MM, 19, 30, 12
MM, 468, 676, 12
MM, 468, 677, 12
MM, 468, 678, 12
MM, 468, 680, 13
MM, 67, 0, 12
MM, 67, 2, 12
MM, 67, 3, 12
MM, 67, 4, 24
MM, 67, 5, 37
MM, 67, 7, 24
MM, 67, 2, 276
MM, 67, 0, 13
MM, 467, 681, 11
MM, 467, 678, 13
MM, 16, 30, 11
MM, 16, 27, 12
MM, 15, 25, 13
MM, 11, 24, 11
MM, 8, 23, 12
MM, 3, 19, 12
MM, 445, 661, 13
MM, 29, 12, 12
MM, 25, 10, 11
MM, 22, 9, 13
MM, 21, 9, 13
MM, 20, 9, 11
MM, 19, 9, 133
MM, 18, 9, 73
MM, 18, 7, 155
MM, 17, 7, 13
MM, 14, 6, 11
MM, 12, 6, 12
MM, 9, 3, 12
MM, 405, 644, 12
MM, 12, 30, 13
MM, 376, 631, 12
MM, 25, 22, 12
MM, 18, 18, 12
MM, 16, 18, 12
MM, 14, 17, 11
MM, 13, 16, 25
MM, 11, 15, 12
MM, 10, 14, 24
MM, 10, 13, 12
MM, 8, 12, 12
MM, 5, 11, 12
MM, 5, 9, 12
MM, 4, 9, 12
MM, 3, 9, 12
MM, 3, 8, 13
MM, 4, 8, 144
MM, 5, 9, 12
MM, 6, 9, 12
MM, 8, 10, 12
MM, 9, 10, 12
MM, 9, 11, 12
MM, 10, 12, 13
MM, 11, 13, 23
MC, 1, 205
MM, 12, 13, 12
MM, 16, 13, 12
MM, 25, 13, 11
MM, 0, 13, 13
MM, 27, 13, 12
MM, 20, 15, 12
MM, 16, 15, 12
MM, 14, 21, 12
MM, 30, 21, 12
MM, 2, 25, 12
MM, 20, 26, 12
MM, 23, 27, 11
MM, 31, 30, 14
MM, 578, 639, 11
MM, 586, 642, 12
MM, 25, 1, 12
MM, 30, 3, 12
MM, 33, 4, 12
MM, 34, 5, 13
MM, 36, 6, 24
MM, 37, 6, 12
MM, 37, 7, 12
MM, 37, 8, 11
MM, 37, 9, 25
MM, 37, 11, 12
MM, 35, 11, 12
MM, 34, 11, 12
MM, 32, 11, 74
MM, 29, 11, 11
MM, 25, 12, 12
MM, 19, 14, 11
MM, 11, 16, 12
MM, 7, 16, 13
MM, 5, 17, 11
MM, 1, 17, 13
MM, 567, 663, 12
MM, 564, 663, 12
MM, 34, 18, 12
MM, 33, 18, 12
MM, 31, 18, 12
MM, 30, 18, 36
MC, 1, 277
MC, 2, 205
MM, 31, 18, 24
MM, 31, 17, 11
MM, 31, 16, 13
MM, 31, 15, 24
MM, 32, 13, 12
MM, 564, 651, 12
MM, 5, 0, 12
MM, 1, 30, 13
MM, 8, 24, 11
MM, 16, 17, 12
MM, 25, 12, 12
MM, 612, 618, 12
MM, 2, 4, 13
MM, 12, 2, 11
MM, 19, 0, 13
MM, 639, 607, 12
MM, 640, 607, 12
MM, 641, 607, 85
MM, 643, 607, 24
MM, 644, 607, 24
MM, 644, 606, 47
MM, 645, 605, 12
MM, 647, 603, 12
MM, 650, 602, 12
MM, 7, 27, 13
MM, 9, 22, 11
MM, 13, 20, 12
MM, 15, 18, 12
MM, 16, 17, 13
MM, 17, 17, 11
MC, 1, 326
MM, 16, 17, 12
MM, 15, 17, 11
MM, 11, 17, 13
MM, 643, 587, 12
MM, 20, 16, 12
MM, 10, 16, 12
MM, 605, 587, 12
MM, 23, 16, 13
MM, 13, 16, 12
MM, 8, 17, 12
MM, 568, 589, 10
MM, 19, 20, 14
MM, 9, 20, 12
MM, 528, 591, 11
MM, 26, 20, 12
MM, 18, 20, 13
MM, 15, 20, 11
MM, 14, 20, 12
MM, 14, 19, 73
MM, 14, 18, 24
MM, 14, 17, 24
MM, 14, 16, 48
MM, 19, 16, 229
MM, 21, 18, 12
MM, 21, 19, 12
MM, 21, 21, 12
MM, 17, 25, 12
MM, 498, 602, 12
MM, 489, 607, 12
MM, 22, 2, 12
MM, 11, 9, 13
MM, 2, 16, 11
MM, 460, 631, 12
MM, 450, 643, 13
MM, 445, 650, 12
MM, 31, 14, 12
MM, 31, 18, 12
MM, 31, 21, 184
MM, 31, 29, 1
MM, 32, 29, 43
MM, 32, 30, 37
MM, 441, 678, 12
MM, 42, 1, 12
MM, 42, 4, 12
MM, 42, 6, 12
MM, 43, 7, 26
MM, 43, 8, 11
MM, 43, 9, 24
MM, 39, 2, 252
MM, 36, 0, 23
MM, 435, 678, 13
MM, 23, 30, 13
MM, 20, 27, 11
MM, 17, 23, 12
MM, 12, 21, 13
MM, 9, 17, 12
MM, 8, 15, 12
MM, 7, 15, 24
MM, 6, 14, 36
MM, 5, 14, 36
MM, 7, 13, 192
MM, 7, 11, 12
MM, 10, 7, 13
MM, 12, 0, 12
MM, 4, 30, 12
MM, 7, 19, 11
MM, 20, 13, 13
MM, 27, 8, 12
MM, 29, 6, 12
MM, 30, 6, 12
MM, 31, 5, 12
MM, 32, 5, 24
MM, 34, 4, 12
MM, 460, 608, 12
MM, 470, 606, 12
MM, 475, 603, 12
MM, 477, 603, 13
MM, 480, 603, 12
MM, 481, 602, 48
MM, 28, 29, 12
MM, 491, 596, 12
MM, 0, 25, 11
MM, 492, 596, 109
MM, 491, 596, 25
MM, 491, 595, 11
MM, 490, 595, 99
MM, 490, 596, 23
MM, 489, 596, 11
MM, 31, 25, 12
MM, 30, 25, 12
MM, 29, 25, 11
MM, 28, 25, 13
MM, 27, 25, 12
MM, 26, 24, 38
MM, 24, 24, 11
MM, 23, 24, 47
MM, 22, 23, 12
MM, 27, 23, 181
MM, 31, 23, 12
MM, 11, 23, 12
MM, 25, 23, 12
MM, 527, 594, 11
MM, 6, 23, 24
MM, 16, 23, 1
MM, 22, 23, 11
MM, 29, 21, 13
MM, 31, 21, 12
MM, 32, 21, 24
MM, 564, 592, 24
MM, 566, 592, 37
MM, 567, 592, 11
MM, 567, 591, 13
MM, 568, 591, 12
MM, 569, 591, 35
MM, 568, 591, 122
MM, 567, 591, 12
MM, 566, 591, 12
MM, 565, 591, 11
MM, 564, 591, 25
MM, 32, 20, 12
MM, 31, 20, 12
MM, 29, 20, 12
MM, 28, 20, 11
MM, 27, 20, 49
MM, 30, 20, 241
MM, 30, 21, 12
MM, 29, 25, 12
MM, 26, 29, 12
MM, 13, 1, 12
MM, 2, 11, 12
MM, 536, 630, 12
MM, 526, 639, 12
MM, 33, 1, 12
MM, 26, 6, 12
MM, 21, 8, 12
MM, 18, 10, 12
MM, 16, 12, 13
MM, 14, 14, 32
MM, 11, 17, 1
MM, 10, 17, 2
MM, 9, 17, 13
MM, 8, 18, 12
MM, 7, 18, 12
MM, 7, 19, 12
MM, 6, 19, 60
MM, 6, 20, 48
MM, 5, 22, 37
MM, 5, 24, 13
MM, 3, 27, 10
MM, 488, 677, 13
MM, 485, 679, 12
MM, 485, 680, 12
MM, 484, 681, 12
MM, 84, 0, 24
MM, 84, 1, 49
MM, 85, 1, 11
MM, 487, 679, 229
MM, 488, 677, 24
MM, 3, 30, 12
MM, 3, 29, 12
MM, 4, 28, 12
MM, 5, 27, 24
MM, 7, 25, 12
MM, 9, 20, 12
MM, 15, 15, 12
MM, 22, 7, 12
MM, 26, 4, 12
MM, 28, 3, 13
MM, 28, 2, 11
MM, 27, 2, 72
MM, 26, 2, 24
MM, 26, 3, 73
MM, 21, 7, 265
MM, 18, 7, 12
MM, 5, 6, 12
MM, 8, 6, 12
MM, 11, 6, 12
MM, 23, 0, 12
MM, 372, 640, 12
MM, 17, 25, 12
MM, 8, 21, 13
MM, 4, 17, 11
MM, 2, 15, 12
MM, 0, 13, 12
MM, 338, 616, 12
MM, 337, 613, 12
MM, 337, 608, 12
MM, 337, 607, 24
MM, 337, 606, 49
MM, 338, 605, 12
MM, 341, 603, 12
MM, 343, 602, 12
MM, 14, 29, 12
MM, 20, 24, 12
MM, 27, 21, 12
MM, 34, 20, 12
MM, 371, 589, 12
MM, 6, 17, 12
MM, 16, 17, 12
MM, 28, 17, 13
MM, 412, 590, 11
MM, 3, 19, 13
MM, 7, 20, 12
MM, 11, 21, 12
MM, 15, 21, 12
MM, 18, 22, 12
MM, 19, 23, 12
MM, 23, 23, 12
MM, 26, 23, 13
MM, 27, 23, 11
MM, 27, 24, 12
MM, 28, 24, 24
MM, 27, 24, 180
MM, 26, 23, 12
MM, 24, 23, 12
MM, 23, 23, 12
MM, 22, 23, 12
MM, 21, 23, 25
MM, 21, 22, 11
MM, 19, 22, 26
MM, 19, 21, 12
MM, 16, 21, 168
MM, 16, 22, 11
MM, 16, 23, 25
MM, 15, 24, 12
MM, 15, 26, 12
MM, 13, 28, 12
MM, 12, 30, 12
MM, 426, 605, 12
MM, 3, 1, 12
MM, 3, 5, 12
MM, 3, 9, 13
MM, 2, 12, 11
MM, 2, 18, 12
MM, 420, 633, 13
MM, 420, 639, 11
MM, 420, 643, 13
MM, 420, 644, 12
MM, 13, 0, 122
MM, 19, 2, 3
MM, 20, 2, 7
MM, 22, 2, 12
MM, 22, 3, 13
MM, 22, 4, 11
MM, 22, 6, 25
MM, 22, 8, 13
MM, 24, 9, 11
MM, 25, 9, 13
MM, 25, 10, 12
MM, 25, 11, 11
MM, 25, 12, 24
MM, 26, 13, 24
MM, 19, 9, 277
MM, 17, 8, 12
MM, 15, 7, 12
MM, 13, 6, 11
MM, 10, 5, 13
MM, 4, 4, 12
MM, 404, 647, 12
MM, 392, 644, 12
MM, 377, 641, 12
MM, 26, 30, 13
MM, 16, 29, 11
MM, 9, 27, 13
MM, 6, 26, 11
MM, 4, 24, 12
MM, 3, 23, 12
MM, 3, 22, 37
MM, 3, 21, 49
MM, 4, 21, 108
MM, 4, 20, 36
MM, 5, 20, 47
MM, 7, 20, 157
MM, 8, 20, 24
MM, 9, 20, 12
MM, 10, 20, 12
MM, 11, 20, 24
MM, 13, 20, 13
MM, 15, 20, 12
MM, 23, 18, 11
MM, 33, 15, 12
MM, 10, 12, 13
MM, 1, 8, 12
MM, 28, 4, 12
MM, 495, 607, 12
MM, 29, 30, 12
MM, 6, 29, 12
MM, 13, 26, 12
MM, 19, 26, 12
MM, 21, 25, 12
MM, 23, 25, 13
MM, 24, 25, 11
MM, 26, 25, 12
MM, 26, 24, 12
MM, 27, 24, 12
MM, 28, 24, 12
MM, 29, 24, 13
MM, 30, 24, 11
MM, 32, 23, 12
MM, 564, 593, 12
MM, 566, 593, 12
MM, 568, 593, 12
MM, 568, 592, 134
MM, 568, 591, 23
MM, 568, 590, 111
MM, 568, 589, 24
MM, 569, 588, 11
MM, 2, 16, 12
MM, 3, 16, 23
MM, 4, 16, 24
MM, 5, 16, 12
MM, 6, 16, 49
MM, 7, 16, 36
MM, 3, 17, 252
MM, 1, 17, 25
MM, 569, 589, 11
MM, 565, 589, 12
MM, 564, 589, 12
MM, 25, 21, 13
MM, 14, 22, 11
MM, 0, 27, 13
MM, 21, 30, 12
MM, 486, 605, 12
MM, 445, 607, 12
MM, 31, 1, 12
MM, 13, 1, 11
MM, 34, 1, 13
MM, 25, 4, 12
MM, 17, 6, 12
MM, 14, 6, 12
MM, 12, 6, 12
MM, 10, 6, 12
MM, 8, 7, 12
MM, 5, 8, 12
MM, 0, 10, 12
MM, 336, 618, 12
MM, 335, 618, 12
MM, 334, 618, 13
MM, 333, 618, 11
MM, 57, 10, 13
MM, 56, 10, 11
MM, 57, 10, 97
MM, 333, 618, 12
MM, 334, 618, 12
MM, 336, 618, 12
MM, 337, 618, 12
MM, 0, 10, 12
MM, 6, 10, 12
MM, 13, 10, 12
MM, 16, 10, 12
MM, 19, 10, 12
MM, 22, 10, 12
MM, 24, 10, 12
MM, 25, 10, 13
MM, 27, 10, 11
MM, 28, 10, 36
MM, 30, 10, 38
MM, 31, 10, 12
MM, 32, 11, 12
MM, 33, 11, 12
MM, 34, 11, 12
MM, 374, 619, 11
MM, 375, 619, 24
MM, 378, 619, 12
MM, 3, 11, 12
MM, 6, 11, 24
MM, 7, 11, 12
MM, 8, 11, 24
MM, 10, 12, 13
MM, 11, 12, 36
MM, 12, 12, 72
MM, 16, 11, 156
MM, 26, 10, 12
MM, 32, 8, 12
MM, 419, 615, 12
MM, 6, 6, 13
MM, 8, 6, 12
MM, 11, 6, 11
MM, 13, 6, 12
MM, 14, 6, 25
MM, 16, 5, 13
MM, 18, 4, 10
MM, 19, 4, 13
MM, 20, 3, 12
MM, 21, 1, 36
MM, 21, 0, 24
MM, 441, 607, 108
MM, 440, 607, 13
MM, 437, 606, 11
MM, 436, 605, 12
MM, 433, 603, 12
MM, 17, 30, 12
MM, 16, 29, 13
MM, 16, 28, 123
MM, 15, 24, 1
MC, 1, 262
MM, 16, 25, 47
MM, 16, 27, 24
MM, 16, 29, 12
MM, 16, 30, 12
MM, 431, 602, 12
MM, 431, 606, 13
MM, 10, 1, 11
MM, 13, 6, 13
MM, 15, 10, 12
MM, 19, 16, 12
MM, 21, 21, 11
MM, 23, 24, 13
MM, 24, 27, 12
MM, 24, 30, 12
MM, 446, 639, 12
MM, 446, 642, 12
MM, 446, 647, 12
MM, 446, 653, 12
MM, 446, 655, 12
MM, 446, 658, 12
MM, 446, 660, 12
MM, 446, 661, 12
MM, 446, 662, 12
MM, 446, 664, 25
MM, 446, 665, 11
MM, 446, 666, 12
MM, 446, 667, 24
MM, 446, 668, 37
MM, 445, 668, 36
MM, 443, 670, 11
MM, 443, 671, 12
MM, 33, 27, 13
MM, 33, 29, 11
MM, 440, 676, 13
MM, 440, 678, 11
MM, 40, 0, 13
MM, 40, 2, 11
MM, 40, 3, 12
MM, 40, 4, 13
MM, 40, 6, 11
MM, 40, 7, 63
MM, 40, 1, 287
MM, 41, 1, 13
MM, 442, 681, 11
MM, 444, 676, 12
MM, 445, 671, 13
MM, 4, 17, 11
MM, 17, 6, 12
MM, 475, 643, 13
MM, 16, 28, 12
MM, 23, 21, 11
MM, 27, 16, 13
MM, 28, 12, 12
MM, 494, 617, 313
MM, 495, 614, 78
MM, 22, 7, 3
MM, 23, 7, 27
MM, 23, 5, 12
MM, 23, 3, 12
MM, 519, 570, 12
MM, 519, 569, 97
MM, 519, 567, 12
MM, 22, 28, 11
MM, 22, 27, 13
MM, 21, 29, 35
MM, 517, 565, 12
MM, 516, 567, 13
MM, 515, 568, 12
MM, 515, 569, 25
MM, 20, 0, 24
MM, 20, 2, 11
MM, 20, 4, 12
MM, 19, 5, 13
MM, 18, 6, 11
MM, 17, 8, 12
MM, 17, 9, 13
MM, 17, 10, 11
MM, 17, 11, 25
MM, 17, 12, 48
MM, 17, 13, 12
MM, 17, 14, 12
MM, 17, 12, 240
MM, 19, 13, 37
MM, 21, 16, 11
MM, 25, 19, 13
MM, 27, 22, 12
MM, 525, 596, 12
MM, 528, 599, 12
MM, 0, 30, 11
MM, 533, 603, 13
MM, 535, 604, 12
MM, 536, 606, 12
MM, 536, 607, 12
MM, 537, 608, 12
MM, 537, 609, 37
MM, 538, 609, 24
MM, 538, 610, 60
MM, 1, 3, 12
MM, 6, 6, 12
MM, 9, 9, 12
MM, 12, 13, 12
MM, 13, 14, 23
MM, 14, 14, 24
MM, 15, 14, 73
MM, 15, 9, 266
MM, 14, 8, 12
MM, 12, 7, 11
MM, 9, 6, 12
MM, 7, 4, 13
MM, 4, 3, 11
MM, 539, 609, 13
MM, 530, 606, 12
MM, 510, 606, 12
MM, 494, 603, 12
MM, 24, 30, 11
MM, 16, 29, 14
MM, 9, 27, 11
MM, 455, 598, 12
MM, 32, 28, 12
MM, 20, 28, 12
MM, 13, 28, 12
MM, 7, 28, 12
MM, 1, 28, 11
MM, 411, 599, 13
MM, 410, 599, 13
MM, 409, 599, 12
MM, 36, 28, 11
MM, 409, 599, 49
MM, 410, 599, 14
MM, 411, 599, 22
MM, 412, 599, 11
MM, 413, 599, 37
MM, 414, 599, 36
MM, 0, 28, 11
MM, 3, 28, 13
MM, 5, 27, 12
MM, 5, 26, 12
MM, 6, 25, 12
MM, 7, 25, 12
MM, 8, 24, 36
MM, 9, 24, 25
MM, 10, 24, 11
MM, 11, 23, 12
MM, 16, 23, 207
MM, 19, 23, 10
MM, 21, 22, 13
MM, 23, 22, 12
MM, 26, 22, 12
MM, 29, 21, 12
MM, 32, 20, 12
MM, 33, 19, 24
MM, 450, 590, 12
MM, 451, 590, 12
MM, 452, 590, 12
MM, 453, 590, 12
MM, 453, 589, 12
MM, 454, 589, 12
MM, 455, 589, 48
MM, 0, 18, 48
MM, 1, 18, 37
MC, 1, 217
MM, 455, 589, 35
MM, 454, 589, 13
MM, 453, 589, 11
MM, 452, 589, 25
MM, 451, 589, 11
MM, 450, 589, 12
MM, 34, 18, 12
MM, 33, 18, 12
MM, 32, 18, 12
MM, 30, 18, 25
MM, 29, 18, 12
MM, 28, 18, 12
MM, 26, 18, 12
MM, 25, 18, 12
MM, 24, 18, 48
MM, 23, 18, 37
MM, 21, 18, 36
MM, 27, 18, 181
MM, 30, 19, 23
MM, 31, 20, 13
MM, 31, 21, 12
MM, 32, 25, 12
MM, 33, 28, 12
MM, 450, 604, 12
MM, 450, 607, 12
MM, 30, 4, 12
MM, 32, 12, 12
MM, 33, 17, 12
MM, 34, 24, 12
MM, 34, 28, 12
MM, 456, 641, 12
MM, 456, 644, 12
MM, 7, 3, 13
MM, 7, 5, 11
MM, 6, 7, 12
MM, 6, 9, 12
MM, 6, 11, 12
MM, 6, 12, 12
MM, 7, 13, 12
MM, 7, 14, 24
MM, 7, 15, 12
MM, 8, 15, 12
MM, 8, 17, 12
MM, 8, 20, 12
MM, 8, 21, 11
MM, 8, 24, 13
MM, 7, 30, 12
MM, 456, 681, 12
MM, 51, 8, 13
MM, 49, 10, 12
MM, 48, 11, 12
MM, 48, 13, 11
MM, 47, 13, 12
MM, 47, 14, 12
MM, 48, 14, 134
MM, 49, 14, 24
MM, 50, 14, 60
MM, 52, 10, 168
MM, 56, 9, 12
MM, 60, 7, 14
MM, 66, 4, 11
MM, 75, 2, 11
MM, 484, 678, 13
MM, 5, 25, 12
MM, 20, 15, 11
MM, 33, 5, 60
MM, 27, 9, 1
MM, 34, 5, 12
MM, 579, 610, 12
MM, 0, 0, 11
MM, 1, 0, 25
MM, 582, 607, 24
MM, 583, 607, 13
MM, 584, 606, 11
MM, 585, 605, 12
MM, 18, 29, 25
MM, 20, 28, 12
MM, 22, 25, 11
MM, 27, 20, 13
MM, 32, 17, 12
MM, 34, 16, 11
MM, 605, 586, 13
MM, 606, 586, 13
MM, 607, 586, 47
MM, 608, 586, 12
MM, 609, 586, 12
MM, 0, 14, 12
MM, 2, 14, 12
MM, 4, 14, 12
MM, 6, 14, 12
MM, 9, 14, 13
MM, 11, 14, 11
MM, 12, 14, 12
MM, 12, 13, 96
MM, 10, 12, 254
MM, 2, 12, 12
MM, 31, 12, 11
MM, 19, 13, 12
MM, 3, 15, 13
MM, 564, 587, 12
MM, 23, 17, 12
MM, 16, 20, 12
MM, 7, 23, 12
MM, 528, 596, 12
MM, 26, 27, 12
MM, 505, 602, 12
MM, 489, 603, 12
MM, 471, 606, 12
MM, 459, 606, 12
MM, 451, 606, 12
MM, 25, 0, 13
MM, 23, 1, 11
MM, 22, 1, 12
MM, 21, 1, 13
MM, 20, 1, 12
MM, 18, 1, 12
MM, 17, 2, 36
MM, 16, 2, 12
MM, 12, 4, 12
MM, 10, 5, 12
MM, 9, 5, 24
MM, 9, 6, 37
MM, 8, 7, 12
MM, 8, 8, 12
MM, 5, 10, 13
MM, 3, 11, 16
MM, 1, 12, 7
MM, 0, 14, 12
MM, 415, 623, 11
MM, 26, 17, 12
MM, 16, 20, 12
MM, 6, 20, 12
MM, 378, 628, 13
MM, 32, 19, 12
MM, 26, 19, 11
MM, 23, 18, 13
MM, 23, 17, 83
MM, 24, 17, 49
MM, 25, 17, 24
MM, 27, 17, 12
MM, 29, 17, 13
MM, 30, 17, 12
MM, 32, 17, 13
MM, 376, 624, 10
MM, 378, 622, 13
MM, 1, 14, 12
MM, 3, 14, 12
MM, 4, 14, 11
MM, 6, 14, 13
MM, 8, 14, 36
MM, 9, 14, 12
MM, 9, 12, 11
MM, 11, 12, 12
MM, 12, 11, 25
MM, 13, 11, 12
MM, 14, 11, 48
MM, 9, 22, 1647
MM, 159, 5, 691
MM, 160, 5, 24
MC, 1, 1922
MM, 560, 50, 1
MM, 560, 49, 102
MM, 560, 46, 143
MM, 560, 45, 35
MM, 558, 45, 36
MM, 555, 45, 12
MM, 545, 43, 13
MM, 527, 44, 11
MM, 509, 49, 13
MM, 488, 56, 11
MM, 472, 61, 13
MM, 434, 67, 12
MM, 399, 74, 12
MM, 382, 79, 13
MM, 366, 84, 11
MM, 352, 87, 12
MM, 588, 519, 11
MM, 575, 524, 13
MM, 567, 527, 12
MM, 554, 532, 12
MM, 5, 4, 12
MM, 34, 10, 12
MM, 21, 17, 12
MM, 10, 21, 12
MM, 3, 27, 12
MM, 492, 568, 12
MM, 31, 3, 13
MM, 26, 8, 12
MM, 24, 10, 11
MM, 20, 14, 12
MM, 20, 16, 13
MM, 18, 18, 12
MM, 16, 21, 12
MM, 14, 27, 12
MM, 468, 602, 11
MM, 5, 3, 14
MM, 5, 9, 11
MM, 2, 14, 12
MM, 461, 635, 12
MM, 8, 0, 12
MM, 448, 662, 12
MM, 21, 19, 326
MM, 11, 22, 13
MM, 6, 23, 12
MM, 4, 24, 12
MM, 3, 24, 12
MM, 3, 25, 71
MM, 3, 26, 48
MM, 4, 26, 133
MM, 6, 26, 12
MM, 12, 26, 12
MM, 24, 25, 12
MM, 7, 22, 14
MM, 26, 20, 10
MM, 7, 18, 12
MM, 18, 18, 12
MM, 26, 18, 11
MM, 29, 18, 13
MM, 30, 18, 11
MM, 31, 18, 13
MM, 31, 19, 48
MM, 31, 20, 146
MM, 31, 21, 48
MM, 31, 22, 47
MM, 31, 23, 36
MM, 30, 23, 25
MM, 30, 24, 13
MM, 30, 26, 11
MM, 30, 27, 12
MM, 29, 29, 11
MM, 517, 677, 25
MM, 517, 679, 12
MM, 516, 681, 12
MM, 515, 681, 84
MP, 1, 85
MR, 1, 168
MC, 1, 0
MM, 515, 680, 96
MM, 510, 680, 138
MM, 500, 680, 8
MM, 496, 681, 11
MM, 61, 2, 37
MM, 47, 2, 16
MM, 31, 2, 10
MM, 17, 2, 9
MM, 1, 0, 12
MM, 387, 682, 14
MM, 369, 682, 9
MM, 349, 682, 13
MM, 331, 680, 13
MM, 317, 680, 15
MM, 305, 681, 8
MM, 291, 684, 12
MM, 278, 684, 12
MM, 268, 687, 16
MM, 258, 687, 8
MM, 253, 687, 13
MM, 252, 687, 13
MM, 252, 686, 11
MM, 253, 686, 131
MM, 254, 686, 158
MM, 255, 686, 12
MM, 256, 686, 36
MM, 257, 686, 24
MM, 257, 685, 12
MM, 259, 685, 12
MM, 261, 684, 12
MM, 269, 684, 12
MM, 279, 684, 12
MM, 10, 27, 60
MM, 16, 27, 12
MM, 18, 27, 13
MM, 19, 27, 11
MM, 19, 26, 280
MM, 19, 25, 33
MM, 19, 24, 41
MM, 19, 22, 8
MM, 19, 20, 12
MM, 20, 6, 12
MM, 24, 16, 12
MM, 8, 25, 11
MM, 19, 5, 12
MM, 29, 19, 14
MM, 415, 533, 10
MM, 425, 516, 13
MM, 182, 77, 13
MM, 190, 70, 12
MM, 197, 61, 12
MM, 204, 59, 12
MM, 208, 58, 12
MM, 214, 54, 12
MM, 219, 50, 12
MM, 226, 48, 13
MM, 229, 47, 12
MM, 230, 45, 11
MM, 232, 42, 11
MM, 235, 40, 12
MM, 239, 38, 13
MM, 241, 37, 11
MM, 243, 35, 13
MM, 248, 32, 12
MM, 251, 30, 12
MM, 254, 28, 12
MM, 259, 27, 12
MM, 261, 26, 12
MM, 266, 25, 12
MM, 269, 24, 12
MM, 275, 24, 24
MM, 276, 24, 12
MM, 277, 24, 24
MM, 278, 24, 61
MM, 280, 24, 11
MM, 284, 38, 501
MM, 287, 45, 2
MC, 1, 1479
MM, 268, 49, 1928
MM, 225, 53, 12
MM, 179, 56, 12
MM, 141, 52, 12
MM, 77, 38, 13
MM, 25, 11, 11
MM, 231, 405, 12
MM, 185, 370, 12
MM, 144, 320, 14
MM, 115, 257, 11
MM, 94, 207, 13
MM, 79, 165, 11
MM, 71, 114, 12
MM, 69, 76, 12
MM, 69, 44, 14
MM, 334, 44, 540
MM, 558, 607, 254
MM, 548, 604, 168
MM, 528, 599, 12
MM, 17, 20, 12
MM, 2, 8, 12
MM, 481, 567, 12
MM, 12, 20, 12
MM, 2, 5, 12
MM, 209, 36, 560
MM, 567, 387, 16
MM, 568, 387, 3
MM, 560, 388, 132
MM, 548, 388, 14
MM, 540, 388, 10
MM, 533, 387, 28
MM, 533, 386, 20
MM, 533, 385, 11
MM, 535, 384, 25
MM, 536, 384, 13
MM, 537, 384, 11
MM, 541, 384, 13
MM, 545, 384, 11
MM, 549, 390, 12
MM, 556, 392, 13
MM, 560, 397, 12
MM, 564, 406, 14
MM, 567, 417, 10
MM, 569, 425, 12
MM, 319, 8, 12
MM, 319, 12, 14
MM, 319, 20, 9
MM, 319, 28, 13
MM, 317, 37, 12
MM, 316, 41, 12
MM, 315, 44, 12
MM, 315, 45, 13
MM, 314, 45, 24
MM, 314, 46, 36
MM, 314, 47, 12
MM, 313, 46, 108
MM, 311, 44, 291
MM, 311, 43, 12
MM, 311, 46, 48
MM, 302, 57, 427
MM, 528, 595, 2
MM, 529, 601, 1
MM, 531, 606, 2
MM, 32, 6, 12
MM, 32, 9, 12
MM, 33, 15, 15
MM, 33, 20, 11
MM, 34, 26, 10
MM, 533, 639, 12
MM, 534, 643, 12
MM, 5, 1, 12
MM, 5, 5, 12
MM, 5, 7, 12
MM, 5, 10, 13
MM, 5, 13, 12
MM, 5, 15, 351
MM, 5, 16, 22
MM, 5, 17, 60
MM, 6, 17, 181
MM, 7, 17, 36
MM, 8, 17, 24
MM, 9, 17, 24
MM, 10, 17, 24
MM, 10, 16, 13
MM, 11, 16, 11
MM, 12, 16, 60
MM, 13, 16, 13
MM, 14, 16, 348
MM, 16, 10, 302
MM, 23, 4, 12
MM, 558, 644, 14
MM, 563, 641, 10
MM, 566, 639, 13
MM, 31, 26, 11
MM, 34, 24, 13
MM, 578, 631, 11
MM, 580, 630, 12
MM, 2, 20, 12
MM, 5, 18, 12
MM, 6, 16, 13
MM, 7, 16, 11
MM, 9, 15, 13
MM, 11, 15, 12
MM, 12, 15, 11
MM, 13, 15, 13
MM, 14, 15, 12
MM, 14, 14, 12
MM, 14, 13, 17
MM, 15, 13, 9
MM, 16, 12, 9
MM, 16, 11, 13
MM, 17, 10, 11
MM, 19, 10, 13
MM, 19, 9, 12
MM, 20, 9, 12
MM, 21, 9, 37
MM, 21, 8, 13
MM, 22, 8, 23
MM, 22, 7, 12
MM, 26, 5, 54
MM, 27, 5, 6
MM, 27, 4, 11
MM, 28, 4, 49
MM, 29, 4, 24
MM, 30, 4, 12
MM, 612, 612, 24
MM, 613, 612, 12
MM, 614, 611, 12
MM, 614, 610, 37
MM, 615, 610, 96
MM, 615, 609, 12
MM, 617, 609, 13
MM, 621, 607, 11
MM, 622, 605, 12
MM, 13, 30, 12
MM, 15, 29, 12
MM, 16, 28, 12
MM, 17, 28, 12
MM, 17, 27, 12
MM, 17, 25, 24
MM, 18, 24, 13
MM, 19, 23, 11
MM, 21, 21, 12
MM, 22, 19, 13
MM, 24, 16, 12
MM, 25, 13, 12
MM, 29, 8, 12
MM, 642, 576, 12
MM, 644, 576, 12
MM, 646, 575, 12
MM, 0, 4, 13
MM, 2, 3, 11
MM, 3, 3, 12
MM, 4, 3, 12
MM, 5, 3, 24
MM, 6, 3, 12
MM, 7, 4, 24
MM, 9, 6, 25
MM, 10, 8, 12
MM, 10, 9, 12
MM, 10, 10, 12
MM, 10, 12, 36
MM, 10, 13, 12
MM, 11, 13, 12
MM, 12, 15, 12
MM, 13, 15, 12
MM, 13, 16, 36
MM, 14, 16, 12
MM, 14, 18, 14
MM, 14, 14, 252
MM, 13, 14, 24
MM, 13, 13, 13
MM, 0, 15, 83
MM, 19, 22, 12
MM, 611, 602, 12
MM, 16, 0, 11
MM, 3, 5, 13
MM, 32, 10, 12
MM, 19, 14, 220
MM, 484, 666, 5
MM, 28, 29, 2
MM, 28, 30, 16
MM, 476, 676, 22
MM, 475, 678, 12
MM, 474, 678, 11
MM, 473, 678, 13
MM, 472, 678, 132
MM, 472, 679, 49
MM, 472, 680, 24
MM, 471, 681, 35
MM, 71, 1, 12
MM, 70, 3, 12
MM, 68, 5, 13
MM, 64, 12, 12
MM, 62, 15, 12
MM, 59, 17, 12
MC, 1, 315
MM, 59, 16, 12
MM, 59, 15, 12
MM, 60, 14, 24
MM, 61, 13, 12
MM, 63, 9, 83
MM, 67, 5, 12
MM, 72, 2, 12
MM, 475, 680, 12
MM, 479, 678, 13
MM, 482, 676, 11
MM, 483, 674, 12
MM, 484, 674, 13
MM, 484, 673, 36
MM, 484, 672, 12
MM, 485, 670, 12
MM, 0, 22, 12
MM, 3, 13, 12
MM, 7, 8, 12
MM, 10, 1, 12
MM, 504, 639, 12
MM, 7, 29, 12
MM, 7, 28, 49
MM, 11, 21, 120
MM, 8, 20, 386
MM, 7, 20, 12
MM, 5, 17, 108
MM, 2, 15, 11
MM, 0, 14, 13
MM, 496, 619, 12
MM, 496, 618, 11
MM, 495, 616, 13
MM, 494, 614, 12
MM, 493, 613, 12
MM, 30, 4, 12
MM, 30, 3, 71
MM, 29, 2, 14
MM, 27, 2, 11
MM, 27, 1, 12
MM, 25, 0, 12
MM, 24, 0, 13
MM, 485, 607, 23
MM, 485, 606, 12
MM, 485, 605, 12
MM, 483, 602, 12
MM, 26, 29, 13
MM, 26, 28, 12
MM, 24, 26, 12
MM, 23, 26, 12
MM, 23, 25, 47
MM, 23, 24, 24
MM, 23, 23, 50
MM, 23, 22, 35
MM, 22, 21, 24
MM, 22, 20, 25
MM, 22, 19, 23
MM, 20, 19, 255
MM, 18, 19, 12
MM, 16, 19, 23
MM, 12, 19, 13
MM, 5, 22, 71
MM, 450, 596, 12
MM, 30, 26, 12
MM, 22, 29, 13
MM, 433, 604, 11
MM, 425, 604, 13
MM, 422, 605, 11
MM, 421, 606, 12
MM, 418, 606, 13
MM, 415, 608, 12
MM, 31, 2, 12
MM, 28, 4, 12
MM, 25, 6, 12
MM, 21, 10, 12
MM, 17, 11, 12
MM, 15, 11, 12
MM, 13, 12, 12
MM, 11, 13, 12
MM, 10, 14, 12
MM, 8, 14, 12
MM, 6, 14, 12
MM, 4, 16, 12
MM, 379, 624, 12
MM, 377, 625, 12
MM, 374, 625, 12
MM, 33, 17, 12
MM, 30, 17, 12
MM, 28, 17, 13
MM, 26, 15, 23
MM, 25, 15, 13
MM, 25, 14, 12
MM, 28, 14, 302
MM, 29, 14, 12
MM, 34, 12, 12
MM, 3, 12, 12
MM, 15, 12, 11
MM, 24, 13, 13
MM, 31, 17, 12
MM, 419, 628, 14
MM, 7, 23, 11
MM, 14, 27, 12
MM, 440, 639, 12
MM, 447, 643, 12
MM, 3, 1, 12
MM, 5, 3, 12
MM, 6, 6, 11
MM, 7, 8, 13
MM, 7, 9, 12
MM, 9, 11, 12
MM, 10, 13, 12
MM, 11, 15, 12
MM, 13, 18, 12
MM, 15, 22, 11
MM, 16, 24, 13
MM, 16, 25, 13
MM, 17, 25, 132
MM, 17, 24, 109
MM, 17, 22, 144
MM, 18, 21, 12
MM, 19, 20, 12
MM, 22, 17, 15
MM, 29, 12, 9
MM, 487, 649, 13
MM, 0, 30, 11
MM, 13, 16, 12
MM, 26, 10, 12
MM, 536, 610, 13
MM, 545, 606, 11
MM, 24, 29, 12
MM, 30, 25, 12
MM, 566, 593, 12
MM, 1, 20, 12
MM, 9, 17, 12
MM, 16, 11, 12
MM, 23, 8, 13
MM, 27, 6, 12
MM, 30, 5, 12
MM, 32, 3, 11
MM, 34, 3, 13
MM, 605, 573, 35
MM, 606, 573, 24
MM, 607, 573, 109
MM, 607, 574, 12
MM, 607, 575, 11
MM, 607, 578, 25
MM, 608, 579, 36
MM, 609, 579, 12
MM, 610, 579, 12
MM, 0, 8, 12
MM, 2, 10, 53
MM, 13, 13, 79
MM, 13, 14, 13
MM, 14, 14, 12
MM, 15, 14, 12
MM, 15, 15, 36
MM, 15, 16, 13
MM, 16, 16, 23
MM, 4, 25, 526
MM, 1, 25, 5
MM, 605, 599, 12
MM, 29, 28, 14
MM, 25, 28, 10
MM, 20, 28, 12
MM, 17, 28, 13
MM, 12, 28, 11
MM, 9, 28, 12
MM, 6, 26, 12
MM, 1, 24, 15
MM, 565, 595, 8
MM, 29, 23, 13
MM, 25, 22, 12
MM, 20, 22, 13
MM, 18, 22, 12
MM, 17, 21, 11
MM, 17, 20, 26
MM, 18, 20, 45
MM, 0, 16, 221
MM, 527, 587, 8
MM, 30, 15, 12
MM, 28, 14, 36
MM, 525, 585, 387
MM, 526, 585, 13
MM, 529, 585, 11
MM, 0, 14, 12
MM, 2, 14, 13
MM, 4, 14, 119
MM, 5, 14, 36
MM, 5, 15, 12
MM, 5, 16, 12
MM, 7, 16, 141
MM, 556, 602, 309
MM, 576, 620, 55
MM, 4, 24, 61
MM, 6, 26, 12
MM, 8, 27, 12
MM, 10, 30, 11
MM, 595, 639, 15
MM, 597, 642, 10
MM, 599, 644, 12
MM, 31, 1, 12
MM, 33, 4, 13
MM, 37, 5, 12
MM, 609, 651, 12
MM, 610, 652, 12
MM, 610, 653, 11
MM, 3, 9, 72
MM, 4, 9, 13
MM, 0, 12, 144
MM, 1, 12, 12
MM, 2, 13, 13
MM, 4, 14, 12
MM, 5, 14, 36
MM, 6, 14, 11
MM, 6, 15, 13
MM, 8, 16, 61
MM, 7, 13, 289
MM, 6, 13, 14
MM, 15, 12, 107
MM, 27, 10, 10
MM, 688, 654, 12
MM, 698, 654, 13
MM, 704, 654, 12
MM, 711, 655, 11
MM, 717, 655, 12
MM, 721, 655, 12
MM, 726, 655, 13
MM, 729, 655, 12
MM, 731, 655, 12
MM, 733, 657, 12
MM, 734, 657, 12
MM, 736, 657, 12
MM, 737, 657, 12
MM, 743, 657, 12
MM, 748, 657, 12
MM, 752, 657, 12
MM, 756, 657, 12
MM, 757, 657, 12
MM, 758, 657, 12
MM, 760, 657, 12
MM, 762, 657, 12
MM, 765, 657, 12
MM, 770, 657, 12
MM, 3, 34, 12
MM, 7, 33, 13
MM, 9, 33, 13
MM, 11, 32, 11
MM, 14, 32, 12
MM, 15, 32, 12
MM, 16, 32, 12
MM, 17, 32, 24
MM, 18, 31, 74
