********************************************************************************
LOGGING TIME: 20181006_000107
CLIENT IP: 192.168.56.1
USERNAME: user-pc
OS: Windows 10
**********************************Emotional database********************************************************************************
MM, 159, 36, 1537598292184
MM, 142, 15, 19
MM, 138, 10, 11
MM, 136, 7, 9
MM, 135, 5, 10
MM, 384, 285, 11
MM, 383, 284, 311
MM, 382, 283, 10
MM, 377, 276, 10
MM, 367, 259, 10
MM, 296, 154, 30
MM, 282, 136, 10
MM, 271, 124, 10
MM, 264, 114, 10
MM, 258, 109, 10
MM, 256, 104, 10
MM, 256, 105, 121
MM, 257, 106, 50
MM, 262, 108, 10
MM, 269, 109, 10
MM, 279, 114, 20
MM, 282, 115, 10
MM, 285, 115, 10
MM, 289, 116, 11
MM, 291, 116, 10
MM, 292, 116, 10
MM, 293, 116, 130
MM, 292, 116, 162
MM, 292, 114, 9
MM, 286, 120, 633
MM, 288, 128, 10
MM, 292, 138, 10
MM, 292, 154, 10
MM, 295, 170, 10
MM, 298, 247, 121
MM, 298, 252, 10
MM, 298, 258, 10
MM, 298, 262, 10
MM, 296, 268, 10
MM, 296, 272, 10
MM, 296, 274, 10
MM, 294, 276, 10
MM, 43, 1, 10
MM, 42, 9, 10
MM, 40, 15, 11
MM, 40, 18, 9
MM, 37, 23, 11
MM, 36, 25, 10
MM, 34, 27, 10
MM, 34, 28, 10
MM, 34, 30, 10
MM, 34, 29, 90
MM, 34, 28, 232
MM, 33, 26, 9
MC, 1, 241
MM, 29, 32, 12289
MM, 23, 46, 11
MM, 20, 53, 9
MM, 17, 59, 10
MM, 16, 61, 10
MM, 14, 71, 10
MM, 11, 76, 10
MM, 259, 372, 10
MM, 257, 380, 10
MM, 252, 387, 10
MM, 248, 391, 10
MM, 247, 394, 10
MM, 245, 399, 10
MM, 245, 402, 10
MM, 245, 406, 10
MM, 242, 410, 11
MM, 240, 413, 10
MM, 240, 420, 10
MM, 240, 422, 10
MM, 240, 423, 10
MM, 240, 427, 10
MM, 240, 429, 10
MM, 240, 430, 11
MM, 240, 431, 9
MM, 240, 432, 12
MM, 243, 433, 19
MM, 244, 433, 9
MM, 245, 433, 11
MM, 247, 433, 10
MM, 250, 433, 10
MM, 1, 18, 10
MM, 3, 18, 10
MM, 8, 22, 10
MM, 14, 24, 10
MM, 19, 26, 10
MM, 25, 29, 10
MM, 33, 35, 10
MM, 37, 36, 10
MM, 45, 36, 10
MM, 50, 36, 10
MM, 57, 35, 11
MM, 58, 35, 9
MM, 59, 35, 10
MM, 60, 35, 12
MM, 63, 36, 581
MM, 66, 36, 10
MM, 68, 39, 11
MM, 73, 42, 9
MM, 76, 43, 11
MM, 82, 46, 10
MM, 95, 53, 10
MM, 109, 56, 11
MM, 125, 63, 9
MM, 136, 66, 10
MM, 155, 72, 10
MM, 174, 82, 10
MM, 182, 85, 10
MM, 443, 505, 10
MM, 450, 511, 11
MM, 456, 513, 9
MM, 459, 513, 11
MM, 461, 515, 10
MM, 464, 516, 9
MM, 467, 516, 10
MM, 471, 519, 10
MM, 472, 519, 10
MM, 473, 521, 10
MM, 474, 521, 10
MM, 475, 521, 11
MM, 475, 522, 39
MM, 476, 522, 11
MM, 20, 0, 10
MM, 21, 1, 20
MM, 22, 1, 21
MM, 23, 2, 9
MM, 24, 3, 20
MM, 26, 4, 11
MM, 28, 4, 9
MM, 29, 5, 10
MM, 33, 7, 11
MM, 491, 530, 9
MM, 494, 530, 10
MM, 496, 530, 10
MM, 1, 8, 10
MM, 5, 10, 10
MM, 7, 10, 10
MM, 9, 12, 11
MM, 10, 12, 20
MM, 11, 13, 10
MM, 12, 14, 20
MM, 14, 14, 50
MM, 14, 15, 633
MM, 16, 17, 10
MM, 16, 19, 10
MM, 19, 21, 10
MM, 21, 24, 10
MM, 24, 27, 10
MM, 29, 30, 10
MM, 530, 557, 10
MM, 9, 6, 11
MM, 19, 11, 10
MM, 566, 586, 10
MM, 576, 592, 10
MM, 2, 1, 10
MM, 10, 6, 10
MM, 21, 10, 10
MM, 28, 16, 10
MM, 615, 620, 10
MM, 3, 26, 10
MM, 12, 0, 10
MM, 18, 4, 10
MM, 21, 9, 10
MM, 27, 9, 10
MM, 646, 645, 10
MM, 647, 648, 10
MM, 1, 17, 10
MM, 2, 19, 10
MM, 3, 21, 10
MM, 4, 22, 10
MM, 5, 22, 11
MM, 6, 23, 9
MM, 7, 23, 21
MM, 8, 23, 41
MM, 9, 23, 19
MM, 10, 23, 10
MM, 11, 23, 20
MM, 12, 23, 10
MM, 13, 23, 10
MM, 14, 23, 20
MM, 15, 23, 20
MC, 1, 153
MM, 14, 23, 38
MM, 12, 22, 10
MM, 9, 22, 11
MM, 2, 21, 9
MM, 27, 20, 11
MM, 18, 20, 10
MM, 1, 22, 10
MM, 20, 25, 10
MM, 7, 28, 10
MM, 561, 668, 10
MM, 143, 0, 11
MM, 133, 3, 9
MM, 126, 3, 10
MM, 123, 5, 11
MM, 117, 8, 9
MM, 115, 9, 10
MM, 112, 13, 10
MM, 111, 13, 12
MM, 108, 16, 8
MM, 107, 17, 10
MM, 106, 18, 10
MM, 104, 20, 10
MC, 1, 153
MM, 103, 18, 59
MM, 103, 15, 10
MM, 103, 10, 10
MM, 103, 2, 10
MM, 15, 24, 10
MM, 15, 10, 10
MM, 503, 632, 10
MM, 4, 22, 10
MM, 2, 11, 10
MM, 2, 3, 10
MM, 2, 0, 10
MM, 501, 596, 10
MM, 500, 593, 10
MM, 500, 592, 20
MM, 500, 591, 222
MM, 6, 29, 29
MM, 6, 28, 11
MM, 6, 27, 20
MM, 6, 25, 50
MM, 6, 23, 20
MM, 6, 22, 20
MM, 7, 22, 10
MM, 8, 22, 131
MM, 9, 22, 20
MM, 10, 22, 20
MM, 11, 22, 10
MM, 12, 22, 10
MM, 14, 22, 10
MM, 17, 24, 10
MM, 19, 25, 10
MM, 23, 28, 11
MM, 27, 29, 10
MM, 527, 595, 9
MM, 530, 596, 10
MM, 535, 599, 10
MM, 537, 601, 11
MM, 2, 6, 10
MM, 4, 8, 9
MM, 10, 10, 11
MM, 13, 11, 10
MM, 15, 13, 10
MM, 18, 14, 10
MM, 19, 14, 10
MM, 19, 15, 10
MC, 1, 133
MM, 14, 15, 109
MM, 11, 14, 9
MM, 7, 11, 11
MM, 1, 10, 9
MM, 31, 7, 10
MM, 24, 5, 10
MM, 14, 2, 11
MM, 9, 1, 9
MM, 497, 594, 10
MM, 488, 594, 10
MM, 477, 592, 11
MM, 14, 30, 10
MM, 11, 30, 10
MM, 8, 29, 11
MM, 3, 29, 8
MM, 455, 589, 11
MM, 452, 587, 10
MM, 34, 27, 10
MM, 27, 27, 11
MM, 22, 25, 9
MM, 20, 25, 20
MM, 19, 25, 21
MM, 19, 24, 9
MM, 18, 24, 20
MM, 18, 23, 21
MM, 17, 23, 60
MM, 16, 23, 20
MC, 1, 122
MM, 17, 23, 28
MM, 19, 23, 11
MM, 21, 23, 10
MM, 27, 23, 10
MM, 29, 23, 10
MM, 32, 23, 10
MM, 33, 23, 10
MM, 450, 583, 10
MM, 451, 583, 10
MM, 452, 583, 10
MM, 453, 583, 10
MP, 1, 82
MR, 1, 40
MC, 1, 0
MM, 453, 582, 19
MM, 452, 582, 91
MM, 451, 582, 9
MM, 450, 582, 10
MM, 34, 22, 11
MM, 33, 22, 10
MM, 30, 21, 10
MM, 29, 21, 10
MM, 28, 21, 10
MM, 27, 21, 10
MM, 26, 21, 20
MM, 25, 21, 10
MC, 1, 92
MM, 26, 21, 189
MM, 27, 21, 10
MM, 29, 21, 11
MM, 31, 21, 10
MM, 34, 20, 9
MM, 453, 578, 10
MM, 455, 578, 11
MM, 2, 18, 10
MM, 5, 18, 10
MM, 8, 18, 10
MM, 10, 18, 10
MM, 11, 18, 10
MM, 12, 18, 10
MM, 14, 18, 10
MM, 15, 18, 20
MM, 16, 18, 91
MM, 17, 18, 20
MM, 20, 19, 10
MM, 22, 19, 10
MM, 28, 20, 10
MM, 493, 583, 10
MM, 8, 24, 10
MM, 21, 26, 11
MM, 5, 26, 9
MM, 22, 27, 10
MM, 5, 27, 10
MM, 607, 587, 10
MM, 16, 26, 10
MM, 5, 22, 11
MM, 33, 14, 9
MM, 22, 14, 10
MM, 738, 566, 10
MM, 751, 562, 10
MM, 761, 561, 10
MM, 770, 561, 11
MM, 778, 561, 9
MM, 784, 561, 10
MM, 787, 561, 11
MM, 791, 560, 20
MM, 790, 560, 19
MM, 790, 558, 252
MM, 790, 557, 21
MM, 790, 554, 9
MM, 769, 548, 262
MM, 757, 550, 9
MM, 33, 30, 10
MM, 5, 30, 11
MM, 671, 558, 11
MM, 638, 558, 9
MM, 607, 562, 10
MM, 11, 5, 10
MM, 565, 565, 10
MM, 18, 8, 11
MM, 8, 9, 9
MM, 1, 10, 11
MM, 528, 571, 9
MM, 526, 571, 10
MM, 525, 571, 11
MM, 29, 11, 10
MM, 28, 11, 9
MM, 27, 11, 41
MM, 26, 11, 80
MM, 25, 11, 20
MM, 24, 11, 20
MM, 23, 11, 10
MM, 21, 11, 10
MM, 18, 12, 10
MM, 15, 12, 10
MM, 10, 13, 11
MM, 4, 13, 9
MM, 492, 573, 10
MM, 30, 14, 10
MM, 25, 14, 11
MM, 22, 14, 9
MM, 20, 14, 10
MM, 19, 14, 11
MM, 18, 14, 9
MM, 17, 13, 11
MM, 16, 13, 11
MM, 16, 12, 19
MC, 1, 142
MM, 14, 12, 49
MM, 12, 12, 20
MM, 10, 12, 10
MM, 8, 13, 11
MM, 4, 14, 9
MM, 0, 15, 11
MM, 452, 576, 9
MM, 32, 17, 10
MM, 28, 18, 11
MM, 26, 18, 10
MM, 24, 18, 10
MM, 20, 21, 10
MM, 19, 21, 10
MM, 17, 21, 10
MM, 16, 21, 20
MM, 15, 21, 10
MM, 14, 21, 10
MM, 13, 21, 51
MC, 1, 82
MM, 13, 23, 48
MM, 14, 30, 11
MM, 8, 2, 10
MM, 8, 10, 9
MM, 8, 21, 10
MM, 429, 630, 10
MM, 20, 4, 10
MM, 20, 16, 10
MM, 20, 20, 11
MM, 20, 27, 9
MM, 20, 30, 10
MM, 29, 1, 11
MM, 30, 4, 10
MM, 32, 6, 9
MM, 32, 8, 11
MM, 32, 12, 20
MM, 33, 12, 40
MM, 34, 13, 30
MC, 1, 172
MM, 32, 10, 250
MM, 29, 7, 10
MM, 25, 3, 11
MM, 23, 0, 10
MM, 416, 665, 9
MM, 0, 24, 10
MM, 403, 654, 10
MM, 29, 17, 10
MM, 26, 14, 10
MM, 21, 9, 10
MM, 15, 6, 10
MM, 14, 6, 10
MM, 12, 5, 10
MM, 9, 5, 11
MM, 8, 4, 10
MM, 7, 4, 20
MM, 5, 4, 20
MM, 5, 3, 31
MM, 4, 3, 19
MM, 3, 1, 20
MM, 2, 1, 10
MM, 1, 0, 10
MM, 371, 633, 11
MM, 370, 632, 10
MM, 369, 632, 10
MM, 369, 631, 10
MM, 368, 630, 19
MM, 368, 628, 12
MM, 367, 628, 9
MM, 27, 30, 11
MM, 26, 29, 9
MM, 25, 28, 10
MM, 24, 27, 10
MM, 23, 26, 10
MM, 23, 24, 12
MM, 22, 23, 18
MM, 21, 22, 11
MM, 20, 21, 10
MM, 19, 21, 30
MC, 1, 122
MM, 22, 20, 39
MM, 25, 19, 9
MM, 28, 18, 10
MM, 31, 18, 10
MM, 0, 13, 10
MM, 7, 11, 11
MM, 13, 8, 10
MM, 21, 6, 9
MM, 28, 4, 11
MM, 34, 2, 10
MM, 419, 597, 10
MM, 425, 596, 10
MM, 428, 595, 10
MM, 433, 591, 10
MM, 24, 28, 10
MM, 27, 27, 10
MM, 29, 27, 10
MM, 30, 25, 11
MM, 32, 24, 9
MM, 33, 24, 11
MM, 450, 583, 10
MM, 450, 582, 10
MM, 451, 582, 9
MM, 453, 580, 11
MM, 454, 580, 10
MM, 0, 18, 10
MM, 2, 18, 21
MM, 2, 17, 9
MM, 3, 16, 20
MM, 3, 15, 10
MM, 4, 15, 20
MM, 5, 15, 20
MM, 6, 14, 11
MM, 6, 13, 29
MM, 7, 13, 10
MC, 1, 252
MM, 5, 13, 60
MM, 2, 13, 10
MM, 455, 573, 10
MM, 453, 573, 11
MM, 450, 573, 9
MM, 32, 13, 10
MM, 28, 13, 10
MM, 26, 13, 11
MM, 24, 13, 10
MM, 23, 13, 70
MC, 1, 82
MM, 24, 15, 69
MM, 25, 17, 10
MM, 25, 22, 10
MM, 442, 592, 9
MM, 21, 4, 11
MM, 24, 20, 10
MM, 447, 632, 10
MM, 447, 646, 10
MM, 2, 28, 10
MM, 52, 3, 10
MM, 55, 15, 10
MM, 55, 23, 10
MM, 56, 29, 10
MM, 459, 707, 10
MM, 460, 710, 11
MM, 461, 710, 10
MM, 461, 712, 10
MM, 462, 712, 20
MM, 462, 713, 9
MM, 463, 713, 91
MM, 464, 713, 40
MM, 465, 714, 100
MM, 466, 714, 41
MM, 467, 714, 50
MM, 468, 714, 10
MM, 469, 714, 30
MM, 470, 715, 20
MM, 471, 715, 10
MM, 471, 716, 21
MM, 472, 716, 9
MM, 473, 716, 41
MM, 473, 717, 30
MP, 1, 82
MR, 1, 19
MC, 1, 0
MM, 471, 714, 150
MM, 469, 712, 10
MM, 464, 708, 10
MM, 456, 704, 11
MM, 50, 27, 9
MM, 40, 17, 11
MM, 34, 10, 10
MM, 26, 3, 9
MM, 418, 667, 11
MM, 2, 27, 9
MM, 407, 658, 10
MM, 32, 23, 11
MM, 29, 21, 10
MM, 28, 20, 10
MM, 25, 19, 10
MM, 24, 19, 10
MM, 22, 16, 10
MM, 21, 14, 10
MM, 19, 13, 11
MM, 18, 11, 9
MM, 17, 11, 10
MM, 16, 11, 10
MM, 16, 10, 10
MM, 15, 10, 10
MM, 14, 10, 20
MM, 13, 9, 21
MM, 13, 8, 20
MM, 13, 7, 70
MM, 13, 6, 10
MM, 13, 5, 10
MM, 13, 2, 10
MM, 13, 1, 10
MM, 383, 633, 10
MM, 383, 630, 10
MM, 383, 629, 10
MM, 3, 30, 11
MM, 3, 28, 10
MM, 4, 27, 9
MM, 4, 26, 10
MM, 5, 26, 21
MM, 5, 25, 10
MM, 5, 24, 40
MM, 6, 24, 11
MM, 6, 23, 9
MM, 8, 22, 20
MM, 8, 21, 10
MC, 1, 203
MM, 9, 21, 89
MM, 9, 20, 10
MM, 10, 20, 10
MM, 10, 19, 10
MM, 11, 18, 10
MM, 12, 18, 10
MM, 13, 17, 10
MM, 15, 15, 10
MM, 17, 13, 21
MM, 17, 12, 9
MM, 18, 12, 10
MM, 19, 12, 10
MM, 19, 10, 10
MM, 20, 10, 11
MM, 21, 8, 19
MM, 22, 6, 21
MM, 23, 5, 10
MM, 24, 5, 291
MM, 26, 2, 10
MM, 412, 595, 10
MM, 420, 593, 11
MM, 21, 28, 9
MM, 22, 23, 10
MM, 14, 15, 11
MM, 21, 11, 9
MM, 22, 4, 11
MM, 25, 0, 9
MM, 680, 556, 10
MM, 718, 556, 10
MM, 747, 553, 10
MM, 797, 555, 21
MM, 807, 555, 10
MM, 816, 559, 10
MM, 820, 559, 9
MM, 825, 559, 11
MM, 827, 556, 231
MM, 827, 555, 10
MM, 747, 548, 332
MM, 689, 554, 10
MM, 645, 558, 10
MM, 26, 0, 10
MM, 31, 3, 10
MM, 0, 8, 10
MM, 19, 10, 10
MM, 4, 17, 11
MM, 491, 578, 9
MM, 31, 18, 12
MM, 29, 18, 9
MM, 28, 18, 9
MM, 28, 19, 21
MM, 29, 20, 9
MM, 28, 20, 142
MM, 26, 21, 10
MM, 22, 24, 9
MM, 17, 27, 11
MM, 10, 30, 10
MM, 460, 594, 10
MM, 28, 2, 9
MM, 21, 5, 11
MM, 13, 9, 10
MM, 6, 13, 10
MM, 420, 613, 10
MM, 416, 613, 10
MM, 34, 17, 10
MM, 31, 18, 10
MM, 28, 19, 10
MM, 27, 19, 20
MM, 25, 19, 11
MM, 24, 19, 29
MM, 23, 19, 81
MM, 22, 19, 20
MM, 21, 19, 20
MM, 20, 19, 20
MM, 19, 19, 31
MC, 1, 111
MM, 19, 18, 8
MM, 19, 17, 11
MM, 21, 15, 9
MM, 23, 13, 10
MM, 28, 7, 11
MM, 32, 2, 10
MM, 416, 594, 10
MM, 418, 593, 10
MM, 4, 30, 11
MM, 6, 25, 9
MM, 8, 25, 11
MM, 11, 23, 9
MM, 11, 22, 10
MM, 11, 21, 21
MM, 12, 20, 9
MC, 1, 183
MM, 13, 20, 79
MM, 14, 20, 10
MM, 15, 22, 10
MM, 17, 25, 10
MM, 20, 28, 10
MM, 437, 595, 10
MM, 19, 5, 10
MM, 19, 16, 10
MM, 21, 20, 11
MM, 446, 628, 10
MM, 448, 633, 9
MM, 1, 2, 10
MM, 1, 4, 11
MM, 1, 6, 9
MM, 2, 7, 10
MM, 3, 7, 11
MM, 3, 8, 10
MM, 4, 8, 60
MM, 5, 9, 30
MC, 1, 192
MM, 5, 8, 59
MM, 3, 5, 10
MM, 1, 1, 11
MM, 25, 30, 10
MM, 21, 21, 10
MM, 18, 15, 10
MM, 14, 3, 10
MM, 433, 594, 10
MM, 17, 29, 10
MM, 15, 27, 10
MM, 15, 26, 10
MM, 13, 25, 10
MC, 1, 283
MM, 13, 24, 119
MM, 14, 24, 30
MM, 15, 24, 10
MM, 16, 24, 30
MM, 16, 23, 20
MM, 17, 23, 21
MM, 18, 23, 90
MM, 19, 23, 11
MM, 20, 23, 19
MM, 22, 23, 10
MM, 23, 23, 10
MM, 25, 23, 10
MM, 28, 23, 10
MM, 32, 23, 10
MM, 452, 583, 10
MM, 10, 23, 10
MM, 26, 22, 10
MM, 18, 14, 10
MM, 14, 12, 10
MM, 13, 1, 10
MM, 612, 555, 10
MM, 660, 547, 11
MM, 25, 19, 10
MM, 25, 6, 9
MM, 751, 523, 10
MM, 777, 520, 11
MM, 792, 519, 10
MM, 804, 519, 10
MM, 812, 519, 10
MM, 820, 520, 10
MM, 825, 522, 10
MM, 828, 522, 10
MM, 829, 522, 10
MM, 769, 543, 1528
MM, 737, 550, 9
MM, 18, 2, 11
MM, 23, 12, 10
MM, 19, 29, 10
MM, 20, 8, 10
MM, 29, 25, 10
MM, 554, 630, 10
MM, 12, 2, 11
MM, 5, 7, 9
MM, 526, 643, 10
MM, 32, 13, 10
MM, 27, 15, 10
MM, 24, 17, 11
MM, 21, 19, 9
MM, 17, 23, 10
MM, 15, 25, 12
MM, 14, 26, 8
MM, 13, 27, 10
MM, 12, 27, 61
MM, 11, 29, 21
MM, 11, 30, 20
MM, 498, 665, 50
MM, 497, 665, 9
MM, 497, 666, 11
MM, 495, 667, 9
MM, 494, 669, 11
MM, 92, 0, 10
MM, 90, 2, 10
MM, 89, 5, 10
MM, 87, 6, 10
MM, 86, 7, 10
MM, 84, 9, 10
MM, 84, 10, 41
MC, 1, 101
MM, 83, 10, 19
MM, 79, 8, 221
MM, 74, 7, 10
MM, 69, 4, 10
MM, 63, 1, 10
MM, 6, 29, 10
MM, 446, 655, 11
MM, 28, 10, 10
MM, 23, 5, 9
MM, 17, 0, 10
MM, 421, 632, 10
MM, 419, 629, 10
MM, 417, 629, 10
MM, 415, 628, 10
MM, 415, 627, 10
MM, 34, 30, 10
MM, 33, 28, 11
MM, 32, 28, 10
MM, 31, 28, 40
MM, 30, 28, 30
MM, 29, 27, 11
MM, 28, 27, 20
MM, 28, 26, 10
MM, 27, 25, 9
MM, 26, 25, 21
MM, 24, 23, 10
MM, 23, 22, 10
MM, 22, 21, 20
MM, 21, 20, 10
MM, 19, 20, 10
MM, 19, 19, 10
MM, 18, 19, 30
MC, 1, 132
MM, 18, 18, 9
MM, 19, 15, 10
MM, 23, 10, 10
MM, 29, 3, 10
MM, 1, 30, 10
MM, 5, 23, 11
MM, 8, 15, 9
MM, 14, 9, 10
MM, 15, 8, 10
MM, 16, 7, 10
MM, 18, 6, 20
MM, 18, 5, 10
MC, 1, 212
MM, 18, 6, 39
MM, 18, 7, 10
MM, 18, 10, 11
MM, 18, 13, 9
MM, 19, 18, 10
MM, 22, 28, 11
MM, 438, 593, 10
MM, 20, 7, 10
MM, 24, 21, 10
MM, 27, 29, 10
MM, 450, 632, 10
MM, 3, 1, 11
MM, 6, 4, 9
MM, 8, 6, 10
MM, 9, 7, 10
MM, 9, 8, 11
MM, 11, 9, 9
MM, 12, 9, 21
MM, 13, 9, 20
MM, 14, 9, 20
MM, 15, 10, 21
MM, 16, 10, 59
MM, 17, 10, 20
MC, 1, 243
MM, 17, 9, 68
MM, 16, 6, 10
MM, 14, 3, 10
MM, 460, 632, 11
MM, 456, 624, 10
MM, 32, 21, 11
MM, 29, 16, 10
MM, 26, 13, 9
MM, 24, 10, 10
MM, 23, 9, 10
MM, 22, 8, 11
MM, 21, 7, 9
MM, 20, 7, 10
MM, 20, 6, 11
MM, 19, 5, 10
MM, 19, 4, 10
MM, 19, 3, 20
MM, 18, 3, 29
MM, 18, 2, 10
MM, 17, 1, 52
MM, 437, 596, 9
MM, 437, 595, 20
MM, 437, 593, 10
MM, 22, 30, 21
MM, 21, 29, 9
MM, 21, 28, 10
MM, 20, 28, 10
MM, 20, 27, 10
MM, 20, 26, 21
MM, 20, 25, 10
MM, 19, 23, 20
MM, 19, 22, 10
MM, 19, 21, 10
MC, 1, 133
MM, 20, 21, 119
MM, 22, 23, 10
MM, 24, 23, 9
MM, 26, 25, 11
MM, 29, 25, 10
MM, 33, 27, 9
MM, 34, 27, 11
MM, 452, 589, 10
MM, 454, 590, 9
MM, 459, 595, 11
MM, 462, 596, 10
MM, 8, 5, 10
MM, 15, 10, 10
MM, 22, 14, 10
MM, 493, 617, 10
MM, 2, 24, 10
MM, 516, 628, 11
MM, 526, 634, 9
MM, 5, 4, 10
MM, 12, 5, 10
MM, 17, 7, 10
MM, 20, 9, 10
MM, 23, 10, 10
MM, 26, 12, 11
MM, 29, 16, 9
MM, 30, 16, 11
MM, 31, 16, 10
MM, 32, 16, 49
MM, 31, 16, 201
MC, 1, 63
MM, 30, 16, 109
MM, 29, 16, 9
MM, 27, 16, 21
MM, 26, 16, 10
MM, 25, 16, 19
MM, 24, 16, 21
MM, 23, 17, 11
MM, 22, 18, 9
MM, 18, 20, 10
MM, 15, 22, 10
MM, 12, 23, 10
MM, 8, 28, 10
MM, 534, 665, 10
MM, 127, 0, 11
MM, 120, 5, 11
MM, 106, 18, 8
MM, 100, 23, 11
MM, 492, 704, 10
MM, 489, 706, 9
MM, 487, 708, 11
MM, 484, 709, 10
MM, 482, 709, 10
MM, 482, 710, 10
MP, 1, 101
MR, 1, 41
MC, 1, 0
MM, 481, 710, 59
MM, 481, 709, 10
MM, 480, 707, 10
MM, 478, 703, 10
MM, 76, 27, 10
MM, 73, 23, 10
MM, 71, 18, 10
MM, 67, 13, 11
MM, 65, 11, 9
MM, 63, 6, 10
MM, 61, 3, 11
MM, 60, 2, 10
MM, 58, 1, 10
MM, 57, 0, 10
MM, 455, 670, 10
MM, 452, 669, 10
MM, 448, 667, 10
MM, 447, 666, 11
MM, 446, 666, 9
MM, 445, 666, 10
MM, 444, 666, 10
MM, 444, 665, 9
MM, 444, 664, 12
MM, 443, 664, 10
MM, 33, 30, 70
MM, 31, 30, 19
MM, 29, 30, 21
MM, 28, 30, 9
MM, 27, 28, 11
MM, 25, 27, 9
MM, 25, 26, 11
MM, 23, 26, 10
MM, 23, 25, 10
MM, 23, 24, 10
MC, 1, 283
MM, 24, 24, 169
MM, 25, 24, 21
MM, 26, 24, 9
MM, 27, 24, 10
MM, 29, 24, 10
MM, 32, 24, 11
MM, 445, 658, 9
MM, 2, 21, 11
MM, 9, 18, 10
MM, 19, 12, 10
MM, 27, 7, 10
MM, 4, 2, 10
MM, 502, 632, 10
MM, 508, 630, 10
MM, 509, 629, 10
MM, 511, 628, 10
MM, 13, 30, 11
MM, 14, 30, 9
MM, 15, 30, 10
MM, 16, 30, 40
MM, 18, 30, 30
MM, 20, 30, 10
MM, 23, 30, 10
MM, 26, 30, 10
MM, 529, 629, 11
MM, 536, 631, 9
MM, 543, 633, 11
MM, 26, 3, 10
MM, 4, 3, 11
MM, 17, 3, 9
MM, 33, 3, 10
MM, 14, 0, 11
MM, 31, 29, 9
MM, 19, 27, 11
MM, 705, 614, 9
MM, 723, 605, 11
MM, 734, 601, 9
MM, 748, 597, 11
MM, 757, 591, 10
MM, 765, 588, 10
MM, 770, 587, 10
MM, 773, 587, 10
MM, 775, 587, 10
MM, 777, 586, 9
MM, 778, 586, 10
MM, 780, 584, 11
MM, 782, 582, 10
MM, 784, 581, 10
MM, 785, 580, 10
MM, 786, 579, 20
MM, 787, 579, 11
MM, 788, 579, 10
MM, 790, 579, 20
MM, 791, 578, 9
MM, 792, 578, 10
MM, 795, 576, 11
MM, 796, 575, 9
MM, 798, 574, 10
MM, 800, 572, 10
MM, 801, 571, 10
MM, 802, 569, 11
MM, 804, 567, 9
MM, 804, 566, 11
MM, 805, 565, 10
MM, 807, 562, 10
MM, 807, 559, 9
MM, 807, 558, 11
MM, 808, 556, 10
MM, 808, 555, 10
MM, 767, 556, 403
MM, 749, 559, 10
MM, 28, 6, 9
MM, 686, 571, 10
MM, 10, 20, 10
MM, 14, 29, 10
MM, 14, 2, 10
MM, 24, 18, 11
MM, 538, 624, 9
MM, 526, 629, 10
MM, 515, 633, 10
MM, 17, 2, 10
MM, 12, 4, 10
MM, 9, 5, 11
MM, 6, 6, 10
MM, 4, 8, 9
MM, 1, 9, 11
MM, 0, 11, 11
MM, 483, 648, 9
MM, 483, 651, 10
MM, 32, 20, 10
MM, 29, 21, 10
MM, 27, 24, 10
MM, 25, 26, 10
MM, 21, 29, 10
MM, 465, 667, 10
MM, 64, 0, 10
MM, 61, 0, 10
MM, 59, 1, 10
MM, 58, 4, 10
MM, 56, 6, 11
MM, 54, 11, 9
MM, 53, 16, 10
MM, 47, 25, 11
MM, 445, 702, 10
MM, 441, 710, 9
MM, 441, 714, 11
MM, 440, 716, 11
MM, 440, 717, 9
MM, 439, 717, 19
MM, 438, 717, 71
MP, 1, 32
MR, 1, 31
MC, 1, 0
MM, 438, 716, 79
MM, 438, 715, 19
MM, 438, 713, 11
MM, 438, 711, 10
MM, 438, 710, 9
MM, 438, 709, 10
MM, 438, 707, 11
MM, 438, 706, 20
MM, 438, 705, 19
MM, 438, 704, 31
MM, 438, 703, 20
MM, 38, 30, 20
MM, 38, 29, 10
MM, 38, 27, 11
MM, 38, 26, 9
MM, 39, 25, 11
MM, 39, 23, 19
MM, 40, 22, 20
MM, 40, 21, 11
MM, 41, 21, 20
MM, 41, 20, 9
MC, 1, 142
MM, 41, 19, 9
MM, 41, 17, 231
MM, 41, 16, 11
MM, 40, 14, 10
MM, 39, 12, 10
MM, 38, 8, 10
MM, 36, 4, 10
MM, 35, 1, 10
MM, 433, 670, 10
MM, 432, 669, 10
MM, 432, 668, 10
MM, 430, 666, 10
MM, 430, 665, 10
MM, 429, 665, 10
MM, 19, 30, 10
MM, 18, 29, 10
MM, 18, 28, 20
MM, 17, 27, 20
MM, 17, 26, 20
MM, 16, 26, 51
MM, 16, 25, 20
MM, 15, 24, 31
MM, 15, 23, 9
MM, 14, 23, 10
MM, 14, 22, 10
MM, 14, 21, 20
MM, 14, 20, 11
MC, 1, 41
MM, 15, 20, 89
MM, 17, 19, 10
MM, 20, 19, 10
MM, 27, 16, 10
MM, 447, 646, 10
MM, 6, 8, 10
MM, 19, 1, 10
MM, 478, 630, 10
MM, 27, 29, 10
MM, 498, 623, 10
MM, 9, 25, 10
MM, 13, 23, 10
MM, 23, 21, 10
MM, 537, 609, 10
MM, 8, 9, 10
MM, 19, 4, 10
MM, 25, 1, 10
MM, 28, 0, 10
MM, 573, 593, 10
MM, 574, 593, 10
MM, 576, 591, 11
MM, 8, 30, 10
MM, 9, 30, 10
MM, 10, 28, 10
MM, 12, 26, 10
MM, 13, 24, 231
MM, 14, 24, 11
MM, 16, 23, 9
MM, 17, 23, 11
MM, 19, 21, 10
MM, 21, 21, 10
MM, 22, 21, 10
MM, 24, 19, 10
MM, 26, 19, 20
MM, 27, 18, 20
MM, 28, 18, 10
MM, 28, 17, 10
MM, 30, 17, 11
MM, 33, 17, 10
MM, 605, 576, 10
MM, 606, 575, 9
MM, 608, 574, 10
MM, 1, 13, 10
MM, 4, 12, 10
MM, 6, 11, 10
MM, 8, 10, 10
MM, 10, 8, 10
MM, 12, 8, 10
MM, 14, 8, 10
MM, 16, 7, 10
MM, 17, 7, 11
MM, 18, 6, 10
MM, 19, 6, 10
MM, 20, 6, 10
MM, 22, 6, 11
MM, 25, 6, 9
MM, 27, 6, 20
MM, 29, 6, 9
MM, 29, 7, 11
MM, 642, 567, 10
MM, 643, 567, 10
MM, 644, 567, 10
MM, 647, 567, 10
MM, 0, 8, 10
MM, 2, 8, 10
MM, 6, 9, 11
MM, 8, 10, 9
MM, 9, 10, 10
MM, 11, 10, 10
MM, 12, 11, 11
MM, 13, 11, 10
MM, 13, 12, 9
MM, 13, 13, 41
MC, 1, 153
MM, 12, 13, 7
MM, 9, 14, 10
MM, 3, 17, 11
MM, 644, 580, 10
MM, 25, 21, 10
MM, 16, 28, 11
MM, 619, 595, 9
MM, 25, 7, 10
MM, 15, 13, 10
MM, 9, 18, 10
MM, 1, 24, 10
MM, 580, 622, 11
MM, 576, 626, 9
MM, 572, 628, 10
MM, 570, 631, 10
MM, 568, 631, 11
MM, 566, 632, 10
MM, 34, 1, 10
MM, 31, 1, 10
MM, 28, 4, 11
MM, 27, 4, 9
MM, 26, 4, 20
MM, 25, 4, 10
MM, 25, 5, 30
MM, 24, 5, 10
MM, 23, 6, 10
MM, 22, 6, 40
MM, 21, 7, 41
MM, 21, 8, 10
MM, 20, 9, 9
MM, 20, 10, 11
MM, 19, 11, 10
MM, 18, 11, 9
MM, 18, 12, 11
MC, 1, 212
MM, 17, 12, 39
MM, 17, 10, 10
MM, 15, 7, 10
MM, 15, 5, 10
MM, 543, 633, 10
MM, 541, 629, 10
MM, 538, 625, 10
MM, 538, 623, 10
MM, 537, 620, 10
MM, 536, 614, 11
MM, 534, 612, 10
MM, 534, 610, 10
MM, 34, 11, 10
MM, 33, 10, 10
MM, 33, 9, 20
MM, 32, 8, 10
MM, 31, 8, 10
MM, 30, 7, 10
MM, 30, 6, 10
MM, 29, 6, 10
MM, 29, 5, 10
MM, 28, 4, 10
MM, 27, 3, 10
MM, 26, 2, 20
MM, 26, 0, 21
MM, 25, 0, 9
MM, 523, 596, 10
MM, 523, 594, 21
MM, 521, 592, 10
MM, 521, 591, 10
MM, 26, 30, 20
MM, 26, 29, 10
MM, 24, 29, 20
MM, 24, 28, 20
MM, 23, 28, 20
MM, 23, 27, 30
MM, 22, 27, 20
MM, 22, 26, 21
MM, 22, 25, 10
MM, 21, 25, 10
MM, 20, 25, 29
MC, 1, 83
MM, 21, 25, 78
MM, 23, 25, 10
MM, 25, 24, 11
MM, 27, 24, 10
MM, 525, 584, 10
MM, 530, 582, 9
MM, 4, 19, 10
MM, 11, 15, 11
MM, 21, 14, 10
MM, 30, 9, 10
MM, 1, 4, 10
MM, 6, 1, 10
MM, 10, 0, 10
MM, 14, 0, 10
MM, 18, 0, 10
MM, 20, 0, 10
MM, 21, 0, 10
MM, 22, 0, 10
MM, 23, 0, 11
MM, 24, 0, 10
MM, 25, 0, 29
MM, 27, 0, 21
MM, 28, 1, 19
MM, 29, 1, 11
MM, 30, 1, 10
MM, 31, 2, 20
MM, 32, 3, 10
MM, 33, 3, 10
MM, 34, 4, 10
MM, 605, 564, 10
MM, 607, 564, 11
MM, 607, 565, 9
MM, 608, 566, 10
MM, 609, 567, 10
MM, 610, 567, 10
MM, 0, 8, 11
MM, 2, 9, 29
MM, 3, 10, 10
MM, 4, 10, 11
MM, 5, 10, 9
MM, 7, 10, 20
MM, 8, 10, 21
MM, 8, 11, 40
MC, 1, 102
MM, 7, 13, 49
MM, 5, 16, 10
MM, 3, 18, 10
MM, 608, 584, 10
MM, 603, 591, 10
MM, 17, 0, 10
MM, 12, 5, 10
MM, 2, 16, 10
MM, 580, 629, 10
MM, 569, 636, 10
MM, 564, 641, 10
MM, 31, 12, 11
MM, 26, 15, 9
MM, 24, 17, 11
MM, 23, 18, 10
MM, 22, 19, 9
MM, 22, 20, 20
MM, 21, 20, 41
MM, 20, 20, 30
MM, 19, 21, 20
MM, 18, 21, 20
MM, 17, 21, 40
MC, 1, 153
MM, 16, 21, 68
MM, 15, 21, 11
MM, 13, 21, 10
MM, 9, 19, 10
MM, 0, 13, 9
MM, 525, 645, 11
MM, 27, 1, 10
MM, 506, 631, 10
MM, 30, 28, 10
MM, 24, 24, 10
MM, 18, 19, 10
MM, 9, 15, 10
MM, 7, 12, 10
MM, 1, 10, 10
MM, 461, 606, 11
MM, 458, 606, 9
MM, 457, 605, 10
MM, 34, 8, 10
MM, 33, 7, 11
MM, 32, 7, 10
MM, 31, 6, 10
MM, 31, 5, 29
MM, 30, 5, 11
MM, 30, 4, 40
MM, 29, 4, 10
MM, 28, 4, 10
MM, 28, 3, 10
MM, 27, 3, 10
MM, 26, 1, 10
MM, 445, 596, 10
MM, 445, 595, 11
MM, 442, 593, 10
MM, 441, 593, 10
MM, 23, 29, 9
MM, 22, 28, 10
MM, 21, 27, 10
MM, 20, 26, 10
MM, 19, 26, 10
MM, 19, 25, 31
MM, 18, 25, 20
MC, 1, 133
MM, 19, 25, 48
MM, 20, 25, 10
MM, 25, 28, 10
MM, 28, 29, 10
MM, 445, 592, 10
MM, 450, 593, 10
MM, 454, 596, 10
MM, 2, 5, 10
MM, 9, 7, 10
MM, 18, 10, 10
MM, 25, 13, 10
MM, 0, 19, 10
MM, 11, 21, 10
MM, 20, 26, 10
MM, 27, 28, 10
MM, 528, 630, 11
MM, 7, 1, 10
MM, 12, 5, 10
MM, 14, 7, 10
MM, 15, 9, 9
MM, 16, 9, 11
MM, 17, 9, 30
MM, 17, 10, 80
MM, 18, 10, 101
MC, 1, 111
MM, 17, 9, 30
MM, 14, 6, 10
MM, 538, 631, 10
MM, 535, 625, 9
MM, 29, 22, 11
MM, 23, 11, 10
MM, 19, 4, 10
MM, 20, 28, 10
MM, 18, 21, 10
MM, 16, 19, 10
MM, 15, 18, 11
MM, 14, 18, 9
MC, 1, 273
MM, 13, 18, 59
MM, 12, 18, 10
MM, 9, 18, 10
MM, 4, 18, 10
MM, 490, 578, 10
MM, 20, 23, 10
MM, 9, 23, 10
MM, 453, 583, 10
MM, 27, 26, 11
MM, 19, 28, 9
MM, 12, 29, 10
MM, 423, 591, 10
MM, 419, 592, 10
MM, 413, 593, 10
MM, 410, 593, 12
MM, 409, 594, 8
MM, 408, 594, 11
MM, 407, 595, 10
MM, 406, 595, 29
MM, 405, 595, 21
MM, 405, 596, 10
MM, 24, 0, 100
MM, 24, 2, 10
MM, 24, 4, 22
MM, 23, 6, 8
MM, 22, 6, 10
MM, 20, 7, 21
MM, 20, 9, 20
MC, 1, 142
MM, 21, 11, 69
MM, 21, 12, 10
MM, 23, 13, 10
MM, 27, 20, 10
MM, 31, 26, 10
MM, 34, 29, 10
MM, 417, 632, 10
MM, 15, 6, 10
MM, 16, 12, 10
MM, 20, 16, 10
MM, 22, 20, 10
MM, 25, 28, 11
MM, 27, 30, 9
MM, 437, 667, 11
MM, 438, 667, 11
MM, 439, 668, 9
MM, 439, 669, 9
MM, 440, 669, 11
MM, 441, 669, 120
MM, 442, 669, 21
MM, 443, 669, 9
MM, 444, 669, 10
MM, 445, 669, 11
MM, 446, 669, 9
MM, 448, 669, 10
MM, 449, 669, 10
MM, 450, 669, 11
MM, 451, 669, 19
MM, 451, 670, 10
MM, 452, 670, 31
MM, 453, 670, 40
MP, 1, 202
MR, 1, 51
MC, 1, 0
MM, 53, 1, 170
MM, 54, 1, 30
MM, 54, 2, 10
MM, 54, 4, 19
MM, 54, 5, 20
MM, 54, 7, 11
MM, 55, 8, 19
MM, 55, 9, 11
MM, 55, 10, 30
MC, 1, 102
MM, 53, 9, 99
MM, 50, 5, 11
MM, 45, 2, 9
MM, 440, 669, 10
MM, 20, 26, 10
MM, 11, 20, 10
MM, 1, 15, 10
MM, 32, 8, 10
MM, 23, 2, 10
MM, 387, 631, 11
MM, 2, 30, 10
MM, 377, 622, 9
MM, 374, 622, 10
MM, 31, 20, 10
MM, 30, 18, 11
MM, 29, 17, 10
MM, 28, 16, 20
MM, 28, 15, 20
MM, 27, 15, 11
MM, 27, 14, 9
MM, 26, 13, 20
MM, 26, 12, 20
MM, 25, 11, 20
MM, 25, 10, 10
MM, 25, 9, 10
MM, 24, 8, 10
MM, 23, 7, 20
MC, 1, 153
MM, 24, 7, 59
MM, 26, 9, 9
MM, 30, 10, 11
MM, 34, 10, 10
MM, 0, 12, 10
MM, 11, 17, 10
MM, 19, 21, 10
MM, 28, 23, 10
MM, 15, 29, 10
MM, 449, 628, 10
MM, 461, 628, 10
MM, 474, 629, 10
MM, 488, 633, 11
MM, 501, 633, 10
MM, 21, 1, 11
MM, 29, 2, 8
MM, 523, 636, 10
MM, 1, 4, 11
MM, 9, 4, 9
MM, 11, 4, 10
MM, 13, 4, 10
MM, 14, 4, 10
MM, 16, 4, 10
MM, 17, 4, 50
MM, 18, 4, 31
MM, 19, 4, 81
MM, 19, 5, 9
MC, 1, 143
MM, 18, 5, 88
MM, 15, 5, 11
MM, 9, 5, 10
MM, 3, 5, 10
MM, 523, 637, 10
MM, 28, 1, 10
MM, 507, 632, 11
MM, 494, 630, 9
MM, 24, 30, 10
MM, 18, 28, 11
MM, 13, 26, 9
MM, 10, 25, 11
MM, 7, 23, 10
MM, 2, 21, 10
MM, 0, 21, 9
MM, 460, 618, 11
MM, 458, 616, 9
MM, 457, 615, 10
MM, 34, 18, 11
MM, 33, 18, 10
MM, 31, 17, 10
MM, 30, 17, 9
MM, 29, 17, 11
MM, 28, 17, 20
MM, 27, 17, 10
MM, 26, 17, 30
MM, 25, 16, 11
MM, 24, 16, 19
MM, 24, 15, 20
MC, 1, 123
MM, 24, 16, 68
MM, 25, 19, 10
MM, 26, 21, 11
MM, 27, 26, 10
MM, 2, 0, 9
MM, 6, 9, 10
MM, 10, 17, 10
MM, 17, 28, 11
MM, 468, 668, 10
MM, 73, 4, 9
MM, 75, 9, 11
MM, 76, 10, 10
MC, 1, 403
MM, 76, 9, 119
MM, 76, 7, 10
MM, 77, 4, 10
MM, 77, 0, 11
MM, 477, 666, 9
MM, 28, 29, 10
MM, 28, 20, 10
MM, 29, 13, 11
MM, 29, 9, 10
MM, 28, 3, 10
MM, 28, 2, 11
MM, 27, 1, 9
MM, 27, 0, 10
MM, 476, 633, 10
MM, 476, 632, 10
MM, 475, 630, 10
MM, 474, 628, 10
MM, 12, 29, 20
MM, 12, 26, 10
MM, 11, 24, 10
MM, 11, 21, 11
MM, 9, 21, 9
MM, 9, 20, 10
MM, 9, 19, 10
MM, 9, 18, 31
MM, 8, 17, 10
MM, 8, 16, 20
MC, 1, 172
MM, 10, 16, 39
MM, 13, 16, 10
MM, 20, 15, 10
MM, 27, 13, 9
MM, 1, 11, 11
MM, 10, 8, 9
MM, 20, 4, 11
MM, 27, 2, 10
MM, 534, 599, 10
MM, 1, 1, 10
MM, 548, 593, 10
MM, 552, 591, 11
MM, 555, 591, 10
MM, 26, 29, 10
MM, 29, 28, 10
MM, 31, 27, 10
MM, 564, 586, 10
MM, 566, 585, 10
MM, 567, 585, 20
MM, 568, 585, 9
MM, 0, 24, 21
MM, 1, 24, 20
MM, 3, 23, 10
MM, 4, 23, 10
MM, 5, 23, 10
MM, 7, 23, 10
MM, 10, 21, 11
MM, 12, 20, 9
MM, 17, 20, 10
MM, 20, 20, 11
MM, 25, 20, 9
MM, 28, 20, 10
MM, 31, 19, 10
MM, 32, 19, 11
MM, 34, 19, 10
MM, 605, 579, 10
MM, 606, 579, 9
MM, 607, 579, 141
MM, 608, 579, 31
MM, 609, 579, 29
MM, 610, 579, 11
MM, 610, 578, 10
MM, 0, 18, 20
MM, 1, 18, 20
MM, 2, 18, 10
MM, 3, 18, 10
MM, 4, 18, 30
MM, 5, 18, 20
MM, 6, 18, 20
MM, 7, 18, 10
MM, 6, 18, 161
MM, 1, 19, 10
MM, 31, 23, 10
MM, 18, 30, 10
MM, 579, 594, 10
MM, 28, 0, 11
MM, 13, 9, 9
MM, 2, 13, 10
MM, 34, 16, 10
MM, 28, 19, 10
MM, 21, 22, 10
MM, 14, 26, 11
MM, 10, 28, 10
MM, 4, 30, 10
MM, 498, 633, 10
MM, 4, 4, 10
MM, 1, 6, 10
MM, 486, 642, 10
MM, 484, 644, 10
MM, 482, 645, 10
MM, 32, 13, 10
MM, 30, 14, 11
MM, 30, 15, 10
MM, 28, 16, 9
MM, 25, 18, 11
MM, 23, 20, 9
MM, 22, 22, 10
MM, 19, 23, 10
MM, 17, 25, 11
MM, 16, 26, 9
MM, 14, 27, 10
MM, 13, 28, 21
MC, 1, 172
MM, 13, 27, 119
MM, 13, 26, 20
MM, 13, 25, 10
MM, 13, 24, 20
MM, 13, 23, 20
MM, 13, 22, 51
MM, 13, 21, 20
MM, 13, 20, 110
MC, 1, 82
MM, 13, 18, 109
MM, 13, 17, 10
MM, 11, 14, 11
MM, 7, 8, 10
MM, 451, 632, 10
MM, 21, 23, 9
MM, 15, 16, 10
MM, 11, 10, 10
MM, 8, 3, 10
MM, 421, 591, 11
MM, 4, 28, 10
MM, 2, 26, 10
MM, 1, 24, 10
MM, 0, 23, 10
MM, 1, 23, 201
MM, 3, 23, 10
MM, 8, 26, 10
MM, 13, 26, 10
MM, 21, 26, 10
MM, 29, 26, 11
MM, 9, 27, 10
MM, 490, 587, 9
MM, 28, 27, 11
MM, 26, 21, 9
MM, 11, 15, 11
MM, 4, 8, 10
MM, 28, 4, 10
MM, 2, 28, 10
MM, 30, 18, 10
MM, 12, 8, 9
MM, 734, 520, 11
MM, 762, 512, 10
MM, 528, 89, 9
MM, 538, 84, 11
MM, 546, 84, 10
MM, 551, 81, 10
MM, 553, 81, 11
MM, 554, 82, 220
MM, 556, 86, 10
MM, 556, 87, 10
MM, 808, 505, 11
MM, 809, 506, 10
MM, 810, 509, 9
MM, 810, 512, 10
MM, 810, 514, 10
MM, 810, 516, 10
MM, 810, 518, 10
MM, 810, 520, 11
MM, 810, 521, 30
MM, 810, 522, 21
MM, 745, 549, 300
MM, 712, 559, 11
MM, 20, 12, 10
MM, 16, 14, 10
MM, 24, 16, 10
MM, 564, 576, 10
MM, 1, 16, 10
MM, 16, 16, 10
MM, 1, 16, 9
MM, 29, 16, 12
MM, 20, 16, 9
MM, 13, 15, 10
MM, 9, 14, 10
MM, 6, 11, 10
MM, 3, 11, 11
MM, 0, 10, 9
MM, 455, 570, 20
MM, 454, 569, 20
MM, 454, 568, 41
MM, 454, 567, 9
MM, 453, 567, 81
MM, 452, 567, 10
MM, 451, 567, 21
MM, 34, 7, 20
MM, 33, 7, 10
MM, 32, 7, 9
MM, 31, 7, 11
MM, 30, 7, 10
MM, 29, 7, 11
MM, 28, 7, 9
MM, 27, 7, 31
MC, 1, 91
MM, 27, 8, 59
MM, 27, 11, 10
MM, 27, 14, 10
MM, 27, 22, 10
MM, 27, 27, 11
MM, 24, 2, 9
MM, 26, 11, 10
MM, 27, 20, 10
MM, 27, 28, 10
MM, 0, 1, 10
MM, 1, 5, 11
MM, 2, 8, 9
MM, 2, 10, 10
MM, 3, 12, 10
MM, 4, 15, 10
MM, 5, 17, 21
MM, 6, 19, 9
MM, 6, 20, 42
MM, 7, 20, 9
MM, 8, 22, 10
MM, 9, 23, 10
MM, 9, 24, 10
MM, 11, 25, 10
MM, 12, 26, 10
MM, 13, 26, 10
MM, 15, 28, 10
MM, 16, 30, 10
MM, 467, 666, 10
MM, 471, 670, 10
MM, 473, 670, 10
MM, 76, 1, 10
MM, 79, 2, 11
MM, 81, 3, 9
MM, 84, 4, 10
MM, 86, 5, 10
MM, 89, 5, 10
MM, 90, 5, 10
MM, 91, 7, 10
MM, 93, 7, 11
MM, 95, 7, 10
MM, 97, 8, 10
MM, 100, 11, 10
MM, 101, 11, 9
MM, 104, 11, 11
MC, 1, 341
MM, 106, 11, 131
MM, 109, 7, 10
MM, 112, 3, 10
MM, 517, 670, 11
MM, 527, 661, 10
MM, 7, 17, 9
MM, 18, 8, 10
MM, 557, 632, 11
MM, 25, 27, 10
MM, 34, 25, 11
MM, 580, 618, 9
MM, 3, 19, 10
MM, 6, 16, 10
MM, 11, 14, 10
MM, 13, 11, 10
MM, 19, 7, 11
MM, 23, 5, 9
MM, 30, 1, 10
MM, 614, 597, 10
MM, 616, 596, 10
MM, 619, 596, 10
MM, 621, 596, 10
MM, 623, 595, 11
MM, 625, 594, 9
MM, 626, 594, 10
MM, 627, 594, 11
MM, 628, 592, 10
MM, 629, 592, 10
MM, 630, 592, 20
MM, 631, 592, 10
MM, 632, 591, 10
MM, 21, 30, 10
MM, 23, 30, 10
MM, 25, 29, 20
MM, 26, 28, 20
MM, 29, 26, 11
MM, 642, 583, 9
MM, 644, 581, 10
MM, 647, 578, 10
MM, 1, 15, 11
MM, 2, 15, 9
MM, 3, 15, 11
MM, 4, 14, 9
MM, 5, 14, 20
MM, 7, 14, 20
MM, 7, 13, 10
MM, 8, 13, 11
MM, 9, 13, 10
MC, 1, 172
MM, 6, 13, 79
MM, 3, 13, 10
MM, 28, 19, 10
MM, 6, 23, 10
MM, 595, 591, 10
MM, 22, 4, 11
MM, 0, 11, 9
MM, 25, 15, 11
MM, 3, 24, 10
MM, 27, 26, 9
MM, 19, 27, 11
MM, 13, 29, 10
MM, 9, 30, 11
MM, 469, 629, 9
MM, 466, 629, 10
MM, 462, 630, 10
MM, 460, 630, 11
MM, 458, 631, 9
MM, 456, 632, 11
MM, 455, 632, 10
MM, 454, 632, 70
MM, 453, 632, 39
MM, 452, 632, 51
MM, 451, 632, 10
MM, 450, 633, 21
MM, 448, 634, 9
MM, 446, 636, 21
MM, 445, 636, 10
MM, 32, 6, 10
MM, 30, 7, 9
MM, 28, 9, 10
MM, 27, 10, 10
MM, 24, 11, 11
MM, 22, 11, 10
MM, 22, 12, 10
MM, 21, 12, 9
MM, 20, 12, 10
MC, 1, 162
MM, 19, 12, 50
MM, 19, 10, 20
MM, 19, 5, 10
MM, 428, 632, 10
MM, 7, 30, 10
MM, 7, 20, 10
MM, 7, 14, 10
MM, 7, 10, 10
MM, 7, 7, 11
MM, 7, 5, 9
MM, 7, 4, 20
MM, 7, 3, 20
MM, 7, 2, 81
MM, 7, 1, 10
MM, 8, 0, 10
MM, 429, 595, 10
MM, 430, 593, 10
MM, 430, 591, 11
MM, 16, 30, 9
MM, 16, 28, 10
MM, 16, 27, 21
MM, 16, 26, 9
MM, 17, 25, 10
MC, 1, 254
MM, 16, 25, 39
MM, 15, 25, 9
MM, 13, 25, 10
MM, 7, 29, 11
MM, 414, 589, 9
MM, 409, 590, 10
MM, 403, 591, 10
MM, 400, 591, 10
MM, 393, 594, 10
MM, 387, 596, 11
MM, 384, 596, 9
MM, 2, 0, 11
MM, 378, 597, 10
MM, 377, 598, 10
MM, 374, 599, 10
MM, 31, 2, 10
MM, 28, 3, 10
MM, 27, 5, 10
MM, 26, 5, 9
MM, 25, 5, 11
MM, 24, 5, 10
MM, 24, 6, 80
MM, 23, 6, 20
MM, 23, 7, 61
MC, 1, 82
MM, 25, 7, 69
MM, 28, 7, 10
MM, 30, 8, 10
MM, 33, 8, 10
MM, 376, 605, 10
MM, 2, 10, 10
MM, 4, 11, 11
MM, 10, 13, 9
MM, 13, 13, 10
MM, 18, 13, 10
MM, 26, 13, 10
MM, 416, 611, 11
MM, 2, 16, 9
MM, 7, 17, 10
MM, 13, 19, 11
MM, 17, 20, 10
MM, 25, 24, 10
MM, 32, 25, 10
MM, 460, 622, 9
MM, 2, 25, 11
MM, 9, 25, 10
MM, 16, 25, 10
MM, 26, 28, 10
MM, 498, 625, 10
MM, 4, 28, 10
MM, 11, 28, 10
MM, 17, 28, 10
MM, 520, 628, 10
MM, 523, 629, 10
MM, 528, 631, 10
MM, 531, 632, 10
MM, 533, 633, 10
MM, 536, 633, 10
MM, 9, 0, 10
MM, 10, 0, 11
MM, 11, 1, 9
MM, 12, 1, 10
MM, 13, 1, 10
MM, 14, 2, 11
MM, 15, 2, 9
MM, 16, 2, 21
MM, 16, 3, 10
MM, 17, 3, 10
MM, 18, 3, 10
MM, 19, 3, 20
MM, 20, 3, 20
MM, 20, 4, 11
MM, 21, 4, 9
MM, 22, 4, 20
MM, 22, 5, 10
MC, 1, 193
MM, 21, 6, 78
MM, 16, 7, 10
MM, 9, 9, 11
MM, 0, 9, 10
MM, 29, 9, 10
MM, 16, 9, 10
MM, 4, 7, 10
MM, 25, 4, 10
MM, 462, 633, 11
MM, 453, 633, 9
MM, 443, 631, 10
MM, 435, 629, 10
MM, 429, 628, 10
MM, 3, 30, 11
MM, 0, 30, 10
MM, 419, 626, 9
MM, 418, 625, 10
MM, 417, 625, 10
MM, 416, 624, 11
MM, 415, 624, 10
MM, 34, 26, 9
MM, 32, 25, 21
MM, 31, 25, 10
MM, 30, 24, 10
MM, 28, 23, 10
MM, 26, 23, 10
MM, 26, 22, 11
MM, 24, 21, 9
MM, 23, 20, 20
MM, 22, 20, 11
MM, 21, 20, 20
MM, 21, 19, 10
MM, 20, 19, 10
MM, 19, 19, 20
MM, 18, 18, 10
MM, 18, 17, 10
MM, 17, 17, 20
MC, 1, 112
MM, 18, 18, 29
MM, 19, 20, 10
MM, 23, 23, 10
MM, 26, 27, 10
MM, 410, 630, 10
MM, 8, 7, 10
MM, 13, 16, 10
MM, 20, 27, 10
MM, 438, 670, 10
MM, 41, 5, 10
MM, 45, 9, 10
MM, 47, 13, 10
MM, 50, 19, 10
MM, 51, 21, 10
MM, 51, 22, 10
MM, 53, 22, 10
MM, 53, 23, 31
MM, 54, 23, 30
MC, 1, 273
MM, 55, 23, 59
MM, 56, 23, 9
MM, 58, 21, 10
MM, 61, 19, 10
MM, 67, 15, 10
MM, 73, 12, 10
MM, 82, 3, 10
MM, 490, 666, 11
MM, 10, 23, 9
MM, 28, 8, 11
MM, 526, 635, 10
MM, 534, 628, 10
MM, 538, 626, 9
MM, 0, 25, 11
MM, 4, 20, 10
MM, 8, 17, 10
MM, 11, 11, 10
MM, 16, 7, 10
MM, 24, 0, 11
MM, 567, 593, 11
MM, 571, 592, 8
MM, 4, 30, 10
MM, 7, 29, 10
MM, 10, 26, 11
MM, 12, 25, 9
MM, 14, 24, 11
MM, 16, 23, 10
MM, 18, 23, 10
MM, 22, 20, 9
MM, 24, 19, 11
MM, 26, 19, 20
MM, 27, 17, 20
MM, 28, 18, 9
MM, 29, 18, 12
MM, 30, 18, 19
MM, 31, 18, 10
MM, 32, 17, 10
MM, 33, 17, 10
MM, 606, 577, 11
MM, 609, 575, 9
MM, 0, 15, 10
MM, 3, 15, 11
MM, 4, 14, 10
MM, 7, 14, 9
MM, 9, 14, 11
MM, 10, 14, 19
MM, 11, 14, 21
MM, 12, 14, 20
MC, 1, 152
MM, 11, 14, 69
MM, 6, 19, 10
MM, 609, 584, 10
MM, 605, 587, 10
MM, 593, 596, 10
MM, 5, 8, 10
MM, 0, 11, 10
MM, 34, 19, 10
MM, 30, 22, 10
MM, 28, 23, 10
MM, 25, 25, 11
MM, 24, 27, 9
MM, 22, 29, 10
MM, 561, 628, 11
MM, 561, 629, 9
MM, 560, 630, 11
MM, 560, 631, 10
MM, 559, 631, 10
MM, 29, 0, 10
MM, 27, 2, 10
MM, 26, 3, 10
MM, 25, 4, 10
MM, 24, 5, 10
MM, 24, 6, 10
MM, 23, 7, 10
MC, 1, 172
MM, 22, 7, 39
MM, 21, 9, 10
MM, 20, 10, 11
MM, 19, 12, 9
MM, 17, 13, 10
MM, 13, 16, 10
MM, 11, 18, 10
MM, 3, 24, 11
MM, 526, 662, 10
MM, 30, 30, 9
MM, 512, 669, 11
MM, 509, 670, 10
MM, 106, 1, 10
MM, 103, 1, 10
MM, 102, 2, 10
MM, 101, 2, 10
MM, 100, 3, 10
MM, 99, 3, 31
MM, 99, 4, 9
MM, 98, 4, 10
MC, 1, 122
MM, 98, 1, 110
MM, 498, 666, 9
MM, 10, 26, 10
MM, 10, 14, 11
MM, 10, 4, 10
MM, 498, 625, 10
MM, 498, 616, 10
MM, 498, 605, 10
MM, 500, 596, 10
MM, 6, 29, 10
MM, 6, 23, 10
MM, 6, 22, 10
MM, 6, 21, 20
MM, 6, 20, 121
MM, 6, 19, 70
MM, 7, 19, 10
MM, 7, 18, 10
MM, 7, 17, 21
MM, 7, 16, 9
MM, 8, 16, 50
MC, 1, 72
MM, 9, 16, 49
MM, 11, 17, 10
MM, 12, 17, 10
MM, 15, 18, 11
MM, 19, 20, 10
MM, 22, 22, 9
MM, 26, 22, 10
MM, 526, 590, 10
MM, 530, 593, 10
MM, 536, 598, 10
MM, 2, 4, 11
MM, 5, 6, 10
MM, 8, 7, 9
MM, 9, 7, 11
MM, 10, 7, 10
MM, 11, 9, 10
MM, 12, 9, 20
MC, 1, 213
MM, 11, 9, 69
MM, 10, 9, 10
MM, 4, 9, 10
MM, 536, 605, 10
MM, 26, 6, 9
MM, 7, 4, 11
MM, 486, 594, 10
MM, 14, 28, 10
MM, 32, 21, 10
MM, 23, 19, 10
MM, 15, 17, 10
MM, 12, 16, 10
MM, 6, 15, 10
MM, 3, 15, 10
MM, 2, 14, 10
MM, 414, 574, 10
MM, 414, 573, 21
MP, 1, 231
MR, 1, 12
MC, 1, 0
MM, 0, 13, 48
MM, 1, 13, 20
MM, 2, 13, 20
MM, 4, 13, 10
MM, 4, 14, 10
MM, 6, 14, 11
MM, 7, 15, 19
MM, 8, 15, 21
MM, 9, 15, 30
MM, 10, 15, 171
MC, 1, 272
MM, 10, 16, 99
MM, 10, 17, 40
MM, 10, 20, 11
MM, 10, 23, 10
MM, 10, 28, 9
MM, 425, 593, 10
MM, 7, 7, 10
MM, 7, 18, 10
MM, 7, 26, 10
MM, 429, 629, 11
MM, 20, 1, 9
MM, 21, 11, 11
MM, 23, 14, 10
MM, 23, 21, 10
MM, 24, 23, 10
MM, 25, 25, 10
MM, 25, 27, 10
MM, 25, 28, 10
MM, 25, 29, 21
MM, 26, 30, 9
MM, 435, 665, 40
MM, 435, 666, 40
MM, 435, 667, 71
MM, 435, 668, 41
MM, 435, 669, 9
MM, 435, 670, 40
MM, 35, 2, 10
MM, 35, 3, 11
MM, 35, 4, 9
MM, 35, 5, 10
MM, 35, 7, 10
MM, 35, 8, 20
MC, 1, 143
MM, 34, 7, 109
MM, 33, 3, 10
MM, 430, 668, 10
MM, 16, 20, 10
MM, 9, 7, 10
MM, 413, 631, 10
MM, 28, 22, 11
MM, 23, 11, 10
MM, 18, 2, 9
MM, 394, 591, 10
MM, 21, 28, 11
MM, 20, 26, 9
MM, 17, 24, 10
MM, 17, 23, 10
MM, 15, 23, 11
MM, 15, 22, 10
MM, 15, 21, 10
MM, 14, 20, 40
MM, 14, 18, 31
MM, 13, 18, 10
MM, 13, 17, 20
MC, 1, 182
MM, 14, 17, 59
MM, 17, 17, 10
MM, 22, 16, 10
MM, 33, 16, 10
MM, 1, 15, 10
MM, 11, 15, 10
MM, 28, 16, 11
MM, 0, 16, 9
MM, 14, 16, 10
MM, 24, 16, 10
MM, 5, 20, 10
MM, 17, 21, 11
MM, 28, 21, 10
MM, 530, 581, 9
MM, 13, 23, 11
MM, 21, 23, 9
MM, 29, 23, 11
MM, 565, 582, 9
MM, 569, 582, 11
MM, 4, 21, 10
MM, 8, 21, 10
MM, 12, 21, 10
MM, 15, 19, 10
MM, 17, 19, 10
MM, 21, 18, 9
MM, 25, 18, 11
MM, 27, 18, 10
MM, 28, 17, 11
MM, 29, 16, 9
MM, 31, 16, 10
MM, 33, 16, 10
MM, 606, 575, 11
MM, 1, 13, 10
MM, 8, 11, 10
MM, 12, 11, 9
MM, 15, 11, 11
MM, 17, 11, 11
MM, 18, 11, 9
MM, 19, 11, 9
MM, 22, 13, 11
MM, 24, 14, 10
MM, 26, 15, 10
MM, 27, 15, 9
MM, 28, 15, 11
MM, 643, 575, 10
MM, 645, 575, 9
MM, 646, 575, 11
MM, 647, 576, 9
MM, 0, 16, 11
MM, 1, 17, 10
MM, 3, 18, 11
MM, 3, 19, 9
MM, 4, 19, 10
MM, 6, 19, 10
MM, 7, 20, 10
MM, 8, 20, 10
MM, 10, 20, 10
MM, 11, 20, 11
MM, 12, 20, 9
MM, 13, 20, 11
MC, 1, 212
MM, 11, 20, 59
MM, 9, 20, 10
MM, 6, 20, 10
MM, 0, 18, 10
MM, 30, 17, 10
MM, 20, 17, 11
MM, 10, 15, 9
MM, 608, 573, 11
MM, 26, 12, 10
MM, 11, 12, 9
MM, 2, 12, 10
MM, 24, 12, 11
MM, 8, 16, 10
MM, 530, 578, 10
MM, 26, 20, 10
MM, 19, 21, 9
MM, 10, 22, 10
MM, 2, 22, 11
MM, 493, 582, 10
MM, 489, 582, 10
MM, 28, 24, 10
MM, 26, 24, 10
MM, 24, 24, 10
MM, 21, 22, 10
MM, 20, 22, 10
MM, 19, 22, 10
MM, 19, 21, 10
MM, 17, 21, 10
MM, 17, 20, 10
MM, 15, 19, 20
MM, 14, 19, 20
MM, 13, 19, 10
MM, 12, 18, 11
MM, 11, 18, 20
MM, 10, 17, 10
MM, 9, 16, 9
MM, 8, 15, 21
MM, 7, 15, 10
MM, 6, 15, 10
MM, 6, 14, 10
MM, 6, 13, 10
MM, 5, 13, 10
MC, 1, 133
MM, 5, 14, 8
MM, 6, 14, 10
MM, 7, 14, 10
MM, 9, 14, 10
MM, 13, 14, 10
MM, 20, 16, 11
MM, 25, 16, 10
MM, 489, 577, 10
MM, 6, 18, 9
MM, 27, 21, 10
MM, 0, 22, 10
MM, 16, 26, 10
MM, 563, 591, 11
MM, 577, 593, 9
MM, 588, 594, 10
MM, 600, 594, 10
MM, 613, 599, 11
MM, 4, 4, 9
MM, 10, 4, 10
MM, 15, 4, 11
MM, 17, 4, 11
MM, 21, 4, 9
MM, 26, 6, 10
MM, 29, 8, 9
MM, 32, 8, 11
MM, 652, 605, 10
MM, 654, 605, 10
MM, 655, 605, 10
MM, 657, 605, 10
MM, 1, 8, 11
MM, 2, 8, 20
MM, 3, 8, 20
MM, 4, 8, 20
MM, 5, 8, 20
MM, 7, 8, 19
MM, 9, 10, 12
MM, 10, 10, 8
MM, 11, 10, 11
MM, 12, 11, 10
MM, 13, 11, 10
MM, 14, 12, 10
MM, 15, 12, 20
MC, 1, 122
MM, 13, 12, 39
MM, 8, 12, 10
MM, 3, 12, 10
MM, 653, 609, 10
MM, 23, 12, 10
MM, 8, 12, 10
MM, 29, 12, 10
MM, 6, 10, 10
MM, 32, 10, 10
MM, 24, 10, 10
MM, 13, 14, 11
MM, 3, 14, 9
MM, 535, 612, 10
MM, 31, 15, 11
MM, 26, 15, 9
MM, 23, 15, 11
MM, 19, 17, 10
MM, 17, 18, 10
MM, 14, 18, 10
MM, 12, 18, 10
MM, 11, 18, 10
MM, 10, 18, 11
MM, 7, 18, 10
MM, 4, 18, 9
MM, 1, 18, 10
MM, 496, 613, 10
MM, 494, 612, 10
MM, 493, 612, 10
MM, 28, 14, 10
MM, 25, 14, 11
MM, 22, 14, 9
MM, 21, 14, 11
MM, 18, 14, 10
MM, 16, 14, 10
MM, 13, 14, 10
MM, 10, 14, 9
MM, 7, 14, 10
MM, 5, 14, 10
MM, 4, 14, 10
MM, 2, 14, 11
MM, 461, 611, 10
MM, 459, 611, 10
MM, 458, 611, 10
MM, 457, 611, 10
MM, 33, 14, 10
MM, 32, 14, 10
MM, 31, 14, 11
MM, 30, 13, 9
MM, 29, 13, 10
MM, 27, 13, 21
MM, 26, 12, 19
MM, 25, 12, 11
MM, 24, 12, 9
MM, 23, 12, 20
MM, 22, 12, 31
MM, 20, 12, 20
MM, 19, 12, 31
MM, 19, 11, 59
MC, 1, 52
MM, 20, 11, 180
MM, 21, 11, 19
MM, 22, 11, 11
MM, 23, 11, 10
MM, 24, 12, 10
MM, 28, 12, 10
MM, 33, 13, 10
MM, 460, 611, 10
MM, 6, 17, 9
MM, 13, 19, 11
MM, 23, 21, 11
MM, 498, 622, 10
MM, 3, 27, 10
MM, 8, 30, 9
MM, 511, 629, 10
MM, 516, 631, 10
MM, 518, 632, 11
MM, 521, 632, 10
MM, 523, 633, 9
MM, 526, 633, 10
MM, 528, 634, 10
MM, 0, 0, 221
MM, 1, 0, 10
MM, 3, 0, 11
MM, 10, 2, 10
MM, 15, 3, 10
MM, 21, 3, 10
MM, 30, 3, 10
MM, 567, 637, 10
MM, 9, 6, 10
MM, 19, 6, 10
MM, 22, 8, 11
MM, 27, 10, 10
MM, 29, 11, 10
MM, 32, 11, 9
MM, 33, 11, 11
MM, 37, 13, 9
MM, 609, 647, 11
MM, 613, 648, 9
MM, 614, 648, 11
MM, 1, 14, 10
MM, 3, 14, 9
MM, 5, 15, 11
MM, 7, 15, 10
MM, 8, 15, 10
MM, 9, 15, 9
MM, 11, 15, 10
MM, 12, 15, 10
MM, 13, 15, 10
MM, 15, 17, 11
MM, 17, 17, 10
MM, 18, 17, 20
MM, 20, 17, 20
MM, 21, 17, 10
MM, 22, 18, 10
MM, 24, 18, 10
MM, 26, 18, 10
MM, 29, 18, 11
MM, 30, 18, 9
MM, 647, 652, 11
MM, 648, 652, 9
MM, 1, 20, 11
MM, 3, 20, 9
MM, 6, 20, 11
MM, 7, 20, 9
MM, 9, 20, 11
MM, 10, 20, 10
MM, 12, 20, 10
MM, 13, 20, 30
MM, 13, 19, 21
MM, 14, 19, 9
MM, 15, 19, 30
MC, 1, 92
MM, 13, 16, 9
MM, 13, 15, 251
MM, 15, 13, 10
MM, 18, 12, 10
MM, 23, 11, 10
MM, 25, 10, 10
MM, 28, 8, 11
MM, 684, 641, 10
MM, 689, 641, 9
MM, 693, 641, 10
MM, 697, 640, 10
MM, 700, 640, 10
MM, 704, 640, 10
MM, 706, 640, 10
MM, 709, 640, 10
MM, 712, 639, 11
MM, 717, 639, 10
MM, 719, 639, 10
MM, 722, 639, 10
MM, 724, 639, 10
MM, 727, 639, 10
MM, 730, 639, 10
MM, 732, 639, 10
MM, 732, 640, 10
MM, 734, 641, 11
MM, 735, 641, 9
MM, 739, 641, 10
MM, 740, 641, 11
MM, 742, 642, 10
MM, 743, 643, 10
MM, 745, 643, 10
MM, 746, 644, 9
MM, 749, 646, 11
MM, 750, 646, 30
MM, 751, 646, 20
MM, 752, 646, 10
MM, 753, 646, 20
MM, 754, 646, 10
MM, 755, 646, 10
MM, 757, 646, 11
MM, 759, 646, 9
MM, 763, 645, 10
MM, 766, 643, 10
MM, 768, 643, 10
MM, 770, 641, 10
MM, 2, 28, 11
MM, 3, 27, 10
MM, 4, 26, 9
MM, 5, 25, 21
MM, 6, 25, 11
MM, 7, 24, 19
MM, 8, 24, 90
MM, 8, 23, 20
MM, 9, 23, 30
MM, 10, 23, 21
