********************************************************************************
LOGGING TIME: 20181005_231348
CLIENT IP: 192.168.56.1
USERNAME: user-pc
OS: Windows 10
**********************************Emotional database********************************************************************************
MM, 6, 25, 1537598292127
MM, 5, 25, 411
MM, 3, 25, 10
MM, 770, 637, 10
MM, 761, 630, 10
MM, 736, 614, 9
MM, 13, 24, 11
MM, 655, 558, 10
MM, 609, 513, 10
MM, 309, 59, 10
MM, 264, 11, 10
MM, 467, 381, 11
MM, 189, 64, 9
MM, 162, 26, 10
MM, 391, 277, 10
MM, 380, 260, 11
MM, 323, 169, 642
MM, 320, 162, 11
MM, 317, 156, 10
MM, 315, 149, 9
MM, 313, 145, 10
MM, 310, 140, 11
MM, 310, 139, 10
MM, 309, 137, 10
MM, 309, 136, 9
MM, 309, 134, 11
MM, 309, 133, 50
MM, 310, 131, 10
MM, 312, 129, 10
MM, 314, 124, 11
MM, 317, 120, 10
MM, 331, 106, 20
MM, 337, 103, 9
MM, 347, 96, 11
MM, 361, 94, 9
MM, 371, 94, 11
MM, 379, 93, 10
MM, 386, 94, 10
MM, 396, 97, 10
MM, 432, 114, 40
MM, 437, 115, 10
MM, 442, 118, 10
MM, 444, 119, 10
MM, 445, 119, 21
MM, 446, 119, 9
MM, 447, 119, 10
MM, 448, 119, 31
MM, 448, 118, 79
MM, 447, 116, 31
MM, 446, 116, 10
MM, 443, 116, 10
MM, 441, 116, 10
MM, 439, 116, 10
MM, 435, 116, 10
MM, 430, 116, 10
MM, 426, 116, 11
MM, 421, 116, 10
MM, 419, 116, 9
MM, 418, 115, 10
MM, 417, 115, 11
MM, 416, 114, 10
MM, 415, 114, 9
MM, 414, 114, 21
MM, 405, 114, 402
MM, 400, 120, 10
MM, 393, 130, 10
MM, 386, 138, 10
MM, 373, 152, 10
MM, 360, 172, 9
MM, 324, 248, 60
MM, 321, 250, 10
MM, 321, 252, 10
MM, 320, 252, 10
MM, 320, 254, 213
MM, 320, 257, 9
MM, 318, 262, 11
MM, 318, 269, 9
MM, 316, 278, 11
MM, 65, 1, 9
MM, 65, 4, 10
MM, 65, 7, 10
MM, 65, 10, 11
MM, 63, 11, 19
MM, 63, 12, 21
MC, 1, 173
MM, 63, 13, 58
MM, 62, 14, 9
MM, 60, 22, 12429
MM, 56, 36, 10
MM, 55, 52, 10
MM, 54, 62, 10
MM, 54, 78, 11
MM, 304, 375, 9
MM, 303, 385, 10
MM, 303, 393, 10
MM, 301, 402, 10
MM, 299, 406, 10
MM, 296, 411, 10
MM, 45, 5, 11
MM, 44, 9, 9
MM, 41, 10, 11
MM, 40, 12, 9
MM, 38, 14, 10
MM, 33, 19, 11
MM, 30, 23, 10
MM, 30, 24, 10
MM, 29, 25, 11
MM, 28, 25, 9
MM, 28, 26, 10
MC, 1, 424
MM, 28, 27, 149
MM, 29, 28, 9
MM, 30, 30, 11
MM, 33, 35, 10
MM, 36, 40, 10
MM, 36, 43, 10
MM, 39, 46, 10
MM, 40, 48, 10
MM, 41, 49, 10
MM, 42, 49, 10
MM, 43, 51, 10
MM, 44, 52, 10
MM, 45, 52, 171
MM, 46, 52, 11
MM, 49, 52, 9
MM, 55, 52, 10
MM, 65, 58, 10
MM, 93, 88, 11
MM, 371, 538, 10
MM, 16, 10, 10
MM, 23, 9, 9
MM, 18, 5, 10
MM, 24, 15, 10
MM, 447, 666, 10
MM, 448, 669, 10
MM, 449, 669, 10
MM, 449, 668, 161
MM, 448, 666, 11
MM, 447, 663, 10
MM, 443, 660, 10
MM, 33, 25, 10
MM, 29, 21, 9
MM, 26, 18, 10
MM, 19, 10, 11
MM, 12, 2, 10
MM, 32, 29, 10
MM, 26, 22, 10
MM, 19, 10, 10
MM, 15, 8, 10
MM, 11, 2, 11
MM, 17, 28, 9
MM, 14, 24, 11
MM, 11, 22, 9
MM, 10, 19, 11
MM, 7, 15, 9
MM, 4, 12, 12
MM, 4, 11, 8
MM, 3, 9, 11
MM, 1, 8, 9
MM, 0, 7, 21
MM, 371, 566, 9
MM, 370, 566, 10
MM, 369, 564, 11
MM, 368, 562, 10
MM, 367, 561, 10
MM, 365, 557, 10
MM, 364, 554, 10
MM, 363, 554, 10
MM, 10, 27, 332
MM, 398, 557, 10
MM, 1, 6, 10
MM, 32, 18, 10
MM, 20, 23, 10
MM, 509, 595, 10
MM, 537, 605, 10
MM, 10, 12, 11
MM, 23, 17, 9
MM, 576, 624, 10
MM, 2, 30, 10
MM, 589, 632, 9
MM, 27, 3, 11
MM, 30, 4, 11
MM, 32, 5, 10
MM, 35, 6, 10
MM, 37, 7, 9
MM, 609, 642, 10
MM, 610, 643, 11
MM, 613, 643, 10
MM, 614, 643, 10
MM, 0, 9, 10
MM, 0, 10, 10
MM, 3, 14, 9
MM, 6, 14, 10
MM, 7, 14, 11
MM, 8, 14, 10
MM, 9, 14, 10
MM, 10, 14, 20
MM, 11, 14, 10
MM, 12, 14, 41
MM, 13, 14, 9
MM, 14, 13, 11
MM, 15, 13, 9
MM, 18, 13, 10
MM, 22, 11, 10
MM, 24, 11, 11
MM, 28, 12, 10
MM, 30, 14, 10
MM, 646, 648, 9
MM, 648, 649, 10
MM, 648, 650, 11
MM, 650, 650, 9
MM, 0, 16, 11
MM, 1, 16, 20
MM, 2, 16, 10
MM, 3, 17, 10
MM, 4, 17, 10
MC, 1, 122
MM, 1, 17, 49
MM, 651, 651, 10
MM, 647, 651, 10
MM, 21, 19, 10
MM, 8, 19, 10
MM, 611, 655, 11
MM, 23, 28, 9
MM, 576, 668, 10
MM, 151, 5, 10
MM, 140, 8, 11
MM, 126, 13, 10
MM, 117, 15, 9
MM, 108, 18, 11
MM, 104, 18, 9
MM, 99, 18, 10
MM, 96, 18, 12
MM, 93, 18, 9
MM, 89, 20, 10
MM, 88, 20, 9
MM, 87, 20, 11
MM, 86, 20, 9
MM, 85, 20, 11
MM, 84, 20, 20
MM, 83, 20, 30
MC, 1, 122
MM, 83, 19, 39
MM, 83, 17, 10
MM, 83, 12, 10
MM, 83, 7, 11
MM, 483, 670, 9
MM, 483, 650, 11
MM, 24, 24, 9
MM, 492, 595, 10
MM, 1, 4, 11
MM, 496, 544, 10
MM, 2, 11, 9
MM, 2, 3, 11
MM, 2, 1, 10
MM, 2, 0, 10
MM, 2, 1, 110
MM, 2, 3, 11
MM, 2, 5, 9
MM, 2, 6, 10
MM, 1, 8, 11
MM, 0, 10, 10
MM, 0, 13, 10
MM, 0, 15, 10
MM, 495, 542, 10
MM, 494, 544, 9
MM, 494, 546, 11
MM, 493, 549, 10
MM, 493, 550, 10
MM, 493, 551, 10
MM, 493, 552, 10
MM, 493, 554, 10
MM, 493, 555, 20
MM, 493, 556, 11
MM, 494, 557, 9
MM, 495, 558, 20
MM, 496, 559, 21
MM, 3, 0, 20
MM, 4, 0, 39
MM, 4, 1, 31
MM, 5, 1, 20
MM, 5, 2, 10
MM, 6, 3, 20
MM, 7, 3, 10
MM, 7, 4, 11
MM, 7, 5, 29
MM, 8, 5, 10
MM, 8, 6, 20
MM, 10, 7, 111
MM, 11, 7, 21
MM, 12, 8, 9
MM, 15, 9, 11
MM, 17, 11, 9
MM, 20, 12, 11
MM, 23, 15, 10
MM, 24, 16, 9
MM, 29, 20, 10
MM, 527, 584, 11
MM, 0, 26, 10
MM, 5, 30, 10
MM, 539, 593, 10
MM, 544, 594, 10
MM, 545, 596, 10
MM, 546, 596, 10
MM, 547, 596, 10
MM, 7, 0, 10
MM, 7, 1, 10
MM, 8, 1, 71
MC, 1, 181
MM, 3, 1, 50
MM, 535, 598, 9
MM, 32, 1, 11
MM, 22, 0, 10
MM, 510, 593, 10
MM, 5, 29, 10
MM, 491, 586, 10
MM, 22, 19, 11
MM, 13, 15, 9
MM, 6, 13, 10
MM, 0, 12, 10
MM, 451, 570, 11
MM, 34, 10, 9
MM, 31, 9, 10
MM, 30, 9, 10
MM, 28, 7, 11
MM, 27, 7, 19
MM, 26, 7, 20
MM, 25, 7, 71
MM, 25, 6, 10
MM, 24, 6, 20
MM, 24, 5, 10
MM, 23, 5, 20
MM, 22, 5, 41
MM, 21, 5, 39
MC, 1, 104
MM, 21, 6, 68
MM, 20, 8, 9
MM, 19, 11, 21
MM, 19, 13, 10
MM, 19, 16, 10
MM, 18, 21, 10
MM, 432, 592, 10
MM, 10, 8, 10
MM, 10, 15, 10
MM, 8, 25, 10
MM, 8, 30, 10
MM, 20, 9, 10
MM, 20, 19, 11
MM, 20, 25, 9
MM, 20, 28, 10
MM, 20, 30, 10
MM, 429, 667, 10
MM, 429, 668, 11
MM, 429, 669, 9
MM, 429, 670, 10
MM, 29, 0, 20
MM, 30, 0, 10
MM, 31, 1, 71
MM, 31, 2, 191
MM, 32, 2, 12
MC, 1, 10
MM, 32, 3, 8
MM, 32, 4, 10
MM, 32, 5, 10
MM, 32, 6, 11
MM, 32, 7, 30
MM, 32, 5, 171
MM, 30, 1, 10
MM, 20, 30, 9
MM, 18, 26, 11
MM, 16, 22, 10
MM, 15, 19, 10
MM, 12, 11, 9
MM, 10, 4, 11
MM, 8, 0, 10
MM, 415, 631, 10
MM, 34, 30, 10
MM, 33, 29, 10
MM, 32, 28, 10
MM, 32, 27, 20
MM, 31, 25, 20
MM, 31, 24, 20
MM, 31, 23, 10
MM, 30, 23, 10
MM, 30, 22, 10
MM, 29, 21, 11
MM, 28, 19, 20
MM, 28, 18, 30
MM, 27, 16, 10
MM, 26, 16, 10
MM, 26, 15, 10
MM, 25, 15, 10
MM, 25, 14, 10
MM, 25, 13, 10
MM, 24, 13, 20
MC, 1, 133
MM, 27, 11, 38
MM, 31, 9, 10
MM, 418, 605, 10
MM, 4, 5, 10
MM, 12, 2, 10
MM, 23, 0, 11
MM, 460, 592, 10
MM, 468, 591, 10
MM, 22, 28, 9
MM, 29, 25, 10
MM, 493, 585, 11
MM, 5, 23, 10
MM, 9, 22, 10
MM, 12, 22, 10
MM, 15, 22, 9
MM, 18, 20, 11
MM, 19, 20, 9
MM, 20, 19, 10
MM, 21, 19, 11
MM, 21, 18, 9
MM, 22, 16, 11
MM, 23, 16, 10
MM, 23, 15, 10
MM, 24, 15, 11
MM, 25, 14, 19
MM, 26, 14, 11
MM, 27, 14, 9
MM, 29, 14, 20
MM, 525, 573, 10
MM, 529, 572, 11
MM, 0, 12, 10
MM, 4, 12, 9
MM, 9, 12, 10
MM, 18, 16, 10
MM, 24, 16, 11
MM, 32, 20, 9
MM, 568, 580, 11
MM, 1, 20, 9
MM, 3, 21, 11
MM, 10, 21, 10
MM, 12, 21, 10
MM, 13, 21, 10
MM, 14, 20, 70
MM, 14, 19, 61
MC, 1, 182
MM, 13, 19, 8
MM, 13, 20, 10
MM, 11, 23, 11
MM, 7, 28, 10
MM, 5, 30, 9
MM, 574, 596, 11
MM, 30, 3, 10
MM, 29, 5, 10
MM, 25, 11, 10
MM, 21, 17, 10
MM, 19, 22, 10
MM, 15, 27, 10
MM, 14, 29, 11
MM, 13, 30, 9
MM, 552, 630, 10
MM, 551, 633, 11
MM, 20, 1, 10
MM, 20, 2, 9
MM, 19, 3, 10
MM, 19, 4, 10
MM, 18, 5, 20
MM, 17, 6, 10
MM, 17, 7, 10
MM, 16, 7, 11
MM, 16, 9, 19
MM, 15, 10, 11
MC, 1, 142
MM, 14, 11, 29
MM, 14, 12, 9
MM, 13, 13, 10
MM, 11, 14, 11
MM, 6, 16, 10
MM, 528, 655, 9
MM, 523, 658, 11
MM, 29, 27, 10
MM, 512, 665, 10
MM, 102, 3, 10
MM, 98, 4, 11
MM, 95, 5, 9
MM, 91, 8, 10
MM, 86, 11, 10
MM, 85, 11, 10
MM, 84, 12, 20
MM, 83, 12, 10
MC, 1, 133
MM, 82, 12, 78
MM, 82, 9, 11
MM, 82, 4, 10
MM, 80, 2, 10
MM, 478, 666, 9
MM, 26, 23, 10
MM, 24, 8, 11
MM, 469, 628, 10
MM, 5, 23, 10
MM, 2, 11, 10
MM, 0, 4, 10
MM, 462, 594, 10
MM, 4, 28, 10
MM, 3, 26, 11
MM, 3, 23, 9
MM, 2, 22, 11
MM, 2, 21, 70
MM, 1, 21, 9
MM, 1, 20, 21
MM, 1, 19, 9
MM, 1, 18, 21
MM, 1, 17, 50
MC, 1, 132
MM, 3, 17, 48
MM, 4, 17, 10
MM, 7, 17, 11
MM, 9, 17, 10
MM, 11, 17, 10
MM, 18, 16, 10
MM, 24, 16, 10
MM, 488, 576, 11
MM, 2, 16, 10
MM, 11, 15, 10
MM, 20, 14, 9
MM, 28, 13, 10
MM, 529, 573, 11
MM, 2, 13, 10
MM, 6, 13, 10
MM, 14, 10, 10
MM, 19, 10, 10
MM, 21, 10, 10
MM, 25, 10, 10
MM, 27, 10, 10
MM, 29, 10, 12
MM, 566, 570, 8
MM, 567, 570, 10
MM, 568, 570, 11
MM, 0, 11, 9
MM, 3, 11, 10
MM, 5, 11, 11
MM, 7, 11, 9
MM, 10, 11, 11
MM, 12, 11, 9
MM, 14, 11, 11
MM, 19, 15, 10
MM, 21, 16, 9
MM, 22, 16, 10
MM, 23, 17, 10
MM, 24, 17, 10
MM, 25, 17, 11
MM, 26, 18, 9
MM, 27, 19, 10
MM, 28, 19, 10
MM, 29, 19, 30
MM, 31, 19, 41
MM, 34, 19, 41
MM, 606, 579, 10
MM, 607, 579, 39
MM, 608, 579, 172
MM, 609, 579, 79
MM, 610, 579, 51
MM, 0, 19, 80
MM, 1, 19, 40
MM, 2, 19, 101
MM, 3, 18, 21
MC, 1, 120
MM, 1, 17, 19
MM, 608, 577, 11
MM, 31, 17, 10
MM, 19, 13, 10
MM, 568, 572, 10
MM, 10, 4, 10
MM, 14, 2, 10
MM, 25, 2, 11
MM, 1, 6, 10
MM, 20, 13, 10
MM, 413, 579, 9
MM, 30, 24, 10
MM, 20, 27, 11
MM, 12, 28, 10
MM, 5, 30, 10
MM, 1, 30, 10
MM, 367, 590, 10
MM, 364, 591, 10
MM, 362, 591, 10
MM, 361, 592, 10
MM, 360, 592, 10
MM, 359, 593, 21
MM, 358, 593, 10
MM, 358, 594, 140
MM, 359, 594, 10
MM, 361, 595, 10
MM, 25, 0, 10
MM, 30, 4, 11
MM, 33, 5, 10
MM, 375, 603, 10
MM, 377, 605, 9
MM, 2, 12, 11
MM, 3, 13, 10
MM, 4, 14, 10
MM, 6, 15, 10
MM, 7, 15, 29
MM, 7, 16, 82
MC, 1, 91
MM, 8, 16, 28
MM, 8, 15, 11
MM, 10, 13, 10
MM, 11, 11, 10
MM, 14, 7, 10
MM, 19, 4, 10
MM, 20, 2, 11
MM, 22, 0, 9
MM, 403, 596, 10
MM, 404, 595, 10
MM, 406, 593, 10
MM, 408, 593, 10
MM, 410, 590, 11
MM, 412, 588, 9
MM, 413, 588, 11
MM, 414, 586, 9
MM, 0, 26, 10
MM, 1, 25, 10
MM, 2, 24, 20
MM, 3, 24, 11
MM, 4, 22, 10
MM, 6, 20, 10
MM, 8, 19, 9
MM, 9, 19, 142
MC, 1, 61
MM, 8, 20, 49
MM, 4, 23, 11
MM, 1, 24, 10
MM, 410, 589, 9
MM, 406, 593, 10
MM, 21, 0, 11
MM, 19, 1, 10
MM, 17, 4, 9
MM, 16, 5, 10
MM, 12, 7, 10
MM, 12, 9, 11
MM, 11, 10, 9
MM, 10, 10, 10
MM, 10, 11, 20
MC, 1, 112
MM, 11, 11, 49
MM, 12, 12, 11
MM, 15, 14, 10
MM, 17, 16, 10
MM, 19, 17, 10
MM, 22, 21, 10
MM, 29, 26, 10
MM, 415, 627, 10
MM, 419, 629, 10
MM, 424, 631, 10
MM, 18, 1, 10
MM, 25, 8, 11
MM, 444, 648, 10
MM, 2, 21, 9
MM, 11, 30, 10
MM, 465, 668, 11
MM, 68, 1, 10
MM, 70, 4, 9
MM, 71, 6, 10
MM, 71, 7, 10
MM, 68, 15, 10
MC, 1, 374
MM, 69, 15, 48
MM, 74, 11, 11
MM, 79, 2, 10
MM, 0, 29, 10
MM, 19, 19, 10
MM, 32, 6, 10
MM, 535, 626, 10
MM, 4, 17, 10
MM, 10, 14, 10
MM, 17, 9, 10
MM, 26, 5, 10
MM, 33, 4, 10
MM, 576, 598, 10
MM, 1, 0, 10
MM, 2, 0, 10
MM, 3, 0, 10
MM, 4, 0, 30
MM, 585, 596, 71
MM, 586, 596, 10
MM, 587, 596, 10
MM, 588, 594, 10
MM, 589, 593, 10
MM, 590, 593, 10
MM, 591, 592, 10
MM, 592, 592, 20
MM, 24, 30, 21
MM, 26, 28, 19
MM, 27, 28, 10
MM, 29, 26, 10
MM, 32, 23, 11
MM, 34, 23, 10
MM, 606, 582, 10
MM, 608, 582, 9
MM, 610, 580, 11
MM, 1, 20, 10
MM, 2, 20, 10
MM, 3, 20, 10
MM, 4, 20, 10
MM, 5, 20, 10
MC, 1, 183
MM, 4, 21, 39
MM, 609, 587, 9
MM, 604, 596, 11
MM, 18, 6, 9
MM, 15, 11, 11
MM, 10, 17, 9
MM, 5, 22, 11
MM, 0, 28, 10
MM, 578, 627, 10
MM, 576, 630, 10
MM, 574, 632, 10
MM, 573, 632, 10
MM, 573, 633, 10
MM, 2, 1, 10
MM, 569, 636, 10
MM, 569, 638, 10
MM, 568, 639, 11
MM, 567, 640, 9
MM, 566, 640, 10
MM, 565, 642, 10
MM, 564, 642, 21
MM, 34, 8, 29
MM, 33, 8, 51
MM, 31, 8, 10
MM, 30, 9, 10
MM, 27, 10, 10
MM, 26, 10, 20
MM, 24, 10, 10
MM, 24, 11, 10
MM, 23, 12, 10
MM, 22, 12, 10
MC, 1, 113
MM, 21, 12, 38
MM, 21, 13, 10
MM, 19, 17, 10
MM, 16, 19, 11
MM, 12, 24, 9
MM, 8, 28, 11
MM, 5, 28, 9
MM, 532, 665, 10
MM, 530, 665, 10
MM, 526, 668, 10
MM, 525, 668, 10
MM, 524, 669, 11
MM, 522, 669, 10
MM, 521, 670, 19
MM, 120, 0, 11
MM, 119, 2, 9
MM, 118, 2, 21
MM, 117, 2, 10
MM, 116, 4, 10
MM, 114, 4, 10
MM, 112, 6, 10
MM, 112, 7, 10
MM, 108, 10, 10
MM, 107, 10, 10
MM, 106, 10, 71
MM, 105, 10, 30
MC, 1, 52
MM, 105, 5, 88
MM, 105, 1, 10
MM, 505, 666, 11
MM, 17, 14, 9
MM, 505, 632, 11
MM, 8, 21, 9
MM, 10, 8, 11
MM, 509, 595, 10
MM, 15, 30, 10
MM, 16, 27, 10
MM, 16, 26, 10
MM, 16, 25, 10
MM, 17, 25, 20
MM, 17, 24, 10
MM, 17, 23, 241
MM, 17, 22, 30
MC, 1, 72
MM, 18, 22, 39
MM, 21, 23, 10
MM, 25, 25, 10
MM, 29, 27, 10
MM, 527, 588, 10
MM, 535, 593, 11
MM, 541, 596, 9
MM, 5, 2, 11
MM, 11, 6, 9
MM, 13, 7, 10
MM, 14, 7, 21
MM, 14, 8, 10
MC, 1, 172
MM, 12, 8, 49
MM, 4, 8, 10
MM, 535, 605, 10
MM, 24, 8, 10
MM, 5, 5, 10
MM, 494, 602, 10
MM, 24, 2, 11
MM, 16, 2, 10
MM, 5, 0, 10
MM, 461, 597, 9
MM, 457, 595, 10
MM, 454, 594, 11
MM, 453, 594, 10
MM, 451, 593, 9
MM, 450, 592, 20
MM, 448, 592, 21
MM, 447, 592, 29
MM, 446, 591, 11
MM, 444, 591, 30
MM, 28, 30, 20
MM, 28, 29, 10
MM, 26, 29, 20
MM, 25, 28, 20
MM, 24, 28, 31
MM, 24, 27, 81
MC, 1, 20
MM, 24, 29, 119
MM, 439, 594, 10
MM, 18, 2, 11
MM, 18, 9, 10
MM, 22, 20, 9
MM, 448, 633, 10
MM, 6, 14, 11
MM, 458, 666, 10
MM, 62, 0, 11
MM, 66, 6, 9
MM, 67, 10, 10
MM, 68, 14, 10
MM, 70, 17, 20
MM, 70, 19, 20
MM, 71, 19, 60
MC, 1, 102
MM, 71, 18, 49
MM, 71, 17, 21
MM, 71, 16, 19
MM, 71, 15, 91
MM, 71, 14, 10
MM, 70, 12, 10
MM, 68, 5, 10
MM, 465, 667, 10
MM, 12, 17, 11
MM, 10, 4, 9
MM, 34, 22, 11
MM, 452, 596, 10
MM, 452, 582, 9
MM, 451, 576, 10
MM, 34, 9, 10
MM, 34, 7, 11
MM, 33, 7, 190
MM, 32, 8, 10
MM, 31, 9, 21
MM, 30, 10, 9
MM, 29, 10, 10
MM, 28, 10, 11
MM, 27, 10, 10
MM, 26, 10, 10
MM, 25, 10, 60
MC, 1, 41
MM, 23, 11, 50
MM, 21, 12, 10
MM, 19, 12, 10
MM, 15, 16, 10
MM, 10, 18, 10
MM, 3, 21, 10
MM, 36, 27, 10
MM, 32, 29, 10
MM, 26, 29, 11
MM, 394, 591, 9
MM, 390, 593, 10
MM, 389, 593, 10
MM, 387, 593, 10
MM, 384, 595, 11
MM, 382, 596, 10
MM, 381, 596, 20
MM, 380, 596, 40
MM, 379, 598, 10
MM, 378, 598, 20
MM, 377, 599, 11
MM, 376, 599, 9
MM, 376, 600, 30
MM, 375, 601, 10
MM, 374, 602, 10
MM, 33, 6, 11
MM, 32, 6, 9
MM, 30, 9, 10
MM, 30, 11, 11
MM, 29, 11, 10
MC, 1, 152
MM, 31, 11, 28
MM, 33, 11, 10
MM, 374, 608, 11
MM, 0, 13, 9
MM, 4, 13, 11
MM, 7, 13, 10
MM, 9, 13, 10
MM, 10, 14, 20
MM, 11, 14, 122
MC, 1, 10
MM, 12, 14, 9
MM, 13, 14, 20
MM, 18, 12, 10
MM, 21, 9, 10
MM, 28, 7, 10
MM, 34, 4, 9
MM, 2, 3, 11
MM, 11, 0, 10
MM, 440, 596, 10
MM, 448, 595, 10
MM, 454, 593, 10
MM, 6, 30, 10
MM, 18, 29, 10
MM, 28, 27, 10
MM, 491, 586, 10
MM, 1, 26, 11
MM, 5, 26, 10
MM, 12, 25, 9
MM, 15, 25, 10
MM, 17, 23, 10
MM, 18, 23, 10
MM, 20, 23, 11
MM, 23, 23, 10
MM, 24, 23, 10
MM, 25, 23, 10
MM, 25, 22, 10
MM, 26, 22, 10
MC, 1, 193
MM, 25, 22, 169
MM, 24, 22, 20
MM, 23, 22, 20
MM, 22, 22, 30
MM, 21, 23, 91
MM, 19, 26, 10
MM, 18, 30, 10
MM, 8, 4, 10
MM, 4, 22, 10
MM, 499, 633, 9
MM, 7, 11, 10
MM, 4, 22, 11
MM, 490, 667, 10
MM, 86, 3, 10
MM, 85, 7, 11
MM, 84, 9, 9
MM, 83, 12, 10
MM, 82, 13, 10
MM, 82, 17, 11
MM, 82, 18, 10
MM, 82, 20, 9
MM, 82, 21, 10
MM, 81, 21, 10
MM, 81, 22, 10
MM, 81, 23, 10
MM, 80, 24, 121
MC, 1, 122
MM, 79, 23, 39
MM, 79, 22, 10
MM, 78, 22, 10
MM, 77, 21, 10
MM, 75, 19, 10
MM, 72, 17, 10
MM, 67, 13, 10
MM, 60, 8, 10
MM, 55, 5, 10
MM, 49, 0, 10
MM, 442, 666, 11
MM, 20, 25, 9
MM, 9, 19, 11
MM, 408, 647, 9
MM, 30, 4, 11
MM, 391, 629, 10
MM, 5, 27, 10
MM, 1, 22, 10
MM, 34, 16, 10
MM, 31, 15, 10
MM, 29, 14, 10
MM, 28, 14, 11
MM, 27, 13, 10
MM, 26, 12, 110
MM, 25, 12, 30
MM, 24, 12, 10
MM, 24, 11, 20
MC, 1, 113
MM, 25, 11, 37
MM, 29, 11, 11
MM, 374, 608, 10
MM, 2, 11, 10
MM, 14, 11, 10
MM, 30, 11, 10
MM, 2, 11, 10
MM, 22, 11, 11
MM, 461, 611, 10
MM, 11, 16, 9
MM, 22, 22, 11
MM, 29, 24, 10
MM, 2, 28, 9
MM, 12, 28, 11
MM, 516, 628, 10
MM, 519, 629, 10
MM, 520, 629, 10
MM, 521, 629, 9
MM, 523, 630, 11
MM, 524, 630, 50
MM, 524, 631, 20
MM, 525, 631, 40
MM, 526, 632, 31
MM, 527, 633, 29
MM, 527, 634, 11
MM, 0, 1, 9
MM, 2, 2, 10
MM, 5, 3, 12
MM, 7, 5, 9
MM, 9, 5, 10
MM, 11, 5, 10
MM, 13, 6, 9
MM, 13, 7, 12
MM, 15, 8, 9
MM, 16, 9, 20
MM, 16, 10, 10
MC, 1, 102
MM, 9, 10, 59
MM, 1, 10, 10
MM, 31, 8, 10
MM, 22, 6, 10
MM, 10, 2, 11
MM, 484, 636, 9
MM, 475, 633, 11
MM, 467, 631, 9
MM, 462, 630, 11
MM, 454, 628, 9
MM, 450, 628, 11
MM, 27, 30, 9
MM, 24, 30, 11
MM, 21, 30, 10
MM, 20, 30, 11
MM, 19, 29, 9
MM, 18, 29, 10
MM, 17, 29, 20
MM, 16, 29, 20
MM, 16, 28, 20
MC, 1, 233
MM, 17, 28, 89
MM, 18, 28, 40
MM, 19, 28, 10
MM, 20, 29, 10
MM, 21, 30, 10
MM, 444, 629, 10
MM, 445, 634, 10
MM, 448, 640, 10
MM, 0, 12, 11
MM, 1, 15, 9
MM, 2, 18, 11
MM, 2, 20, 9
MM, 2, 21, 10
MM, 2, 22, 11
MM, 3, 24, 10
MM, 3, 25, 10
MM, 3, 26, 10
MM, 4, 29, 10
MM, 4, 30, 9
MM, 453, 666, 11
MM, 453, 668, 20
MM, 453, 669, 30
MM, 53, 0, 11
MM, 53, 2, 19
MM, 53, 3, 21
MC, 1, 81
MM, 52, 3, 139
MM, 50, 3, 20
MM, 48, 1, 10
MM, 44, 0, 10
MM, 439, 665, 11
MM, 26, 29, 10
MM, 24, 24, 10
MM, 17, 19, 10
MM, 16, 14, 10
MM, 12, 12, 10
MM, 10, 10, 10
MM, 6, 6, 10
MM, 4, 4, 10
MM, 3, 3, 11
MM, 1, 2, 10
MM, 408, 633, 9
MM, 406, 631, 10
MM, 406, 630, 11
MM, 405, 628, 9
MM, 24, 29, 10
MM, 24, 26, 10
MM, 24, 24, 10
MM, 22, 23, 11
MM, 22, 21, 29
MM, 21, 20, 10
MM, 20, 19, 11
MM, 20, 18, 19
MM, 20, 17, 11
MM, 19, 16, 9
MM, 18, 14, 11
MM, 18, 12, 10
MC, 1, 142
MM, 18, 11, 39
MM, 18, 9, 10
MM, 19, 6, 10
MM, 21, 4, 10
MM, 22, 0, 10
MM, 406, 595, 10
MM, 407, 591, 10
MM, 410, 586, 11
MM, 412, 584, 9
MM, 1, 20, 10
MM, 2, 19, 11
MM, 3, 18, 19
MM, 4, 18, 20
MM, 4, 16, 10
MM, 4, 15, 60
MC, 1, 123
MM, 6, 15, 48
MM, 8, 15, 11
MM, 10, 14, 10
MM, 15, 14, 10
MM, 19, 14, 10
MM, 27, 13, 10
MM, 33, 13, 10
MM, 2, 13, 10
MM, 9, 13, 10
MM, 17, 13, 11
MM, 23, 13, 10
MM, 28, 13, 9
MM, 492, 575, 11
MM, 2, 15, 10
MM, 6, 15, 9
MM, 7, 15, 61
MC, 1, 233
MM, 6, 15, 39
MM, 4, 17, 9
MM, 0, 19, 10
MM, 490, 580, 10
MM, 29, 21, 11
MM, 20, 26, 10
MM, 9, 27, 9
MM, 458, 592, 10
MM, 449, 593, 11
MM, 16, 2, 10
MM, 8, 3, 10
MM, 2, 5, 9
MM, 419, 602, 11
MM, 416, 603, 10
MM, 33, 6, 10
MM, 31, 7, 10
MM, 29, 8, 10
MM, 28, 8, 10
MM, 26, 9, 10
MM, 25, 10, 10
MM, 24, 10, 20
MM, 24, 11, 121
MC, 1, 81
MM, 24, 12, 69
MM, 26, 15, 10
MM, 27, 20, 10
MM, 31, 30, 10
MM, 418, 633, 11
MM, 16, 8, 10
MM, 24, 16, 10
MM, 32, 28, 11
MM, 446, 669, 9
MM, 52, 5, 10
MM, 55, 8, 10
MM, 57, 10, 10
MM, 59, 13, 10
MM, 60, 13, 10
MM, 65, 16, 10
MM, 66, 16, 10
MM, 67, 16, 10
MC, 1, 314
MM, 68, 16, 48
MM, 70, 16, 10
MM, 74, 13, 10
MM, 79, 5, 10
MM, 486, 666, 11
MM, 18, 15, 9
MM, 31, 6, 11
MM, 529, 633, 9
MM, 535, 626, 10
MM, 7, 21, 10
MM, 15, 16, 11
MM, 27, 5, 10
MM, 34, 1, 10
MM, 580, 595, 10
MM, 584, 594, 9
MM, 587, 594, 11
MM, 590, 592, 10
MM, 595, 592, 10
MM, 31, 30, 10
MM, 34, 30, 10
MM, 608, 589, 11
MM, 1, 28, 9
MM, 6, 27, 10
MM, 8, 25, 10
MM, 10, 24, 10
MM, 12, 24, 10
MM, 13, 24, 11
MM, 14, 24, 9
MM, 14, 23, 10
MM, 15, 23, 11
MM, 16, 21, 10
MM, 13, 22, 380
MM, 12, 23, 11
MM, 10, 24, 11
MM, 8, 25, 10
MM, 5, 29, 9
MM, 614, 591, 11
MM, 25, 2, 9
MM, 20, 8, 11
MM, 16, 11, 10
MM, 11, 15, 10
MM, 4, 19, 9
MM, 580, 621, 11
MM, 34, 29, 10
MM, 570, 631, 10
MM, 567, 634, 10
MM, 565, 635, 10
MM, 34, 3, 10
MM, 34, 4, 10
MM, 32, 7, 10
MM, 31, 8, 10
MM, 29, 9, 10
MM, 28, 9, 10
MM, 28, 11, 10
MM, 27, 12, 10
MM, 26, 12, 10
MM, 25, 12, 10
MM, 23, 13, 31
MM, 22, 13, 20
MC, 1, 132
MM, 21, 14, 29
MM, 20, 14, 9
MM, 19, 14, 10
MM, 17, 16, 10
MM, 16, 17, 10
MM, 14, 18, 11
MM, 10, 23, 9
MM, 5, 28, 10
MM, 530, 666, 10
MM, 125, 0, 11
MM, 122, 2, 10
MM, 120, 3, 10
MM, 119, 3, 10
MM, 118, 4, 10
MM, 118, 5, 10
MM, 117, 5, 10
MC, 1, 132
MM, 117, 4, 59
MM, 117, 1, 10
MM, 517, 668, 10
MM, 29, 28, 10
MM, 29, 24, 10
MM, 29, 16, 10
MM, 29, 8, 10
MM, 517, 632, 10
MM, 18, 26, 10
MM, 18, 19, 11
MM, 18, 15, 10
MM, 18, 7, 10
MM, 18, 3, 10
MM, 17, 2, 10
MM, 17, 1, 10
MM, 17, 0, 30
MM, 16, 0, 120
MM, 514, 596, 21
MM, 513, 595, 10
MM, 513, 594, 10
MM, 512, 593, 10
MM, 511, 591, 20
MM, 16, 29, 10
MM, 16, 28, 10
MM, 15, 27, 12
MM, 15, 26, 18
MM, 14, 26, 20
MM, 14, 25, 20
MC, 1, 122
MM, 15, 25, 60
MM, 16, 25, 9
MM, 18, 25, 10
MM, 19, 25, 10
MM, 21, 25, 11
MM, 23, 25, 9
MM, 27, 28, 11
MM, 30, 28, 10
MM, 528, 591, 10
MM, 530, 592, 10
MM, 533, 593, 10
MM, 535, 594, 10
MM, 536, 594, 10
MM, 537, 595, 10
MM, 537, 596, 10
MM, 538, 597, 11
MM, 539, 597, 9
MP, 1, 122
MR, 1, 61
MC, 1, 0
MM, 539, 598, 109
MM, 0, 2, 10
MM, 1, 3, 20
MM, 2, 3, 30
MM, 2, 4, 10
MM, 3, 4, 110
MM, 3, 5, 31
MM, 4, 5, 10
MM, 4, 6, 10
MM, 4, 7, 10
MM, 5, 7, 10
MM, 5, 8, 21
MM, 6, 8, 19
MM, 7, 9, 30
MC, 1, 53
MM, 5, 9, 109
MM, 1, 9, 9
MM, 535, 606, 10
MM, 32, 8, 10
MM, 27, 7, 10
MM, 19, 2, 10
MM, 8, 0, 10
MM, 3, 0, 11
MM, 496, 594, 9
MM, 491, 591, 12
MM, 489, 591, 9
MM, 29, 28, 10
MM, 27, 28, 9
MM, 21, 25, 10
MM, 19, 24, 10
MM, 18, 24, 10
MM, 16, 23, 11
MM, 14, 23, 11
MM, 14, 22, 10
MM, 12, 21, 10
MM, 10, 21, 9
MM, 10, 20, 10
MM, 9, 20, 11
MM, 7, 19, 10
MM, 6, 19, 9
MM, 4, 19, 20
MM, 2, 18, 21
MM, 1, 18, 10
MM, 455, 578, 20
MM, 454, 578, 20
MM, 453, 578, 10
MM, 452, 578, 10
MM, 451, 578, 10
MM, 34, 18, 10
MM, 33, 18, 10
MM, 32, 18, 10
MM, 30, 18, 10
MM, 27, 17, 21
MM, 25, 17, 19
MM, 24, 17, 10
MM, 23, 17, 20
MC, 1, 123
MM, 23, 19, 59
MM, 24, 28, 9
MM, 19, 1, 12
MM, 19, 12, 8
MM, 19, 23, 10
MM, 445, 633, 11
MM, 445, 644, 10
MM, 446, 650, 10
MM, 447, 654, 10
MM, 447, 656, 9
MM, 447, 658, 11
MM, 447, 664, 10
MM, 449, 667, 11
MM, 449, 668, 9
MM, 449, 669, 10
MM, 449, 670, 61
MM, 49, 0, 80
MM, 49, 1, 20
MM, 49, 2, 20
MM, 49, 4, 60
MM, 49, 5, 30
MM, 49, 6, 10
MM, 49, 7, 21
MM, 49, 8, 40
MC, 1, 91
MM, 48, 8, 39
MM, 46, 7, 41
MM, 46, 6, 10
MM, 42, 4, 10
MM, 441, 670, 10
MM, 25, 29, 10
MM, 23, 25, 10
MM, 19, 19, 10
MM, 15, 16, 10
MM, 11, 9, 10
MM, 8, 7, 11
MM, 4, 3, 9
MM, 2, 1, 11
MM, 408, 633, 11
MM, 407, 631, 8
MM, 405, 630, 10
MM, 24, 30, 10
MM, 22, 28, 11
MM, 22, 27, 9
MM, 20, 25, 11
MM, 19, 20, 9
MM, 19, 18, 10
MM, 18, 14, 11
MM, 16, 10, 9
MM, 15, 1, 11
MM, 394, 594, 9
MM, 22, 30, 12
MM, 21, 27, 9
MM, 19, 20, 10
MM, 19, 18, 10
MM, 19, 16, 11
MM, 18, 14, 20
MM, 18, 13, 9
MC, 1, 234
MM, 19, 13, 38
MM, 22, 13, 10
MM, 24, 13, 10
MM, 28, 13, 10
MM, 31, 13, 10
MM, 35, 12, 10
MM, 410, 572, 10
MM, 412, 572, 10
MM, 0, 12, 11
MM, 2, 12, 10
MM, 3, 12, 10
MM, 4, 12, 10
MM, 5, 12, 9
MC, 1, 143
MM, 5, 13, 69
MM, 4, 14, 9
MM, 2, 17, 11
MM, 414, 583, 10
MM, 413, 588, 10
MM, 411, 592, 10
MM, 409, 596, 9
MM, 28, 0, 11
MM, 26, 2, 9
MM, 25, 3, 11
MM, 24, 4, 10
MM, 23, 4, 10
MM, 23, 5, 20
MM, 22, 5, 11
MM, 22, 6, 40
MM, 21, 6, 30
MC, 1, 92
MM, 22, 6, 48
MM, 23, 6, 10
MM, 26, 6, 10
MM, 32, 4, 10
MM, 0, 0, 11
MM, 431, 594, 10
MM, 30, 29, 10
MM, 454, 584, 9
MM, 11, 24, 10
MM, 22, 23, 10
MM, 31, 20, 11
MM, 0, 19, 10
MM, 4, 19, 10
MM, 10, 19, 11
MM, 13, 18, 9
MM, 16, 18, 10
MM, 17, 18, 10
MM, 18, 18, 11
MM, 18, 17, 10
MM, 20, 16, 9
MM, 21, 15, 10
MM, 22, 15, 11
MM, 24, 14, 20
MM, 26, 14, 20
MM, 27, 13, 9
MM, 28, 13, 20
MM, 29, 13, 11
MM, 30, 13, 60
MC, 1, 123
MM, 30, 14, 440
MM, 527, 577, 10
MM, 0, 23, 10
MM, 5, 28, 10
MM, 541, 594, 10
MM, 6, 1, 10
MM, 12, 7, 9
MM, 17, 10, 11
MM, 23, 15, 10
MM, 28, 17, 10
MM, 579, 618, 10
MM, 4, 24, 10
MM, 12, 25, 10
MM, 17, 27, 10
MM, 23, 29, 11
MM, 27, 29, 10
MM, 614, 629, 10
MM, 617, 629, 10
MM, 621, 630, 10
MM, 627, 631, 10
MM, 630, 631, 10
MM, 635, 631, 10
MM, 642, 631, 10
MM, 650, 631, 10
MM, 13, 1, 10
MM, 19, 4, 10
MM, 26, 4, 10
MM, 684, 642, 10
MM, 688, 646, 10
MM, 691, 647, 10
MM, 698, 656, 11
MM, 700, 657, 9
MM, 696, 657, 131
MM, 693, 656, 10
MM, 690, 656, 10
MM, 688, 654, 10
MM, 685, 653, 10
MM, 683, 653, 10
MM, 30, 19, 10
MM, 28, 18, 10
MM, 25, 17, 10
MM, 24, 17, 10
MC, 1, 192
MM, 24, 16, 60
MM, 25, 16, 10
MM, 30, 9, 9
MM, 687, 636, 11
MM, 694, 629, 10
MM, 702, 601, 10
MM, 24, 27, 10
MM, 728, 565, 10
MM, 741, 548, 10
MM, 754, 529, 10
MM, 761, 522, 10
MM, 764, 519, 10
MM, 766, 517, 10
MM, 769, 516, 10
MM, 770, 515, 11
MM, 773, 514, 11
MM, 777, 514, 9
MM, 777, 515, 90
MM, 778, 515, 20
MM, 778, 517, 10
MM, 779, 518, 10
MM, 779, 522, 11
MM, 796, 554, 59
MM, 803, 570, 11
MM, 803, 582, 9
MM, 805, 589, 10
MM, 809, 598, 11
MM, 811, 606, 10
MM, 811, 610, 10
MM, 40, 0, 9
MM, 40, 11, 11
MM, 37, 17, 10
MM, 37, 18, 10
MM, 37, 19, 10
MM, 36, 19, 20
MM, 33, 21, 10
MM, 32, 21, 11
MM, 28, 18, 9
