********************************************************************************
LOGGING TIME: 20181005_234553
CLIENT IP: 192.168.56.1
USERNAME: user-pc
OS: Windows 10
**********************************Emotional database********************************************************************************
MM, 477, 175, 1537598292194
MM, 469, 155, 12
MM, 467, 148, 8
MM, 466, 146, 11
MM, 466, 140, 10
MM, 465, 138, 10
MM, 466, 138, 291
MM, 467, 138, 21
MM, 468, 138, 59
MM, 469, 137, 11
MM, 469, 135, 9
MM, 470, 132, 11
MM, 471, 130, 10
MM, 472, 125, 10
MM, 472, 121, 11
MM, 472, 119, 9
MM, 472, 117, 10
MM, 473, 116, 9
MM, 474, 115, 11
MM, 474, 113, 12
MM, 473, 112, 39
MM, 470, 111, 9
MM, 466, 110, 11
MM, 460, 109, 9
MM, 435, 95, 41
MM, 428, 94, 10
MM, 420, 94, 10
MM, 416, 93, 10
MM, 409, 95, 10
MM, 406, 95, 10
MM, 405, 95, 10
MM, 397, 100, 161
MM, 396, 100, 30
MM, 395, 101, 14
MM, 394, 101, 17
MM, 393, 102, 10
MM, 394, 102, 100
MM, 472, 99, 60
MM, 487, 101, 10
MM, 497, 104, 10
MM, 504, 106, 10
MM, 509, 107, 11
MM, 516, 107, 9
MM, 531, 115, 41
MP, 1, 302
MR, 1, 51
MC, 1, 0
MM, 531, 114, 19
MM, 521, 117, 552
MM, 512, 126, 10
MM, 495, 147, 10
MM, 481, 171, 11
MM, 428, 255, 30
MM, 160, 1, 9
MM, 147, 18, 11
MM, 135, 37, 9
MM, 127, 57, 10
MM, 117, 69, 11
MM, 112, 76, 11
MM, 110, 77, 9
MM, 110, 76, 170
MM, 110, 75, 11
MM, 110, 72, 10
MM, 113, 64, 11
MM, 117, 57, 8
MM, 120, 49, 10
MM, 123, 43, 11
MM, 123, 35, 10
MM, 123, 34, 10
MM, 123, 33, 11
MC, 1, 152
MM, 124, 33, 18
MM, 123, 40, 14178
MM, 120, 47, 11
MM, 117, 54, 10
MM, 113, 62, 9
MM, 110, 66, 11
MM, 106, 70, 10
MM, 102, 77, 10
MM, 97, 82, 10
MM, 343, 376, 10
MM, 338, 384, 10
MM, 334, 392, 10
MM, 330, 397, 10
MM, 325, 399, 10
MM, 319, 405, 10
MM, 318, 406, 10
MM, 314, 408, 10
MM, 313, 410, 10
MM, 312, 412, 11
MM, 311, 414, 10
MM, 310, 414, 10
MM, 58, 1, 9
MM, 56, 3, 10
MM, 56, 4, 11
MM, 56, 5, 10
MM, 55, 5, 10
MM, 54, 8, 10
MM, 53, 9, 9
MM, 51, 11, 11
MM, 50, 12, 10
MM, 49, 13, 10
MM, 49, 14, 10
MM, 48, 15, 10
MM, 47, 16, 10
MM, 47, 17, 10
MM, 45, 18, 10
MM, 44, 20, 11
MM, 44, 22, 9
MM, 42, 24, 21
MM, 42, 25, 111
MM, 43, 25, 291
MM, 45, 26, 10
MM, 48, 28, 10
MM, 51, 29, 10
MM, 58, 37, 10
MM, 64, 42, 10
MM, 70, 46, 10
MM, 75, 50, 9
MM, 80, 55, 10
MM, 86, 61, 11
MM, 91, 64, 10
MM, 96, 68, 10
MM, 101, 71, 10
MM, 103, 73, 11
MM, 108, 76, 9
MM, 111, 79, 10
MM, 113, 81, 10
MM, 115, 83, 10
MM, 115, 85, 242
MM, 115, 88, 10
MM, 366, 506, 10
MM, 366, 510, 9
MM, 368, 512, 11
MM, 369, 514, 9
MM, 369, 516, 10
MM, 371, 518, 11
MM, 372, 521, 9
MM, 3, 3, 11
MM, 5, 8, 10
MM, 7, 9, 10
MM, 8, 12, 10
MM, 10, 19, 11
MM, 11, 21, 9
MM, 13, 22, 10
MM, 14, 23, 21
MM, 15, 23, 9
MM, 15, 25, 10
MM, 16, 25, 11
MM, 17, 25, 40
MM, 18, 25, 80
MM, 19, 25, 140
MM, 20, 24, 21
MM, 22, 23, 20
MM, 25, 22, 10
MM, 28, 22, 10
MM, 31, 21, 11
MM, 33, 21, 9
MM, 34, 21, 10
MM, 409, 544, 10
MM, 410, 544, 10
MM, 413, 544, 10
MM, 0, 21, 10
MM, 1, 21, 20
MM, 2, 21, 30
MM, 3, 21, 41
MM, 5, 21, 111
MM, 7, 21, 9
MM, 10, 21, 10
MM, 15, 21, 10
MM, 25, 21, 10
MM, 450, 544, 10
MM, 4, 24, 10
MM, 16, 25, 11
MM, 489, 559, 10
MM, 4, 2, 10
MM, 10, 6, 10
MM, 16, 10, 10
MM, 21, 15, 10
MM, 25, 17, 10
MM, 25, 21, 9
MM, 25, 23, 232
MM, 28, 25, 11
MM, 529, 593, 9
MM, 537, 603, 10
MM, 6, 14, 10
MM, 13, 20, 10
MM, 564, 638, 10
MM, 4, 12, 11
MM, 13, 18, 9
MM, 25, 23, 10
MM, 30, 30, 11
MM, 604, 665, 10
MM, 607, 667, 9
MM, 608, 667, 11
MM, 610, 668, 10
MM, 611, 668, 20
MM, 612, 668, 20
MM, 613, 668, 10
MM, 615, 668, 30
MM, 617, 667, 21
MM, 620, 666, 9
MM, 6, 30, 11
MM, 8, 29, 10
MM, 9, 28, 9
MM, 11, 27, 10
MM, 13, 26, 11
MM, 14, 25, 9
MM, 19, 23, 11
MM, 21, 22, 10
MM, 25, 20, 10
MM, 27, 19, 10
MM, 30, 19, 9
MM, 648, 652, 11
MM, 650, 652, 9
MM, 651, 652, 10
MM, 0, 18, 11
MM, 3, 18, 9
MM, 4, 18, 21
MC, 1, 161
MM, 3, 17, 50
MM, 0, 14, 10
MM, 647, 647, 10
MM, 23, 11, 11
MM, 12, 9, 10
MM, 3, 9, 10
MM, 31, 11, 10
MM, 5, 14, 9
MM, 34, 16, 11
MM, 15, 28, 10
MM, 532, 665, 10
MM, 122, 0, 10
MM, 113, 5, 10
MM, 109, 5, 10
MM, 106, 7, 10
MM, 100, 7, 11
MM, 96, 7, 10
MM, 92, 10, 9
MM, 90, 10, 10
MM, 88, 11, 11
MM, 87, 11, 20
MM, 86, 11, 10
MM, 85, 12, 10
MC, 1, 162
MM, 87, 6, 78
MM, 88, 3, 11
MM, 91, 0, 10
MM, 9, 28, 10
MM, 16, 14, 10
MM, 21, 3, 10
MM, 21, 17, 10
MM, 30, 9, 10
MM, 541, 594, 10
MM, 18, 26, 10
MM, 31, 19, 10
MM, 2, 12, 10
MM, 11, 5, 10
MM, 19, 5, 10
MM, 24, 4, 11
MM, 27, 4, 10
MM, 28, 4, 9
MM, 31, 1, 10
MM, 32, 1, 231
MM, 604, 559, 11
MM, 605, 559, 10
MM, 608, 556, 10
MM, 611, 556, 10
MM, 613, 554, 10
MM, 615, 554, 10
MM, 616, 554, 10
MM, 617, 554, 10
MM, 619, 554, 10
MM, 620, 554, 21
MM, 621, 555, 29
MM, 621, 556, 50
MM, 621, 557, 10
MM, 621, 558, 20
MM, 621, 559, 31
MM, 10, 0, 20
MM, 10, 1, 80
MM, 10, 2, 10
MM, 10, 3, 10
MM, 10, 4, 11
MM, 10, 6, 19
MM, 10, 7, 11
MM, 10, 9, 31
MC, 1, 92
MM, 10, 10, 57
MM, 9, 12, 10
MM, 5, 16, 11
MM, 610, 580, 10
MM, 606, 585, 10
MM, 29, 29, 10
MM, 10, 1, 10
MM, 5, 10, 10
MM, 1, 14, 10
MM, 576, 615, 10
MM, 33, 22, 10
MM, 32, 22, 10
MM, 30, 24, 10
MM, 27, 26, 10
MM, 27, 27, 10
MM, 25, 28, 11
MM, 23, 29, 9
MM, 23, 30, 10
MM, 562, 628, 11
MM, 562, 629, 9
MM, 559, 632, 10
MM, 558, 633, 20
MM, 557, 633, 11
MM, 556, 633, 20
MM, 27, 1, 10
MM, 26, 1, 10
MM, 26, 2, 10
MM, 24, 3, 10
MM, 22, 5, 10
MM, 21, 7, 10
MM, 20, 7, 11
MM, 19, 8, 10
MM, 18, 8, 10
MM, 18, 10, 9
MM, 17, 10, 11
MM, 16, 10, 9
MM, 16, 11, 11
MM, 15, 12, 10
MC, 1, 101
MM, 14, 13, 89
MM, 13, 13, 10
MM, 11, 15, 11
MM, 7, 17, 10
MM, 1, 20, 10
MM, 33, 25, 10
MM, 26, 27, 10
MM, 506, 666, 10
MM, 98, 0, 10
MM, 89, 4, 10
MM, 81, 6, 10
MM, 74, 7, 10
MM, 68, 10, 10
MM, 62, 15, 10
MM, 59, 16, 10
MM, 58, 17, 10
MM, 55, 17, 10
MM, 54, 17, 10
MC, 1, 153
MM, 53, 16, 249
MM, 53, 13, 11
MM, 51, 11, 10
MM, 48, 7, 9
MM, 43, 1, 10
MM, 440, 668, 10
MM, 27, 30, 11
MM, 24, 27, 10
MM, 20, 22, 10
MM, 16, 15, 10
MM, 13, 12, 10
MM, 11, 10, 10
MM, 10, 8, 10
MM, 9, 6, 10
MM, 7, 1, 10
MM, 6, 0, 10
MM, 414, 631, 11
MM, 413, 629, 10
MM, 412, 628, 9
MM, 32, 29, 11
MM, 31, 27, 9
MM, 30, 26, 10
MM, 29, 22, 10
MM, 29, 20, 10
MM, 27, 20, 11
MM, 27, 19, 70
MC, 1, 101
MM, 31, 17, 90
MM, 34, 16, 10
MM, 419, 611, 10
MM, 10, 10, 10
MM, 24, 6, 10
MM, 3, 0, 10
MM, 0, 30, 10
MM, 529, 579, 10
MM, 24, 6, 10
MM, 14, 2, 10
MM, 600, 559, 10
MM, 609, 557, 11
MM, 620, 557, 10
MM, 632, 556, 10
MM, 649, 554, 9
MM, 660, 550, 12
MM, 6, 26, 9
MM, 12, 26, 10
MM, 17, 24, 10
MM, 21, 24, 10
MM, 25, 24, 10
MM, 26, 24, 10
MM, 28, 24, 10
MM, 29, 24, 10
MM, 30, 24, 10
MM, 31, 24, 10
MM, 33, 24, 30
MM, 34, 24, 30
MM, 34, 26, 51
MM, 34, 27, 10
MM, 696, 552, 9
MM, 696, 553, 11
MM, 697, 556, 10
MM, 697, 557, 10
MM, 698, 559, 9
MM, 9, 0, 10
MM, 10, 2, 11
MM, 11, 3, 10
MM, 11, 4, 11
MC, 1, 160
MM, 8, 5, 61
MM, 688, 567, 10
MM, 25, 8, 10
MM, 0, 12, 10
MM, 605, 583, 10
MM, 565, 591, 10
MM, 15, 8, 10
MM, 9, 19, 10
MM, 7, 30, 10
MM, 25, 3, 10
MM, 9, 7, 10
MM, 26, 7, 10
MM, 18, 8, 10
MM, 14, 8, 10
MM, 12, 8, 10
MM, 9, 8, 10
MM, 8, 8, 10
MM, 8, 7, 131
MM, 8, 6, 10
MM, 10, 5, 10
MM, 10, 3, 10
MM, 10, 2, 10
MM, 343, 633, 10
MM, 344, 632, 10
MM, 346, 628, 10
MM, 8, 28, 11
MM, 9, 28, 9
MM, 10, 26, 11
MM, 11, 24, 9
MM, 12, 22, 10
MM, 12, 21, 10
MM, 12, 19, 11
MM, 12, 18, 20
MM, 12, 17, 60
MM, 12, 16, 20
MM, 12, 15, 32
MC, 1, 111
MM, 13, 15, 28
MM, 14, 15, 10
MM, 16, 15, 10
MM, 18, 15, 9
MM, 21, 17, 11
MM, 25, 18, 10
MM, 30, 20, 11
MM, 375, 620, 9
MM, 2, 26, 10
MM, 7, 30, 10
MM, 390, 629, 11
MM, 26, 0, 10
MM, 28, 2, 9
MM, 29, 3, 10
MM, 32, 5, 10
MM, 32, 6, 21
MM, 405, 641, 241
MM, 406, 641, 20
MM, 408, 641, 10
MM, 0, 7, 11
MM, 1, 7, 9
MM, 2, 7, 20
MM, 3, 7, 20
MM, 4, 7, 20
MM, 5, 7, 10
MM, 6, 7, 40
MM, 7, 7, 12
MM, 8, 7, 8
MM, 10, 7, 11
MM, 12, 7, 19
MM, 13, 7, 10
MM, 13, 8, 11
MM, 14, 8, 10
MM, 15, 8, 30
MM, 16, 8, 30
MM, 16, 9, 192
MC, 1, 101
MM, 16, 8, 69
MM, 16, 4, 10
MM, 16, 2, 11
MM, 425, 629, 9
MM, 5, 25, 10
MM, 6, 19, 10
MM, 6, 12, 10
MM, 7, 8, 10
MM, 8, 6, 10
MM, 9, 4, 11
MM, 9, 3, 9
MM, 9, 1, 10
MM, 9, 0, 10
MM, 431, 596, 10
MM, 432, 594, 10
MM, 432, 592, 11
MM, 432, 591, 10
MM, 17, 30, 10
MM, 18, 29, 10
MM, 18, 28, 30
MM, 19, 28, 20
MM, 19, 27, 251
MM, 19, 26, 12
MM, 19, 25, 8
MM, 19, 23, 21
MM, 19, 22, 20
MM, 19, 21, 30
MM, 19, 20, 30
MM, 18, 22, 141
MM, 18, 24, 10
MM, 19, 30, 10
MM, 434, 595, 10
MM, 14, 4, 10
MM, 14, 13, 11
MM, 15, 23, 10
MM, 15, 28, 9
MM, 437, 631, 11
MM, 28, 2, 10
MM, 28, 5, 9
MM, 28, 7, 10
MM, 28, 10, 11
MM, 28, 11, 11
MM, 30, 15, 8
MM, 30, 16, 20
MM, 30, 17, 11
MM, 30, 19, 9
MM, 31, 19, 10
MM, 32, 19, 11
MM, 443, 654, 9
MM, 444, 655, 10
MM, 446, 655, 10
MM, 1, 21, 11
MM, 7, 23, 10
MM, 14, 24, 10
MM, 23, 24, 10
MM, 30, 25, 11
MM, 8, 26, 9
MM, 27, 26, 11
MM, 0, 28, 9
MM, 22, 28, 10
MM, 5, 30, 10
MM, 584, 667, 12
MM, 589, 670, 8
MM, 594, 674, 10
MM, 595, 673, 191
MM, 596, 672, 20
MM, 600, 669, 11
MM, 601, 668, 9
MM, 603, 666, 11
MM, 606, 665, 10
MM, 38, 30, 10
MM, 610, 662, 10
MM, 614, 658, 10
MM, 2, 24, 10
MM, 3, 24, 10
MM, 3, 23, 30
MC, 1, 252
MM, 0, 24, 100
MM, 612, 658, 10
MM, 37, 25, 11
MM, 23, 27, 9
MM, 11, 28, 10
MM, 1, 30, 10
MM, 554, 667, 10
MM, 540, 670, 10
MM, 530, 670, 10
MM, 124, 1, 9
MM, 115, 4, 11
MM, 111, 5, 11
MM, 107, 5, 9
MM, 102, 7, 11
MM, 101, 7, 19
MC, 1, 112
MM, 99, 7, 79
MM, 98, 7, 10
MM, 96, 7, 10
MM, 94, 7, 10
MM, 90, 7, 10
MM, 82, 6, 11
MM, 73, 5, 10
MM, 65, 2, 9
MM, 454, 670, 11
MM, 444, 665, 10
MM, 24, 27, 10
MM, 16, 20, 10
MM, 5, 15, 10
MM, 407, 643, 10
MM, 403, 637, 10
MM, 395, 630, 11
MM, 10, 27, 9
MM, 7, 25, 10
MM, 6, 23, 10
MM, 4, 22, 10
MM, 2, 20, 10
MM, 0, 17, 10
MM, 379, 614, 10
MM, 377, 614, 10
MM, 376, 613, 10
MM, 376, 612, 10
MM, 374, 611, 10
MM, 33, 13, 10
MM, 33, 12, 10
MM, 32, 12, 11
MM, 30, 12, 10
MM, 29, 12, 20
MM, 29, 11, 10
MC, 1, 192
MM, 30, 11, 29
MM, 31, 11, 10
MM, 33, 11, 10
MM, 375, 608, 10
MM, 379, 608, 10
MM, 2, 11, 10
MM, 5, 11, 10
MM, 7, 11, 10
MM, 9, 11, 10
MM, 10, 11, 20
MM, 11, 11, 20
MC, 1, 91
MM, 12, 11, 70
MM, 14, 11, 10
MM, 16, 11, 10
MM, 21, 11, 10
MM, 28, 8, 10
MM, 33, 7, 10
MM, 1, 3, 11
MM, 434, 596, 10
MM, 442, 594, 10
MM, 448, 592, 10
MM, 453, 589, 9
MM, 3, 29, 11
MM, 6, 29, 10
MM, 12, 27, 10
MM, 14, 26, 10
MM, 16, 25, 10
MM, 19, 24, 10
MM, 21, 24, 10
MM, 22, 23, 10
MM, 23, 22, 10
MM, 25, 22, 10
MM, 26, 21, 20
MM, 27, 20, 30
MC, 1, 212
MM, 28, 20, 120
MM, 29, 19, 20
MM, 30, 19, 10
MM, 488, 578, 20
MM, 490, 578, 21
MM, 491, 578, 9
MM, 493, 578, 11
MM, 0, 18, 19
MM, 1, 18, 51
MM, 2, 18, 100
MM, 4, 17, 111
MM, 5, 17, 10
MM, 8, 16, 11
MM, 12, 16, 9
MM, 17, 15, 11
MM, 23, 15, 10
MM, 525, 575, 10
MM, 8, 16, 10
MM, 22, 17, 10
MM, 567, 578, 10
MM, 18, 22, 10
MM, 33, 22, 9
MM, 4, 24, 10
MM, 15, 23, 11
MM, 26, 25, 10
MM, 30, 25, 10
MM, 646, 583, 10
MM, 646, 573, 9
MM, 647, 570, 182
MM, 2, 10, 10
MM, 8, 7, 10
MM, 17, 6, 10
MM, 29, 0, 11
MM, 686, 557, 10
MM, 696, 556, 10
MM, 12, 26, 10
MM, 24, 22, 9
MM, 738, 542, 10
MM, 745, 541, 11
MM, 754, 540, 10
MM, 761, 540, 10
MM, 767, 540, 9
MM, 765, 537, 563
MM, 750, 540, 10
MM, 737, 542, 10
MM, 15, 25, 10
MM, 684, 559, 11
MM, 11, 8, 10
MM, 7, 17, 9
MM, 21, 27, 10
MM, 568, 590, 10
MM, 552, 592, 11
MM, 543, 592, 11
MM, 536, 592, 8
MM, 532, 592, 11
MM, 529, 592, 10
MM, 525, 592, 10
MM, 524, 592, 10
MM, 524, 591, 100
MM, 30, 30, 61
MM, 30, 29, 40
MM, 30, 27, 11
MM, 30, 26, 9
MM, 29, 25, 20
MM, 28, 23, 10
MM, 26, 23, 11
MM, 26, 21, 9
MM, 24, 20, 11
MM, 24, 19, 10
MM, 23, 19, 10
MM, 22, 19, 9
MC, 1, 83
MM, 21, 19, 28
MM, 20, 19, 20
MM, 18, 19, 10
MM, 16, 19, 11
MM, 13, 19, 9
MM, 10, 19, 11
MM, 6, 19, 10
MM, 3, 19, 10
MM, 493, 579, 10
MM, 30, 19, 10
MM, 27, 19, 10
MM, 24, 19, 10
MM, 23, 19, 10
MM, 22, 19, 10
MM, 21, 18, 10
MC, 1, 52
MM, 23, 18, 69
MM, 26, 17, 10
MM, 28, 17, 10
MM, 489, 577, 9
MM, 0, 17, 11
MM, 7, 17, 9
MM, 15, 17, 11
MM, 21, 17, 10
MM, 30, 16, 10
MM, 1, 16, 10
MM, 9, 16, 10
MM, 18, 16, 10
MM, 26, 16, 11
MM, 567, 577, 9
MM, 8, 17, 11
MM, 16, 17, 9
MM, 24, 17, 10
MM, 32, 16, 11
MM, 608, 575, 9
MM, 5, 15, 11
MM, 11, 15, 10
MM, 17, 15, 10
MM, 24, 15, 10
MM, 643, 575, 10
MM, 646, 574, 9
MM, 1, 14, 11
MM, 4, 14, 10
MM, 7, 14, 9
MM, 11, 14, 11
MM, 13, 14, 9
MM, 15, 14, 10
MM, 16, 14, 11
MM, 17, 14, 10
MM, 18, 14, 10
MM, 21, 14, 11
MM, 22, 14, 9
MM, 23, 14, 31
MC, 1, 193
MM, 22, 15, 47
MM, 16, 16, 11
MM, 7, 20, 9
MM, 644, 587, 11
MM, 626, 594, 10
MM, 16, 11, 9
MM, 6, 18, 11
MM, 33, 25, 10
MM, 20, 29, 10
MM, 553, 629, 10
MM, 548, 633, 11
MM, 14, 2, 9
MM, 11, 6, 11
MM, 10, 7, 9
MM, 9, 8, 10
MM, 9, 10, 11
MC, 1, 261
MM, 8, 10, 29
MM, 6, 10, 11
MM, 0, 10, 10
MM, 32, 10, 9
MM, 23, 10, 12
MM, 4, 7, 9
MM, 15, 6, 10
MM, 32, 5, 10
MM, 417, 632, 10
MM, 405, 631, 10
MM, 386, 629, 10
MM, 374, 626, 10
MM, 27, 28, 10
MM, 20, 28, 11
MM, 16, 26, 10
MM, 14, 26, 9
MM, 12, 26, 11
MM, 12, 25, 160
MM, 12, 24, 91
MM, 12, 22, 10
MM, 12, 21, 10
MM, 12, 20, 10
MM, 12, 19, 22
MC, 1, 60
MM, 13, 19, 79
MM, 14, 19, 10
MM, 17, 18, 10
MM, 20, 17, 10
MM, 27, 17, 10
MM, 33, 17, 10
MM, 4, 15, 10
MM, 17, 15, 11
MM, 27, 15, 9
MM, 1, 14, 11
MM, 20, 10, 9
MM, 459, 605, 11
MM, 23, 5, 10
MM, 6, 2, 10
MM, 20, 2, 10
MM, 27, 1, 10
MM, 535, 598, 9
MM, 542, 596, 10
MM, 549, 596, 10
MM, 551, 595, 10
MM, 555, 593, 11
MM, 556, 593, 10
MM, 558, 593, 10
MM, 559, 593, 10
MM, 559, 592, 10
MM, 560, 592, 10
MM, 561, 592, 19
MM, 562, 592, 81
MM, 562, 591, 40
MM, 563, 591, 10
MM, 564, 591, 11
MM, 565, 591, 19
MM, 566, 590, 10
MM, 568, 590, 11
MM, 569, 589, 11
MM, 1, 29, 9
MM, 2, 29, 11
MM, 3, 29, 9
MM, 4, 28, 11
MM, 5, 28, 19
MM, 6, 28, 10
MM, 7, 28, 11
MM, 7, 27, 30
MC, 1, 91
MM, 6, 27, 59
MM, 5, 26, 10
MM, 0, 26, 10
MM, 31, 25, 11
MM, 24, 24, 9
MM, 16, 24, 10
MM, 0, 24, 10
MM, 25, 23, 10
MM, 16, 22, 10
MM, 8, 21, 11
MM, 1, 20, 9
MM, 490, 579, 11
MM, 31, 19, 10
MM, 29, 19, 10
MM, 27, 19, 10
MM, 26, 19, 120
MM, 25, 19, 20
MM, 24, 19, 21
MM, 23, 19, 10
MM, 22, 19, 10
MC, 1, 122
MM, 24, 19, 229
MM, 28, 16, 10
MM, 489, 574, 10
MM, 1, 13, 10
MM, 8, 12, 11
MM, 18, 9, 9
MM, 30, 8, 11
MM, 5, 8, 10
MM, 17, 8, 11
MM, 31, 8, 9
MM, 9, 8, 10
MM, 28, 8, 10
MM, 0, 8, 10
MM, 18, 8, 10
MM, 0, 8, 10
MM, 18, 7, 11
MM, 2, 5, 9
MM, 19, 4, 10
MM, 32, 2, 11
MM, 729, 562, 10
MM, 740, 557, 10
MM, 750, 557, 10
MM, 757, 556, 9
MM, 760, 555, 10
MM, 762, 555, 10
MM, 763, 555, 10
MM, 765, 555, 10
MM, 766, 555, 202
MM, 767, 554, 9
MM, 769, 552, 11
MM, 766, 550, 321
MM, 749, 555, 10
MM, 732, 560, 11
MM, 11, 7, 9
MM, 21, 10, 10
MM, 21, 15, 11
MM, 29, 17, 10
MM, 0, 22, 10
MM, 15, 22, 9
MM, 528, 583, 11
MM, 20, 24, 10
MM, 7, 24, 10
MM, 0, 24, 10
MM, 490, 584, 10
MM, 31, 24, 10
MM, 28, 24, 10
MM, 27, 24, 10
MM, 25, 25, 10
MM, 24, 25, 20
MM, 23, 27, 10
MM, 22, 27, 10
MM, 21, 27, 10
MM, 20, 27, 10
MM, 18, 28, 61
MM, 18, 27, 382
MM, 17, 26, 20
MM, 16, 25, 20
MM, 16, 23, 20
MM, 15, 23, 10
MM, 14, 22, 10
MM, 14, 21, 11
MM, 13, 21, 9
MM, 13, 20, 31
MM, 12, 20, 19
MM, 12, 19, 21
MM, 12, 18, 20
MM, 12, 17, 10
MM, 12, 16, 10
MM, 13, 16, 41
MM, 14, 15, 9
MM, 15, 15, 10
MM, 17, 14, 10
MM, 19, 14, 10
MM, 22, 14, 10
MM, 25, 14, 10
MM, 29, 14, 12
MM, 490, 574, 8
MM, 3, 14, 11
MM, 10, 14, 9
MM, 13, 14, 11
MM, 18, 14, 9
MM, 22, 14, 11
MM, 26, 15, 9
MM, 525, 576, 11
MM, 529, 576, 10
MM, 1, 17, 10
MM, 3, 19, 10
MM, 5, 20, 10
MM, 8, 20, 10
MM, 10, 21, 10
MM, 11, 21, 10
MM, 13, 21, 11
MM, 14, 21, 9
MM, 15, 21, 20
MM, 16, 22, 30
MM, 17, 22, 30
MM, 19, 21, 20
MM, 19, 20, 10
MM, 21, 20, 11
MM, 22, 20, 9
MM, 23, 19, 21
MM, 26, 18, 10
MM, 27, 17, 10
MM, 28, 17, 10
MM, 31, 15, 10
MM, 567, 573, 11
MM, 568, 573, 9
MM, 0, 13, 10
MM, 2, 13, 10
MM, 3, 13, 21
MM, 5, 13, 10
MM, 8, 13, 10
MM, 9, 13, 9
MM, 11, 15, 11
MM, 12, 15, 20
MC, 1, 172
MM, 11, 15, 19
MM, 9, 15, 10
MM, 6, 15, 10
MM, 0, 10, 10
MM, 565, 570, 10
MM, 30, 9, 10
MM, 23, 5, 10
MM, 20, 5, 10
MM, 17, 5, 10
MM, 11, 6, 10
MM, 8, 7, 11
MM, 6, 8, 9
MM, 5, 8, 10
MM, 4, 8, 10
MM, 2, 9, 10
MM, 530, 573, 10
MM, 528, 573, 11
MM, 527, 575, 10
MM, 526, 576, 9
MM, 30, 18, 11
MM, 29, 18, 10
MM, 28, 19, 10
MM, 27, 20, 10
MM, 25, 21, 9
MM, 21, 24, 10
MM, 20, 24, 11
MM, 19, 24, 10
MM, 18, 24, 10
MM, 17, 24, 10
MM, 16, 24, 31
MM, 15, 24, 10
MM, 14, 24, 20
MM, 13, 24, 9
MM, 12, 24, 30
MC, 1, 62
MM, 12, 23, 19
MM, 11, 23, 50
MM, 10, 23, 10
MM, 8, 23, 10
MM, 6, 23, 10
MM, 1, 25, 10
MM, 30, 26, 10
MM, 21, 28, 11
MM, 462, 592, 9
MM, 24, 0, 10
MM, 11, 3, 11
MM, 0, 4, 10
MM, 29, 8, 10
MM, 15, 11, 10
MM, 11, 11, 10
MM, 8, 12, 11
MM, 5, 12, 9
MM, 4, 12, 10
MM, 2, 13, 10
MC, 1, 242
MM, 3, 13, 100
MM, 4, 13, 20
MM, 5, 13, 11
MM, 8, 13, 10
MM, 12, 16, 9
MM, 16, 16, 10
MM, 18, 16, 10
MM, 21, 16, 10
MM, 25, 19, 10
MM, 30, 21, 10
MM, 415, 620, 10
MM, 419, 622, 10
MM, 6, 29, 10
MM, 431, 629, 11
MM, 435, 632, 10
MM, 443, 642, 10
MM, 2, 18, 9
MM, 12, 30, 11
MM, 466, 670, 10
MM, 69, 3, 10
MM, 74, 9, 10
MM, 78, 13, 10
MM, 80, 16, 12
MM, 80, 20, 8
MM, 82, 26, 10
MM, 83, 29, 10
MM, 83, 30, 21
MM, 84, 30, 9
MM, 84, 29, 171
MM, 84, 28, 71
MM, 83, 28, 9
MM, 82, 28, 30
MM, 82, 27, 11
MM, 81, 27, 50
MC, 1, 112
MM, 80, 26, 99
MM, 79, 26, 10
MM, 78, 25, 10
MM, 76, 23, 10
MM, 74, 23, 11
MM, 73, 21, 10
MM, 70, 20, 10
MM, 70, 19, 9
MM, 69, 18, 10
MM, 69, 17, 10
MM, 68, 17, 10
MM, 66, 16, 31
MM, 64, 15, 10
MM, 63, 14, 10
MM, 61, 13, 10
MM, 60, 13, 10
MM, 57, 9, 10
MM, 53, 8, 10
MM, 50, 5, 10
MM, 48, 4, 10
MM, 46, 1, 10
MM, 44, 0, 10
MM, 443, 669, 10
MM, 439, 666, 10
MM, 437, 665, 10
MM, 27, 30, 10
MM, 25, 29, 12
MM, 24, 28, 8
MM, 24, 27, 21
MM, 23, 27, 10
MC, 1, 162
MM, 22, 26, 69
MM, 20, 24, 10
MM, 17, 22, 10
MM, 15, 18, 10
MM, 8, 15, 10
MM, 0, 11, 10
MM, 403, 642, 10
MM, 25, 3, 10
MM, 389, 633, 10
MM, 386, 630, 11
MM, 381, 628, 9
MM, 378, 626, 10
MM, 375, 626, 10
MM, 34, 26, 11
MM, 30, 25, 9
MM, 27, 25, 10
MM, 26, 24, 11
MM, 25, 24, 9
MM, 24, 24, 11
MM, 24, 23, 90
MM, 23, 22, 20
MM, 22, 22, 11
MM, 22, 21, 10
MC, 1, 212
MM, 23, 21, 89
MM, 25, 21, 10
MM, 29, 21, 10
MM, 32, 21, 10
MM, 378, 619, 10
MM, 4, 22, 10
MM, 15, 21, 10
MM, 25, 20, 10
MM, 34, 16, 10
MM, 4, 19, 11
MM, 16, 19, 9
MM, 27, 19, 11
MM, 34, 20, 9
MM, 1, 23, 10
MM, 9, 23, 10
MM, 17, 25, 10
MM, 28, 27, 11
MM, 0, 30, 10
MM, 505, 631, 10
MM, 510, 633, 10
MM, 29, 2, 10
MM, 523, 639, 10
MM, 3, 10, 11
MM, 9, 12, 9
MM, 13, 15, 10
MM, 20, 15, 10
MM, 22, 17, 10
MM, 25, 17, 10
MM, 27, 19, 10
MM, 28, 20, 10
MM, 29, 20, 10
MM, 30, 20, 20
MM, 31, 21, 10
MM, 32, 21, 10
MM, 34, 21, 10
MM, 564, 655, 21
MM, 565, 655, 19
MM, 566, 655, 10
MM, 34, 21, 142
MM, 31, 21, 10
MM, 29, 21, 9
MM, 27, 21, 11
MM, 26, 21, 9
MM, 25, 21, 11
MM, 23, 20, 20
MM, 22, 20, 10
MM, 21, 20, 20
MC, 1, 122
MC, 2, 170
MM, 22, 20, 70
MM, 23, 20, 10
MM, 24, 19, 10
MM, 26, 18, 10
MM, 29, 14, 10
MM, 33, 9, 10
MM, 568, 637, 10
MM, 577, 629, 10
MM, 2, 24, 11
MM, 9, 17, 9
MM, 14, 12, 11
MM, 20, 6, 10
MM, 25, 0, 10
MM, 609, 594, 10
MM, 614, 591, 10
MM, 6, 30, 10
MM, 9, 29, 9
MM, 12, 26, 10
MM, 14, 26, 11
MM, 16, 26, 10
MM, 17, 26, 10
MM, 18, 26, 10
MM, 19, 26, 10
MM, 20, 26, 10
MM, 21, 26, 10
MM, 22, 26, 10
MM, 23, 26, 10
MM, 25, 26, 10
MM, 26, 26, 10
MM, 27, 26, 10
MM, 28, 26, 10
MM, 30, 26, 21
MM, 642, 586, 9
MM, 644, 586, 10
MM, 646, 586, 10
MM, 0, 26, 11
MM, 3, 26, 10
MM, 4, 26, 9
MM, 6, 25, 10
MM, 7, 24, 11
MM, 9, 24, 9
MM, 9, 23, 11
MM, 11, 23, 10
MM, 12, 22, 10
MM, 13, 21, 10
MM, 14, 21, 10
MM, 15, 20, 11
MM, 16, 19, 9
MC, 1, 93
MM, 13, 19, 98
MM, 7, 19, 10
MM, 2, 19, 10
MM, 29, 17, 11
MM, 13, 13, 9
MM, 3, 13, 10
MM, 30, 12, 10
MM, 11, 10, 10
MM, 1, 9, 11
MM, 564, 569, 9
MM, 25, 8, 11
MM, 19, 7, 9
MM, 15, 7, 11
MM, 13, 7, 10
MM, 9, 7, 10
MM, 7, 7, 10
MM, 4, 7, 10
MM, 2, 9, 20
MM, 1, 9, 10
MM, 529, 571, 10
MM, 528, 571, 10
MM, 526, 572, 10
MM, 30, 13, 10
MM, 28, 14, 10
MM, 25, 14, 11
MM, 24, 14, 10
MM, 22, 16, 9
MM, 20, 16, 10
MM, 19, 17, 11
MC, 1, 243
MM, 17, 21, 78
MM, 14, 27, 11
MM, 506, 596, 10
MM, 4, 6, 9
MM, 1, 12, 10
MM, 496, 622, 10
MM, 493, 629, 10
MM, 4, 4, 10
MM, 485, 644, 11
MM, 484, 648, 10
MM, 32, 18, 10
MM, 30, 21, 10
MM, 28, 24, 10
MM, 27, 25, 10
MM, 27, 26, 11
MM, 27, 27, 19
MM, 27, 28, 20
MM, 26, 28, 20
MM, 26, 29, 10
MM, 475, 665, 61
MM, 474, 665, 10
MM, 473, 665, 10
MM, 473, 667, 10
MM, 473, 668, 20
MM, 473, 669, 20
MM, 472, 669, 20
MM, 472, 670, 10
MP, 1, 212
MR, 1, 51
MC, 1, 0
MM, 471, 670, 138
MM, 69, 0, 21
MM, 68, 1, 10
MM, 67, 1, 10
MM, 66, 1, 11
MM, 65, 1, 10
MM, 64, 1, 9
MM, 63, 1, 21
MM, 62, 1, 9
MM, 61, 1, 10
MM, 60, 1, 10
MM, 59, 1, 11
MM, 58, 1, 10
MM, 57, 1, 10
MM, 56, 1, 10
MM, 55, 1, 10
MM, 54, 1, 10
MM, 53, 1, 10
MM, 52, 1, 10
MM, 51, 1, 10
MM, 50, 1, 10
MM, 48, 2, 20
MM, 47, 2, 21
MM, 47, 3, 9
MC, 1, 142
MM, 46, 3, 29
MM, 46, 2, 241
MM, 45, 1, 31
MM, 444, 670, 20
MM, 443, 668, 10
MM, 443, 667, 10
MM, 442, 666, 10
MM, 33, 30, 10
MM, 32, 29, 10
MM, 31, 28, 9
MM, 31, 26, 13
MM, 31, 25, 38
MM, 30, 25, 10
MM, 30, 24, 31
MM, 30, 23, 19
MM, 29, 23, 81
MC, 1, 31
MM, 29, 22, 159
MM, 29, 21, 30
MM, 29, 20, 31
MM, 29, 18, 20
MM, 28, 18, 10
MM, 28, 17, 21
MM, 28, 16, 29
MM, 28, 15, 10
MM, 28, 14, 10
MM, 28, 12, 10
MM, 28, 11, 10
MM, 28, 7, 11
MM, 28, 5, 10
MM, 28, 2, 10
MM, 437, 631, 10
MM, 438, 628, 10
MM, 17, 28, 10
MM, 19, 24, 10
MM, 21, 22, 10
MM, 23, 13, 10
MM, 29, 1, 11
MM, 453, 594, 10
MM, 454, 587, 9
MM, 1, 22, 10
MM, 3, 21, 10
MM, 3, 20, 10
MM, 3, 18, 311
MM, 4, 18, 11
MM, 5, 17, 9
MM, 6, 17, 11
MM, 7, 16, 10
MM, 8, 16, 10
MM, 12, 18, 10
MM, 15, 18, 10
MM, 16, 18, 10
MM, 17, 18, 10
MM, 18, 18, 10
MM, 19, 18, 10
MM, 20, 18, 12
MC, 1, 109
MM, 21, 18, 171
MM, 24, 18, 10
MM, 27, 18, 10
MM, 29, 18, 10
MM, 489, 578, 10
MM, 0, 19, 10
MM, 5, 19, 10
MM, 9, 19, 10
MM, 13, 19, 10
MM, 16, 19, 10
MM, 19, 19, 11
MM, 22, 19, 10
MM, 25, 19, 10
MM, 27, 19, 9
MM, 30, 19, 11
MM, 526, 579, 10
MM, 528, 579, 10
MM, 530, 580, 20
MM, 0, 20, 9
MM, 1, 20, 11
MM, 2, 20, 10
MM, 4, 20, 20
MM, 5, 20, 100
MM, 8, 20, 61
MM, 8, 21, 261
MM, 8, 24, 10
MM, 5, 30, 10
MM, 31, 4, 10
MM, 26, 20, 10
MM, 521, 629, 11
MM, 25, 10, 10
MM, 21, 22, 10
MM, 107, 0, 10
MM, 100, 10, 9
MM, 99, 14, 10
MM, 97, 18, 11
MM, 97, 21, 10
MM, 95, 22, 10
MM, 95, 23, 10
MM, 95, 24, 10
MM, 95, 25, 10
MM, 95, 26, 20
MC, 1, 283
MM, 94, 26, 38
MM, 94, 24, 71
MM, 95, 22, 20
MM, 96, 19, 10
MM, 98, 14, 10
MM, 98, 11, 10
MM, 99, 4, 10
MM, 101, 1, 10
MM, 502, 670, 10
MM, 503, 666, 10
MM, 16, 30, 10
MM, 17, 29, 10
MM, 17, 28, 10
MM, 17, 27, 21
MM, 17, 26, 29
MM, 17, 25, 11
MM, 17, 23, 20
MM, 17, 22, 30
MC, 1, 173
MM, 17, 21, 8
MM, 16, 21, 10
MM, 14, 19, 10
MM, 7, 18, 10
MM, 0, 18, 10
MM, 26, 18, 10
MM, 7, 16, 11
MM, 443, 650, 9
MM, 17, 15, 11
MM, 4, 11, 9
MM, 30, 8, 11
MM, 22, 7, 10
MM, 15, 5, 9
MM, 7, 4, 11
MM, 2, 4, 10
MM, 368, 636, 9
MM, 366, 636, 11
MM, 365, 636, 9
MM, 364, 636, 11
MM, 32, 2, 10
MM, 32, 1, 20
MM, 31, 1, 10
MM, 31, 0, 41
MM, 362, 633, 39
MM, 361, 632, 20
MM, 361, 630, 31
MM, 361, 629, 10
MM, 22, 30, 10
MM, 24, 24, 10
MM, 27, 19, 10
MM, 30, 15, 10
MM, 31, 14, 10
MM, 33, 11, 10
MM, 374, 608, 10
MM, 374, 605, 10
MM, 378, 602, 10
MM, 379, 600, 10
MM, 1, 0, 10
MM, 383, 594, 10
MM, 385, 594, 10
MM, 387, 593, 10
MM, 388, 591, 10
MM, 21, 29, 10
MM, 22, 27, 11
MM, 26, 27, 9
MM, 30, 27, 10
MM, 32, 27, 10
MM, 35, 27, 10
MM, 409, 587, 20
MM, 410, 587, 11
MM, 411, 587, 9
MM, 412, 586, 11
MM, 413, 585, 9
MM, 0, 25, 21
MM, 1, 25, 19
MM, 2, 25, 11
MM, 3, 24, 11
MM, 4, 24, 19
MM, 4, 23, 10
MM, 6, 22, 10
MM, 7, 22, 21
MM, 8, 22, 10
MM, 9, 22, 10
MM, 10, 22, 20
MC, 1, 122
MM, 10, 23, 79
MM, 10, 25, 10
MM, 9, 30, 9
MM, 424, 596, 10
MM, 3, 7, 11
MM, 3, 11, 9
MM, 1, 16, 10
MM, 1, 19, 11
MM, 0, 24, 10
MM, 420, 623, 10
MM, 420, 627, 10
MM, 420, 628, 10
MM, 420, 631, 11
MM, 11, 0, 19
MM, 11, 1, 10
MM, 11, 2, 20
MM, 11, 3, 30
MM, 11, 4, 20
MM, 11, 5, 60
MC, 1, 133
MM, 8, 5, 79
MM, 5, 5, 10
MM, 1, 5, 10
MM, 404, 638, 10
MM, 27, 3, 10
MM, 21, 1, 10
MM, 387, 632, 10
MM, 385, 631, 10
MM, 381, 631, 10
MM, 377, 628, 10
MM, 375, 628, 10
MM, 34, 30, 11
MM, 33, 30, 10
MM, 32, 29, 9
MM, 31, 28, 11
MM, 30, 28, 10
MM, 30, 27, 10
MM, 29, 26, 10
MM, 29, 25, 10
MM, 28, 25, 10
MM, 27, 23, 10
MM, 26, 23, 31
MM, 26, 22, 29
MM, 25, 22, 30
MC, 1, 52
MM, 27, 22, 98
MM, 31, 20, 11
MM, 374, 616, 10
MM, 4, 17, 10
MM, 15, 15, 10
MM, 24, 14, 10
MM, 415, 609, 10
MM, 13, 10, 10
MM, 31, 6, 11
MM, 5, 5, 9
MM, 483, 595, 10
MM, 500, 595, 10
MM, 510, 593, 10
MM, 27, 30, 10
MM, 527, 590, 10
MM, 0, 30, 10
MM, 3, 30, 10
MM, 6, 29, 10
MM, 11, 27, 11
MM, 12, 26, 10
MM, 14, 26, 9
MM, 14, 25, 10
MM, 15, 25, 10
MM, 16, 23, 11
MM, 18, 22, 10
MM, 20, 22, 10
MM, 21, 22, 10
MM, 24, 19, 10
MM, 26, 18, 10
MM, 28, 18, 10
MM, 30, 18, 20
MM, 32, 18, 10
MM, 564, 578, 10
MM, 566, 578, 20
MM, 567, 578, 10
MM, 568, 578, 10
MM, 569, 578, 10
MM, 0, 18, 11
MM, 1, 18, 10
MM, 2, 18, 9
MM, 3, 18, 10
MM, 4, 18, 10
MM, 5, 18, 11
MM, 6, 18, 11
MM, 7, 18, 9
MM, 8, 18, 10
MM, 10, 18, 30
MC, 1, 102
MM, 7, 18, 58
MM, 2, 18, 11
MM, 564, 578, 10
MM, 20, 20, 10
MM, 8, 23, 10
MM, 527, 585, 10
MM, 13, 25, 10
MM, 492, 591, 10
MM, 480, 593, 10
MM, 468, 594, 10
MM, 456, 599, 11
MM, 27, 2, 10
MM, 21, 2, 10
MM, 17, 3, 10
MM, 15, 3, 10
MM, 13, 4, 9
MM, 11, 5, 11
MM, 9, 5, 10
MM, 6, 9, 10
MM, 3, 10, 10
MM, 0, 10, 10
MM, 420, 608, 10
MM, 419, 608, 10
MM, 418, 608, 10
MM, 417, 608, 20
MM, 415, 608, 30
MM, 34, 11, 20
MM, 33, 11, 10
MM, 32, 11, 10
MM, 31, 11, 10
MM, 29, 12, 10
MM, 27, 12, 10
MM, 25, 12, 11
MM, 23, 12, 9
MM, 21, 12, 11
MM, 20, 12, 9
MM, 19, 12, 11
MM, 17, 12, 10
MM, 14, 13, 10
MM, 13, 13, 10
MM, 11, 13, 20
MC, 1, 132
MM, 12, 13, 18
MM, 14, 12, 10
MM, 18, 7, 11
MM, 23, 3, 10
MM, 413, 592, 10
MM, 4, 30, 10
MM, 10, 23, 10
MM, 15, 22, 10
MM, 19, 22, 10
MM, 21, 21, 10
MM, 23, 20, 10
MM, 24, 20, 10
MC, 1, 152
MM, 24, 21, 69
MM, 25, 24, 10
MM, 441, 591, 10
MM, 21, 0, 10
MM, 23, 6, 10
MM, 25, 18, 10
MM, 452, 629, 11
MM, 5, 6, 10
MM, 7, 15, 10
MM, 9, 21, 9
MM, 9, 29, 10
MM, 460, 669, 11
MM, 61, 0, 10
MM, 61, 1, 9
MM, 61, 2, 22
MM, 62, 2, 80
MM, 62, 3, 70
MM, 62, 4, 10
MM, 62, 5, 10
MM, 62, 6, 20
MM, 62, 8, 20
MM, 62, 9, 20
MM, 62, 10, 20
MM, 62, 12, 20
MM, 61, 13, 10
MM, 61, 14, 50
MC, 1, 63
MM, 61, 13, 48
MM, 61, 10, 10
MM, 63, 6, 10
MM, 467, 666, 11
MM, 25, 12, 9
MM, 20, 29, 11
MM, 29, 9, 10
MM, 493, 591, 10
MM, 4, 21, 9
MM, 5, 19, 11
MM, 5, 16, 10
MM, 7, 14, 10
MM, 7, 13, 10
MM, 8, 11, 9
MM, 10, 10, 11
MM, 10, 9, 10
MM, 10, 8, 10
MM, 11, 7, 120
MC, 1, 162
MM, 12, 7, 59
MM, 13, 7, 10
MM, 14, 7, 10
MM, 16, 9, 10
MM, 19, 10, 11
MM, 22, 14, 10
MM, 25, 14, 10
MM, 27, 17, 9
MM, 526, 581, 11
MM, 0, 23, 10
MM, 3, 24, 10
MM, 6, 25, 10
MM, 8, 26, 10
MM, 11, 28, 10
MM, 545, 591, 10
MM, 546, 591, 10
MM, 547, 591, 10
MM, 547, 592, 11
MM, 548, 592, 9
MM, 548, 593, 152
MP, 1, 1
MR, 1, 21
MM, 549, 596, 8
MM, 9, 0, 10
MM, 9, 1, 19
MM, 9, 2, 31
MM, 9, 4, 20
MM, 8, 4, 191
MM, 7, 5, 19
MM, 6, 5, 21
MM, 5, 5, 10
MM, 4, 5, 10
MM, 3, 5, 61
MM, 4, 6, 150
MM, 5, 6, 20
MM, 6, 7, 10
MM, 8, 7, 20
MM, 9, 7, 20
MM, 10, 7, 20
MM, 11, 7, 30
MM, 11, 8, 30
MM, 12, 8, 10
MC, 1, 133
MM, 11, 8, 38
MM, 8, 8, 10
MM, 538, 603, 11
MM, 28, 6, 9
MM, 16, 0, 11
MM, 4, 28, 9
MM, 27, 20, 11
MM, 15, 14, 10
MM, 6, 12, 10
MM, 450, 567, 10
MM, 28, 6, 10
MM, 23, 4, 10
MM, 20, 2, 10
MM, 18, 2, 10
MM, 431, 559, 11
MM, 16, 0, 230
MM, 16, 1, 20
MM, 16, 3, 22
MM, 17, 5, 129
MM, 19, 5, 10
MM, 20, 5, 10
MM, 23, 5, 11
MM, 27, 5, 9
MM, 29, 5, 10
MM, 33, 5, 10
MM, 453, 565, 11
MM, 455, 565, 9
MM, 1, 5, 11
MM, 2, 6, 10
MM, 3, 6, 10
MM, 5, 6, 10
MM, 5, 7, 20
MC, 1, 122
MM, 3, 7, 29
MM, 1, 7, 10
MM, 452, 568, 10
MM, 34, 9, 10
MM, 31, 10, 9
MM, 28, 10, 11
MM, 25, 10, 10
MM, 23, 10, 10
MM, 21, 10, 11
MM, 20, 10, 9
MM, 19, 10, 10
MM, 21, 11, 171
MM, 22, 13, 9
MM, 24, 14, 11
MM, 26, 16, 10
MM, 29, 20, 10
MM, 32, 26, 10
MM, 450, 593, 10
MM, 33, 3, 10
MM, 460, 610, 10
MM, 2, 19, 10
MM, 5, 25, 10
MM, 468, 628, 10
MM, 470, 630, 11
MM, 471, 632, 9
MM, 24, 4, 10
MM, 24, 5, 10
MM, 24, 8, 11
MM, 25, 9, 10
MM, 25, 10, 10
MM, 25, 11, 10
MM, 25, 12, 19
MM, 25, 13, 10
MM, 25, 14, 11
MM, 25, 16, 10
MM, 25, 18, 10
MM, 25, 21, 10
MM, 25, 24, 10
MM, 25, 27, 10
MM, 25, 30, 10
MM, 474, 667, 10
MM, 474, 669, 10
MM, 474, 670, 20
MM, 74, 1, 20
MM, 74, 2, 40
MC, 1, 183
MM, 74, 3, 48
MM, 75, 3, 122
MM, 78, 2, 9
MM, 80, 0, 10
MM, 484, 668, 11
MM, 491, 666, 10
MM, 12, 26, 10
MM, 20, 17, 10
MM, 30, 13, 10
MM, 2, 3, 10
MM, 542, 629, 9
MM, 11, 26, 10
MM, 16, 21, 11
MM, 24, 13, 10
MM, 27, 12, 10
MM, 28, 11, 10
MM, 31, 9, 10
MM, 34, 8, 10
MM, 575, 603, 10
MM, 577, 600, 10
MM, 583, 595, 11
MM, 586, 592, 9
MM, 19, 29, 10
MM, 19, 28, 40
MM, 20, 27, 11
MM, 22, 26, 19
MM, 23, 26, 20
MM, 23, 25, 10
MM, 24, 25, 10
MM, 25, 25, 21
MM, 26, 23, 30
MM, 27, 23, 20
MM, 28, 21, 10
MM, 30, 21, 10
MM, 32, 20, 11
MM, 33, 19, 9
MM, 34, 18, 10
MM, 605, 578, 20
MM, 606, 578, 10
MM, 607, 577, 10
MM, 607, 576, 11
MM, 609, 576, 10
MM, 610, 574, 10
MM, 0, 14, 9
MM, 2, 14, 10
MM, 2, 13, 11
MM, 3, 13, 10
MM, 5, 13, 10
MC, 1, 122
MM, 1, 13, 39
MM, 609, 573, 9
MM, 29, 14, 11
MM, 15, 14, 10
MM, 2, 14, 10
MM, 11, 25, 10
MM, 22, 29, 10
MM, 26, 2, 10
MM, 5, 2, 11
MM, 21, 8, 9
MM, 9, 9, 10
MM, 418, 606, 10
MM, 25, 9, 10
MM, 18, 9, 10
MM, 13, 9, 10
MM, 11, 9, 10
MM, 10, 9, 11
MM, 9, 9, 10
MM, 8, 9, 10
MM, 8, 10, 40
MC, 1, 242
MM, 9, 11, 49
MM, 11, 11, 10
MM, 16, 13, 10
MM, 23, 15, 10
MM, 31, 20, 10
MM, 3, 27, 11
MM, 435, 632, 9
MM, 3, 8, 11
MM, 12, 16, 9
MM, 18, 21, 11
MM, 23, 22, 9
MM, 31, 27, 11
MM, 32, 28, 10
MM, 483, 663, 10
MM, 485, 664, 10
MM, 485, 665, 20
MM, 486, 665, 10
MM, 487, 666, 20
MM, 487, 667, 20
MM, 488, 668, 10
MM, 488, 669, 60
MM, 489, 670, 31
MM, 89, 0, 30
MM, 89, 2, 20
MM, 89, 3, 10
MM, 89, 5, 10
MM, 89, 6, 10
MM, 89, 7, 10
MM, 89, 8, 10
MM, 89, 9, 10
MM, 89, 10, 10
MM, 89, 11, 11
MM, 89, 12, 29
MC, 1, 83
MM, 91, 11, 78
MM, 94, 8, 10
MM, 95, 6, 10
MM, 99, 1, 11
MM, 502, 668, 10
MM, 505, 667, 9
MM, 21, 30, 11
MM, 25, 25, 10
MM, 28, 23, 9
MM, 32, 20, 11
MM, 34, 19, 9
MM, 523, 652, 11
MM, 524, 652, 10
MM, 525, 652, 30
MM, 526, 651, 40
MM, 527, 651, 40
MM, 528, 650, 21
MM, 0, 16, 9
MM, 2, 16, 21
MM, 3, 16, 10
MM, 5, 16, 10
MM, 8, 16, 9
MM, 9, 16, 10
MM, 10, 15, 11
MM, 12, 15, 10
MM, 13, 15, 10
MM, 14, 15, 20
MM, 15, 15, 10
MM, 16, 15, 10
MC, 1, 131
MM, 19, 14, 221
MM, 24, 10, 10
MM, 30, 5, 10
MM, 565, 636, 10
MM, 568, 633, 10
MM, 579, 630, 10
MM, 6, 28, 10
MM, 16, 20, 10
MM, 24, 16, 10
MM, 30, 4, 10
MM, 617, 599, 10
MM, 622, 592, 10
MM, 18, 30, 11
MM, 20, 29, 9
MM, 27, 25, 10
MM, 29, 23, 10
MM, 645, 581, 11
MM, 647, 579, 9
MM, 4, 17, 11
MM, 7, 14, 9
MM, 9, 13, 11
MM, 11, 12, 10
MM, 14, 9, 10
MM, 15, 9, 10
MM, 16, 9, 50
MM, 17, 9, 101
MC, 1, 102
MM, 16, 10, 48
MM, 13, 12, 10
MM, 6, 15, 10
MM, 20, 29, 10
MM, 20, 12, 10
MM, 34, 26, 10
MM, 8, 10, 11
MM, 29, 19, 9
MM, 11, 27, 11
MM, 82, 4, 10
MM, 75, 7, 10
MM, 66, 12, 10
MM, 64, 14, 11
MM, 61, 16, 9
MM, 59, 16, 20
MC, 1, 284
MM, 59, 15, 47
MM, 59, 13, 20
MM, 59, 10, 11
MM, 60, 5, 10
MM, 62, 0, 10
MM, 16, 27, 11
MM, 22, 16, 9
MM, 24, 9, 10
MM, 477, 632, 11
MM, 18, 30, 9
MM, 20, 26, 10
MM, 22, 23, 10
MM, 24, 20, 10
MM, 24, 19, 21
MM, 25, 18, 10
MM, 27, 18, 91
MM, 28, 18, 39
MM, 28, 16, 20
MM, 30, 16, 10
MM, 493, 613, 11
MM, 494, 613, 9
MM, 495, 613, 10
MM, 497, 613, 10
MM, 498, 612, 10
MM, 1, 15, 10
MM, 6, 12, 10
MM, 7, 11, 11
MM, 9, 10, 10
MM, 10, 10, 10
MM, 11, 10, 20
MC, 1, 112
MM, 10, 10, 59
MM, 9, 10, 10
MM, 5, 10, 10
MM, 0, 8, 10
MM, 493, 603, 10
MM, 28, 4, 10
MM, 26, 2, 10
MM, 23, 0, 10
MM, 480, 593, 10
MM, 478, 592, 10
MM, 473, 591, 10
MM, 16, 29, 10
MM, 13, 29, 11
MM, 12, 28, 9
MM, 11, 26, 11
MM, 10, 26, 10
MM, 9, 24, 10
MM, 8, 23, 31
MM, 8, 22, 19
MC, 1, 132
MM, 6, 22, 119
MM, 4, 22, 10
MM, 2, 22, 10
MM, 454, 584, 10
MM, 33, 26, 10
MM, 29, 28, 10
MM, 436, 591, 10
MM, 430, 591, 11
MM, 420, 593, 11
MM, 413, 595, 9
MM, 406, 595, 9
MM, 402, 596, 10
MM, 397, 596, 10
MM, 394, 596, 11
MM, 390, 596, 10
MM, 387, 596, 10
MM, 384, 596, 10
MM, 382, 596, 11
MM, 381, 596, 9
MM, 380, 596, 10
MM, 379, 596, 11
MM, 378, 596, 10
MM, 377, 596, 9
MM, 376, 596, 10
MM, 374, 596, 20
MM, 34, 0, 10
MM, 33, 0, 21
MM, 32, 0, 9
MM, 30, 0, 11
MM, 28, 1, 10
MM, 27, 2, 10
MM, 26, 2, 10
MM, 24, 2, 10
MM, 23, 3, 10
MM, 22, 4, 10
MM, 21, 4, 10
MC, 1, 133
MM, 22, 4, 48
MM, 24, 6, 11
MM, 27, 7, 9
MM, 33, 10, 10
MM, 376, 608, 11
MM, 6, 14, 9
MM, 23, 17, 11
MM, 415, 616, 10
MM, 6, 22, 10
MM, 19, 29, 9
MM, 449, 628, 11
MM, 458, 631, 10
MM, 465, 632, 10
MM, 468, 633, 9
MM, 22, 0, 10
MM, 23, 0, 21
MM, 24, 1, 9
MM, 25, 1, 31
MM, 25, 2, 201
MM, 25, 3, 20
MM, 25, 5, 20
MM, 24, 7, 10
MM, 23, 9, 20
MM, 22, 9, 50
MC, 1, 142
MM, 25, 7, 49
MM, 31, 5, 10
MM, 487, 636, 11
MM, 497, 629, 10
MM, 9, 26, 10
MM, 26, 23, 10
MM, 539, 616, 10
MM, 9, 16, 10
MM, 16, 13, 10
MM, 21, 11, 10
MM, 26, 9, 10
MM, 30, 9, 11
MM, 34, 9, 9
MM, 580, 604, 10
MM, 4, 7, 10
MM, 7, 7, 11
MM, 10, 7, 9
MM, 12, 7, 11
MM, 13, 7, 20
MM, 14, 7, 9
MM, 15, 7, 21
MM, 16, 7, 20
MM, 17, 7, 60
MM, 18, 7, 20
MM, 19, 6, 20
MM, 20, 6, 10
MM, 21, 6, 10
MM, 23, 4, 10
MM, 23, 3, 10
MM, 24, 2, 11
MM, 27, 1, 9
MM, 27, 0, 10
MM, 28, 0, 11
MM, 611, 596, 9
MM, 612, 594, 11
MM, 614, 591, 10
MM, 4, 30, 9
MM, 6, 30, 11
MM, 6, 28, 10
MM, 8, 27, 20
MM, 9, 24, 20
MM, 10, 23, 10
MM, 10, 22, 21
MM, 11, 21, 9
MC, 1, 153
MM, 9, 21, 98
MM, 6, 21, 11
MM, 2, 20, 10
MM, 606, 581, 10
MM, 25, 22, 10
MM, 14, 22, 10
MM, 3, 25, 10
MM, 564, 585, 10
MM, 25, 25, 10
MM, 15, 27, 10
MM, 9, 30, 10
MM, 5, 29, 10
MM, 1, 28, 11
MM, 527, 588, 9
MM, 30, 27, 10
MM, 28, 27, 11
MM, 27, 27, 10
MM, 25, 27, 10
MM, 24, 27, 39
MM, 23, 27, 42
MM, 22, 27, 29
MM, 21, 27, 30
MM, 20, 27, 30
MC, 1, 123
MM, 21, 27, 68
MM, 24, 27, 10
MM, 27, 26, 11
MM, 29, 26, 10
MM, 527, 586, 10
MM, 530, 586, 10
MM, 2, 26, 10
MM, 6, 24, 10
MM, 9, 24, 10
MM, 11, 24, 10
MM, 12, 24, 10
MM, 13, 24, 9
MM, 14, 24, 11
MM, 15, 23, 20
MC, 1, 82
MM, 16, 24, 320
MM, 17, 25, 20
MM, 18, 25, 11
MM, 19, 27, 10
MM, 21, 28, 9
MM, 554, 591, 10
MM, 557, 593, 11
MM, 20, 0, 9
MM, 23, 2, 10
MM, 24, 5, 11
MM, 30, 13, 10
MM, 32, 16, 10
MM, 575, 619, 10
MM, 577, 622, 10
MM, 578, 626, 10
MM, 582, 629, 10
MM, 583, 631, 10
MM, 585, 633, 10
MM, 17, 4, 11
MM, 17, 12, 9
MM, 19, 12, 281
MM, 22, 12, 11
MM, 26, 12, 10
MM, 30, 12, 10
MM, 34, 13, 10
MM, 38, 13, 10
MM, 613, 647, 10
MM, 6, 15, 10
MM, 10, 16, 10
MM, 16, 17, 10
MM, 20, 17, 10
MM, 22, 17, 11
MM, 23, 17, 9
MM, 25, 17, 10
MM, 27, 19, 10
MM, 28, 19, 192
MM, 29, 19, 9
MM, 30, 19, 11
MM, 647, 653, 10
MM, 648, 653, 9
MM, 649, 653, 10
MM, 651, 653, 10
MM, 0, 19, 10
MM, 2, 19, 11
MM, 4, 19, 10
MM, 6, 19, 10
MM, 7, 19, 10
MM, 8, 19, 10
MM, 9, 19, 11
MM, 10, 19, 19
MC, 1, 120
MM, 11, 18, 463
MM, 13, 16, 10
MM, 15, 14, 11
MM, 19, 11, 9
MM, 26, 6, 11
MM, 685, 636, 10
MM, 693, 631, 10
MM, 705, 628, 9
MM, 713, 625, 11
MM, 723, 623, 10
MM, 732, 622, 10
MM, 739, 619, 9
MM, 745, 617, 10
MM, 752, 616, 11
MM, 762, 616, 10
MM, 0, 3, 10
MM, 8, 2, 10
MM, 16, 0, 10
MM, 797, 608, 10
MM, 806, 606, 10
MM, 815, 607, 10
MM, 823, 609, 9
MM, 828, 610, 11
MM, 830, 611, 10
MM, 61, 0, 10
MM, 62, 1, 10
MM, 64, 1, 9
MM, 65, 1, 11
MM, 65, 2, 30
MM, 65, 3, 21
MM, 65, 4, 29
MM, 65, 5, 20
MM, 65, 7, 10
MM, 65, 9, 21
MM, 65, 13, 20
MM, 64, 13, 10
MM, 63, 14, 10
MM, 62, 16, 21
MM, 62, 17, 19
