********************************************************************************
LOGGING TIME: 20181005_232721
CLIENT IP: 192.168.56.1
USERNAME: user-pc
OS: Windows 10
**********************************Emotional database********************************************************************************
MM, 191, 5, 1537598292243
MM, 124, 74, 21
MM, 104, 49, 10
MM, 94, 38, 10
MM, 85, 30, 10
MM, 79, 25, 10
MM, 74, 22, 10
MM, 69, 18, 10
MM, 69, 17, 10
MM, 69, 16, 10
MM, 70, 16, 30
MM, 60, 1, 10
MM, 311, 285, 321
MM, 311, 279, 11
MM, 312, 268, 10
MM, 315, 261, 10
MM, 316, 255, 10
MM, 317, 251, 10
MM, 311, 172, 512
MM, 311, 168, 11
MM, 313, 162, 10
MM, 313, 161, 653
MM, 313, 159, 10
MM, 311, 156, 10
MM, 309, 152, 10
MM, 308, 148, 11
MM, 304, 140, 10
MM, 302, 137, 10
MM, 298, 132, 10
MM, 297, 130, 9
MM, 295, 128, 10
MM, 294, 126, 11
MM, 292, 123, 10
MM, 290, 122, 20
MM, 290, 121, 20
MM, 289, 121, 11
MM, 289, 120, 9
MM, 288, 120, 10
MM, 287, 119, 11
MM, 286, 118, 19
MM, 286, 117, 10
MM, 285, 117, 31
MM, 285, 116, 39
MM, 284, 116, 10
MM, 284, 114, 21
MM, 281, 114, 422
MM, 281, 121, 9
MM, 281, 129, 11
MM, 281, 137, 9
MM, 281, 149, 11
MM, 281, 164, 9
MM, 278, 249, 61
MM, 278, 259, 12
MM, 278, 263, 8
MM, 279, 273, 10
MM, 280, 277, 10
MM, 281, 280, 11
MM, 282, 282, 9
MM, 282, 283, 20
MM, 283, 285, 10
MM, 32, 0, 60
MM, 32, 1, 11
MM, 33, 1, 10
MM, 33, 2, 9
MM, 33, 3, 31
MM, 33, 5, 111
MM, 33, 7, 30
MM, 33, 8, 10
MM, 33, 11, 10
MM, 33, 12, 10
MM, 33, 14, 20
MM, 33, 15, 10
MM, 32, 16, 20
MM, 32, 18, 10
MM, 32, 19, 11
MM, 31, 20, 10
MM, 30, 20, 10
MM, 30, 22, 10
MC, 1, 101
MM, 30, 26, 6423
MM, 30, 27, 41
MM, 30, 29, 10
MM, 30, 27, 140
MM, 29, 29, 7401
MM, 24, 34, 9
MM, 21, 43, 11
MM, 18, 47, 10
MM, 12, 59, 10
MM, 9, 66, 11
MM, 4, 74, 9
MM, 252, 370, 10
MM, 248, 378, 10
MM, 244, 394, 10
MM, 241, 403, 11
MM, 237, 413, 10
MM, 230, 424, 9
MM, 226, 430, 11
MM, 224, 436, 9
MM, 222, 439, 11
MM, 221, 443, 10
MM, 221, 445, 10
MM, 220, 445, 10
MM, 219, 448, 10
MM, 217, 450, 10
MM, 217, 451, 29
MM, 217, 452, 21
MM, 219, 452, 101
MM, 221, 452, 9
MM, 223, 452, 11
MM, 229, 451, 10
MM, 235, 451, 10
MM, 243, 451, 9
MM, 3, 36, 11
MM, 13, 35, 10
MM, 21, 35, 10
MM, 30, 35, 10
MM, 37, 35, 10
MM, 47, 41, 10
MM, 50, 42, 10
MM, 52, 44, 10
MM, 53, 44, 10
MM, 55, 44, 10
MM, 55, 45, 31
MC, 1, 71
MM, 56, 44, 28
MM, 57, 44, 242
MM, 57, 49, 10
MM, 60, 53, 10
MM, 62, 57, 10
MM, 67, 63, 11
MM, 72, 73, 9
MM, 81, 81, 11
MM, 345, 510, 10
MM, 354, 512, 10
MM, 362, 516, 9
MM, 366, 517, 11
MM, 378, 518, 10
MM, 382, 518, 10
MM, 387, 518, 9
MM, 390, 519, 10
MM, 392, 519, 10
MM, 393, 520, 11
MM, 395, 520, 9
MM, 396, 520, 21
MM, 397, 520, 20
MM, 397, 519, 51
MM, 398, 518, 19
MM, 399, 518, 41
MM, 401, 518, 20
MM, 402, 518, 9
MM, 403, 519, 10
MM, 406, 519, 12
MM, 410, 522, 9
MM, 412, 522, 10
MM, 413, 523, 10
MM, 1, 1, 10
MM, 2, 2, 20
MM, 3, 2, 9
MM, 4, 2, 21
MM, 4, 3, 21
MM, 4, 4, 149
MM, 3, 5, 51
MM, 1, 5, 11
MM, 412, 528, 10
MM, 409, 529, 10
MM, 31, 8, 10
MM, 26, 10, 10
MM, 22, 11, 10
MM, 18, 11, 9
MM, 14, 11, 11
MM, 8, 11, 10
MM, 3, 11, 10
MM, 1, 11, 10
MM, 9, 25, 371
MM, 27, 0, 11
MM, 3, 14, 10
MM, 20, 26, 10
MM, 455, 595, 10
MM, 13, 7, 10
MM, 25, 8, 9
MM, 497, 609, 11
MM, 11, 19, 10
MM, 17, 22, 10
MM, 20, 23, 10
MM, 25, 26, 10
MM, 27, 26, 191
MM, 32, 27, 10
MM, 0, 30, 10
MM, 551, 629, 10
MM, 565, 631, 11
MM, 580, 633, 10
MM, 29, 5, 9
MM, 611, 639, 10
MM, 6, 13, 10
MM, 11, 13, 11
MM, 18, 14, 10
MM, 22, 14, 10
MM, 25, 14, 10
MM, 28, 14, 10
MM, 30, 12, 10
MM, 647, 645, 10
MM, 649, 643, 9
MM, 650, 643, 11
MM, 651, 643, 9
MM, 0, 8, 21
MM, 1, 8, 151
MM, 2, 9, 20
MM, 3, 9, 21
MM, 4, 9, 49
MM, 4, 10, 22
MC, 1, 19
MM, 1, 10, 70
MM, 648, 645, 9
MM, 26, 15, 10
MM, 18, 16, 10
MM, 7, 19, 10
MM, 611, 658, 11
MM, 28, 25, 10
MM, 4, 30, 10
MM, 563, 668, 10
MM, 556, 670, 10
MM, 146, 1, 11
MM, 137, 2, 9
MM, 133, 3, 10
MM, 127, 4, 11
MM, 126, 5, 9
MM, 124, 5, 11
MM, 122, 7, 9
MM, 120, 7, 10
MM, 119, 7, 21
MC, 1, 232
MM, 119, 6, 69
MM, 119, 1, 10
MM, 519, 665, 10
MM, 31, 19, 10
MM, 33, 11, 11
MM, 34, 1, 9
MM, 523, 628, 10
MM, 24, 28, 20
MM, 24, 27, 11
MM, 25, 27, 10
MM, 25, 24, 9
MM, 26, 23, 11
MM, 27, 21, 10
MM, 27, 20, 9
MM, 28, 20, 10
MM, 29, 19, 11
MM, 30, 18, 10
MM, 31, 17, 10
MM, 33, 16, 10
MM, 534, 612, 10
MM, 535, 611, 20
MM, 536, 611, 11
MM, 537, 611, 9
MM, 538, 611, 10
MM, 539, 610, 10
MM, 0, 12, 21
MM, 1, 12, 10
MM, 2, 12, 10
MM, 3, 11, 20
MM, 4, 11, 20
MC, 1, 112
MM, 4, 10, 19
MM, 2, 10, 20
MM, 537, 607, 10
MM, 27, 12, 10
MM, 15, 16, 9
MM, 497, 616, 11
MM, 12, 22, 10
MM, 458, 619, 10
MM, 19, 23, 10
MM, 5, 24, 10
MM, 416, 621, 10
MM, 27, 25, 10
MM, 21, 26, 10
MM, 15, 24, 10
MM, 13, 24, 11
MM, 12, 24, 9
MM, 11, 24, 10
MM, 10, 24, 10
MM, 9, 24, 41
MM, 7, 24, 20
MM, 6, 24, 10
MM, 4, 24, 9
MM, 2, 23, 11
MM, 0, 23, 10
MM, 378, 620, 10
MM, 377, 617, 10
MM, 375, 616, 10
MM, 374, 615, 11
MM, 34, 18, 10
MM, 33, 18, 10
MM, 32, 18, 10
MM, 31, 18, 9
MM, 31, 17, 10
MM, 30, 17, 10
MM, 29, 16, 11
MM, 27, 16, 20
MM, 26, 16, 20
MM, 26, 15, 40
MC, 1, 33
MM, 25, 15, 48
MM, 25, 14, 30
MM, 25, 13, 19
MM, 25, 11, 11
MM, 26, 8, 10
MM, 29, 2, 10
MM, 2, 29, 10
MM, 7, 22, 10
MM, 10, 16, 10
MM, 14, 10, 10
MM, 15, 7, 10
MM, 17, 5, 10
MM, 18, 5, 10
MM, 18, 4, 10
MM, 18, 3, 10
MM, 19, 3, 11
MM, 20, 3, 60
MC, 1, 81
MM, 19, 7, 89
MM, 16, 9, 10
MM, 12, 14, 11
MM, 7, 20, 9
MM, 2, 25, 10
MM, 371, 588, 10
MM, 367, 594, 10
MM, 25, 0, 10
MM, 24, 2, 11
MM, 21, 4, 10
MM, 19, 7, 10
MM, 19, 8, 10
MM, 18, 9, 20
MM, 17, 9, 92
MM, 17, 10, 9
MC, 1, 102
MM, 18, 10, 68
MM, 21, 10, 11
MM, 28, 7, 10
MM, 34, 5, 9
MM, 3, 2, 11
MM, 399, 594, 10
MM, 5, 28, 9
MM, 27, 22, 10
MM, 6, 21, 10
MM, 23, 20, 11
MM, 491, 580, 10
MM, 8, 17, 10
MM, 18, 17, 11
MM, 26, 17, 9
MM, 528, 577, 11
MM, 3, 16, 9
MM, 9, 14, 11
MM, 11, 13, 9
MM, 15, 12, 11
MM, 17, 11, 9
MM, 19, 10, 11
MM, 23, 9, 10
MM, 24, 9, 9
MM, 26, 8, 10
MM, 28, 8, 11
MM, 31, 8, 10
MM, 32, 8, 20
MM, 566, 568, 10
MM, 566, 567, 10
MM, 567, 567, 9
MM, 569, 567, 10
MM, 0, 7, 21
MM, 1, 7, 11
MM, 2, 7, 9
MM, 3, 7, 11
MM, 5, 7, 10
MM, 7, 7, 9
MM, 9, 8, 11
MM, 12, 10, 9
MM, 14, 11, 11
MM, 16, 11, 19
MM, 18, 11, 11
MM, 20, 12, 20
MM, 21, 13, 20
MM, 24, 13, 10
MM, 25, 13, 10
MM, 26, 13, 10
MM, 30, 14, 10
MM, 33, 15, 10
MM, 34, 16, 11
MM, 606, 576, 10
MM, 608, 577, 9
MM, 610, 577, 10
MM, 610, 578, 10
MM, 0, 18, 10
MM, 2, 18, 21
MM, 3, 18, 49
MC, 1, 113
MM, 4, 19, 290
MM, 3, 20, 19
MM, 1, 21, 11
MM, 608, 584, 10
MM, 602, 591, 10
MM, 11, 1, 10
MM, 0, 9, 10
MM, 30, 17, 10
MM, 16, 28, 10
MM, 10, 6, 10
MM, 528, 648, 10
MM, 30, 21, 10
MM, 23, 28, 10
MM, 507, 665, 11
MM, 504, 666, 9
MM, 499, 669, 11
MM, 498, 669, 10
MM, 495, 670, 10
MM, 494, 670, 19
MM, 493, 670, 21
MM, 93, 0, 9
MM, 92, 1, 191
MM, 92, 2, 11
MM, 91, 2, 10
MM, 91, 3, 9
MM, 89, 6, 11
MM, 89, 8, 11
MM, 88, 11, 19
MM, 87, 14, 10
MM, 86, 15, 20
MM, 87, 12, 161
MM, 89, 5, 10
MM, 492, 667, 11
MM, 8, 25, 9
MM, 10, 19, 10
MM, 13, 11, 11
MM, 17, 6, 9
MM, 507, 633, 10
MM, 509, 631, 11
MM, 512, 628, 10
MM, 14, 29, 10
MM, 16, 27, 9
MM, 20, 25, 10
MM, 20, 24, 11
MM, 22, 23, 9
MM, 23, 21, 11
MM, 27, 20, 10
MM, 29, 19, 10
MM, 31, 18, 10
MM, 33, 17, 9
MM, 536, 611, 11
MM, 2, 14, 10
MM, 4, 14, 10
MM, 5, 13, 10
MM, 6, 13, 11
MM, 7, 13, 9
MM, 7, 11, 10
MM, 8, 11, 62
MC, 1, 91
MM, 6, 11, 78
MM, 539, 610, 11
MM, 28, 14, 9
MM, 19, 15, 11
MM, 0, 19, 10
MM, 17, 20, 10
MM, 31, 25, 11
MM, 8, 27, 8
MM, 32, 29, 11
MM, 393, 630, 9
MM, 382, 630, 11
MM, 374, 630, 10
MM, 368, 630, 10
MM, 366, 630, 10
MM, 364, 630, 10
MM, 362, 630, 11
MM, 359, 630, 9
MM, 358, 629, 10
MM, 357, 629, 11
MM, 356, 629, 9
MM, 355, 629, 11
MM, 15, 30, 10
MM, 14, 30, 10
MM, 13, 30, 10
MM, 13, 29, 20
MM, 12, 29, 10
MM, 10, 28, 20
MM, 9, 27, 10
MM, 8, 26, 10
MM, 6, 25, 11
MM, 5, 23, 9
MM, 4, 21, 10
MM, 3, 20, 10
MM, 3, 19, 20
MC, 1, 123
MM, 6, 19, 38
MM, 9, 19, 11
MM, 12, 19, 10
MM, 16, 19, 9
MM, 19, 19, 10
MM, 25, 19, 10
MM, 34, 19, 10
MM, 379, 616, 11
MM, 4, 19, 10
MM, 8, 19, 10
MM, 12, 20, 10
MM, 15, 20, 10
MM, 18, 21, 10
MM, 20, 22, 9
MM, 22, 21, 21
MM, 23, 21, 31
MC, 1, 92
MM, 24, 22, 109
MM, 24, 23, 9
MM, 24, 24, 11
MM, 25, 26, 9
MM, 26, 29, 10
MM, 407, 633, 10
MM, 408, 640, 10
MM, 1, 12, 10
MM, 1, 16, 11
MM, 1, 20, 10
MM, 1, 22, 11
MM, 2, 23, 8
MM, 4, 27, 11
MM, 4, 28, 11
MM, 4, 29, 8
MM, 4, 30, 10
MM, 413, 668, 12
MM, 413, 669, 9
MM, 413, 670, 10
MM, 14, 0, 20
MM, 14, 2, 11
MM, 14, 3, 29
MM, 14, 4, 11
MM, 14, 5, 20
MM, 14, 6, 19
MM, 15, 6, 31
MM, 15, 7, 70
MC, 1, 102
MM, 16, 7, 39
MM, 17, 6, 40
MM, 20, 2, 10
MM, 424, 666, 10
MM, 20, 20, 10
MM, 26, 14, 10
MM, 32, 4, 10
MM, 31, 30, 10
MM, 1, 13, 10
MM, 475, 596, 10
MM, 26, 28, 10
MM, 31, 21, 10
MM, 490, 578, 11
MM, 491, 578, 9
MM, 493, 576, 11
MM, 0, 15, 30
MM, 1, 15, 140
MC, 1, 152
MM, 2, 15, 19
MM, 3, 15, 11
MM, 5, 15, 20
MM, 6, 15, 9
MM, 8, 15, 10
MM, 9, 15, 10
MM, 11, 15, 10
MM, 13, 16, 11
MM, 19, 19, 10
MM, 22, 21, 9
MM, 25, 21, 11
MM, 29, 24, 10
MM, 30, 25, 10
MM, 527, 589, 11
MM, 529, 590, 9
MM, 531, 592, 11
MM, 532, 592, 9
MM, 534, 593, 11
MM, 535, 594, 10
MM, 535, 595, 10
MM, 536, 595, 9
MM, 537, 595, 11
MM, 538, 596, 10
MM, 0, 0, 9
MM, 1, 1, 20
MM, 2, 2, 21
MM, 4, 3, 20
MM, 5, 5, 20
MM, 6, 5, 20
MM, 7, 6, 10
MM, 8, 6, 20
MM, 8, 7, 10
MM, 8, 8, 20
MM, 9, 8, 20
MM, 9, 9, 31
MC, 1, 103
MM, 5, 9, 37
MM, 538, 606, 10
MM, 31, 6, 10
MM, 23, 5, 11
MM, 12, 4, 10
MM, 0, 1, 10
MM, 487, 596, 9
MM, 478, 595, 10
MM, 474, 593, 11
MM, 464, 592, 10
MM, 5, 30, 10
MM, 2, 30, 10
MM, 455, 586, 10
MM, 454, 586, 81
MM, 453, 586, 60
MM, 452, 586, 39
MM, 451, 586, 11
MM, 450, 584, 20
MM, 34, 24, 10
MM, 32, 23, 10
MM, 30, 21, 11
MM, 28, 21, 9
MM, 24, 18, 11
MM, 22, 18, 10
MM, 21, 16, 19
MM, 20, 16, 10
MM, 18, 16, 11
MM, 18, 15, 40
MC, 1, 91
MM, 19, 17, 80
MM, 19, 18, 10
MM, 20, 21, 9
MM, 22, 24, 10
MM, 440, 593, 11
MM, 23, 2, 10
MM, 27, 11, 10
MM, 456, 623, 10
MM, 10, 1, 11
MM, 14, 12, 9
MM, 16, 23, 10
MM, 72, 10, 10
MM, 74, 24, 10
MM, 478, 704, 11
MM, 481, 709, 9
MM, 481, 713, 10
MM, 488, 723, 11
MM, 489, 724, 9
MM, 489, 725, 10
MM, 490, 727, 10
MM, 490, 726, 112
MM, 490, 725, 9
MM, 490, 723, 10
MM, 490, 721, 10
MM, 490, 719, 11
MM, 490, 718, 9
MM, 490, 712, 10
MM, 490, 710, 10
MM, 490, 707, 11
MM, 490, 704, 9
MM, 491, 703, 11
MM, 91, 30, 10
MM, 92, 26, 10
MM, 93, 25, 9
MM, 93, 23, 11
MM, 94, 21, 10
MM, 94, 20, 10
MM, 94, 19, 10
MM, 93, 18, 20
MM, 93, 17, 10
MM, 93, 16, 31
MM, 92, 16, 190
MC, 1, 112
MM, 93, 14, 119
MM, 95, 11, 11
MM, 98, 9, 10
MM, 100, 7, 10
MM, 103, 5, 10
MM, 107, 1, 9
MM, 515, 666, 10
MM, 525, 658, 10
MM, 2, 19, 10
MM, 13, 7, 10
MM, 25, 4, 10
MM, 32, 2, 10
MM, 572, 633, 11
MM, 578, 629, 9
MM, 4, 29, 11
MM, 10, 27, 10
MM, 14, 24, 10
MM, 19, 23, 11
MM, 25, 19, 9
MM, 612, 613, 10
MM, 2, 16, 10
MM, 4, 14, 10
MM, 6, 13, 10
MM, 8, 12, 11
MM, 10, 10, 10
MM, 11, 9, 10
MM, 12, 8, 10
MM, 14, 3, 9
MM, 15, 2, 11
MM, 16, 1, 10
MM, 16, 0, 9
MM, 634, 596, 11
MM, 635, 595, 10
MM, 636, 593, 10
MM, 636, 592, 20
MM, 636, 591, 40
MM, 25, 30, 10
MM, 26, 28, 40
MM, 27, 27, 21
MM, 28, 26, 10
MM, 28, 25, 10
MM, 29, 24, 29
MM, 30, 24, 12
MM, 30, 23, 9
MM, 642, 583, 10
MM, 642, 582, 10
MM, 644, 582, 11
MM, 644, 581, 9
MM, 645, 581, 40
MM, 646, 581, 21
MM, 647, 580, 80
MP, 1, 41
MR, 1, 40
MC, 1, 0
MM, 645, 581, 80
MM, 642, 589, 10
MM, 637, 593, 10
MM, 14, 0, 9
MM, 3, 12, 11
MM, 30, 20, 10
MM, 23, 25, 10
MM, 26, 8, 10
MM, 20, 14, 10
MM, 17, 19, 10
MM, 12, 21, 10
MM, 5, 25, 10
MM, 3, 27, 11
MM, 1, 28, 10
MM, 568, 663, 9
MM, 564, 666, 11
MM, 561, 669, 10
MM, 558, 669, 9
MM, 556, 670, 11
MM, 155, 1, 10
MM, 152, 3, 10
MM, 151, 4, 10
MM, 150, 5, 10
MM, 149, 5, 9
MM, 148, 5, 11
MM, 146, 6, 10
MM, 146, 7, 10
MM, 144, 7, 10
MM, 143, 7, 21
MM, 142, 7, 29
MM, 140, 6, 31
MM, 139, 5, 9
MM, 139, 4, 10
MM, 139, 3, 11
MM, 139, 1, 19
MM, 539, 670, 11
MM, 539, 668, 10
MM, 539, 667, 10
MM, 540, 666, 9
MM, 12, 29, 12
MM, 13, 27, 19
MM, 14, 27, 10
MM, 14, 26, 11
MM, 15, 26, 10
MM, 15, 25, 10
MM, 17, 24, 100
MM, 18, 23, 40
MM, 19, 23, 20
MM, 20, 22, 10
MM, 21, 22, 11
MM, 23, 19, 10
MM, 24, 17, 9
MM, 30, 10, 10
MM, 567, 636, 11
MM, 33, 29, 9
MM, 5, 15, 10
MM, 11, 5, 10
MM, 599, 593, 11
MM, 606, 586, 10
MM, 608, 581, 9
MM, 610, 581, 11
MM, 1, 21, 20
MM, 3, 21, 261
MM, 6, 20, 11
MM, 12, 20, 10
MM, 16, 20, 10
MM, 19, 20, 9
MM, 22, 20, 11
MM, 24, 20, 10
MM, 27, 20, 10
MM, 642, 578, 10
MM, 644, 577, 10
MM, 1, 17, 10
MM, 3, 17, 10
MM, 4, 15, 10
MM, 5, 15, 11
MM, 6, 15, 20
MM, 7, 15, 50
MC, 1, 151
MM, 3, 17, 80
MM, 646, 580, 9
MM, 29, 24, 11
MM, 21, 30, 10
MM, 626, 595, 10
MM, 2, 6, 10
MM, 30, 13, 10
MM, 22, 20, 9
MM, 19, 21, 11
MM, 14, 26, 10
MM, 13, 27, 10
MM, 10, 29, 10
MM, 8, 30, 9
MM, 588, 628, 21
MM, 587, 630, 21
MM, 586, 631, 19
MM, 585, 632, 11
MM, 583, 633, 20
MM, 582, 633, 9
MM, 11, 0, 11
MM, 9, 1, 10
MM, 7, 1, 20
MM, 4, 4, 10
MM, 2, 4, 10
MM, 568, 638, 10
MM, 566, 640, 10
MM, 565, 641, 10
MM, 34, 7, 11
MM, 32, 7, 9
MM, 30, 8, 11
MM, 29, 9, 10
MM, 28, 9, 9
MM, 27, 9, 11
MM, 26, 9, 10
MM, 25, 9, 80
MM, 26, 9, 170
MM, 28, 9, 11
MM, 564, 641, 9
MM, 0, 5, 10
MM, 7, 2, 12
MM, 589, 631, 9
MM, 595, 629, 10
MM, 21, 30, 10
MM, 613, 626, 10
MM, 4, 27, 10
MM, 12, 24, 10
MM, 20, 24, 11
MM, 26, 21, 9
MM, 32, 20, 10
MM, 33, 20, 10
MM, 653, 616, 10
MM, 655, 615, 11
MM, 657, 615, 9
MM, 0, 18, 10
MM, 1, 18, 11
MM, 2, 18, 20
MM, 3, 18, 10
MM, 4, 17, 20
MM, 5, 17, 30
MM, 6, 17, 20
MM, 7, 17, 20
MM, 8, 17, 10
MM, 9, 16, 10
MM, 10, 16, 21
MM, 10, 15, 10
MM, 11, 15, 40
MC, 1, 71
MM, 8, 14, 39
MM, 656, 607, 10
MM, 26, 7, 10
MM, 7, 6, 10
MM, 587, 592, 11
MM, 557, 592, 10
MM, 29, 27, 10
MM, 9, 25, 10
MM, 28, 20, 10
MM, 12, 16, 10
MM, 3, 14, 10
MM, 452, 572, 10
MM, 32, 12, 10
MM, 29, 11, 10
MM, 27, 11, 9
MM, 26, 11, 11
MM, 27, 11, 533
MM, 28, 11, 10
MM, 31, 11, 10
MM, 34, 11, 10
MM, 451, 571, 10
MM, 453, 571, 10
MM, 0, 11, 10
MM, 1, 11, 10
MM, 3, 11, 10
MM, 4, 11, 11
MM, 5, 11, 10
MM, 7, 11, 9
MM, 8, 12, 11
MM, 9, 12, 10
MM, 10, 13, 10
MM, 12, 13, 10
MM, 14, 13, 10
MM, 15, 13, 10
MM, 16, 13, 9
MM, 18, 13, 11
MM, 21, 14, 10
MM, 22, 14, 10
MM, 23, 14, 11
MM, 26, 14, 9
MM, 27, 14, 10
MM, 29, 14, 11
MM, 30, 14, 9
MM, 488, 574, 10
MM, 490, 574, 11
MM, 492, 574, 20
MM, 493, 574, 30
MM, 0, 14, 30
MM, 1, 14, 112
MM, 2, 14, 18
MM, 3, 14, 11
MM, 5, 14, 10
MM, 8, 14, 10
MM, 10, 13, 10
MM, 14, 10, 10
MM, 16, 10, 9
MM, 19, 9, 11
MM, 21, 9, 9
MM, 27, 9, 10
MM, 30, 9, 11
MM, 526, 569, 10
MM, 529, 569, 10
MM, 0, 9, 10
MM, 1, 9, 10
MM, 2, 9, 10
MM, 3, 9, 11
MM, 4, 9, 9
MC, 1, 254
MM, 3, 11, 88
MM, 2, 20, 11
MM, 0, 24, 9
MM, 529, 589, 10
MM, 23, 2, 9
MM, 18, 11, 11
MM, 9, 24, 10
MM, 503, 633, 10
MM, 9, 8, 10
MM, 5, 14, 11
MM, 2, 23, 9
MM, 485, 665, 10
MM, 83, 5, 10
MM, 80, 9, 10
MM, 79, 11, 10
MM, 76, 12, 10
MM, 74, 17, 10
MM, 72, 17, 10
MM, 72, 19, 10
MM, 70, 19, 10
MM, 70, 20, 11
MM, 68, 20, 10
MM, 66, 20, 11
MM, 66, 21, 9
MM, 65, 21, 20
MM, 64, 21, 60
MM, 63, 21, 30
MC, 1, 183
MM, 63, 19, 58
MM, 63, 18, 11
MM, 63, 16, 10
MM, 62, 8, 11
MM, 62, 5, 9
MM, 62, 1, 10
MM, 13, 30, 10
MM, 13, 19, 11
MM, 13, 3, 10
MM, 463, 630, 9
MM, 2, 26, 10
MM, 2, 22, 11
MM, 4, 12, 10
MM, 4, 9, 10
MM, 4, 8, 10
MM, 4, 3, 9
MM, 4, 2, 11
MM, 4, 1, 10
MM, 4, 0, 10
MM, 3, 0, 20
MM, 465, 596, 10
MM, 465, 595, 20
MM, 465, 594, 10
MM, 465, 593, 21
MM, 465, 592, 20
MM, 9, 30, 9
MM, 9, 29, 11
MM, 9, 28, 10
MM, 9, 26, 10
MM, 9, 24, 9
MM, 9, 21, 11
MM, 9, 20, 10
MM, 9, 19, 29
MM, 9, 18, 20
MM, 9, 17, 11
MM, 12, 17, 160
MM, 14, 17, 11
MM, 16, 17, 10
MM, 20, 17, 10
MM, 25, 17, 10
MM, 492, 577, 10
MM, 12, 17, 11
MM, 27, 14, 10
MM, 18, 13, 9
MM, 568, 573, 11
MM, 13, 13, 10
MM, 24, 14, 9
MM, 605, 575, 10
MM, 1, 18, 10
MM, 9, 18, 11
MM, 12, 20, 9
MM, 13, 20, 222
MM, 15, 20, 10
MM, 17, 20, 10
MM, 20, 20, 10
MM, 24, 19, 10
MM, 26, 18, 9
MM, 30, 16, 11
MM, 646, 575, 10
MM, 0, 14, 10
MM, 3, 14, 10
MM, 6, 14, 10
MM, 7, 14, 10
MM, 9, 14, 11
MM, 10, 14, 10
MM, 12, 14, 31
MM, 13, 14, 8
MM, 14, 14, 11
MM, 16, 14, 20
MC, 1, 142
MM, 14, 14, 49
MM, 11, 14, 10
MM, 6, 14, 10
MM, 1, 14, 10
MM, 30, 14, 10
MM, 21, 14, 9
MM, 7, 14, 10
MM, 605, 576, 11
MM, 24, 16, 10
MM, 11, 17, 11
MM, 3, 17, 9
MM, 32, 19, 11
MM, 29, 19, 9
MM, 26, 19, 10
MM, 22, 19, 11
MM, 21, 19, 9
MM, 20, 19, 11
MM, 19, 19, 9
MM, 18, 19, 31
MM, 16, 19, 291
MM, 15, 19, 10
MM, 13, 18, 10
MM, 9, 18, 10
MM, 2, 18, 11
MM, 22, 21, 10
MM, 10, 23, 9
MM, 28, 30, 11
MM, 452, 595, 10
MM, 16, 0, 9
MM, 418, 601, 11
MM, 26, 5, 10
MM, 17, 5, 9
MM, 10, 2, 11
MM, 4, 2, 10
MM, 2, 2, 10
MM, 0, 2, 10
MM, 378, 599, 9
MM, 377, 599, 11
MM, 376, 599, 60
MM, 376, 600, 10
MM, 375, 600, 20
MM, 375, 601, 21
MM, 374, 602, 9
MM, 34, 5, 20
MM, 34, 6, 10
MM, 33, 6, 10
MM, 32, 7, 10
MM, 31, 8, 10
MM, 30, 9, 11
MM, 29, 10, 9
MM, 27, 13, 11
MM, 26, 14, 10
MM, 25, 14, 10
MM, 23, 14, 10
MM, 22, 14, 21
MM, 21, 14, 10
MC, 1, 81
MM, 23, 14, 69
MM, 26, 14, 11
MM, 32, 14, 9
MM, 3, 14, 11
MM, 13, 14, 9
MM, 27, 14, 10
MM, 8, 14, 10
MM, 27, 14, 10
MM, 11, 13, 11
MM, 2, 10, 9
MM, 19, 10, 10
MM, 0, 10, 10
MM, 19, 10, 11
MM, 31, 12, 10
MM, 579, 609, 10
MM, 9, 12, 10
MM, 21, 12, 10
MM, 29, 12, 11
MM, 615, 609, 9
MM, 4, 12, 10
MM, 7, 12, 10
MM, 11, 12, 10
MM, 13, 12, 11
MM, 20, 12, 10
MM, 24, 12, 10
MM, 27, 12, 9
MM, 30, 12, 10
MM, 32, 12, 10
MM, 652, 609, 11
MM, 654, 609, 10
MM, 655, 609, 9
MM, 1, 13, 11
MM, 3, 13, 21
MM, 5, 13, 9
MM, 8, 13, 10
MM, 9, 13, 10
MM, 12, 13, 9
MM, 15, 13, 11
MM, 17, 13, 10
MM, 18, 12, 10
MM, 19, 12, 10
MM, 20, 12, 10
MM, 21, 14, 11
MM, 22, 14, 9
MM, 23, 15, 20
MM, 22, 15, 342
MM, 20, 15, 10
MM, 17, 15, 10
MM, 16, 15, 20
MM, 14, 15, 10
MM, 13, 15, 21
MM, 12, 15, 50
MC, 1, 62
MM, 11, 15, 99
MM, 10, 15, 10
MM, 8, 16, 10
MM, 4, 18, 10
MM, 30, 22, 10
MM, 18, 28, 9
MM, 614, 632, 11
MM, 17, 6, 10
MM, 564, 647, 10
MM, 11, 19, 10
MM, 526, 658, 10
MM, 513, 665, 10
MM, 505, 667, 11
MM, 498, 669, 10
MM, 492, 669, 10
MM, 488, 669, 10
MM, 481, 669, 10
MM, 479, 669, 10
MM, 480, 669, 321
MM, 481, 669, 31
MM, 82, 0, 40
MM, 82, 1, 20
MM, 82, 2, 10
MM, 82, 3, 10
MM, 82, 4, 10
MM, 82, 5, 10
MM, 82, 7, 11
MM, 82, 8, 8
MM, 82, 10, 11
MM, 82, 11, 10
MM, 82, 12, 20
MC, 1, 181
MM, 83, 12, 81
MM, 84, 12, 10
MM, 86, 10, 19
MM, 89, 10, 10
MM, 94, 7, 10
MM, 101, 4, 11
MM, 107, 2, 9
MM, 514, 670, 11
MM, 32, 30, 10
MM, 528, 661, 10
MM, 8, 24, 9
MM, 19, 18, 12
MM, 25, 15, 9
MM, 31, 11, 10
MM, 569, 642, 10
MM, 9, 4, 10
MM, 15, 2, 10
MM, 22, 1, 10
MM, 600, 633, 10
MM, 607, 629, 10
MM, 30, 29, 10
MM, 1, 25, 10
MM, 13, 23, 10
MM, 20, 18, 11
MM, 27, 13, 10
MM, 33, 10, 9
MM, 654, 605, 10
MM, 656, 603, 11
MM, 1, 5, 9
MM, 5, 4, 10
MM, 7, 3, 12
MM, 11, 0, 9
MM, 672, 595, 10
MM, 675, 593, 10
MM, 678, 593, 11
MM, 32, 30, 9
MM, 34, 29, 11
MM, 684, 587, 19
MM, 685, 587, 21
MM, 685, 586, 18
MM, 686, 585, 32
MM, 687, 583, 10
MM, 688, 583, 10
MM, 0, 22, 10
MM, 2, 18, 10
MM, 3, 17, 20
MM, 4, 17, 10
MM, 5, 15, 10
MM, 6, 14, 10
MC, 1, 122
MM, 4, 14, 29
MM, 688, 574, 10
MM, 26, 14, 10
MM, 6, 14, 10
MM, 24, 14, 11
MM, 29, 16, 9
MM, 0, 21, 10
MM, 1, 30, 11
MM, 493, 595, 9
MM, 3, 8, 11
MM, 17, 15, 10
MM, 417, 616, 10
MM, 17, 21, 9
MM, 3, 24, 10
MM, 34, 25, 11
MM, 27, 25, 9
MM, 22, 25, 11
MM, 20, 25, 10
MM, 15, 25, 11
MM, 12, 25, 9
MM, 10, 25, 10
MM, 7, 25, 9
MM, 4, 25, 10
MM, 2, 25, 11
MM, 1, 25, 10
MM, 338, 622, 10
MM, 336, 620, 20
MM, 335, 620, 60
MM, 335, 619, 70
MM, 335, 617, 20
MM, 335, 616, 11
MM, 335, 615, 11
MM, 335, 614, 9
MM, 335, 612, 10
MM, 335, 611, 21
MM, 336, 611, 9
MP, 1, 82
MR, 1, 41
MC, 1, 0
MM, 337, 611, 8
MM, 338, 611, 10
MM, 0, 14, 20
MM, 1, 14, 11
MM, 3, 15, 9
MM, 4, 16, 20
MM, 6, 16, 11
MM, 8, 16, 10
MM, 9, 17, 9
MM, 11, 17, 10
MM, 12, 17, 10
MM, 13, 17, 21
MM, 14, 18, 19
MC, 1, 596
MM, 15, 18, 78
MM, 18, 18, 10
MM, 22, 18, 11
MM, 29, 18, 9
MM, 1, 18, 11
MM, 14, 18, 9
MM, 29, 18, 10
MM, 24, 18, 11
MM, 10, 18, 10
MM, 22, 18, 10
MM, 11, 18, 10
MM, 26, 18, 9
MM, 20, 19, 10
MM, 14, 24, 10
MM, 694, 629, 10
MM, 706, 633, 10
MM, 716, 634, 10
MM, 719, 637, 10
MM, 723, 639, 11
MM, 724, 639, 10
MM, 721, 638, 110
MM, 720, 638, 11
MM, 719, 637, 9
MM, 717, 637, 11
MM, 716, 636, 9
MM, 715, 635, 10
MM, 714, 635, 11
MM, 713, 634, 21
MM, 711, 634, 9
MM, 710, 634, 10
MM, 708, 632, 10
MM, 705, 632, 10
MM, 701, 631, 10
MM, 697, 630, 10
MM, 691, 626, 10
MM, 30, 28, 10
MM, 27, 27, 10
MM, 22, 26, 11
MM, 20, 25, 10
MM, 19, 24, 10
MM, 16, 22, 10
MM, 16, 21, 9
MM, 15, 21, 11
MM, 15, 19, 9
MM, 12, 19, 221
MM, 11, 19, 20
MM, 9, 19, 11
MM, 7, 19, 10
MM, 657, 616, 10
MM, 30, 19, 9
MM, 16, 18, 11
MM, 25, 18, 10
MM, 576, 616, 10
MM, 0, 21, 10
MM, 14, 21, 10
MM, 28, 22, 11
MM, 9, 22, 9
MM, 458, 620, 11
MM, 27, 23, 10
MM, 18, 23, 10
MM, 12, 24, 10
MM, 5, 25, 10
MM, 1, 26, 10
MM, 418, 623, 9
MM, 417, 623, 11
MM, 34, 27, 10
MM, 33, 27, 10
MM, 31, 27, 20
MM, 30, 27, 20
MM, 29, 27, 10
MM, 28, 29, 10
MM, 26, 29, 10
MM, 25, 29, 10
MM, 22, 29, 11
MM, 20, 29, 10
MM, 18, 29, 9
MM, 16, 29, 10
MM, 13, 29, 10
MM, 10, 29, 11
MM, 7, 28, 10
MM, 5, 27, 10
MM, 1, 27, 9
MM, 378, 624, 10
MM, 375, 624, 11
MM, 33, 26, 10
MM, 31, 25, 10
MM, 29, 25, 10
MM, 27, 25, 10
MM, 26, 24, 10
MM, 25, 24, 10
MC, 1, 171
MM, 26, 24, 50
MM, 29, 24, 10
MM, 375, 623, 10
MM, 1, 28, 10
MM, 388, 632, 10
MM, 24, 1, 10
MM, 30, 4, 10
MM, 406, 642, 10
MM, 5, 11, 10
MM, 11, 13, 10
MM, 13, 14, 10
MM, 15, 16, 11
MM, 16, 18, 10
MM, 17, 18, 19
MC, 1, 203
MM, 17, 17, 69
MM, 17, 15, 10
MM, 17, 10, 11
MM, 18, 3, 9
MM, 428, 628, 11
MM, 8, 20, 10
MM, 10, 9, 9
MM, 12, 2, 11
MM, 434, 596, 10
MM, 434, 595, 9
MM, 434, 594, 21
MM, 434, 593, 21
MM, 434, 592, 9
MM, 434, 591, 171
MM, 19, 30, 70
MM, 19, 29, 10
MM, 19, 28, 11
MM, 19, 27, 20
MM, 19, 26, 40
MM, 19, 25, 10
MM, 19, 24, 9
MM, 19, 23, 10
MM, 19, 22, 21
MC, 1, 121
MM, 19, 24, 90
MM, 19, 28, 10
MM, 435, 595, 10
MM, 16, 6, 10
MM, 17, 14, 10
MM, 18, 23, 10
MM, 439, 632, 10
MM, 32, 9, 10
MM, 33, 12, 11
MM, 443, 650, 9
MM, 444, 650, 11
MM, 445, 651, 10
MM, 445, 653, 10
MM, 446, 654, 10
MM, 447, 655, 10
MM, 447, 656, 19
MM, 447, 657, 51
MM, 447, 658, 21
MM, 448, 658, 10
MM, 0, 26, 19
MM, 0, 27, 10
MM, 0, 29, 10
MM, 450, 665, 10
MM, 450, 666, 10
MM, 451, 667, 10
MM, 451, 669, 10
MM, 452, 670, 11
MM, 52, 0, 10
MM, 52, 1, 10
MM, 52, 2, 9
MM, 53, 3, 11
MM, 53, 7, 10
MM, 53, 8, 10
MM, 54, 9, 20
MC, 1, 193
MM, 56, 8, 69
MM, 57, 5, 10
MM, 60, 2, 10
MM, 464, 669, 9
MM, 20, 30, 10
MM, 26, 25, 11
MM, 482, 648, 9
MM, 6, 2, 11
MM, 4, 29, 10
MM, 12, 24, 10
MM, 21, 18, 10
MM, 29, 11, 10
MM, 33, 7, 9
MM, 541, 594, 11
MM, 20, 27, 11
MM, 29, 21, 9
MM, 565, 577, 10
MM, 3, 14, 10
MM, 7, 10, 10
MM, 9, 9, 11
MM, 12, 8, 9
MM, 13, 6, 11
MM, 18, 4, 9
MM, 21, 2, 11
MM, 25, 2, 9
MM, 27, 1, 11
MM, 30, 1, 10
MM, 603, 557, 10
MM, 605, 557, 10
MM, 606, 556, 20
MM, 607, 556, 10
MM, 609, 556, 30
MM, 610, 555, 20
MM, 611, 554, 10
MM, 613, 554, 20
MM, 614, 554, 21
MM, 615, 554, 30
MM, 616, 554, 19
MM, 617, 556, 11
MM, 618, 557, 20
MM, 619, 558, 10
MM, 619, 559, 10
MM, 8, 0, 10
MM, 8, 1, 10
MM, 9, 3, 20
MM, 9, 4, 41
MC, 1, 132
MM, 9, 6, 48
MM, 6, 10, 10
MM, 2, 15, 10
MM, 608, 582, 11
MM, 32, 28, 10
MM, 16, 1, 9
MM, 10, 8, 10
MM, 4, 14, 11
MM, 577, 619, 10
MM, 575, 626, 10
MM, 571, 630, 10
MM, 568, 634, 9
MM, 564, 638, 11
MM, 33, 6, 10
MM, 32, 6, 9
MM, 31, 7, 11
MM, 29, 10, 10
MM, 28, 11, 20
MM, 28, 12, 20
MM, 26, 12, 10
MM, 25, 12, 51
MM, 25, 13, 10
MM, 23, 13, 10
MM, 22, 15, 10
MM, 21, 15, 10
MM, 19, 16, 10
MM, 18, 18, 9
MM, 17, 18, 11
MM, 16, 18, 10
MM, 15, 18, 10
MM, 14, 18, 30
MC, 1, 81
MM, 14, 19, 40
MM, 13, 21, 20
MM, 12, 22, 10
MM, 11, 23, 10
MM, 9, 26, 10
MM, 7, 27, 11
MM, 6, 30, 9
MM, 531, 666, 10
MM, 530, 667, 11
MM, 527, 669, 10
MM, 525, 670, 9
MM, 524, 670, 11
MM, 122, 1, 10
MM, 121, 2, 10
MM, 120, 3, 10
MM, 118, 3, 9
MM, 117, 3, 20
MM, 117, 4, 21
MM, 116, 4, 9
MM, 115, 4, 10
MM, 113, 5, 11
MM, 113, 6, 11
MM, 112, 6, 8
MM, 111, 8, 22
MM, 110, 8, 10
MC, 1, 101
MM, 110, 7, 69
MM, 110, 6, 10
MM, 110, 3, 10
MM, 510, 669, 10
MM, 23, 25, 11
MM, 24, 19, 9
MM, 24, 10, 11
MM, 16, 30, 10
MM, 17, 20, 10
MM, 17, 14, 10
MM, 18, 5, 10
MM, 18, 3, 10
MM, 18, 1, 10
MM, 517, 596, 10
MM, 517, 595, 30
MM, 517, 594, 10
MM, 517, 593, 20
MM, 517, 592, 10
MM, 517, 591, 81
MM, 23, 30, 20
MM, 23, 29, 10
MM, 23, 28, 10
MM, 23, 26, 19
MM, 21, 26, 10
MM, 21, 25, 11
MM, 20, 25, 20
MM, 19, 23, 10
MM, 18, 22, 30
MM, 18, 21, 21
MM, 18, 20, 20
MC, 1, 152
MM, 18, 21, 59
MM, 19, 22, 20
MM, 21, 23, 9
MM, 23, 23, 11
MM, 26, 25, 10
MM, 28, 27, 10
MM, 30, 28, 10
MM, 527, 589, 9
MM, 530, 592, 20
MM, 532, 593, 12
MM, 533, 594, 9
MM, 534, 594, 10
MM, 535, 594, 10
MM, 536, 596, 11
MM, 538, 596, 20
MM, 538, 597, 10
MM, 539, 597, 19
MM, 1, 2, 21
MM, 2, 3, 30
MM, 3, 3, 9
MM, 4, 4, 21
MM, 4, 5, 30
MM, 5, 5, 20
MM, 6, 5, 50
MM, 6, 6, 10
MM, 7, 6, 31
MM, 8, 6, 10
MM, 9, 6, 20
MM, 9, 8, 10
MM, 10, 8, 51
MC, 1, 30
MM, 9, 8, 29
MM, 7, 8, 10
MM, 4, 8, 11
MM, 2, 8, 9
MM, 535, 604, 11
MM, 29, 5, 9
MM, 22, 4, 11
MM, 14, 2, 10
MM, 5, 0, 9
MM, 491, 594, 10
MM, 483, 591, 10
MM, 21, 29, 11
MM, 16, 28, 10
MM, 14, 25, 10
MM, 12, 24, 10
MM, 9, 21, 10
MM, 5, 20, 10
MM, 4, 20, 11
MM, 3, 18, 10
MM, 2, 18, 10
MM, 1, 18, 10
MM, 455, 577, 9
MM, 454, 577, 11
MM, 453, 577, 9
MM, 452, 577, 11
MM, 33, 16, 50
MM, 32, 16, 50
MM, 31, 16, 21
MM, 30, 16, 39
MM, 30, 15, 10
MC, 1, 102
MM, 30, 16, 80
MM, 30, 19, 9
MM, 30, 22, 10
MM, 30, 29, 11
MM, 446, 595, 10
MM, 26, 11, 10
MM, 27, 23, 10
MM, 449, 632, 10
MM, 1, 6, 10
MM, 1, 12, 9
MM, 4, 17, 11
MM, 4, 23, 10
MM, 5, 25, 10
MM, 6, 26, 9
MM, 7, 28, 11
MM, 7, 29, 11
MM, 7, 30, 19
MM, 456, 665, 10
MM, 457, 665, 20
MM, 458, 665, 121
MM, 458, 666, 10
MM, 459, 666, 20
MM, 460, 667, 10
MM, 460, 668, 10
MM, 461, 669, 11
MM, 461, 670, 29
MM, 462, 670, 21
MM, 62, 0, 19
MM, 63, 0, 41
MM, 63, 1, 10
MM, 63, 2, 20
MM, 63, 3, 10
MM, 63, 4, 20
MM, 63, 5, 31
MM, 64, 5, 40
MC, 1, 152
MM, 64, 6, 9
MM, 65, 6, 140
MM, 66, 6, 10
MM, 68, 5, 10
MM, 76, 0, 11
MM, 486, 666, 9
MM, 9, 26, 11
MM, 22, 15, 9
MM, 528, 635, 11
MM, 8, 21, 10
MM, 17, 12, 9
MM, 21, 8, 11
MM, 25, 6, 9
MM, 28, 4, 10
MM, 31, 4, 10
MM, 577, 597, 11
MM, 579, 594, 10
MM, 581, 592, 10
MM, 14, 30, 9
MM, 14, 29, 31
MM, 14, 28, 30
MM, 15, 25, 20
MM, 16, 24, 21
MM, 16, 23, 19
MM, 16, 22, 10
MM, 16, 20, 50
MM, 16, 18, 21
MM, 16, 17, 19
MM, 17, 17, 11
MM, 17, 16, 30
MC, 1, 143
MM, 17, 17, 68
MM, 17, 18, 11
MM, 16, 19, 10
MM, 15, 21, 10
MM, 12, 24, 10
MM, 11, 26, 9
MM, 9, 29, 10
MM, 577, 592, 11
MM, 575, 594, 10
MM, 574, 596, 10
MM, 33, 1, 10
MM, 32, 3, 10
MM, 30, 6, 10
MM, 29, 8, 11
MM, 28, 11, 9
MM, 27, 12, 10
MM, 26, 13, 10
MM, 26, 17, 10
MM, 26, 18, 10
MM, 25, 19, 10
MM, 24, 21, 10
MM, 22, 22, 10
MM, 22, 23, 10
MM, 22, 24, 10
MM, 21, 24, 10
MM, 21, 25, 20
MM, 21, 26, 21
MM, 20, 26, 10
MM, 20, 27, 10
MM, 19, 29, 10
MM, 18, 29, 20
MM, 18, 30, 20
MM, 558, 628, 10
MM, 557, 628, 21
MM, 556, 630, 10
MM, 556, 631, 20
MM, 555, 631, 10
MM, 555, 632, 10
MM, 554, 632, 19
MM, 25, 0, 10
MM, 24, 1, 11
MM, 23, 1, 20
MM, 23, 2, 20
MM, 23, 3, 20
MM, 22, 4, 19
MM, 22, 5, 21
MM, 21, 5, 20
MM, 21, 5, 292
MM, 22, 2, 10
MM, 554, 629, 10
MM, 20, 22, 10
MM, 21, 15, 10
MM, 28, 11, 10
MM, 33, 7, 10
MM, 576, 602, 10
MM, 0, 1, 10
MM, 583, 596, 10
MM, 586, 595, 10
MM, 19, 28, 10
MM, 22, 25, 11
MM, 25, 16, 9
MM, 31, 15, 10
MM, 33, 14, 11
MM, 34, 13, 9
MM, 608, 570, 10
MM, 0, 9, 10
MM, 2, 9, 11
MM, 5, 7, 10
MM, 7, 6, 10
MM, 8, 6, 10
MM, 8, 5, 10
MM, 8, 4, 10
MM, 9, 4, 9
MM, 10, 4, 131
MC, 1, 81
MM, 9, 4, 30
MM, 7, 4, 11
MM, 3, 5, 9
MM, 608, 566, 11
MM, 33, 6, 10
MM, 29, 6, 10
MM, 17, 6, 10
MM, 6, 7, 9
MM, 564, 568, 11
MM, 22, 11, 10
MM, 9, 13, 10
MM, 0, 13, 10
MM, 28, 15, 9
MM, 20, 16, 11
MM, 17, 16, 10
MM, 16, 16, 9
MM, 14, 16, 10
MM, 12, 17, 12
MM, 11, 17, 20
MM, 10, 17, 19
MM, 9, 17, 223
MM, 7, 16, 18
MM, 4, 16, 10
MM, 3, 16, 10
MM, 1, 16, 11
MM, 493, 576, 10
MM, 489, 575, 10
MM, 30, 14, 10
MM, 26, 13, 10
MM, 23, 13, 10
MM, 21, 13, 10
MM, 20, 12, 10
MM, 18, 12, 9
MM, 17, 12, 11
MM, 16, 12, 10
MM, 15, 12, 10
MM, 14, 12, 10
MM, 12, 12, 10
MM, 10, 12, 10
MM, 9, 12, 10
MM, 7, 12, 11
MM, 5, 12, 10
MM, 4, 12, 10
MM, 3, 12, 9
MM, 2, 12, 11
MM, 455, 572, 9
MM, 454, 572, 21
MM, 453, 572, 9
MM, 451, 572, 11
MM, 450, 572, 10
MM, 34, 12, 10
MM, 32, 12, 10
MM, 31, 12, 10
MM, 30, 12, 10
MM, 29, 12, 10
MM, 28, 12, 20
MM, 27, 12, 11
MM, 26, 12, 10
MM, 25, 12, 19
MM, 23, 12, 10
MM, 22, 12, 21
MM, 19, 12, 90
MM, 18, 12, 31
MM, 17, 13, 10
MM, 16, 14, 9
MM, 14, 15, 11
MM, 11, 18, 10
MM, 9, 20, 10
MM, 7, 23, 10
MM, 4, 26, 10
MM, 2, 29, 10
MM, 413, 593, 9
MM, 30, 0, 10
MM, 28, 1, 11
MM, 26, 4, 9
MM, 24, 5, 10
MM, 23, 7, 11
MM, 21, 9, 10
MM, 20, 10, 10
MM, 18, 12, 10
MM, 17, 14, 11
MM, 16, 14, 9
MC, 1, 182
MM, 17, 14, 39
MM, 18, 16, 20
MM, 20, 17, 10
MM, 22, 19, 10
MM, 24, 21, 10
MM, 26, 23, 11
MM, 31, 27, 10
MM, 415, 627, 10
MM, 418, 632, 9
MM, 423, 632, 11
MM, 18, 1, 10
MM, 24, 9, 9
MM, 26, 10, 11
MM, 27, 12, 10
MM, 28, 15, 11
MM, 29, 15, 8
MM, 29, 17, 12
MM, 30, 18, 19
MM, 31, 18, 10
MM, 32, 19, 9
MM, 33, 19, 11
MM, 443, 654, 10
MM, 444, 654, 10
MM, 0, 23, 9
MM, 2, 23, 403
MM, 4, 21, 11
MM, 12, 15, 9
MM, 23, 7, 10
MM, 2, 1, 11
MM, 15, 23, 10
MM, 11, 14, 10
MM, 1, 4, 10
MM, 613, 598, 9
MM, 649, 594, 10
MM, 668, 594, 10
MM, 687, 594, 11
MM, 705, 596, 10
MM, 716, 600, 9
MM, 728, 600, 11
MM, 736, 600, 11
MM, 748, 604, 9
MM, 758, 604, 10
MM, 763, 604, 10
MM, 767, 604, 10
MM, 774, 602, 10
MM, 778, 599, 10
MM, 782, 597, 10
MM, 786, 594, 11
MM, 791, 591, 10
MM, 796, 582, 10
MM, 804, 574, 10
MM, 809, 569, 9
MM, 813, 561, 11
MM, 818, 558, 10
MM, 849, 521, 80
MM, 851, 519, 11
MM, 851, 518, 9
MP, 1, 243
MR, 1, 22
MM, 848, 522, 17
MM, 736, 561, 453
MM, 14, 9, 9
MM, 13, 19, 10
MM, 22, 27, 10
MM, 605, 592, 10
MM, 578, 596, 10
MM, 11, 7, 11
MM, 26, 10, 9
MM, 4, 18, 10
MM, 29, 18, 10
MM, 21, 19, 10
MM, 14, 19, 11
MM, 5, 18, 10
MM, 1, 18, 10
MM, 460, 615, 10
MM, 457, 615, 10
MM, 33, 18, 10
MM, 32, 18, 10
MM, 30, 18, 10
MM, 28, 18, 10
MM, 26, 18, 11
MM, 25, 18, 19
MM, 25, 17, 71
MM, 25, 15, 50
MM, 26, 13, 9
MM, 29, 11, 11
MM, 459, 605, 9
MM, 11, 1, 11
MM, 5, 24, 10
MM, 28, 15, 10
MM, 1, 0, 10
MM, 33, 20, 9
MM, 660, 537, 11
MM, 700, 528, 10
MM, 34, 1, 10
MM, 755, 524, 10
MM, 34, 13, 564
MM, 7, 13, 9
MM, 6, 18, 10
MM, 21, 23, 10
MM, 14, 30, 10
MM, 568, 561, 10
MM, 10, 9, 11
MM, 28, 13, 9
MM, 16, 15, 11
MM, 7, 16, 9
MM, 493, 578, 11
MM, 488, 579, 9
MM, 26, 21, 12
MM, 23, 21, 8
MM, 22, 21, 10
MM, 22, 22, 50
MM, 21, 22, 31
MM, 20, 22, 9
MM, 19, 22, 31
MM, 18, 22, 10
MM, 16, 22, 10
MM, 14, 25, 10
MM, 9, 25, 10
MM, 4, 27, 10
MM, 0, 29, 11
MM, 452, 592, 10
MM, 447, 594, 9
MM, 444, 595, 11
MM, 21, 0, 9
MM, 19, 1, 11
MM, 17, 4, 10
MM, 13, 7, 9
MM, 12, 9, 11
MM, 11, 10, 10
MC, 1, 183
MM, 11, 11, 29
MM, 13, 11, 9
MM, 13, 14, 241
MM, 13, 16, 10
MM, 13, 18, 10
MM, 13, 25, 10
MM, 13, 30, 10
MM, 434, 632, 11
MM, 25, 7, 10
MM, 25, 10, 10
MM, 25, 14, 10
MM, 25, 18, 10
MM, 25, 23, 10
MM, 25, 27, 10
MM, 25, 29, 10
MM, 434, 666, 10
MM, 434, 670, 10
MM, 34, 0, 11
MM, 34, 1, 9
MM, 34, 2, 9
MM, 34, 3, 142
MM, 34, 4, 29
MM, 34, 5, 12
MM, 34, 6, 59
MM, 35, 8, 21
MM, 36, 8, 10
MM, 36, 9, 20
MM, 36, 10, 30
MM, 36, 11, 30
MC, 1, 82
MM, 35, 8, 89
MM, 32, 1, 10
MM, 16, 28, 10
MM, 8, 8, 11
MM, 26, 2, 9
MM, 27, 26, 10
MM, 19, 16, 10
MM, 13, 10, 10
MM, 11, 6, 10
MM, 10, 6, 11
MM, 8, 6, 10
MM, 8, 8, 170
MM, 8, 10, 10
MM, 9, 11, 10
MM, 9, 13, 11
MM, 10, 15, 10
MM, 12, 17, 10
MM, 14, 24, 10
MM, 16, 30, 10
MM, 390, 595, 10
MM, 11, 0, 10
MM, 13, 3, 9
MM, 14, 5, 11
MM, 15, 6, 20
MM, 15, 7, 131
MC, 1, 151
MM, 16, 7, 49
MM, 18, 6, 11
MM, 21, 5, 10
MM, 24, 4, 9
MM, 30, 2, 10
MM, 417, 599, 10
MM, 4, 1, 11
MM, 432, 595, 10
MM, 439, 593, 10
MM, 447, 592, 10
MM, 1, 30, 11
MM, 13, 26, 10
MM, 18, 24, 9
MM, 23, 24, 11
MM, 26, 23, 9
MM, 29, 21, 11
MM, 31, 21, 10
MM, 490, 580, 10
MM, 491, 580, 20
MM, 492, 580, 19
MM, 493, 579, 10
MM, 0, 18, 21
MM, 0, 17, 20
MM, 1, 17, 10
MM, 2, 17, 30
MM, 3, 17, 10
MM, 4, 16, 30
MM, 6, 16, 21
MM, 6, 15, 9
MM, 7, 15, 41
MC, 1, 111
MM, 6, 15, 40
MM, 1, 15, 10
MM, 30, 17, 10
MM, 18, 24, 10
MM, 455, 590, 9
MM, 420, 597, 10
MM, 27, 2, 11
MM, 5, 10, 9
MM, 32, 12, 11
MM, 22, 12, 10
MM, 15, 14, 9
MM, 8, 14, 11
MM, 3, 16, 10
MM, 0, 16, 10
MM, 338, 613, 10
MM, 337, 613, 11
MM, 337, 614, 11
MM, 336, 614, 78
MP, 1, 183
MR, 1, 21
MC, 1, 0
MM, 337, 614, 69
MM, 338, 614, 9
MM, 0, 17, 11
MM, 1, 17, 9
MM, 2, 17, 11
MM, 3, 17, 19
MM, 4, 17, 10
MM, 6, 17, 31
MM, 7, 17, 150
MC, 1, 313
MM, 8, 17, 99
MM, 9, 17, 10
MM, 10, 17, 11
MM, 13, 16, 10
MM, 16, 16, 10
MM, 18, 15, 10
MM, 23, 14, 10
MM, 32, 10, 10
MM, 379, 607, 10
MM, 4, 10, 9
MM, 11, 9, 11
MM, 22, 3, 10
MM, 31, 3, 10
MM, 420, 599, 10
MM, 427, 595, 10
MM, 435, 595, 11
MM, 443, 593, 9
MM, 449, 592, 10
MM, 454, 592, 10
MM, 460, 592, 10
MM, 463, 592, 10
MM, 10, 30, 10
MM, 12, 30, 10
MM, 14, 30, 11
MM, 17, 30, 9
MM, 18, 30, 11
MM, 20, 30, 10
MM, 21, 29, 10
MM, 22, 29, 10
MM, 23, 29, 19
MM, 24, 29, 10
MM, 25, 29, 20
MM, 26, 29, 41
MM, 27, 29, 20
MM, 29, 28, 21
MM, 29, 27, 9
MM, 31, 27, 11
MM, 488, 587, 10
MM, 490, 585, 10
MM, 491, 585, 10
MM, 493, 584, 10
MM, 0, 23, 20
MM, 1, 23, 20
MM, 2, 22, 10
MM, 3, 22, 10
MM, 4, 22, 10
MM, 5, 21, 20
MM, 5, 20, 11
MM, 7, 19, 10
MM, 7, 17, 10
MM, 8, 15, 9
MM, 9, 15, 21
MC, 1, 61
MM, 7, 15, 129
MM, 2, 14, 11
MM, 488, 571, 10
MM, 26, 10, 10
MM, 21, 10, 10
MM, 10, 9, 9
MM, 1, 6, 11
MM, 450, 566, 10
MM, 32, 6, 9
MM, 30, 6, 11
MM, 29, 6, 10
MM, 26, 6, 10
MM, 25, 6, 20
MM, 24, 6, 10
MM, 23, 6, 50
MM, 22, 6, 21
MM, 21, 6, 30
MC, 1, 162
MM, 20, 6, 8
MM, 20, 7, 11
MM, 18, 7, 10
MM, 16, 12, 10
MM, 12, 14, 9
MM, 10, 16, 11
MM, 2, 24, 10
MM, 414, 587, 10
MM, 409, 590, 10
MM, 406, 591, 10
MM, 404, 594, 10
MM, 400, 595, 10
MM, 19, 0, 10
MM, 17, 0, 10
MM, 14, 4, 10
MM, 13, 6, 20
MM, 11, 7, 20
MM, 11, 8, 11
MM, 10, 9, 10
MM, 10, 11, 9
MM, 9, 12, 11
MM, 9, 14, 10
MM, 8, 14, 10
MC, 1, 122
MM, 11, 14, 79
MM, 13, 14, 10
MM, 20, 14, 10
MM, 32, 14, 9
MM, 4, 14, 11
MM, 27, 19, 11
MM, 8, 19, 9
MM, 25, 18, 11
MM, 17, 20, 10
MM, 535, 617, 9
MM, 7, 20, 11
MM, 20, 20, 10
MM, 32, 23, 10
MM, 576, 621, 10
MM, 0, 24, 9
MM, 1, 24, 11
MM, 2, 24, 10
MM, 2, 21, 10
MM, 3, 21, 221
MM, 5, 21, 10
MM, 8, 23, 10
MM, 13, 24, 10
MM, 16, 24, 10
MM, 20, 25, 10
MM, 26, 28, 11
MM, 28, 30, 9
MM, 611, 628, 10
MM, 613, 629, 11
MM, 615, 631, 10
MM, 617, 633, 20
MM, 3, 0, 19
MM, 5, 0, 21
MM, 6, 1, 30
MM, 6, 2, 30
MM, 7, 2, 19
MM, 8, 2, 31
MM, 9, 2, 20
MM, 10, 2, 10
MM, 11, 2, 11
MM, 12, 3, 10
MM, 13, 3, 9
MM, 15, 3, 21
MM, 18, 4, 10
MM, 20, 4, 10
MM, 23, 5, 10
MM, 26, 6, 10
MM, 27, 6, 10
MM, 30, 6, 10
MM, 646, 640, 10
MM, 648, 640, 9
MM, 650, 641, 11
MM, 651, 642, 10
MM, 1, 8, 10
MM, 2, 8, 10
MM, 3, 8, 10
MM, 5, 8, 10
MM, 6, 10, 21
MM, 7, 10, 100
MM, 8, 9, 452
MM, 11, 8, 11
MM, 19, 2, 10
MM, 678, 631, 9
MM, 695, 619, 10
MM, 717, 604, 11
MM, 740, 593, 10
MM, 766, 573, 9
MM, 790, 565, 11
MM, 844, 566, 332
MM, 840, 587, 9
MM, 833, 606, 11
MM, 57, 5, 10
MM, 53, 15, 10
MM, 51, 21, 10
MM, 51, 30, 9
MM, 50, 33, 11
MM, 49, 34, 10
MM, 48, 35, 20
MM, 47, 37, 10
MM, 818, 651, 10
MM, 818, 652, 10
MM, 817, 654, 10
MM, 817, 655, 20
MM, 817, 652, 231
MM, 46, 33, 10
MM, 46, 31, 10
MM, 46, 27, 10
MM, 46, 24, 10
MM, 46, 19, 11
MM, 46, 15, 10
MM, 46, 12, 9
MM, 46, 9, 10
MM, 46, 8, 71
