********************************************************************************
LOGGING TIME: 20180908_175343
CLIENT IP: 192.168.56.1
USERNAME: user-pc
OS: Windows 10
**********************************Emotional database********************************************************************************
MM, 25, 17, 1537598292103
MM, 25, 15, 1816
MM, 24, 10, 10
MM, 20, 5, 10
MM, 586, 628, 10
MM, 579, 616, 10
MM, 565, 587, 10
MM, 556, 559, 11
MM, 2, 7, 10
MM, 280, 78, 10
MM, 268, 47, 10
MM, 258, 14, 10
MM, 507, 388, 11
MM, 253, 76, 10
MM, 253, 25, 9
MM, 251, 12, 10
MM, 250, 1, 10
MM, 499, 285, 10
MM, 499, 280, 50
MM, 494, 265, 10
MM, 494, 259, 10
MM, 492, 259, 342
MM, 488, 257, 10
MM, 484, 256, 10
MM, 477, 253, 10
MM, 470, 251, 10
MM, 364, 252, 593
MM, 361, 266, 10
MM, 355, 276, 10
MM, 97, 3, 10
MM, 88, 19, 10
MM, 80, 29, 10
MM, 76, 34, 10
MM, 73, 38, 10
MM, 71, 39, 10
MM, 70, 40, 10
MM, 67, 43, 10
MM, 66, 44, 13
MM, 64, 44, 9
MM, 63, 44, 9
MM, 62, 44, 9
MM, 61, 44, 11
MM, 60, 44, 80
MM, 60, 43, 40
MM, 60, 42, 10
MM, 60, 41, 21
MM, 60, 40, 10
MM, 60, 39, 20
MM, 60, 38, 20
MM, 60, 37, 70
MM, 60, 36, 31
MM, 60, 35, 19
MM, 60, 34, 2391
MM, 60, 33, 10
MM, 60, 32, 21
MM, 60, 31, 10
MM, 61, 30, 11
MM, 62, 27, 9
MM, 63, 24, 10
MM, 65, 21, 10
MM, 67, 19, 10
MM, 68, 16, 11
MM, 71, 6, 9
MM, 72, 5, 11
MM, 75, 2, 10
MM, 326, 285, 10
MM, 329, 283, 10
MM, 331, 279, 10
MM, 333, 278, 10
MM, 337, 273, 10
MM, 340, 270, 10
MM, 343, 268, 10
MM, 346, 264, 10
MM, 349, 262, 10
MM, 353, 257, 10
MM, 354, 254, 10
MM, 355, 253, 10
MM, 357, 251, 10
MM, 359, 249, 10
MM, 364, 247, 10
MM, 400, 170, 472
MM, 404, 161, 11
MM, 407, 157, 10
MM, 411, 150, 10
MM, 414, 143, 10
MM, 418, 139, 10
MM, 420, 134, 10
MM, 422, 132, 10
MM, 423, 131, 10
MM, 424, 130, 10
MM, 424, 129, 10
MM, 424, 128, 20
MM, 425, 128, 21
MM, 425, 127, 171
MM, 425, 126, 9
MM, 425, 124, 10
MM, 425, 122, 10
MM, 425, 121, 10
MM, 424, 120, 10
MM, 424, 118, 10
MM, 423, 117, 11
MM, 422, 115, 10
MM, 396, 108, 39
MM, 392, 108, 11
MM, 385, 107, 10
MM, 374, 106, 10
MM, 365, 105, 9
MM, 351, 105, 12
MM, 341, 105, 9
MM, 346, 91, 241
MM, 387, 89, 10
MM, 424, 82, 11
MM, 446, 82, 9
MM, 476, 82, 10
MM, 484, 83, 10
MM, 492, 85, 11
MM, 499, 87, 9
MM, 510, 93, 10
MM, 517, 95, 11
MM, 527, 115, 1216
MM, 523, 117, 10
MM, 522, 119, 10
MM, 521, 119, 10
MM, 518, 123, 10
MM, 515, 124, 10
MM, 510, 130, 9
MM, 509, 135, 10
MM, 507, 136, 10
MM, 504, 138, 10
MM, 502, 141, 10
MM, 497, 147, 10
MM, 494, 148, 10
MM, 490, 151, 10
MM, 485, 155, 11
MM, 479, 159, 10
MM, 475, 173, 10
MM, 427, 248, 131
MM, 425, 250, 11
MM, 424, 252, 9
MM, 423, 254, 10
MM, 420, 258, 10
MM, 419, 260, 11
MM, 415, 265, 9
MM, 414, 266, 21
MM, 413, 266, 20
MM, 413, 267, 9
MM, 412, 267, 21
MM, 412, 268, 10
MM, 410, 269, 10
MM, 409, 270, 20
MM, 407, 271, 20
MM, 407, 272, 10
MM, 406, 274, 10
MM, 405, 275, 11
MM, 404, 276, 10
MM, 403, 278, 10
MM, 402, 279, 19
MM, 401, 279, 9
MM, 400, 281, 20
MM, 398, 284, 11
MM, 397, 285, 11
MM, 144, 0, 10
MM, 144, 1, 10
MM, 142, 2, 19
MM, 141, 2, 111
MM, 140, 3, 41
MM, 140, 4, 30
MM, 139, 4, 50
MM, 138, 5, 140
MM, 138, 6, 372
MM, 138, 7, 20
MM, 138, 8, 10
MM, 137, 8, 20
MM, 137, 9, 20
MM, 137, 10, 11
MM, 137, 12, 9
MM, 137, 13, 10
MM, 137, 17, 13500
MM, 136, 22, 9
MM, 135, 36, 10
MM, 133, 42, 10
MM, 132, 48, 10
MM, 131, 53, 10
MM, 130, 60, 10
MM, 125, 74, 10
MM, 376, 371, 11
MM, 375, 375, 10
MM, 373, 380, 9
MM, 373, 383, 10
MM, 370, 386, 10
MM, 368, 389, 11
MM, 367, 393, 10
MM, 366, 394, 10
MM, 362, 400, 11
MM, 362, 402, 9
MM, 359, 408, 10
MM, 356, 412, 10
MM, 356, 413, 10
MM, 104, 0, 11
MM, 102, 2, 9
MM, 99, 6, 10
MM, 98, 8, 11
MM, 98, 9, 9
MM, 96, 11, 11
MM, 95, 14, 10
MM, 91, 18, 10
MM, 90, 19, 10
MM, 88, 21, 10
MM, 86, 26, 10
MM, 86, 30, 10
MM, 84, 32, 10
MM, 82, 34, 10
MM, 79, 37, 11
MM, 78, 37, 9
MM, 77, 40, 11
MM, 77, 41, 9
MM, 75, 42, 11
MM, 75, 43, 9
MM, 74, 44, 10
MM, 73, 45, 10
MC, 1, 223
MM, 75, 44, 732
MM, 80, 43, 10
MM, 86, 43, 10
MM, 94, 43, 10
MM, 120, 48, 10
MM, 139, 55, 11
MM, 168, 66, 10
MM, 197, 75, 10
MM, 223, 86, 10
MM, 246, 89, 10
MM, 519, 511, 9
MM, 532, 514, 11
MM, 540, 517, 10
MM, 546, 519, 10
MM, 548, 521, 10
MM, 550, 521, 10
MM, 547, 520, 170
MM, 544, 518, 10
MM, 537, 515, 11
MM, 528, 512, 10
MM, 514, 512, 10
MM, 505, 507, 10
MM, 243, 87, 10
MM, 234, 86, 10
MM, 225, 83, 10
MM, 215, 78, 10
MM, 210, 78, 11
MM, 207, 78, 10
MM, 204, 78, 10
MM, 201, 78, 10
MM, 199, 78, 11
MM, 197, 78, 9
MM, 195, 78, 10
MM, 194, 78, 110
MM, 192, 77, 31
MM, 190, 76, 19
MM, 189, 75, 10
MM, 187, 72, 11
MM, 185, 71, 10
MM, 184, 69, 10
MM, 181, 67, 10
MM, 178, 67, 10
MM, 175, 63, 10
MM, 174, 62, 10
MM, 173, 62, 10
MM, 172, 61, 10
MM, 170, 61, 10
MM, 170, 60, 10
MM, 168, 60, 10
MM, 167, 58, 10
MM, 166, 58, 20
MM, 166, 57, 11
MM, 165, 57, 10
MM, 165, 59, 109
MM, 165, 62, 10
MM, 163, 66, 11
MM, 159, 74, 10
MM, 154, 85, 10
MM, 394, 519, 9
MM, 17, 7, 10
MM, 13, 17, 11
MM, 10, 25, 9
MM, 7, 5, 11
MM, 5, 7, 10
MM, 4, 8, 11
MM, 4, 12, 10
MM, 3, 14, 10
MM, 2, 17, 10
MM, 2, 18, 10
MM, 2, 19, 10
MM, 2, 22, 10
MM, 2, 23, 40
MM, 2, 24, 10
MM, 2, 26, 20
MM, 2, 28, 10
MM, 373, 593, 10
MM, 34, 1, 10
MM, 34, 8, 10
MM, 34, 11, 10
MM, 34, 13, 10
MM, 374, 613, 10
MM, 374, 614, 10
MM, 375, 614, 10
MM, 375, 616, 11
MM, 376, 616, 40
MM, 377, 616, 11
MM, 377, 615, 9
MM, 379, 615, 10
MM, 1, 18, 10
MM, 3, 16, 10
MM, 4, 16, 10
MM, 6, 15, 10
MM, 10, 12, 10
MM, 12, 10, 11
MM, 14, 9, 9
MM, 16, 8, 10
MM, 20, 3, 10
MM, 404, 593, 11
MM, 408, 592, 10
MM, 0, 24, 10
MM, 5, 17, 10
MM, 15, 2, 10
MM, 22, 30, 9
MM, 27, 18, 11
MM, 29, 13, 10
MM, 30, 13, 10
MM, 32, 12, 10
MM, 34, 12, 10
MM, 449, 535, 10
MM, 452, 535, 10
MM, 453, 535, 11
MM, 453, 534, 19
MM, 453, 532, 20
MM, 453, 530, 21
MM, 453, 529, 9
MM, 449, 523, 10
MM, 445, 516, 11
MM, 182, 79, 9
MM, 176, 66, 10
MM, 169, 52, 11
MM, 160, 42, 9
MM, 151, 30, 11
MM, 148, 26, 9
MM, 144, 20, 10
MM, 140, 16, 11
MM, 141, 16, 111
MM, 141, 17, 402
MM, 139, 24, 11
MM, 139, 30, 9
MM, 139, 33, 10
MM, 139, 36, 10
MM, 139, 39, 10
MM, 139, 43, 10
MM, 139, 45, 10
MM, 139, 47, 10
MM, 139, 49, 10
MM, 139, 50, 10
MM, 139, 51, 10
MM, 141, 53, 11
MM, 142, 53, 9
MM, 145, 55, 11
MM, 147, 56, 10
MM, 151, 57, 9
MM, 154, 60, 10
MM, 163, 67, 10
MM, 174, 73, 10
MM, 186, 75, 10
MM, 452, 508, 11
MM, 461, 515, 10
MM, 476, 518, 9
MM, 494, 528, 11
MM, 7, 12, 10
MM, 13, 15, 10
MM, 18, 19, 10
MM, 21, 20, 10
MM, 30, 27, 10
MM, 33, 28, 10
MM, 34, 29, 10
MM, 533, 553, 10
MM, 534, 556, 10
MM, 534, 558, 10
MM, 534, 559, 10
MM, 3, 1, 10
MM, 3, 4, 10
MM, 530, 571, 10
MM, 526, 577, 10
MM, 27, 24, 11
MM, 22, 29, 10
MM, 513, 596, 10
MM, 5, 14, 10
MM, 1, 19, 10
MM, 496, 620, 10
MM, 494, 623, 10
MM, 22, 27, 10
MM, 20, 30, 10
MM, 479, 629, 10
MM, 476, 631, 10
MM, 474, 631, 10
MM, 471, 631, 10
MM, 470, 631, 20
MM, 469, 631, 30
MM, 468, 631, 10
MM, 466, 630, 20
MM, 465, 628, 10
MM, 0, 28, 10
MM, 459, 622, 10
MM, 32, 20, 11
MM, 28, 15, 9
MM, 24, 6, 11
MM, 21, 2, 9
MM, 438, 593, 11
MM, 21, 27, 10
MM, 21, 24, 10
MM, 20, 23, 10
MM, 20, 20, 10
MM, 20, 17, 21
MM, 20, 13, 9
MM, 20, 10, 10
MM, 20, 8, 10
MM, 21, 7, 10
MM, 21, 6, 10
MM, 22, 4, 10
MM, 24, 2, 10
MM, 25, 1, 10
MM, 443, 558, 10
MM, 445, 557, 10
MM, 446, 555, 10
MM, 448, 554, 10
MM, 449, 553, 10
MM, 453, 552, 10
MM, 454, 552, 10
MM, 455, 552, 10
MM, 0, 29, 41
MM, 1, 29, 39
MM, 2, 29, 21
MM, 3, 29, 20
MM, 4, 29, 20
MM, 5, 29, 10
MM, 5, 30, 10
MM, 6, 30, 21
MM, 462, 554, 29
MM, 460, 554, 130
MM, 456, 555, 11
MM, 33, 0, 10
MM, 21, 2, 10
MM, 13, 2, 10
MM, 2, 3, 10
MM, 34, 4, 10
MM, 21, 4, 10
MM, 11, 2, 10
MM, 4, 0, 10
MM, 369, 560, 10
MM, 361, 559, 10
MM, 357, 558, 10
MM, 355, 558, 11
MM, 353, 556, 9
MM, 352, 556, 10
MM, 351, 554, 11
MM, 335, 533, 251
MM, 333, 533, 10
MM, 331, 533, 11
MM, 329, 533, 9
MM, 327, 533, 10
MM, 326, 533, 11
MM, 30, 10, 10
MM, 29, 10, 20
MM, 28, 10, 20
MM, 29, 10, 141
MM, 30, 10, 10
MM, 326, 533, 10
MM, 327, 533, 10
MM, 328, 533, 10
MM, 329, 533, 10
MM, 330, 534, 11
MM, 331, 534, 9
MM, 333, 534, 20
MM, 334, 534, 20
MM, 335, 534, 20
MM, 372, 548, 472
MM, 8, 30, 11
MM, 389, 555, 10
MM, 395, 559, 10
MM, 34, 7, 10
MM, 1, 14, 10
MM, 10, 20, 10
MM, 20, 29, 10
MM, 442, 596, 10
MM, 25, 2, 10
MM, 29, 6, 10
MM, 34, 11, 9
MM, 457, 609, 11
MM, 461, 614, 10
MM, 2, 20, 10
MM, 2, 21, 20
MM, 3, 21, 10
MM, 3, 22, 40
MM, 3, 23, 10
MM, 3, 25, 10
MM, 2, 27, 10
MM, 1, 27, 10
MM, 461, 626, 11
MM, 461, 627, 10
MM, 460, 627, 10
MM, 460, 628, 30
MM, 461, 628, 40
MM, 464, 628, 10
MM, 470, 629, 11
MM, 475, 630, 10
MM, 482, 630, 10
MM, 493, 630, 10
MM, 505, 632, 10
MM, 515, 632, 10
MM, 522, 632, 10
MM, 528, 632, 10
MM, 532, 632, 10
MM, 534, 632, 10
MM, 540, 632, 10
MM, 546, 633, 10
MM, 20, 0, 10
MM, 24, 0, 10
MM, 28, 0, 10
MM, 564, 633, 10
MM, 570, 633, 10
MM, 575, 631, 10
MM, 14, 2, 10
MM, 17, 2, 11
MM, 19, 4, 9
MM, 23, 6, 10
MM, 25, 7, 10
MM, 26, 7, 11
MM, 29, 9, 10
MM, 31, 10, 10
MM, 35, 10, 10
MM, 35, 11, 10
MM, 36, 11, 10
MM, 37, 12, 10
MM, 38, 12, 10
MM, 610, 646, 10
MM, 612, 646, 9
MM, 0, 12, 10
MM, 2, 13, 10
MM, 4, 13, 11
MM, 6, 13, 10
MM, 10, 13, 10
MM, 12, 13, 10
MM, 15, 13, 10
MM, 17, 13, 10
MM, 20, 11, 11
MM, 21, 11, 10
MM, 23, 11, 10
MM, 24, 10, 10
MM, 26, 10, 20
MM, 28, 10, 10
MM, 30, 9, 10
MM, 646, 642, 30
MM, 647, 642, 10
MM, 648, 642, 10
MM, 649, 642, 10
MM, 650, 642, 10
MM, 651, 641, 10
MM, 0, 6, 10
MM, 1, 6, 10
MM, 2, 6, 10
MM, 3, 6, 60
MM, 4, 6, 10
MM, 6, 6, 21
MM, 7, 6, 19
MM, 8, 7, 373
MM, 8, 8, 20
MM, 9, 8, 10
MM, 9, 9, 20
MM, 9, 10, 20
MM, 9, 11, 10
MM, 10, 11, 10
MM, 10, 12, 11
MM, 11, 12, 9
MM, 11, 13, 10
MC, 1, 142
MM, 10, 14, 110
MM, 8, 15, 10
MM, 3, 16, 10
MM, 0, 16, 10
MM, 26, 19, 10
MM, 13, 19, 10
MM, 0, 22, 10
MM, 28, 26, 10
MM, 13, 28, 10
MM, 568, 663, 10
MM, 31, 30, 10
MM, 550, 667, 10
MM, 544, 667, 11
MM, 537, 667, 9
MM, 535, 667, 11
MM, 532, 667, 10
MM, 530, 668, 10
MM, 530, 669, 221
MM, 529, 669, 10
MM, 127, 0, 10
MM, 126, 1, 20
MM, 125, 2, 10
MM, 123, 2, 10
MM, 122, 4, 10
MM, 121, 4, 10
MM, 120, 5, 10
MC, 1, 152
MM, 118, 6, 99
MM, 117, 6, 21
MM, 115, 7, 20
MM, 113, 7, 10
MM, 112, 7, 10
MM, 109, 7, 10
MM, 104, 7, 10
MM, 97, 6, 10
MM, 89, 5, 10
MM, 78, 0, 10
MM, 5, 29, 10
MM, 30, 21, 10
MM, 14, 12, 11
MM, 6, 8, 9
MM, 407, 635, 10
MM, 400, 633, 10
MM, 396, 632, 11
MM, 396, 631, 10
MM, 395, 630, 9
MM, 395, 628, 222
MM, 15, 29, 10
MM, 15, 27, 10
MM, 15, 21, 10
MM, 15, 18, 10
MM, 15, 17, 10
MM, 15, 16, 10
MM, 15, 15, 10
MC, 1, 122
MM, 16, 15, 69
MM, 17, 15, 11
MM, 19, 15, 9
MM, 24, 14, 10
MM, 28, 13, 10
MM, 419, 608, 10
MM, 12, 6, 10
MM, 444, 595, 10
MM, 454, 595, 10
MM, 10, 28, 11
MM, 18, 27, 9
MM, 26, 23, 10
MM, 488, 581, 10
MM, 2, 18, 10
MM, 7, 16, 10
MM, 14, 16, 10
MM, 18, 16, 10
MM, 22, 15, 10
MM, 24, 14, 10
MM, 27, 13, 10
MM, 29, 12, 10
MM, 526, 571, 10
MM, 0, 8, 11
MM, 4, 6, 9
MM, 6, 5, 10
MM, 13, 1, 11
MM, 17, 1, 10
MM, 28, 1, 10
MM, 565, 561, 11
MM, 569, 561, 9
MM, 1, 1, 10
MM, 2, 1, 10
MM, 3, 1, 11
MM, 4, 1, 29
MM, 6, 1, 92
MM, 7, 1, 9
MM, 8, 1, 10
MM, 10, 1, 11
MM, 13, 4, 19
MM, 14, 4, 10
MM, 14, 5, 10
MM, 15, 7, 20
MM, 15, 8, 31
MM, 16, 8, 30
MM, 16, 10, 80
MM, 16, 11, 20
MM, 16, 12, 40
MM, 16, 13, 10
MC, 1, 674
MM, 16, 14, 79
MM, 15, 16, 10
MM, 13, 18, 20
MM, 11, 20, 11
MM, 9, 22, 10
MM, 7, 25, 10
MM, 574, 591, 10
MM, 31, 1, 10
MM, 30, 4, 10
MM, 28, 6, 10
MM, 26, 9, 10
MM, 23, 13, 10
MM, 21, 16, 10
MM, 19, 18, 10
MM, 18, 20, 10
MM, 16, 24, 11
MM, 15, 27, 10
MM, 14, 28, 10
MM, 551, 628, 10
MM, 551, 630, 10
MM, 550, 632, 10
MM, 549, 633, 10
MM, 20, 0, 10
MM, 18, 3, 10
MM, 18, 4, 10
MM, 18, 5, 10
MM, 18, 7, 20
MM, 18, 6, 533
MM, 19, 6, 10
MM, 20, 6, 30
MM, 21, 6, 20
MM, 21, 5, 91
MM, 22, 5, 20
MM, 22, 4, 90
MM, 22, 3, 11
MM, 22, 2, 10
MM, 22, 1, 10
MM, 551, 633, 20
MM, 551, 632, 20
MM, 551, 630, 10
MM, 551, 628, 9
MM, 11, 27, 11
MM, 10, 25, 10
MM, 5, 17, 10
MM, 0, 6, 10
MM, 532, 593, 10
MM, 29, 15, 10
MM, 13, 26, 11
MM, 494, 529, 9
MM, 475, 506, 10
MM, 214, 79, 10
MM, 205, 63, 11
MM, 199, 55, 10
MM, 192, 46, 10
MM, 185, 40, 9
MM, 180, 35, 10
MM, 172, 31, 10
MM, 169, 27, 10
MM, 165, 21, 10
MM, 162, 13, 10
MM, 161, 6, 10
MM, 156, 4, 10
MM, 154, 4, 222
MM, 148, 4, 9
MM, 139, 4, 11
MM, 129, 4, 10
MM, 368, 414, 11
MM, 354, 410, 9
MM, 344, 404, 11
MM, 325, 399, 10
MM, 312, 392, 9
MM, 303, 387, 10
MM, 297, 385, 10
MM, 293, 381, 10
MM, 288, 376, 10
MM, 286, 375, 11
MM, 283, 370, 9
MM, 30, 82, 10
MM, 30, 79, 10
MM, 30, 78, 10
MM, 30, 76, 11
MM, 29, 76, 10
MM, 27, 72, 10
MM, 27, 70, 10
MM, 27, 68, 10
MM, 27, 65, 10
MM, 27, 63, 10
MM, 26, 59, 10
MM, 25, 56, 10
MM, 25, 52, 10
MM, 25, 50, 10
MM, 25, 48, 10
MM, 24, 47, 10
MM, 24, 46, 11
MM, 24, 44, 10
MM, 23, 44, 10
MM, 23, 43, 70
MM, 22, 43, 20
MM, 21, 41, 30
MC, 1, 292
MM, 21, 42, 70
MM, 21, 43, 10
MM, 21, 45, 10
MM, 21, 50, 11
MM, 22, 56, 9
MM, 28, 64, 10
MM, 32, 74, 11
MM, 36, 80, 9
MM, 292, 376, 10
MM, 292, 378, 1427
MM, 292, 380, 10
MM, 292, 385, 10
MM, 292, 393, 10
MM, 292, 398, 10
MM, 291, 402, 10
MM, 291, 406, 10
MM, 290, 409, 10
MM, 290, 412, 10
MM, 39, 5, 10
MM, 38, 11, 10
MM, 38, 13, 10
MM, 37, 15, 10
MM, 37, 18, 10
MM, 37, 19, 10
MM, 37, 21, 10
MM, 37, 23, 10
MM, 37, 24, 10
MM, 37, 25, 21
MM, 37, 26, 70
MM, 37, 27, 40
MM, 39, 30, 21
MM, 39, 31, 10
MM, 39, 32, 10
MM, 39, 33, 10
MM, 39, 34, 20
MM, 39, 35, 20
MM, 39, 36, 20
MM, 39, 37, 10
MM, 39, 38, 10
MM, 39, 39, 20
MM, 39, 40, 81
MC, 1, 221
MM, 39, 43, 80
MM, 39, 44, 10
MM, 39, 45, 40
MM, 38, 46, 10
MM, 38, 47, 10
MM, 38, 48, 262
MM, 41, 50, 20
MM, 47, 55, 10
MM, 54, 58, 10
MM, 58, 64, 10
MM, 64, 66, 10
MM, 72, 72, 10
MM, 78, 76, 10
MM, 82, 77, 10
MM, 85, 78, 11
MM, 89, 78, 10
MM, 92, 80, 9
MM, 96, 82, 10
MM, 97, 82, 11
MM, 100, 82, 230
MM, 104, 85, 10
MM, 370, 507, 10
MM, 388, 515, 10
MM, 413, 533, 10
MM, 438, 554, 10
MM, 12, 19, 10
MM, 488, 586, 10
MM, 19, 8, 10
MM, 537, 611, 11
MM, 9, 18, 9
MM, 24, 28, 10
MM, 575, 628, 10
MM, 585, 630, 10
MM, 587, 630, 11
MM, 588, 630, 150
MM, 591, 630, 30
MM, 596, 630, 10
MM, 28, 30, 11
MM, 5, 29, 10
MM, 24, 27, 10
MM, 19, 25, 10
MM, 706, 619, 10
MM, 728, 619, 10
MM, 756, 616, 11
MM, 3, 0, 9
MM, 784, 611, 10
MM, 797, 611, 11
MM, 804, 611, 10
MM, 809, 611, 10
MM, 812, 611, 10
MM, 814, 611, 10
MM, 816, 611, 10
MM, 817, 611, 11
MM, 818, 611, 9
MM, 818, 610, 50
MM, 819, 608, 30
MM, 819, 607, 10
MM, 819, 604, 10
MM, 819, 601, 10
MM, 822, 595, 11
MM, 822, 591, 9
MM, 821, 586, 10
MM, 820, 584, 10
MM, 819, 580, 10
MM, 818, 577, 11
MM, 817, 576, 9
MM, 816, 573, 10
MM, 815, 572, 10
MM, 815, 571, 10
MM, 811, 565, 11
MM, 811, 562, 9
MM, 811, 558, 10
MM, 810, 557, 10
MM, 810, 555, 10
MM, 809, 554, 10
MM, 752, 540, 976
MM, 4, 17, 10
MM, 13, 17, 10
MM, 5, 17, 9
MM, 10, 20, 11
MM, 0, 28, 9
MM, 515, 555, 10
MM, 488, 562, 10
MM, 13, 2, 10
MM, 3, 5, 10
MM, 451, 568, 10
MM, 28, 8, 11
MM, 22, 8, 10
MM, 20, 8, 10
MM, 17, 9, 10
MM, 16, 9, 10
MM, 15, 9, 20
MM, 14, 9, 51
MM, 13, 9, 10
MM, 12, 9, 10
MM, 11, 9, 31
MM, 11, 8, 70
MM, 11, 7, 20
MM, 13, 7, 10
MM, 16, 7, 10
MM, 21, 7, 10
MM, 27, 7, 10
MM, 32, 7, 10
MM, 450, 567, 10
MM, 454, 568, 10
MM, 6, 10, 10
MM, 11, 11, 10
MM, 16, 11, 11
MM, 20, 11, 10
MM, 22, 11, 10
MM, 26, 11, 9
MM, 31, 10, 10
MM, 493, 571, 11
MM, 1, 11, 10
MM, 2, 11, 10
MM, 4, 11, 11
MM, 6, 11, 9
MM, 7, 11, 10
MM, 8, 11, 10
MM, 9, 11, 20
MM, 10, 11, 31
MC, 1, 231
MM, 12, 11, 29
MM, 15, 12, 20
MM, 18, 13, 10
MM, 20, 15, 10
MM, 23, 15, 11
MM, 26, 16, 10
MM, 27, 22, 10
MM, 30, 23, 11
MM, 526, 584, 9
MM, 526, 586, 10
MM, 529, 586, 10
MM, 530, 586, 11
MM, 0, 28, 10
MM, 1, 28, 10
MM, 2, 28, 10
MM, 3, 28, 10
MM, 4, 29, 10
MM, 537, 591, 10
MM, 539, 591, 20
MM, 540, 592, 10
MM, 541, 593, 10
MM, 542, 594, 19
MM, 543, 595, 11
MM, 544, 595, 10
MM, 544, 596, 9
MM, 5, 0, 10
MM, 5, 1, 11
MM, 6, 1, 13
MM, 8, 2, 17
MM, 10, 3, 41
MM, 10, 4, 30
MM, 11, 4, 91
MM, 11, 6, 29
MC, 1, 41
MM, 10, 6, 89
MM, 3, 8, 10
MM, 537, 605, 11
MM, 28, 8, 9
MM, 18, 8, 11
MM, 11, 8, 10
MM, 6, 8, 10
MM, 495, 601, 10
MM, 29, 4, 10
MM, 24, 2, 11
MM, 21, 1, 10
MM, 478, 594, 10
MM, 474, 593, 10
MM, 472, 592, 9
MM, 470, 591, 11
MM, 469, 591, 10
MM, 466, 591, 10
MM, 9, 29, 9
MM, 8, 28, 11
MM, 7, 28, 10
MM, 7, 27, 9
MM, 6, 27, 10
MM, 5, 25, 10
MM, 5, 24, 11
MM, 4, 23, 10
MM, 4, 22, 10
MM, 2, 20, 20
MM, 1, 19, 70
MM, 455, 579, 20
MM, 454, 579, 21
MM, 452, 579, 9
MM, 451, 579, 10
MM, 450, 579, 10
MM, 33, 17, 11
MM, 31, 17, 10
MM, 30, 17, 10
MM, 29, 17, 10
MM, 27, 17, 10
MM, 26, 17, 20
MC, 1, 101
MM, 26, 18, 90
MM, 26, 24, 10
MM, 26, 30, 10
MM, 22, 4, 10
MM, 22, 14, 10
MM, 25, 25, 10
MM, 448, 630, 11
MM, 448, 638, 9
MM, 448, 641, 10
MM, 448, 643, 10
MM, 448, 644, 11
MM, 448, 645, 180
MM, 448, 646, 20
MM, 448, 648, 10
MM, 448, 649, 11
MM, 448, 650, 20
MM, 448, 651, 10
MM, 448, 652, 10
MM, 448, 653, 10
MM, 448, 655, 10
MM, 448, 656, 10
MM, 448, 658, 20
MM, 448, 659, 20
MM, 448, 660, 41
MM, 448, 661, 30
MM, 447, 662, 70
MM, 447, 663, 20
MM, 447, 665, 20
MM, 447, 667, 20
MM, 447, 668, 10
MM, 447, 670, 11
MM, 47, 0, 9
MM, 46, 3, 10
MM, 46, 4, 11
MM, 45, 4, 10
MM, 45, 5, 9
MC, 1, 233
MM, 44, 5, 119
MM, 43, 2, 11
MM, 441, 670, 10
MM, 437, 665, 10
MM, 27, 29, 10
MM, 25, 27, 10
MM, 23, 26, 10
MM, 22, 25, 10
MM, 20, 24, 10
MM, 20, 23, 11
MM, 18, 23, 9
MM, 16, 20, 11
MM, 15, 18, 9
MM, 14, 15, 10
MM, 12, 12, 11
MM, 10, 8, 9
MM, 8, 2, 10
MM, 7, 1, 20
MM, 414, 633, 10
MM, 413, 633, 11
MM, 411, 632, 10
MM, 410, 630, 10
MM, 409, 630, 20
MM, 409, 629, 90
MM, 409, 628, 11
MM, 28, 30, 19
MM, 28, 29, 10
MM, 28, 28, 30
MM, 28, 27, 10
MM, 28, 26, 21
MM, 27, 26, 10
MM, 27, 25, 29
MM, 26, 25, 10
MM, 26, 24, 31
MM, 25, 24, 10
MM, 25, 23, 20
MM, 24, 23, 30
MC, 1, 111
MM, 26, 22, 50
MM, 29, 21, 9
MM, 32, 20, 11
MM, 418, 615, 11
MM, 4, 14, 9
MM, 12, 13, 10
MM, 22, 13, 10
MM, 29, 11, 10
MM, 33, 10, 11
MM, 458, 605, 9
MM, 4, 4, 11
MM, 10, 1, 10
MM, 479, 594, 10
MM, 30, 27, 10
MM, 489, 587, 10
MM, 493, 584, 10
MM, 1, 23, 10
MM, 3, 22, 10
MM, 5, 21, 11
MM, 7, 19, 10
MM, 9, 19, 9
MM, 11, 17, 10
MM, 13, 17, 10
MM, 14, 17, 10
MM, 15, 16, 10
MM, 16, 15, 10
MM, 17, 14, 11
MM, 18, 14, 9
MM, 21, 12, 10
MM, 22, 12, 10
MM, 23, 10, 10
MM, 26, 9, 10
MM, 27, 9, 10
MM, 29, 9, 10
MM, 525, 567, 10
MM, 529, 567, 10
MM, 1, 5, 11
MM, 4, 5, 9
MM, 7, 5, 10
MM, 10, 5, 11
MM, 14, 5, 9
MM, 16, 5, 10
MM, 20, 6, 11
MM, 23, 6, 10
MM, 28, 6, 10
MM, 30, 6, 10
MM, 32, 6, 10
MM, 565, 566, 10
MM, 566, 566, 10
MM, 568, 566, 20
MM, 569, 566, 20
MM, 1, 6, 40
MM, 2, 6, 91
MM, 3, 6, 80
MM, 4, 6, 20
MM, 5, 6, 10
MM, 6, 6, 20
MM, 7, 6, 11
MC, 1, 161
MM, 7, 7, 29
MM, 7, 10, 10
MM, 6, 13, 10
MM, 4, 18, 10
MM, 569, 592, 11
MM, 567, 596, 9
MM, 25, 6, 10
MM, 23, 15, 11
MM, 21, 19, 9
MM, 20, 25, 11
MM, 555, 633, 10
MM, 26, 3, 10
MM, 26, 7, 10
MM, 26, 9, 10
MM, 25, 11, 20
MM, 24, 11, 151
MM, 24, 12, 11
MM, 23, 14, 21
MM, 22, 15, 19
MC, 1, 141
MM, 20, 16, 80
MM, 20, 17, 10
MM, 19, 18, 10
MM, 16, 21, 10
MM, 13, 25, 10
MM, 11, 28, 10
MM, 7, 30, 10
MM, 530, 670, 10
MM, 127, 2, 12
MM, 122, 2, 8
MM, 116, 5, 11
MM, 115, 6, 10
MM, 114, 6, 9
MM, 112, 7, 12
MM, 111, 7, 19
MM, 109, 9, 20
MC, 1, 210
MM, 107, 9, 71
MM, 106, 9, 10
MM, 105, 8, 10
MM, 102, 4, 10
MM, 97, 0, 10
MM, 494, 668, 10
MM, 3, 28, 10
MM, 485, 648, 10
MM, 483, 637, 10
MM, 479, 630, 10
MM, 13, 27, 10
MM, 10, 18, 10
MM, 5, 10, 11
MM, 2, 5, 9
MM, 461, 597, 10
MM, 460, 595, 10
MM, 458, 594, 12
MM, 456, 592, 9
MM, 455, 591, 20
MM, 454, 591, 10
MM, 454, 590, 10
MM, 452, 588, 10
MM, 450, 586, 10
MM, 450, 584, 20
MM, 34, 24, 10
MM, 34, 23, 111
MM, 451, 582, 10
MM, 452, 582, 10
MM, 453, 582, 11
MM, 455, 581, 9
MM, 1, 21, 10
MM, 2, 20, 10
MM, 3, 20, 10
MM, 4, 20, 10
MM, 6, 20, 10
MM, 7, 20, 91
MM, 8, 19, 20
MM, 10, 17, 30
MM, 11, 16, 20
MC, 1, 72
MM, 13, 16, 99
MM, 15, 16, 10
MM, 20, 15, 10
MM, 27, 12, 10
MM, 1, 12, 10
MM, 13, 11, 11
MM, 23, 10, 9
MM, 526, 569, 10
MM, 7, 10, 11
MM, 15, 10, 9
MM, 19, 10, 11
MM, 26, 10, 9
MM, 30, 10, 10
MM, 564, 570, 11
MM, 0, 10, 10
MM, 4, 11, 10
MM, 7, 11, 10
MM, 12, 11, 11
MM, 14, 11, 10
MM, 17, 11, 9
MM, 18, 11, 10
MM, 19, 11, 10
MM, 20, 11, 10
MM, 21, 11, 10
MM, 22, 11, 50
MM, 23, 11, 31
MM, 25, 11, 40
MM, 26, 11, 10
MM, 28, 11, 10
MM, 31, 9, 10
MM, 34, 9, 10
MM, 605, 569, 10
MM, 607, 569, 10
MM, 609, 569, 10
MM, 610, 569, 11
MM, 0, 9, 9
MM, 2, 9, 11
MM, 3, 9, 9
MM, 4, 10, 11
MC, 1, 191
MM, 3, 11, 160
MM, 610, 571, 10
MM, 605, 571, 10
MM, 20, 13, 10
MM, 1, 13, 11
MM, 10, 13, 10
MM, 18, 18, 9
MM, 26, 26, 10
MM, 9, 28, 11
MM, 443, 593, 10
MM, 12, 0, 9
MM, 5, 2, 10
MM, 420, 600, 10
MM, 31, 6, 10
MM, 27, 8, 11
MM, 23, 8, 9
MM, 20, 9, 11
MM, 17, 11, 10
MM, 15, 11, 10
MM, 13, 12, 11
MM, 11, 13, 11
MM, 10, 13, 9
MM, 9, 13, 10
MM, 8, 13, 10
MM, 8, 14, 9
MM, 6, 15, 11
MM, 4, 15, 10
MM, 3, 16, 10
MM, 2, 16, 10
MM, 0, 16, 10
MM, 379, 613, 10
MM, 378, 614, 10
MM, 376, 614, 10
MM, 377, 614, 271
MM, 378, 614, 11
MM, 379, 614, 10
MM, 0, 17, 10
MM, 1, 16, 10
MM, 2, 16, 10
MM, 3, 15, 20
MM, 4, 15, 20
MM, 5, 15, 10
MM, 5, 14, 10
MM, 6, 14, 10
MM, 6, 13, 31
MC, 1, 150
MM, 7, 12, 70
MM, 9, 10, 11
MM, 11, 8, 10
MM, 16, 1, 10
MM, 401, 593, 10
MM, 34, 27, 9
MM, 412, 580, 11
MM, 3, 15, 10
MM, 5, 13, 10
MM, 10, 9, 10
MM, 11, 7, 10
MM, 13, 6, 10
MM, 15, 4, 20
MC, 1, 243
MM, 15, 5, 37
MM, 12, 10, 10
MM, 10, 12, 10
MM, 6, 17, 11
MM, 5, 19, 10
MM, 3, 21, 10
MM, 2, 22, 10
MM, 414, 586, 11
MM, 414, 587, 10
MM, 412, 590, 10
MM, 411, 592, 9
MM, 410, 592, 11
MM, 410, 593, 10
MM, 409, 593, 10
MM, 408, 594, 10
MM, 406, 595, 10
MM, 406, 596, 10
MM, 405, 596, 10
MM, 25, 0, 10
MM, 24, 0, 10
MM, 23, 1, 40
MM, 22, 1, 31
MM, 21, 2, 20
MM, 20, 2, 31
MM, 20, 3, 9
MM, 19, 4, 40
MM, 18, 5, 10
MC, 1, 142
MM, 18, 6, 80
MM, 20, 12, 29
MM, 23, 18, 11
MM, 28, 22, 10
MM, 415, 626, 10
MM, 419, 633, 10
MM, 14, 7, 10
MM, 18, 10, 10
MM, 26, 21, 10
MM, 28, 26, 10
MM, 33, 28, 11
MM, 446, 664, 9
MM, 447, 665, 10
MM, 449, 666, 11
MM, 453, 669, 9
MM, 55, 0, 10
MM, 56, 1, 11
MM, 58, 1, 9
MM, 58, 3, 10
MM, 58, 4, 242
MM, 59, 5, 10
MM, 60, 6, 10
MM, 60, 7, 10
MM, 61, 7, 10
MM, 62, 9, 10
MM, 62, 10, 20
MM, 63, 11, 10
MM, 63, 12, 11
MM, 64, 12, 10
MC, 1, 100
MM, 65, 12, 59
MM, 68, 10, 10
MM, 70, 2, 10
MM, 478, 665, 11
MM, 1, 20, 10
MM, 16, 4, 9
MM, 19, 26, 11
MM, 27, 11, 9
MM, 535, 605, 11
MM, 7, 1, 10
MM, 554, 591, 10
MM, 32, 27, 10
MM, 566, 585, 10
MM, 0, 22, 10
MM, 2, 20, 10
MM, 4, 18, 10
MM, 6, 18, 10
MM, 8, 17, 10
MM, 9, 16, 20
MM, 11, 16, 10
MM, 13, 16, 10
MM, 14, 16, 10
MM, 16, 15, 10
MM, 18, 15, 10
MM, 20, 14, 10
MM, 21, 13, 11
MM, 22, 13, 19
MM, 23, 13, 11
MM, 24, 11, 10
MM, 26, 11, 10
MM, 27, 11, 20
MM, 29, 11, 10
MM, 32, 11, 10
MM, 34, 11, 10
MM, 607, 571, 11
MM, 609, 571, 10
MM, 1, 11, 10
MM, 2, 11, 10
MM, 4, 11, 10
MM, 8, 9, 10
MM, 9, 9, 19
MC, 1, 213
MM, 9, 11, 39
MM, 7, 12, 10
MM, 7, 14, 10
MM, 4, 17, 10
MM, 2, 22, 10
MM, 609, 588, 11
MM, 22, 0, 9
MM, 18, 4, 10
MM, 12, 13, 10
MM, 7, 19, 10
MM, 3, 25, 11
MM, 1, 26, 9
MM, 579, 625, 10
MM, 578, 627, 10
MM, 576, 628, 10
MM, 575, 629, 11
MM, 574, 630, 9
MM, 570, 632, 11
MM, 569, 633, 10
MM, 568, 634, 10
MM, 566, 636, 10
MM, 565, 637, 10
MM, 564, 637, 10
MM, 34, 4, 10
MM, 34, 5, 10
MM, 34, 6, 51
MM, 33, 6, 20
MM, 31, 8, 11
MM, 30, 8, 9
MM, 29, 9, 20
MM, 28, 10, 11
MM, 27, 11, 9
MM, 26, 11, 31
MM, 25, 11, 9
MM, 25, 12, 11
MM, 24, 12, 20
MM, 23, 12, 30
MM, 22, 12, 11
MM, 21, 12, 9
MC, 1, 102
MM, 21, 14, 29
MM, 19, 16, 9
MM, 18, 18, 10
MM, 16, 20, 10
MM, 13, 28, 10
MM, 540, 665, 10
MM, 538, 667, 10
MM, 537, 669, 10
MM, 535, 670, 10
MM, 135, 1, 11
MM, 134, 2, 11
MM, 133, 2, 10
MM, 132, 3, 10
MM, 132, 4, 19
MC, 1, 203
MM, 132, 2, 49
MM, 131, 0, 9
MM, 530, 666, 10
MM, 1, 27, 10
MM, 0, 17, 10
MM, 527, 642, 10
MM, 527, 634, 11
MM, 28, 26, 10
MM, 26, 20, 10
MM, 25, 16, 10
MM, 23, 11, 10
MM, 22, 4, 10
MM, 21, 1, 10
MM, 21, 0, 10
MM, 520, 596, 11
MM, 518, 594, 10
MM, 518, 593, 20
MM, 517, 593, 9
MM, 517, 592, 20
MM, 515, 591, 20
MM, 20, 29, 51
MM, 19, 28, 30
MM, 18, 27, 20
MM, 17, 25, 20
MM, 17, 24, 21
MM, 16, 22, 10
MM, 16, 21, 10
MM, 15, 21, 10
MM, 15, 20, 20
MC, 1, 182
MM, 18, 20, 8
MM, 20, 21, 11
MM, 23, 22, 9
MM, 29, 24, 10
MM, 526, 586, 10
MM, 528, 587, 10
MM, 530, 587, 11
MM, 2, 27, 14
MM, 3, 27, 7
MM, 4, 27, 9
MM, 5, 27, 11
MM, 7, 28, 10
MM, 8, 28, 30
MM, 8, 29, 10
MM, 9, 29, 19
MM, 10, 30, 11
MM, 11, 30, 10
MM, 543, 591, 20
MM, 544, 592, 10
MM, 545, 592, 10
MM, 546, 593, 10
MM, 548, 593, 10
MM, 548, 595, 10
MM, 551, 595, 10
MM, 12, 0, 10
MM, 13, 1, 10
MM, 14, 2, 10
MM, 15, 2, 30
MC, 1, 192
MM, 14, 2, 39
MM, 11, 2, 11
MM, 6, 2, 10
MM, 0, 2, 10
MM, 33, 2, 10
MM, 25, 2, 10
MM, 11, 1, 10
MM, 1, 1, 10
MM, 491, 596, 10
MM, 482, 593, 10
MM, 17, 29, 10
MM, 9, 28, 10
MM, 5, 27, 10
MM, 455, 583, 11
MM, 452, 582, 11
MM, 30, 17, 9
MM, 26, 15, 10
MM, 22, 12, 10
MM, 20, 12, 10
MM, 18, 11, 10
MM, 18, 10, 20
MC, 1, 272
MM, 18, 12, 120
MM, 18, 15, 10
MM, 18, 18, 10
MM, 18, 23, 10
MM, 18, 27, 10
MM, 433, 592, 10
MM, 12, 1, 10
MM, 12, 5, 10
MM, 12, 12, 10
MM, 12, 14, 10
MM, 13, 17, 10
MM, 14, 19, 10
MM, 14, 22, 10
MM, 16, 25, 10
MM, 17, 30, 11
MM, 438, 630, 10
MM, 439, 631, 10
MM, 31, 1, 10
MM, 32, 2, 10
MM, 32, 3, 10
MM, 32, 4, 10
MM, 33, 5, 10
MM, 33, 6, 10
MM, 33, 7, 10
MM, 443, 641, 20
MM, 444, 642, 20
MM, 444, 643, 40
MM, 444, 644, 10
MM, 445, 646, 10
MM, 446, 647, 20
MM, 448, 651, 10
MM, 448, 654, 10
MM, 448, 656, 11
MM, 0, 22, 20
MM, 0, 23, 30
MM, 1, 23, 10
MM, 1, 24, 10
MM, 1, 25, 10
MM, 1, 26, 30
MM, 1, 28, 10
MM, 1, 29, 252
MM, 450, 665, 20
MM, 450, 666, 9
MM, 450, 667, 11
MM, 450, 668, 19
MM, 450, 669, 10
MM, 450, 670, 20
MM, 50, 0, 60
MM, 51, 2, 10
MM, 51, 3, 10
MM, 51, 4, 21
MM, 51, 5, 10
MM, 51, 6, 30
MM, 51, 7, 40
MC, 1, 162
MM, 50, 7, 79
MM, 49, 4, 11
MM, 447, 668, 9
MM, 444, 662, 10
MM, 32, 20, 11
MM, 26, 10, 9
MM, 21, 0, 11
MM, 6, 25, 10
MM, 1, 20, 10
MM, 419, 613, 10
MM, 417, 610, 10
MM, 415, 608, 10
MM, 34, 8, 10
MM, 33, 5, 10
MM, 31, 5, 10
MM, 31, 3, 10
MM, 30, 1, 10
MM, 409, 596, 20
MM, 407, 594, 20
MM, 406, 591, 10
MM, 33, 29, 10
MM, 33, 26, 11
MM, 32, 24, 10
MM, 32, 23, 10
MM, 32, 21, 10
MM, 30, 19, 10
MM, 30, 17, 10
MM, 30, 16, 10
MM, 30, 15, 20
MM, 30, 13, 10
MM, 30, 11, 20
MM, 31, 9, 10
MM, 31, 7, 10
MM, 31, 6, 10
MM, 34, 4, 10
MM, 35, 2, 10
MM, 36, 2, 10
MM, 409, 562, 10
MM, 410, 562, 10
MM, 411, 562, 11
MM, 412, 562, 10
MM, 413, 562, 10
MM, 414, 562, 10
MM, 0, 2, 10
MM, 1, 2, 10
MM, 2, 2, 10
MM, 3, 2, 10
MM, 4, 2, 30
MM, 6, 3, 31
MM, 6, 4, 10
MM, 7, 6, 10
MM, 8, 6, 10
MM, 10, 8, 30
MM, 11, 8, 20
MM, 12, 9, 10
MM, 12, 10, 21
MM, 12, 11, 50
MC, 1, 102
MM, 10, 11, 38
MM, 7, 12, 11
MM, 3, 13, 9
MM, 412, 574, 10
MM, 35, 15, 11
MM, 30, 15, 9
MM, 26, 16, 10
MM, 20, 18, 10
MM, 15, 19, 10
MM, 8, 19, 10
MM, 5, 20, 10
MM, 3, 20, 10
MM, 2, 20, 10
MM, 1, 21, 10
MM, 0, 22, 21
MM, 0, 23, 30
MM, 371, 583, 10
MM, 371, 585, 11
MM, 371, 586, 19
MM, 371, 589, 10
MM, 371, 590, 20
MM, 370, 590, 21
MM, 370, 592, 10
MM, 370, 593, 20
MM, 370, 595, 10
MM, 30, 0, 10
MM, 29, 2, 10
MM, 29, 3, 10
MM, 27, 5, 10
MC, 1, 202
MM, 28, 5, 90
MM, 33, 7, 9
MM, 375, 606, 10
MM, 378, 606, 10
MM, 3, 11, 10
MM, 10, 14, 11
MM, 14, 15, 9
MM, 15, 16, 11
MM, 16, 16, 9
MM, 17, 16, 10
MC, 1, 232
MM, 18, 16, 30
MM, 20, 16, 20
MM, 23, 14, 11
MM, 28, 11, 9
MM, 1, 0, 10
MM, 428, 593, 10
MM, 19, 30, 10
MM, 31, 26, 11
MM, 454, 585, 9
MM, 5, 23, 10
MM, 10, 22, 10
MM, 12, 21, 10
MM, 13, 21, 11
MM, 15, 21, 9
MM, 17, 21, 10
MM, 18, 21, 22
MM, 18, 20, 9
MM, 18, 19, 10
MM, 20, 19, 20
MM, 20, 18, 10
MM, 21, 18, 10
MM, 22, 17, 10
MM, 24, 16, 10
MM, 28, 14, 10
MM, 30, 14, 10
MM, 488, 572, 10
MM, 493, 568, 10
MM, 0, 8, 10
MM, 2, 7, 10
MM, 4, 6, 10
MM, 7, 6, 10
MM, 9, 6, 11
MM, 11, 6, 20
MM, 13, 6, 11
MM, 14, 5, 9
MM, 15, 5, 10
MM, 16, 4, 10
MM, 17, 4, 20
MC, 1, 182
MM, 16, 4, 109
MM, 15, 5, 11
MM, 13, 6, 10
MM, 11, 6, 20
MM, 10, 7, 20
MM, 8, 8, 10
MM, 6, 9, 20
MM, 6, 10, 10
MM, 5, 10, 10
MM, 4, 11, 10
MM, 3, 12, 10
MM, 492, 574, 10
MM, 31, 16, 10
MM, 24, 18, 10
MM, 18, 21, 10
MM, 12, 22, 11
MM, 4, 25, 9
MM, 450, 588, 10
MM, 20, 29, 11
MM, 10, 29, 9
MM, 418, 593, 12
MM, 409, 595, 10
MM, 405, 595, 10
MM, 398, 596, 10
MM, 396, 596, 10
MM, 395, 596, 11
MM, 394, 596, 9
MM, 14, 0, 70
MM, 15, 3, 21
MM, 18, 5, 9
MM, 24, 11, 11
MM, 29, 19, 9
MM, 34, 26, 10
MM, 421, 632, 11
MM, 25, 15, 10
MM, 28, 26, 10
MM, 440, 666, 10
MM, 51, 5, 10
MM, 52, 7, 11
MM, 53, 9, 9
MM, 55, 9, 10
MM, 56, 9, 10
MM, 57, 9, 20
MM, 58, 9, 121
MC, 1, 161
MM, 56, 9, 79
MM, 53, 8, 11
MM, 49, 7, 10
MM, 44, 4, 10
MM, 42, 2, 10
MM, 439, 670, 10
MM, 22, 28, 11
MM, 18, 25, 9
MM, 17, 19, 10
MM, 12, 16, 10
MM, 10, 14, 10
MM, 9, 13, 10
MM, 7, 12, 10
MM, 5, 10, 10
MM, 5, 9, 11
MM, 4, 9, 10
MM, 3, 9, 10
MM, 2, 8, 10
MM, 0, 7, 20
MM, 408, 641, 10
MM, 407, 639, 11
MM, 405, 638, 9
MM, 403, 636, 10
MM, 31, 2, 10
MM, 28, 1, 11
MM, 396, 633, 9
MM, 394, 633, 10
MM, 392, 630, 11
MM, 390, 629, 10
MM, 9, 29, 9
MM, 6, 27, 10
MM, 5, 25, 10
MM, 4, 24, 10
MM, 3, 24, 10
MM, 2, 24, 10
MM, 0, 23, 11
MM, 378, 619, 10
MM, 376, 618, 10
MM, 374, 616, 10
MM, 34, 19, 10
MM, 33, 19, 10
MM, 32, 18, 41
MM, 31, 18, 19
MM, 30, 18, 21
MM, 29, 17, 9
MM, 28, 17, 71
MM, 27, 17, 49
MC, 1, 61
MM, 30, 17, 90
MM, 375, 614, 10
MM, 2, 18, 10
MM, 9, 19, 10
MM, 24, 22, 10
MM, 417, 620, 11
MM, 9, 24, 10
MM, 23, 28, 10
MM, 10, 30, 10
MM, 26, 30, 10
MM, 502, 630, 10
MM, 523, 636, 11
MM, 3, 7, 9
MM, 9, 8, 11
MM, 13, 8, 11
MM, 14, 8, 9
MM, 17, 7, 10
MM, 18, 7, 10
MM, 22, 4, 13
MM, 26, 4, 17
MM, 27, 4, 10
MM, 28, 4, 10
MM, 29, 4, 10
MM, 28, 5, 282
MM, 26, 6, 9
MM, 25, 6, 10
MM, 25, 7, 11
MM, 24, 8, 10
MC, 1, 141
MM, 23, 8, 29
MM, 22, 8, 10
MM, 20, 8, 10
MM, 17, 8, 10
MM, 13, 8, 10
MM, 9, 8, 10
MM, 6, 8, 10
MM, 3, 8, 10
MM, 525, 642, 11
MM, 30, 7, 10
MM, 24, 6, 10
MM, 19, 6, 10
MM, 13, 3, 10
MM, 492, 633, 10
MM, 484, 630, 10
MM, 476, 628, 11
MM, 8, 28, 10
MM, 3, 26, 10
MM, 459, 619, 10
MM, 456, 618, 9
MM, 33, 20, 12
MM, 30, 19, 8
MM, 27, 18, 10
MM, 24, 17, 10
MM, 23, 17, 21
MC, 1, 241
MM, 23, 19, 70
MM, 26, 24, 10
MM, 26, 27, 10
MM, 448, 628, 10
MM, 448, 632, 10
MM, 0, 1, 10
MM, 0, 2, 10
MM, 0, 3, 10
MM, 0, 5, 10
MM, 0, 7, 10
MM, 2, 12, 20
MM, 2, 13, 10
MM, 2, 15, 10
MM, 2, 17, 10
MM, 2, 18, 10
MM, 2, 21, 20
MM, 2, 23, 10
MM, 2, 24, 11
MM, 2, 27, 10
MM, 2, 29, 10
MM, 451, 665, 10
MM, 451, 667, 10
MM, 451, 668, 20
MM, 451, 669, 10
MM, 51, 0, 20
MM, 51, 1, 30
MM, 51, 2, 10
MM, 51, 3, 20
MM, 51, 4, 60
MM, 51, 5, 10
MM, 51, 6, 10
MM, 51, 7, 11
MM, 51, 8, 11
MM, 51, 9, 10
MC, 1, 151
MM, 50, 8, 90
MM, 49, 7, 10
MM, 47, 6, 10
MM, 45, 4, 10
MM, 40, 0, 10
MM, 26, 29, 11
MM, 10, 13, 10
MM, 4, 6, 10
MM, 405, 634, 9
MM, 400, 632, 11
MM, 396, 628, 10
MM, 14, 30, 10
MM, 13, 28, 10
MM, 11, 27, 10
MM, 11, 26, 9
MM, 10, 26, 21
MM, 10, 25, 10
MM, 10, 24, 40
MM, 10, 23, 19
MM, 10, 21, 12
MM, 10, 20, 9
MM, 10, 19, 10
MM, 10, 17, 10
MM, 10, 14, 10
MM, 10, 13, 10
MC, 1, 201
MM, 10, 12, 70
MM, 11, 12, 10
MM, 14, 11, 10
MM, 18, 9, 11
MM, 21, 8, 10
MM, 24, 7, 10
MM, 25, 6, 10
MM, 28, 5, 10
MM, 31, 2, 10
MM, 33, 0, 10
MM, 416, 596, 10
MM, 420, 592, 11
MM, 421, 592, 9
MM, 421, 591, 71
MM, 7, 30, 191
MM, 7, 28, 9
MM, 8, 28, 10
MM, 11, 26, 20
MM, 11, 25, 11
MM, 12, 25, 9
MM, 12, 24, 10
MM, 13, 24, 12
MC, 1, 150
MM, 14, 23, 69
MM, 16, 23, 11
MM, 20, 23, 9
MM, 23, 23, 10
MM, 28, 22, 10
MM, 31, 22, 10
MM, 453, 580, 10
MM, 7, 20, 11
MM, 13, 20, 10
MM, 18, 20, 10
MM, 23, 20, 10
MM, 26, 20, 10
MM, 489, 579, 10
MM, 492, 579, 10
MM, 5, 19, 10
MM, 6, 19, 10
MM, 8, 19, 10
MM, 10, 19, 10
MM, 11, 19, 20
MM, 11, 18, 10
MM, 12, 18, 12
MM, 13, 18, 79
MM, 13, 17, 10
MM, 14, 17, 30
MM, 15, 17, 30
MM, 15, 16, 31
MC, 1, 90
MM, 12, 16, 50
MM, 7, 17, 10
MM, 492, 580, 10
MM, 23, 23, 10
MM, 14, 28, 10
MM, 457, 595, 10
MM, 22, 1, 10
MM, 13, 4, 10
MM, 3, 9, 10
MM, 419, 608, 10
MM, 415, 611, 11
MM, 31, 16, 9
MM, 27, 18, 10
MM, 23, 20, 10
MM, 19, 23, 10
MM, 17, 23, 10
MM, 14, 24, 11
MM, 13, 24, 9
MM, 12, 24, 10
MM, 11, 24, 10
MM, 10, 25, 10
MM, 9, 25, 11
MM, 7, 25, 10
MC, 1, 222
MM, 9, 25, 130
MM, 11, 25, 21
MM, 13, 25, 9
MM, 14, 25, 10
MM, 17, 25, 11
MM, 19, 25, 10
MM, 21, 27, 10
MM, 22, 28, 9
MM, 23, 30, 11
MM, 406, 629, 10
MM, 4, 1, 10
MM, 8, 6, 11
MM, 12, 11, 10
MM, 14, 18, 9
MM, 18, 21, 10
MM, 24, 29, 10
MM, 435, 665, 11
MM, 440, 669, 9
MM, 44, 2, 11
MM, 52, 9, 9
MM, 57, 13, 11
MM, 61, 16, 10
MM, 63, 18, 9
MM, 64, 19, 12
MM, 67, 19, 19
MM, 68, 19, 20
MM, 69, 20, 10
MM, 70, 20, 40
MM, 70, 21, 141
MM, 70, 22, 109
MC, 1, 22
MM, 72, 21, 29
MM, 72, 20, 10
MM, 73, 19, 10
MM, 78, 17, 10
MM, 83, 11, 10
MM, 88, 5, 11
MM, 494, 670, 10
MM, 12, 29, 10
MM, 24, 14, 10
MM, 34, 11, 10
MM, 1, 4, 10
MM, 540, 629, 10
MM, 6, 27, 11
MM, 13, 21, 9
MM, 17, 18, 10
MM, 23, 12, 10
MM, 29, 9, 10
MM, 31, 9, 10
MM, 32, 8, 10
MM, 34, 6, 10
MM, 576, 602, 11
MM, 1, 3, 9
MM, 4, 1, 10
MM, 590, 591, 11
MM, 26, 27, 10
MM, 29, 25, 10
MM, 32, 23, 10
MM, 34, 21, 10
MM, 607, 581, 10
MM, 0, 19, 10
MM, 4, 19, 10
MM, 7, 19, 10
MM, 8, 19, 10
MM, 9, 19, 30
MM, 10, 18, 20
MC, 1, 262
MM, 9, 20, 60
MM, 5, 23, 9
MM, 1, 28, 10
MM, 607, 596, 11
MM, 16, 8, 10
MM, 13, 12, 10
MM, 11, 16, 11
MM, 8, 19, 10
MM, 8, 21, 10
MM, 4, 22, 10
MM, 4, 23, 10
MM, 1, 27, 9
MM, 580, 625, 10
MM, 578, 627, 10
MM, 576, 628, 11
MM, 575, 630, 10
MM, 574, 630, 10
MM, 572, 632, 10
MM, 571, 632, 10
MM, 569, 633, 10
MM, 568, 633, 10
MM, 34, 1, 10
MM, 33, 3, 11
MM, 31, 3, 19
MM, 30, 4, 20
MM, 29, 4, 20
MM, 28, 4, 11
MM, 27, 4, 20
MM, 25, 5, 19
MM, 24, 6, 21
MM, 23, 7, 10
MM, 22, 8, 19
MC, 1, 152
MM, 21, 8, 9
MM, 21, 9, 10
MM, 20, 9, 10
MM, 19, 10, 10
MM, 18, 11, 20
MM, 17, 12, 10
MM, 14, 15, 10
MM, 10, 18, 10
MM, 7, 19, 11
MM, 2, 23, 10
MM, 528, 659, 10
MM, 34, 28, 10
MM, 31, 29, 10
MM, 28, 30, 10
MM, 513, 666, 10
MM, 508, 667, 10
MM, 506, 667, 11
MM, 503, 669, 10
MM, 501, 670, 10
MM, 499, 670, 10
MM, 95, 1, 10
MM, 95, 2, 10
MM, 94, 2, 10
MM, 93, 2, 10
MM, 92, 3, 20
MM, 91, 3, 10
MM, 91, 4, 10
MM, 90, 4, 10
MM, 89, 5, 21
MC, 1, 130
MM, 89, 4, 80
MM, 88, 4, 10
MM, 88, 2, 10
MM, 487, 670, 10
MM, 486, 664, 10
MM, 486, 657, 10
MM, 486, 652, 10
MM, 486, 643, 10
MM, 485, 637, 10
MM, 485, 628, 11
MM, 23, 24, 10
MM, 23, 16, 9
MM, 23, 12, 10
MM, 23, 6, 10
MM, 23, 4, 11
MM, 23, 3, 10
MM, 23, 2, 20
MM, 23, 1, 20
MM, 23, 0, 10
MM, 485, 596, 10
MM, 485, 595, 10
MM, 485, 593, 10
MM, 485, 592, 10
MM, 30, 30, 20
MM, 30, 29, 11
MM, 31, 28, 9
MM, 488, 586, 10
MM, 489, 586, 10
MM, 490, 584, 10
MM, 492, 584, 10
MM, 0, 22, 10
MM, 1, 20, 21
MM, 3, 20, 10
MM, 4, 19, 10
MM, 5, 18, 10
MM, 6, 18, 10
MM, 7, 18, 20
MM, 9, 16, 10
MM, 10, 15, 20
MM, 11, 15, 10
MM, 11, 14, 11
MM, 12, 14, 10
MM, 13, 14, 29
MM, 14, 14, 10
MC, 1, 112
MM, 15, 14, 50
MM, 17, 14, 10
MM, 20, 15, 10
MM, 22, 17, 10
MM, 27, 20, 11
MM, 30, 22, 9
MM, 527, 584, 10
MM, 529, 585, 9
MM, 530, 585, 10
MM, 0, 26, 10
MM, 1, 26, 10
MM, 4, 27, 11
MM, 5, 27, 11
MM, 7, 28, 9
MM, 8, 28, 10
MM, 9, 28, 10
MM, 10, 28, 20
MM, 10, 29, 11
MM, 11, 29, 29
MM, 11, 30, 11
MM, 12, 30, 10
MM, 13, 30, 10
MM, 545, 592, 10
MM, 546, 592, 20
MM, 547, 592, 10
MM, 547, 593, 10
MM, 548, 593, 20
MM, 548, 594, 10
MM, 549, 594, 20
MM, 550, 594, 50
MM, 551, 594, 20
MM, 552, 595, 21
MM, 552, 596, 19
MM, 553, 596, 22
MM, 13, 0, 9
MM, 14, 0, 10
MM, 15, 1, 11
MM, 13, 2, 159
MM, 11, 2, 10
MM, 7, 2, 10
MM, 2, 0, 10
MM, 527, 594, 10
MM, 19, 30, 10
MM, 10, 27, 10
MM, 488, 581, 10
MM, 20, 20, 10
MM, 7, 20, 11
MM, 0, 20, 9
MM, 30, 14, 11
MM, 27, 14, 11
MM, 24, 13, 10
MM, 22, 12, 10
MM, 21, 12, 120
MM, 20, 12, 10
MM, 19, 12, 60
MM, 18, 12, 31
MM, 16, 12, 20
MM, 15, 12, 20
MM, 14, 12, 20
MC, 1, 111
MM, 14, 13, 90
MM, 15, 15, 10
MM, 17, 17, 10
MM, 19, 22, 10
MM, 22, 29, 10
MM, 19, 1, 10
MM, 21, 7, 10
MM, 23, 12, 10
MM, 28, 18, 10
MM, 29, 22, 11
MM, 31, 28, 9
MM, 31, 29, 10
MM, 452, 631, 11
MM, 452, 632, 10
MM, 4, 3, 10
MM, 4, 7, 10
MM, 4, 9, 11
MM, 5, 15, 9
MM, 5, 18, 10
MM, 5, 19, 10
MM, 5, 22, 10
MM, 5, 24, 10
MM, 5, 25, 10
MM, 5, 27, 10
MM, 5, 28, 10
MM, 5, 30, 10
MM, 453, 668, 10
MM, 452, 668, 10
MM, 451, 670, 10
MM, 450, 670, 60
MM, 50, 0, 221
MM, 49, 1, 10
MM, 48, 3, 10
MM, 47, 3, 10
MM, 47, 4, 10
MM, 46, 5, 20
MM, 45, 7, 20
MM, 44, 7, 10
MC, 1, 172
MM, 42, 6, 110
MM, 39, 1, 10
MM, 433, 666, 10
MM, 20, 25, 11
MM, 13, 16, 10
MM, 7, 10, 10
MM, 3, 4, 10
MM, 1, 2, 10
MM, 408, 633, 10
MM, 406, 631, 10
MM, 23, 28, 10
MM, 20, 21, 10
MM, 19, 19, 10
MM, 15, 12, 10
MM, 12, 5, 10
MM, 389, 596, 10
MM, 13, 29, 10
MM, 10, 24, 10
MM, 9, 22, 10
MM, 7, 20, 10
MM, 5, 17, 10
MM, 5, 15, 10
MM, 4, 15, 10
MM, 2, 12, 10
MM, 2, 10, 10
MM, 3, 10, 202
MM, 5, 10, 19
MM, 6, 10, 10
MM, 7, 10, 11
MM, 9, 10, 20
MM, 10, 10, 20
MM, 11, 10, 21
MM, 12, 10, 10
MC, 1, 110
MM, 13, 10, 69
MM, 14, 10, 21
MM, 16, 10, 11
MM, 19, 10, 10
MM, 22, 10, 9
MM, 26, 10, 11
MM, 32, 10, 10
MM, 35, 10, 10
MM, 410, 572, 10
MM, 412, 573, 10
MM, 413, 573, 11
MM, 414, 573, 140
MM, 0, 13, 10
MM, 1, 13, 150
MM, 2, 13, 30
MM, 3, 12, 10
MM, 4, 12, 10
MM, 5, 12, 20
MM, 6, 12, 20
MM, 8, 12, 21
MM, 9, 12, 10
MM, 10, 12, 10
MM, 11, 12, 20
MM, 12, 12, 41
MC, 1, 60
MM, 10, 14, 90
MM, 8, 16, 10
MM, 6, 18, 10
MM, 4, 20, 10
MM, 3, 21, 10
MM, 1, 22, 10
MM, 0, 23, 12
MM, 414, 584, 9
MM, 412, 587, 10
MM, 411, 587, 10
MM, 410, 589, 10
MM, 36, 30, 10
MM, 408, 591, 9
MM, 407, 592, 10
MM, 406, 594, 11
MM, 405, 595, 20
MM, 405, 596, 10
MM, 22, 2, 10
MM, 22, 3, 10
MM, 21, 4, 21
MM, 21, 5, 9
MM, 20, 5, 11
MC, 1, 141
MM, 21, 5, 58
MM, 24, 5, 11
MM, 32, 4, 10
MM, 419, 600, 10
MM, 431, 594, 10
MM, 29, 28, 10
MM, 452, 585, 10
MM, 3, 23, 10
MM, 9, 21, 10
MM, 17, 21, 10
MM, 24, 21, 10
MM, 28, 21, 10
MM, 492, 580, 10
MM, 3, 19, 10
MM, 6, 18, 10
MM, 8, 17, 11
MM, 10, 16, 10
MM, 11, 16, 10
MM, 12, 16, 40
MM, 12, 15, 20
MM, 14, 15, 11
MM, 17, 14, 19
MM, 18, 14, 11
MM, 18, 13, 20
MM, 19, 13, 20
MC, 1, 141
MM, 20, 14, 341
MM, 21, 14, 10
MM, 23, 15, 10
MM, 24, 17, 10
MM, 27, 17, 10
MM, 526, 581, 10
MM, 0, 24, 10
MM, 8, 28, 10
MM, 546, 591, 10
MM, 551, 594, 10
MM, 18, 6, 10
MM, 27, 12, 10
MM, 30, 16, 10
MM, 34, 17, 11
MM, 578, 618, 10
MM, 0, 22, 10
MM, 1, 24, 10
MM, 2, 25, 10
MM, 4, 25, 10
MM, 7, 26, 24
MM, 10, 26, 6
MM, 12, 27, 10
MM, 14, 27, 212
MM, 16, 28, 10
MM, 18, 29, 10
MM, 20, 29, 10
MM, 606, 629, 10
MM, 610, 632, 11
MM, 614, 634, 9
MM, 4, 1, 10
MM, 8, 2, 10
MM, 13, 5, 10
MM, 15, 7, 10
MM, 16, 7, 20
MM, 17, 7, 10
MM, 18, 7, 10
MM, 19, 7, 10
MM, 20, 7, 10
MM, 20, 8, 10
MM, 21, 8, 10
MM, 24, 8, 10
MM, 25, 8, 10
MM, 27, 10, 11
MM, 647, 647, 10
MM, 650, 647, 10
MM, 651, 648, 10
MM, 1, 15, 10
MM, 3, 16, 9
MM, 4, 17, 10
MM, 5, 17, 11
MM, 7, 17, 9
MM, 7, 18, 11
MM, 9, 18, 10
MM, 10, 18, 10
MM, 11, 19, 20
MM, 13, 19, 10
MM, 14, 19, 52
MM, 15, 19, 39
MM, 16, 19, 20
MM, 17, 19, 10
MC, 1, 131
MM, 18, 19, 1830
MM, 21, 17, 10
MM, 27, 13, 10
MM, 687, 639, 10
MM, 698, 631, 10
MM, 713, 621, 10
MM, 727, 616, 10
MM, 747, 608, 10
MM, 760, 601, 10
MM, 768, 597, 10
MM, 780, 591, 11
MM, 786, 587, 9
MM, 796, 585, 11
MM, 799, 583, 10
MM, 801, 582, 10
MM, 803, 582, 10
MM, 805, 582, 11
MM, 806, 582, 120
MM, 806, 581, 10
MM, 808, 579, 11
MM, 809, 578, 19
MM, 810, 577, 10
MM, 811, 575, 10
MM, 814, 569, 12
MM, 816, 566, 9
MM, 819, 561, 10
MM, 821, 560, 10
MM, 823, 558, 10
MM, 825, 555, 10
MM, 826, 555, 10
MM, 827, 554, 190
MM, 827, 555, 10
MM, 827, 557, 10
MM, 827, 558, 10
MM, 827, 560, 11
MM, 826, 563, 9
MM, 824, 566, 10
MM, 822, 570, 10
MM, 820, 573, 10
MM, 819, 574, 11
MM, 818, 576, 10
MM, 816, 577, 9
MM, 815, 578, 11
MM, 814, 580, 19
MM, 812, 581, 11
MM, 811, 583, 10
MM, 810, 585, 10
MM, 809, 586, 10
MM, 808, 587, 10
MM, 807, 588, 10
MM, 806, 589, 10
MM, 805, 590, 10
MM, 803, 592, 10
MM, 802, 593, 10
MM, 800, 596, 10
MM, 798, 597, 11
MM, 796, 599, 9
MM, 792, 602, 10
MM, 788, 606, 10
MM, 787, 608, 10
MM, 785, 609, 11
MM, 11, 0, 10
MM, 10, 1, 10
MM, 8, 3, 10
MM, 5, 5, 11
MM, 4, 7, 9
MM, 1, 9, 12
MM, 770, 624, 9
MM, 768, 627, 10
MM, 767, 629, 10
MM, 763, 633, 9
MM, 762, 636, 10
MM, 759, 640, 10
MM, 758, 642, 10
MM, 757, 644, 10
MM, 756, 647, 10
MM, 754, 652, 10
MM, 753, 653, 10
MM, 750, 659, 10
MM, 749, 663, 10
MM, 748, 667, 10
MM, 748, 669, 10
MM, 747, 670, 12
MM, 746, 672, 9
MM, 746, 673, 10
MM, 744, 674, 11
MM, 745, 674, 1699
MM, 746, 671, 10
MM, 747, 671, 9
MM, 748, 670, 12
MM, 750, 669, 9
MM, 753, 667, 10
MM, 755, 665, 10
MM, 757, 663, 10
MM, 760, 660, 10
MM, 762, 658, 10
MM, 764, 656, 10
MM, 766, 655, 11
MM, 770, 652, 9
MM, 774, 650, 10
MM, 7, 35, 10
MM, 10, 33, 10
MM, 12, 32, 10
MM, 17, 27, 10
MM, 22, 24, 10
MM, 25, 23, 11
MM, 28, 22, 10
MM, 29, 21, 10
MM, 33, 21, 10
MM, 35, 21, 10
MM, 36, 21, 10
MM, 38, 19, 20
MM, 39, 19, 30
MM, 40, 19, 40
