********************************************************************************
LOGGING TIME: 20181030_023707
CLIENT IP: 192.168.56.1
USERNAME: user-pc
OS: Windows 10
**********************************Emotional database********************************************************************************
MM, 768, 656, 1541893259397
MM, 755, 639, 116
MM, 735, 622, 8
MM, 11, 25, 11
MM, 0, 25, 9
MM, 373, 84, 10
MM, 337, 30, 10
MM, 561, 399, 10
MM, 290, 63, 11
MM, 270, 14, 9
MM, 514, 263, 10
MM, 504, 167, 372
MM, 506, 163, 10
MM, 508, 157, 9
MM, 509, 156, 11
MM, 509, 154, 10
MM, 509, 152, 10
MM, 509, 149, 20
MM, 509, 145, 10
MM, 510, 142, 11
MM, 510, 141, 9
MM, 510, 140, 10
MM, 510, 139, 10
MM, 510, 138, 10
MM, 511, 137, 10
MM, 511, 135, 20
MM, 512, 135, 12
MM, 512, 134, 9
MM, 514, 133, 9
MM, 515, 130, 11
MM, 516, 129, 9
MM, 517, 128, 11
MM, 518, 126, 10
MM, 519, 126, 10
MM, 520, 123, 10
MM, 522, 121, 10
MM, 522, 120, 30
MP, 1, 151
MR, 1, 40
MC, 1, 0
MM, 523, 120, 221
MM, 523, 118, 11
MM, 524, 117, 10
MM, 524, 116, 10
MM, 519, 115, 321
MM, 511, 123, 10
MM, 493, 135, 10
MM, 464, 166, 10
MM, 388, 255, 40
MM, 380, 269, 11
MM, 374, 277, 9
MM, 368, 281, 10
MM, 111, 0, 10
MM, 105, 6, 10
MM, 101, 9, 11
MM, 94, 16, 10
MM, 91, 19, 9
MM, 89, 21, 10
MM, 88, 23, 10
MM, 87, 23, 10
MM, 87, 25, 11
MM, 85, 27, 20
MM, 85, 29, 10
MM, 83, 29, 10
MM, 82, 32, 10
MM, 81, 33, 10
MM, 79, 34, 10
MM, 79, 36, 10
MM, 77, 36, 10
MM, 76, 39, 11
MM, 75, 39, 9
MM, 74, 41, 10
MM, 73, 42, 10
MM, 73, 43, 10
MM, 73, 44, 21
MC, 1, 101
MM, 72, 44, 59
MM, 71, 45, 19126
MM, 69, 49, 10
MM, 68, 52, 10
MM, 67, 57, 10
MM, 65, 65, 10
MM, 61, 77, 10
MM, 311, 373, 10
MM, 309, 380, 10
MM, 308, 387, 10
MM, 304, 399, 11
MM, 302, 406, 10
MM, 50, 2, 10
MM, 48, 9, 10
MM, 45, 24, 10
MM, 43, 29, 10
MM, 42, 35, 10
MM, 42, 39, 10
MM, 40, 44, 10
MM, 39, 46, 10
MM, 39, 47, 10
MM, 39, 48, 522
MM, 40, 50, 10
MM, 42, 54, 10
MM, 45, 58, 11
MM, 48, 64, 9
MM, 50, 70, 10
MM, 51, 75, 11
MM, 54, 81, 9
MM, 309, 505, 10
MM, 310, 510, 11
MM, 314, 516, 10
MM, 23, 2, 10
MM, 24, 4, 10
MM, 26, 7, 10
MM, 26, 8, 11
MM, 26, 9, 9
MM, 26, 10, 10
MM, 27, 10, 10
MM, 28, 10, 141
MM, 29, 9, 30
MM, 30, 8, 30
MM, 326, 531, 21
MM, 327, 531, 20
MM, 329, 531, 19
MM, 331, 531, 21
MM, 332, 531, 9
MM, 334, 531, 11
MM, 335, 531, 20
MM, 15, 12, 372
MM, 30, 12, 10
MM, 16, 14, 9
MM, 6, 14, 11
MM, 491, 542, 10
MM, 27, 21, 10
MM, 11, 21, 10
MM, 573, 550, 10
MM, 8, 29, 10
MM, 598, 559, 10
MM, 602, 559, 11
MM, 609, 562, 9
MM, 1, 3, 11
MM, 5, 5, 9
MM, 6, 5, 10
MM, 6, 6, 11
MM, 5, 5, 151
MM, 4, 5, 19
MM, 3, 3, 10
MM, 2, 2, 10
MM, 0, 0, 10
MM, 608, 557, 11
MM, 607, 555, 10
MM, 605, 554, 10
MM, 23, 28, 10
MM, 22, 25, 9
MM, 21, 25, 11
MM, 21, 24, 10
MM, 21, 23, 20
MM, 20, 22, 70
MM, 20, 23, 221
MM, 21, 25, 10
MM, 25, 30, 10
MM, 605, 561, 10
MM, 609, 567, 10
MM, 1, 14, 10
MM, 5, 24, 10
MM, 8, 30, 10
MM, 6, 2, 10
MM, 8, 5, 10
MM, 14, 12, 11
MM, 16, 17, 10
MM, 20, 22, 9
MM, 21, 25, 10
MM, 23, 27, 11
MM, 24, 29, 10
MM, 642, 629, 10
MM, 644, 631, 11
MM, 646, 632, 9
MM, 647, 632, 150
MM, 648, 632, 20
MM, 649, 634, 11
MM, 651, 634, 10
MM, 2, 1, 20
MM, 3, 1, 10
MM, 4, 3, 30
MM, 4, 4, 292
MM, 6, 4, 10
MM, 6, 6, 10
MM, 7, 7, 10
MM, 8, 9, 10
MM, 10, 11, 10
MM, 12, 13, 10
MM, 13, 14, 11
MM, 13, 16, 9
MM, 14, 17, 20
MM, 15, 17, 20
MM, 15, 18, 21
MC, 1, 81
MM, 14, 18, 99
MM, 12, 18, 10
MM, 10, 18, 10
MM, 6, 18, 10
MM, 1, 18, 10
MM, 646, 652, 10
MM, 18, 20, 10
MM, 4, 21, 10
MM, 29, 28, 11
MM, 577, 669, 10
MM, 149, 8, 10
MM, 121, 22, 10
MM, 498, 702, 10
MM, 487, 704, 10
MM, 476, 709, 10
MM, 466, 714, 10
MM, 458, 717, 11
MM, 451, 718, 9
MM, 450, 719, 10
MM, 449, 719, 10
MM, 447, 719, 10
MM, 447, 718, 191
MM, 447, 717, 20
MM, 449, 716, 10
MM, 449, 715, 11
MM, 450, 715, 9
MM, 451, 713, 10
MM, 452, 713, 10
MM, 453, 713, 31
MM, 453, 712, 20
MM, 454, 712, 91
MM, 454, 711, 10
MM, 455, 710, 19
MM, 455, 709, 10
MM, 456, 707, 10
MM, 457, 707, 11
MM, 458, 707, 9
MM, 458, 705, 11
MM, 459, 704, 20
MM, 460, 704, 9
MM, 460, 702, 11
MM, 462, 702, 10
MM, 62, 30, 10
MM, 62, 29, 11
MM, 63, 29, 9
MM, 63, 28, 10
MM, 64, 28, 21
MM, 64, 27, 10
MM, 64, 26, 50
MC, 1, 82
MM, 66, 26, 8
MM, 65, 25, 231
MM, 64, 24, 10
MM, 61, 22, 10
MM, 59, 20, 10
MM, 55, 15, 10
MM, 48, 9, 10
MM, 41, 1, 10
MM, 23, 30, 10
MM, 15, 24, 10
MM, 6, 18, 10
MM, 405, 644, 11
MM, 29, 3, 10
MM, 392, 631, 10
MM, 5, 28, 10
MM, 1, 26, 9
MM, 377, 619, 11
MM, 375, 617, 10
MM, 374, 616, 21
MM, 34, 19, 9
MM, 33, 18, 20
MM, 32, 18, 20
MM, 31, 18, 21
MM, 31, 16, 9
MM, 30, 16, 10
MM, 29, 15, 20
MM, 28, 15, 31
MM, 27, 15, 10
MM, 27, 14, 9
MM, 26, 14, 11
MM, 25, 14, 31
MM, 25, 13, 9
MC, 1, 102
MM, 26, 14, 58
MM, 29, 16, 10
MM, 34, 21, 11
MM, 378, 623, 10
MM, 384, 628, 10
MM, 26, 3, 11
MM, 403, 643, 9
MM, 0, 13, 10
MM, 8, 16, 11
MM, 12, 16, 9
MM, 19, 24, 10
MM, 24, 27, 10
MM, 26, 30, 10
MM, 438, 666, 10
MM, 440, 667, 10
MM, 441, 668, 11
MM, 442, 669, 10
MM, 443, 669, 60
MM, 443, 670, 50
MM, 444, 670, 50
MM, 44, 1, 20
MM, 44, 2, 30
MM, 44, 3, 20
MM, 44, 4, 10
MM, 44, 5, 10
MM, 44, 6, 21
MM, 44, 7, 19
MM, 44, 8, 31
MM, 44, 9, 10
MC, 1, 52
MM, 44, 8, 58
MM, 42, 4, 10
MM, 40, 1, 10
MM, 27, 30, 11
MM, 23, 16, 10
MM, 17, 6, 9
MM, 423, 631, 11
MM, 418, 620, 11
MM, 415, 614, 9
MM, 34, 12, 11
MM, 31, 8, 9
MM, 30, 7, 10
MM, 30, 6, 10
MM, 28, 2, 10
MM, 27, 2, 10
MM, 26, 1, 10
MM, 26, 0, 20
MM, 25, 0, 21
MM, 404, 596, 19
MM, 404, 595, 21
MM, 404, 594, 10
MM, 403, 593, 10
MM, 403, 592, 20
MM, 402, 592, 40
MM, 402, 591, 50
MM, 28, 29, 21
MM, 28, 28, 19
MM, 27, 27, 10
MM, 27, 26, 11
MM, 26, 25, 30
MM, 25, 24, 30
MM, 25, 23, 10
MM, 24, 23, 40
MC, 1, 142
MM, 23, 23, 11
MM, 21, 23, 8
MM, 20, 25, 10
MM, 18, 26, 11
MM, 14, 29, 9
MM, 384, 591, 10
MM, 381, 594, 10
MM, 378, 598, 10
MM, 374, 601, 10
MM, 29, 8, 10
MM, 27, 11, 11
MM, 24, 12, 9
MM, 22, 14, 10
MM, 21, 14, 21
MM, 20, 15, 10
MC, 1, 122
MM, 20, 14, 38
MM, 23, 13, 11
MM, 29, 10, 10
MM, 375, 602, 10
MM, 1, 1, 10
MM, 391, 593, 10
MM, 35, 29, 10
MM, 2, 27, 10
MM, 12, 23, 11
MM, 26, 18, 9
MM, 452, 578, 10
MM, 1, 17, 10
MM, 7, 15, 10
MM, 10, 15, 10
MM, 15, 15, 10
MM, 17, 15, 10
MM, 19, 15, 10
MM, 20, 15, 20
MM, 21, 15, 20
MM, 22, 15, 212
MM, 23, 15, 19
MM, 23, 14, 10
MM, 25, 13, 10
MM, 26, 13, 10
MM, 27, 13, 20
MM, 29, 13, 11
MM, 29, 12, 10
MM, 31, 12, 10
MM, 489, 572, 11
MM, 490, 572, 9
MM, 491, 572, 10
MM, 493, 572, 10
MM, 0, 12, 10
MM, 1, 12, 11
MM, 2, 11, 9
MM, 3, 11, 10
MM, 4, 11, 11
MM, 5, 11, 9
MM, 6, 11, 21
MM, 7, 11, 19
MC, 1, 184
MM, 6, 11, 68
MM, 4, 11, 10
MM, 0, 11, 10
MM, 489, 571, 10
MM, 29, 11, 10
MM, 25, 11, 11
MM, 21, 11, 10
MM, 18, 11, 10
MM, 15, 11, 9
MM, 13, 11, 10
MM, 10, 11, 10
MM, 7, 11, 11
MM, 4, 11, 10
MM, 2, 11, 10
MM, 455, 571, 10
MM, 452, 571, 20
MM, 450, 571, 10
MM, 33, 11, 10
MM, 32, 11, 11
MM, 30, 11, 9
MM, 29, 11, 10
MM, 28, 11, 10
MM, 27, 11, 21
MC, 1, 181
MM, 28, 11, 29
MM, 30, 11, 10
MM, 33, 11, 10
MM, 452, 571, 10
MM, 455, 571, 10
MM, 5, 13, 10
MM, 8, 13, 11
MM, 11, 13, 10
MM, 13, 13, 10
MM, 14, 13, 9
MM, 15, 13, 22
MC, 1, 121
MM, 14, 14, 89
MM, 11, 15, 10
MM, 8, 17, 10
MM, 7, 18, 10
MM, 4, 20, 10
MM, 2, 22, 10
MM, 1, 24, 10
MM, 455, 585, 10
MM, 453, 587, 10
MM, 450, 591, 10
MM, 450, 592, 11
MM, 448, 595, 9
MM, 447, 596, 10
MM, 25, 0, 11
MM, 24, 2, 9
MM, 24, 3, 11
MM, 23, 4, 10
MM, 22, 5, 10
MM, 23, 5, 120
MM, 26, 5, 10
MM, 29, 5, 10
MM, 33, 4, 11
MM, 457, 601, 10
MM, 460, 601, 10
MM, 0, 4, 10
MM, 3, 4, 10
MM, 5, 5, 10
MM, 6, 5, 20
MM, 7, 6, 10
MM, 8, 6, 20
MM, 8, 7, 60
MM, 9, 8, 50
MM, 9, 9, 141
MM, 6, 9, 10
MM, 0, 9, 10
MM, 32, 9, 10
MM, 24, 9, 10
MM, 13, 12, 10
MM, 0, 12, 10
MM, 33, 12, 10
MM, 26, 13, 10
MM, 18, 14, 11
MM, 12, 14, 9
MM, 7, 14, 10
MM, 5, 14, 10
MM, 2, 14, 11
MM, 1, 14, 10
MM, 0, 14, 10
MM, 379, 611, 10
MM, 378, 611, 40
MM, 377, 611, 30
MM, 376, 611, 20
MM, 375, 611, 40
MM, 374, 611, 31
MM, 34, 14, 20
MM, 33, 14, 10
MM, 33, 13, 10
MM, 32, 13, 10
MM, 31, 13, 30
MM, 30, 13, 182
MM, 32, 13, 9
MM, 375, 610, 10
MM, 0, 13, 10
MM, 4, 13, 10
MM, 14, 13, 10
MM, 28, 15, 10
MM, 1, 15, 10
MM, 20, 20, 10
MM, 4, 20, 11
MM, 30, 24, 10
MM, 519, 628, 10
MM, 536, 629, 10
MM, 553, 629, 10
MM, 576, 632, 10
MM, 593, 633, 10
MM, 35, 0, 9
MM, 1, 1, 11
MM, 9, 1, 10
MM, 17, 2, 10
MM, 21, 3, 10
MM, 26, 4, 10
MM, 28, 4, 10
MM, 30, 4, 10
MM, 648, 638, 10
MM, 650, 638, 10
MM, 1, 4, 10
MM, 3, 4, 10
MM, 6, 4, 10
MM, 8, 4, 10
MM, 10, 4, 10
MM, 12, 4, 11
MM, 14, 4, 10
MM, 15, 4, 51
MM, 15, 2, 99
MM, 667, 633, 20
MM, 667, 631, 10
MM, 9, 30, 11
MM, 9, 29, 40
MM, 9, 28, 100
MM, 9, 27, 50
MM, 9, 26, 20
MM, 9, 24, 91
MC, 1, 21
MM, 9, 23, 50
MM, 9, 22, 29
MC, 2, 183
MM, 8, 22, 521
MM, 4, 24, 10
MM, 656, 624, 10
MM, 30, 29, 10
MM, 633, 633, 10
MM, 10, 3, 11
MM, 0, 10, 9
MM, 28, 18, 10
MM, 16, 22, 10
MM, 6, 24, 10
MM, 564, 661, 11
MM, 24, 30, 9
MM, 545, 665, 10
MM, 538, 667, 11
MM, 531, 669, 9
MM, 527, 670, 10
MM, 525, 670, 10
MM, 522, 670, 11
MM, 520, 670, 10
MM, 117, 0, 10
MM, 115, 0, 11
MM, 114, 0, 9
MM, 113, 0, 10
MM, 109, 2, 10
MM, 108, 2, 31
MC, 1, 393
MM, 108, 3, 79
MM, 110, 2, 90
MM, 516, 668, 11
MM, 525, 660, 10
MM, 11, 8, 10
MM, 25, 23, 10
MM, 4, 6, 10
MM, 600, 591, 10
MM, 0, 15, 10
MM, 8, 9, 9
MM, 18, 5, 12
MM, 22, 3, 9
MM, 24, 1, 10
MM, 26, 1, 10
MM, 27, 1, 40
MM, 27, 0, 110
MM, 639, 559, 11
MM, 640, 558, 19
MM, 640, 559, 121
MM, 29, 0, 10
MM, 28, 4, 11
MM, 25, 5, 10
MM, 24, 7, 10
MM, 23, 8, 10
MM, 22, 9, 10
MM, 21, 10, 10
MM, 20, 11, 10
MM, 19, 11, 10
MM, 18, 11, 19
MC, 1, 163
MM, 16, 12, 59
MM, 15, 16, 10
MM, 11, 19, 11
MM, 2, 26, 9
MM, 608, 592, 10
MM, 20, 2, 10
MM, 15, 9, 10
MM, 7, 19, 10
MM, 2, 26, 10
MM, 575, 633, 10
MM, 0, 2, 11
MM, 569, 638, 9
MM, 567, 640, 11
MM, 565, 641, 9
MM, 34, 8, 20
MM, 33, 10, 10
MM, 32, 10, 10
MM, 32, 11, 10
MM, 30, 11, 10
MM, 29, 13, 21
MM, 28, 13, 10
MM, 27, 13, 11
MM, 26, 13, 9
MM, 24, 14, 21
MM, 24, 15, 10
MM, 23, 15, 10
MM, 22, 15, 10
MM, 21, 15, 9
MM, 20, 16, 10
MM, 19, 16, 21
MC, 1, 142
MM, 19, 17, 18
MM, 18, 17, 182
MM, 17, 17, 30
MM, 15, 18, 10
MM, 12, 18, 10
MM, 7, 21, 10
MM, 3, 22, 10
MM, 1, 23, 10
MM, 526, 659, 10
MM, 523, 660, 10
MM, 29, 30, 10
MM, 514, 665, 10
MM, 511, 667, 10
MM, 507, 668, 10
MM, 505, 670, 10
MM, 102, 0, 10
MM, 100, 0, 10
MM, 98, 2, 10
MM, 97, 3, 11
MM, 96, 3, 9
MM, 95, 4, 10
MM, 94, 5, 11
MM, 93, 5, 20
MM, 93, 6, 9
MM, 92, 6, 11
MM, 92, 7, 19
MM, 91, 7, 11
MC, 1, 61
MM, 91, 6, 99
MM, 95, 3, 11
MM, 499, 670, 9
MM, 19, 26, 11
MM, 23, 20, 10
MM, 28, 16, 9
MM, 524, 642, 11
MM, 528, 641, 9
MM, 4, 5, 10
MM, 7, 2, 11
MM, 11, 0, 10
MM, 542, 633, 10
MM, 545, 630, 10
MM, 547, 628, 10
MM, 8, 30, 10
MM, 9, 29, 10
MM, 10, 29, 20
MM, 10, 28, 10
MM, 10, 27, 10
MM, 12, 26, 21
MM, 13, 26, 9
MM, 14, 23, 10
MM, 15, 22, 21
MM, 15, 21, 30
MM, 16, 21, 10
MC, 1, 122
MM, 15, 21, 39
MM, 13, 21, 10
MM, 10, 21, 10
MM, 5, 21, 9
MM, 534, 618, 11
MM, 22, 22, 10
MM, 4, 27, 10
MM, 9, 27, 10
MM, 442, 629, 10
MM, 420, 629, 11
MM, 24, 0, 9
MM, 10, 0, 11
MM, 2, 1, 9
MM, 28, 1, 10
MM, 20, 1, 11
MM, 16, 1, 10
MM, 13, 1, 9
MM, 11, 1, 10
MM, 9, 1, 11
MM, 8, 1, 30
MM, 8, 0, 161
MM, 340, 632, 20
MM, 341, 632, 9
MM, 342, 630, 11
MM, 345, 629, 10
MM, 346, 628, 10
MM, 8, 30, 10
MM, 10, 27, 10
MM, 12, 26, 10
MM, 13, 24, 10
MM, 13, 23, 10
MM, 14, 22, 10
MM, 15, 22, 40
MC, 1, 123
MM, 15, 21, 48
MM, 15, 20, 31
MM, 15, 18, 9
MM, 17, 16, 10
MM, 17, 13, 10
MM, 18, 10, 10
MM, 19, 8, 11
MM, 22, 5, 9
MM, 22, 3, 11
MM, 25, 1, 10
MM, 25, 0, 10
MM, 364, 595, 10
MM, 365, 594, 10
MM, 366, 593, 20
MM, 366, 592, 10
MM, 367, 591, 10
MM, 368, 590, 30
MM, 370, 588, 20
MM, 371, 587, 10
MM, 371, 586, 10
MM, 0, 25, 11
MM, 1, 25, 20
MM, 1, 24, 10
MM, 1, 23, 80
MM, 1, 22, 21
MM, 2, 22, 9
MM, 3, 22, 31
MM, 3, 21, 9
MC, 1, 33
MM, 0, 25, 128
MM, 369, 588, 10
MM, 365, 593, 10
MM, 23, 0, 10
MM, 19, 2, 10
MM, 17, 4, 11
MM, 15, 7, 10
MM, 13, 8, 11
MM, 12, 10, 8
MM, 11, 11, 11
MM, 11, 12, 10
MC, 1, 162
MM, 12, 12, 69
MM, 16, 11, 10
MM, 23, 9, 10
MM, 30, 8, 10
MM, 0, 6, 10
MM, 18, 5, 10
MM, 31, 4, 11
MM, 13, 0, 9
MM, 460, 594, 10
MM, 485, 592, 10
MM, 17, 29, 10
MM, 6, 26, 10
MM, 22, 26, 11
MM, 1, 24, 10
MM, 12, 24, 10
MM, 17, 24, 10
MM, 20, 23, 10
MM, 21, 23, 10
MM, 22, 23, 9
MM, 23, 23, 11
MM, 23, 22, 110
MM, 23, 21, 60
MM, 23, 20, 21
MM, 24, 20, 20
MM, 26, 19, 91
MM, 27, 18, 9
MM, 28, 17, 10
MM, 29, 16, 11
MM, 31, 16, 10
MM, 33, 16, 10
MM, 34, 16, 10
MM, 605, 576, 30
MM, 608, 576, 30
MM, 610, 576, 10
MM, 1, 16, 10
MM, 2, 16, 41
MC, 1, 220
MC, 2, 171
MM, 2, 18, 302
MM, 1, 21, 9
MM, 610, 582, 11
MM, 609, 584, 9
MM, 607, 587, 10
MM, 605, 587, 11
MM, 34, 30, 10
MM, 600, 595, 9
MM, 14, 4, 11
MM, 4, 13, 11
MM, 33, 22, 9
MM, 25, 30, 10
MM, 556, 631, 10
MM, 21, 5, 11
MM, 16, 10, 10
MM, 8, 17, 9
MM, 2, 22, 10
MM, 527, 659, 10
MM, 523, 661, 12
MM, 32, 30, 9
MM, 517, 666, 9
MM, 514, 666, 11
MM, 513, 669, 9
MM, 511, 670, 10
MM, 510, 670, 11
MM, 110, 1, 9
MM, 108, 2, 11
MM, 107, 2, 20
MM, 106, 3, 10
MM, 106, 4, 70
MM, 105, 4, 60
MM, 104, 5, 61
MM, 103, 6, 10
MM, 103, 7, 22
MM, 102, 8, 19
MM, 102, 9, 9
MM, 102, 10, 10
MM, 102, 11, 11
MM, 101, 9, 170
MM, 101, 6, 10
MM, 101, 0, 10
MM, 13, 30, 11
MM, 13, 22, 9
MM, 13, 18, 11
MM, 13, 15, 10
MM, 14, 12, 9
MM, 15, 10, 10
MM, 16, 8, 10
MM, 17, 5, 11
MM, 18, 4, 9
MM, 18, 2, 11
MM, 18, 1, 10
MM, 19, 0, 9
MM, 20, 0, 41
MM, 508, 633, 20
MM, 508, 632, 20
MM, 508, 631, 31
MM, 509, 631, 10
MM, 509, 630, 10
MM, 509, 629, 50
MM, 510, 629, 10
MM, 510, 628, 10
MM, 12, 30, 31
MM, 12, 28, 120
MM, 12, 27, 30
MM, 12, 26, 20
MM, 12, 25, 10
MM, 12, 24, 10
MM, 13, 24, 10
MM, 13, 23, 10
MM, 13, 22, 10
MM, 13, 21, 10
MM, 13, 20, 31
MC, 1, 122
MM, 14, 20, 28
MM, 15, 20, 10
MM, 17, 19, 20
MM, 20, 18, 10
MM, 25, 17, 10
MM, 29, 15, 10
MM, 534, 610, 10
MM, 3, 12, 10
MM, 14, 10, 10
MM, 26, 6, 10
MM, 577, 597, 11
MM, 12, 0, 10
MM, 612, 593, 9
MM, 621, 591, 10
MM, 19, 30, 10
MM, 29, 30, 11
MM, 0, 30, 9
MM, 7, 30, 11
MM, 13, 29, 10
MM, 14, 28, 20
MC, 1, 364
MM, 11, 27, 289
MM, 5, 27, 10
MM, 645, 587, 10
MM, 23, 27, 11
MM, 4, 27, 9
MM, 33, 27, 10
MM, 11, 27, 10
MM, 26, 27, 10
MM, 9, 27, 10
MM, 17, 21, 11
MM, 30, 21, 10
MM, 17, 17, 9
MM, 0, 16, 10
MM, 32, 14, 11
MM, 25, 14, 9
MM, 22, 14, 11
MM, 20, 14, 10
MM, 19, 14, 10
MM, 18, 14, 10
MM, 17, 14, 241
MM, 16, 14, 31
MM, 15, 14, 19
MC, 1, 143
MM, 12, 15, 49
MM, 11, 16, 10
MM, 9, 20, 9
MM, 7, 22, 10
MM, 5, 24, 10
MM, 2, 29, 11
MM, 415, 591, 10
MM, 413, 593, 10
MM, 412, 596, 10
MM, 31, 0, 10
MM, 30, 2, 10
MM, 28, 4, 10
MM, 27, 6, 11
MM, 26, 7, 9
MM, 25, 8, 10
MM, 25, 9, 21
MM, 25, 10, 10
MM, 24, 11, 19
MM, 24, 12, 31
MC, 1, 82
MM, 24, 13, 118
MM, 25, 15, 10
MM, 27, 16, 11
MM, 31, 20, 9
MM, 415, 621, 10
MM, 418, 626, 10
MM, 422, 630, 11
MM, 20, 4, 10
MM, 24, 6, 9
MM, 30, 10, 11
MM, 443, 648, 10
MM, 446, 649, 10
MM, 1, 20, 10
MM, 3, 21, 11
MM, 4, 23, 10
MM, 5, 23, 10
MM, 6, 24, 10
MM, 7, 25, 9
MM, 8, 26, 20
MM, 9, 26, 31
MM, 10, 28, 20
MM, 11, 28, 30
MM, 11, 29, 10
MM, 12, 30, 31
MM, 13, 30, 19
MM, 462, 666, 11
MM, 463, 666, 9
MM, 463, 667, 10
MM, 464, 667, 10
MM, 65, 0, 10
MM, 66, 2, 10
MM, 67, 5, 10
MM, 68, 8, 10
MM, 68, 10, 10
MM, 69, 11, 11
MM, 70, 12, 10
MM, 71, 12, 10
MC, 1, 604
MM, 72, 12, 59
MM, 73, 11, 20
MM, 75, 9, 10
MM, 81, 4, 10
MM, 488, 669, 10
MM, 8, 26, 10
MM, 16, 17, 10
MM, 22, 13, 10
MM, 30, 8, 11
MM, 527, 639, 9
MM, 533, 633, 11
MM, 0, 29, 10
MM, 3, 25, 9
MM, 7, 22, 11
MM, 9, 20, 9
MM, 11, 18, 10
MM, 15, 13, 11
MM, 17, 11, 10
MM, 19, 10, 10
MM, 21, 8, 10
MM, 22, 8, 10
MM, 25, 5, 10
MM, 28, 2, 10
MM, 571, 593, 11
MM, 4, 29, 10
MM, 5, 27, 9
MM, 6, 25, 41
MC, 1, 273
MM, 7, 25, 68
MM, 9, 25, 10
MM, 11, 25, 10
MM, 18, 26, 10
MM, 25, 28, 10
MM, 604, 591, 10
MM, 612, 594, 10
MM, 623, 594, 11
MM, 636, 594, 10
MM, 648, 595, 9
MM, 654, 593, 10
MM, 655, 593, 242
MM, 659, 591, 10
MM, 14, 29, 10
MM, 18, 29, 10
MM, 21, 27, 11
MM, 26, 26, 10
MM, 30, 25, 9
MM, 33, 24, 10
MM, 683, 584, 10
MM, 685, 584, 11
MM, 688, 584, 9
MM, 2, 24, 10
MM, 3, 24, 10
MM, 5, 24, 20
MM, 6, 23, 10
MM, 7, 23, 11
MM, 8, 23, 20
MM, 8, 22, 20
MC, 1, 162
MM, 6, 22, 89
MM, 688, 585, 10
MM, 30, 29, 10
MM, 665, 596, 10
MM, 16, 15, 10
MM, 29, 30, 10
MM, 14, 4, 10
MM, 32, 13, 10
MM, 12, 22, 10
MM, 532, 667, 10
MM, 114, 3, 11
MM, 103, 9, 10
MM, 97, 11, 10
MM, 94, 13, 10
MM, 91, 16, 10
MM, 89, 18, 10
MM, 89, 19, 10
MM, 87, 20, 10
MC, 1, 333
MM, 86, 20, 69
MM, 85, 20, 10
MM, 83, 16, 10
MM, 78, 12, 10
MM, 72, 2, 10
MM, 17, 30, 10
MM, 5, 13, 10
MM, 444, 633, 10
MM, 9, 26, 10
MM, 3, 17, 10
MM, 416, 609, 11
MM, 32, 9, 10
MM, 29, 8, 10
MM, 27, 6, 10
MM, 25, 5, 10
MM, 24, 5, 20
MM, 23, 5, 40
MM, 22, 4, 51
MM, 21, 4, 20
MM, 20, 4, 20
MC, 1, 182
MM, 22, 4, 38
MM, 24, 4, 11
MM, 27, 4, 9
MM, 33, 4, 11
MM, 3, 4, 9
MM, 14, 3, 11
MM, 453, 596, 10
MM, 484, 593, 10
MM, 14, 27, 10
MM, 1, 27, 10
MM, 30, 22, 10
MM, 5, 20, 10
MM, 22, 17, 10
MM, 2, 17, 10
MM, 13, 17, 10
MM, 19, 17, 10
MM, 22, 17, 10
MM, 25, 17, 11
MM, 26, 17, 9
MM, 27, 17, 11
MM, 28, 17, 9
MM, 28, 16, 31
MM, 29, 16, 10
MM, 642, 576, 10
MM, 643, 576, 20
MM, 644, 576, 20
MM, 645, 576, 10
MM, 646, 576, 10
MM, 647, 576, 10
MM, 0, 16, 10
MM, 1, 16, 31
MM, 2, 16, 40
MM, 4, 16, 29
MM, 6, 16, 11
MM, 7, 16, 10
MM, 8, 16, 9
MM, 9, 16, 11
MM, 11, 16, 20
MC, 1, 142
MM, 9, 19, 39
MM, 5, 26, 10
MM, 648, 592, 10
MM, 25, 1, 10
MM, 17, 9, 10
MM, 12, 16, 10
MM, 8, 26, 10
MM, 622, 630, 10
MM, 616, 632, 10
MM, 612, 638, 10
MM, 610, 639, 10
MM, 37, 8, 10
MM, 35, 11, 11
MM, 33, 13, 10
MM, 32, 13, 19
MC, 1, 283
MM, 31, 13, 39
MM, 30, 13, 10
MM, 28, 13, 10
MM, 26, 13, 10
MM, 20, 12, 10
MM, 11, 12, 10
MM, 1, 9, 10
MM, 28, 4, 11
MM, 540, 631, 10
MM, 29, 30, 9
MM, 6, 20, 10
MM, 20, 8, 10
MM, 465, 594, 11
MM, 455, 587, 10
MM, 31, 20, 10
MM, 21, 16, 10
MM, 15, 14, 10
MM, 12, 13, 10
MM, 10, 13, 10
MM, 8, 13, 10
MM, 7, 13, 30
MC, 1, 303
MM, 9, 13, 59
MM, 11, 13, 10
MM, 15, 13, 10
MM, 18, 13, 11
MM, 22, 13, 10
MM, 27, 13, 9
MM, 34, 13, 11
MM, 2, 13, 9
MM, 6, 13, 11
MM, 13, 13, 10
MM, 17, 13, 10
MM, 22, 13, 9
MM, 26, 13, 11
MM, 28, 13, 10
MM, 30, 13, 10
MM, 31, 13, 10
MM, 489, 573, 10
MM, 490, 573, 21
MM, 491, 573, 19
MM, 492, 573, 10
MM, 493, 573, 10
MP, 1, 192
MR, 1, 31
MC, 1, 0
MM, 0, 13, 39
MM, 2, 13, 20
MM, 5, 13, 10
MM, 9, 13, 10
MM, 15, 13, 10
MM, 26, 12, 10
MM, 530, 571, 10
MM, 5, 11, 10
MM, 17, 11, 10
MM, 27, 11, 10
MM, 566, 571, 10
MM, 3, 12, 10
MM, 11, 14, 11
MM, 18, 14, 10
MM, 22, 15, 10
MM, 24, 16, 10
MM, 25, 16, 211
MM, 26, 16, 19
MM, 27, 16, 10
MM, 29, 16, 11
MM, 31, 16, 9
MM, 33, 15, 10
MM, 605, 574, 10
MM, 608, 573, 10
MM, 609, 573, 20
MM, 610, 573, 61
MM, 610, 570, 9
MM, 0, 10, 203
MM, 1, 10, 9
MM, 4, 10, 10
MM, 7, 10, 11
MM, 10, 10, 9
MM, 13, 10, 11
MM, 15, 10, 9
MM, 17, 10, 11
MM, 18, 10, 10
MM, 19, 10, 10
MC, 1, 162
MM, 18, 11, 18
MM, 15, 14, 11
MM, 13, 17, 10
MM, 9, 20, 10
MM, 5, 25, 10
MM, 611, 591, 10
MM, 608, 595, 10
MM, 24, 6, 11
MM, 21, 10, 10
MM, 17, 15, 9
MM, 15, 18, 10
MM, 14, 20, 11
MM, 12, 22, 9
MM, 12, 23, 10
MM, 11, 24, 11
MM, 11, 27, 10
MM, 10, 28, 19
MM, 10, 29, 21
MM, 10, 30, 81
MM, 591, 628, 9
MM, 591, 629, 10
MM, 590, 629, 10
MM, 590, 630, 10
MM, 590, 631, 11
MM, 590, 632, 19
MM, 19, 0, 10
MM, 18, 3, 21
MM, 18, 4, 10
MM, 18, 6, 10
MM, 18, 8, 10
MM, 18, 9, 19
MM, 17, 9, 20
MC, 1, 143
MM, 15, 9, 29
MM, 12, 9, 10
MM, 6, 8, 10
MM, 567, 636, 10
MM, 558, 631, 10
MM, 7, 25, 10
MM, 23, 10, 10
MM, 5, 1, 10
MM, 28, 22, 10
MM, 19, 16, 10
MM, 4, 9, 11
MM, 34, 2, 10
MM, 443, 559, 9
MM, 437, 557, 10
MM, 431, 554, 11
MM, 13, 30, 9
MM, 10, 29, 10
MM, 8, 28, 11
MM, 6, 28, 9
MM, 5, 28, 10
MM, 5, 27, 11
MM, 5, 29, 190
MM, 419, 555, 21
MM, 420, 557, 10
MM, 421, 559, 10
MM, 6, 0, 10
MM, 6, 1, 10
MM, 7, 3, 10
MM, 8, 3, 10
MM, 8, 4, 10
MM, 8, 5, 20
MM, 9, 6, 11
MM, 9, 8, 210
MM, 9, 9, 81
MM, 9, 10, 20
MM, 9, 11, 10
MM, 8, 11, 10
MM, 5, 13, 10
MM, 4, 14, 10
MM, 2, 16, 10
MM, 414, 577, 10
MM, 412, 581, 10
MM, 35, 22, 10
MM, 33, 24, 10
MM, 31, 26, 10
MM, 28, 28, 11
MM, 26, 30, 9
MM, 396, 592, 10
MM, 394, 593, 10
MM, 394, 594, 11
MM, 393, 595, 9
MM, 392, 595, 11
MM, 392, 596, 10
MM, 11, 1, 50
MM, 11, 2, 40
MM, 11, 3, 41
MM, 11, 5, 9
MM, 11, 6, 20
MM, 11, 7, 11
MM, 11, 8, 9
MM, 11, 9, 11
MM, 11, 9, 120
MM, 12, 9, 241
MM, 14, 10, 10
MM, 15, 12, 11
MM, 19, 15, 9
MM, 21, 18, 11
MM, 26, 21, 10
MM, 31, 27, 10
MM, 416, 630, 10
MM, 11, 5, 10
MM, 15, 13, 10
MM, 21, 18, 10
MM, 24, 22, 10
MM, 28, 29, 10
MM, 440, 665, 10
MM, 441, 667, 10
MM, 445, 670, 10
MM, 46, 1, 21
MM, 46, 2, 20
MM, 46, 4, 230
MM, 46, 5, 31
MM, 46, 6, 20
MM, 46, 7, 10
MM, 46, 8, 10
MM, 46, 10, 10
MM, 46, 11, 21
MM, 46, 12, 20
MC, 1, 151
MM, 47, 12, 29
MM, 49, 11, 10
MM, 55, 8, 10
MM, 62, 4, 10
MM, 474, 669, 11
MM, 486, 662, 9
MM, 9, 22, 10
MM, 20, 17, 10
MM, 527, 639, 10
MM, 538, 633, 10
MM, 550, 629, 10
MM, 22, 26, 10
MM, 34, 22, 11
MM, 0, 19, 9
MM, 7, 17, 10
MM, 12, 11, 11
MM, 17, 7, 10
MM, 22, 4, 10
MM, 27, 0, 10
MM, 614, 591, 10
MM, 8, 28, 10
MM, 10, 27, 10
MM, 10, 25, 11
MM, 11, 24, 19
MM, 12, 23, 50
MM, 13, 20, 10
MC, 1, 272
MM, 12, 21, 70
MM, 9, 22, 10
MM, 5, 25, 10
MM, 609, 590, 10
MM, 600, 596, 11
MM, 13, 3, 9
MM, 9, 7, 11
MM, 2, 12, 10
MM, 576, 614, 10
MM, 32, 20, 10
MM, 29, 23, 10
MM, 27, 23, 10
MM, 27, 24, 10
MM, 26, 24, 10
MM, 26, 25, 60
MM, 25, 26, 80
MM, 24, 27, 21
MM, 24, 29, 10
MM, 24, 30, 10
MM, 563, 628, 10
MM, 562, 630, 10
MM, 561, 633, 10
MM, 31, 0, 10
MM, 29, 3, 11
MM, 27, 6, 9
MM, 26, 7, 10
MM, 24, 9, 10
MM, 23, 11, 10
MM, 22, 11, 10
MM, 21, 13, 10
MM, 19, 13, 182
MM, 18, 13, 10
MM, 15, 13, 9
MM, 10, 13, 10
MM, 3, 11, 10
MM, 524, 643, 11
MM, 24, 5, 10
MM, 10, 3, 10
MM, 1, 0, 9
MM, 476, 629, 11
MM, 3, 29, 10
MM, 33, 26, 10
MM, 24, 21, 10
MM, 16, 17, 10
MM, 12, 16, 10
MM, 6, 15, 10
MM, 0, 15, 10
MM, 419, 612, 11
MM, 416, 612, 10
MM, 415, 612, 9
MM, 415, 611, 10
MM, 34, 14, 11
MM, 33, 14, 19
MM, 32, 14, 41
MM, 31, 14, 20
MM, 30, 14, 29
MM, 29, 14, 11
MM, 28, 13, 20
MM, 27, 13, 30
MM, 26, 13, 30
MM, 25, 13, 20
MM, 24, 13, 30
MM, 23, 13, 31
MM, 25, 12, 130
MM, 28, 11, 11
MM, 30, 11, 10
MM, 33, 11, 9
MM, 416, 607, 10
MM, 1, 8, 10
MM, 7, 6, 10
MM, 14, 4, 11
MM, 19, 3, 9
MM, 26, 0, 11
MM, 455, 594, 9
MM, 5, 29, 11
MM, 9, 26, 10
MM, 12, 25, 10
MM, 15, 24, 10
MM, 17, 22, 10
MM, 18, 22, 10
MM, 19, 21, 10
MM, 20, 20, 10
MM, 21, 20, 10
MM, 23, 19, 10
MM, 23, 18, 10
MM, 24, 18, 10
MM, 25, 17, 10
MM, 26, 17, 11
MM, 27, 17, 10
MM, 27, 16, 10
MM, 28, 16, 9
MM, 29, 16, 21
MM, 30, 16, 10
MM, 31, 16, 40
MM, 488, 576, 19
MM, 488, 575, 12
MM, 489, 575, 9
MM, 490, 575, 10
MM, 491, 575, 20
MM, 492, 575, 20
MM, 493, 575, 20
MM, 0, 15, 30
MC, 1, 143
MM, 493, 575, 59
MM, 491, 575, 9
MM, 488, 575, 10
MM, 28, 15, 10
MM, 20, 15, 11
MM, 14, 15, 10
MM, 9, 15, 10
MM, 3, 16, 10
MM, 455, 576, 10
MM, 451, 576, 10
MM, 33, 16, 10
MM, 31, 16, 10
MM, 28, 17, 10
MM, 26, 17, 10
MM, 25, 17, 11
MM, 24, 17, 9
MM, 23, 18, 10
MM, 22, 18, 20
MM, 21, 18, 112
MM, 17, 18, 149
MM, 16, 18, 11
MM, 13, 18, 10
MM, 11, 18, 10
MM, 9, 18, 10
MM, 7, 20, 10
MM, 0, 24, 10
MM, 409, 586, 10
MM, 33, 29, 10
MM, 401, 591, 10
MM, 396, 595, 10
MM, 11, 0, 10
MM, 7, 0, 10
MM, 5, 1, 11
MM, 3, 1, 9
MM, 1, 2, 10
MM, 378, 600, 10
MM, 377, 600, 10
MM, 376, 601, 11
MM, 374, 602, 10
MM, 34, 6, 10
MM, 33, 6, 10
MM, 31, 7, 10
MM, 30, 8, 20
MM, 28, 8, 10
MM, 26, 9, 20
MM, 26, 10, 20
MM, 25, 10, 10
MM, 24, 10, 10
MM, 23, 10, 31
MM, 22, 10, 60
MC, 1, 102
MM, 23, 10, 38
MM, 24, 10, 11
MM, 27, 10, 9
MM, 31, 10, 11
MM, 374, 609, 9
MM, 0, 15, 11
MM, 7, 16, 10
MM, 15, 17, 11
MM, 20, 19, 9
MM, 24, 19, 10
MM, 30, 20, 11
MM, 33, 20, 9
MM, 416, 617, 10
MM, 418, 617, 10
MM, 420, 617, 10
MM, 0, 20, 11
MM, 1, 20, 9
MM, 2, 20, 20
MM, 3, 20, 71
MC, 1, 142
MM, 4, 20, 59
MM, 5, 20, 20
MM, 6, 20, 10
MM, 8, 20, 10
MM, 10, 22, 10
MM, 15, 23, 11
MM, 18, 27, 10
MM, 23, 30, 9
MM, 0, 0, 10
MM, 5, 6, 10
MM, 15, 16, 11
MM, 22, 21, 9
MM, 28, 26, 11
MM, 31, 30, 9
MM, 484, 667, 11
MM, 486, 667, 10
MM, 88, 1, 9
MM, 90, 1, 10
MM, 91, 3, 11
MM, 92, 3, 10
MM, 92, 4, 10
MM, 93, 5, 10
MM, 93, 6, 40
MC, 1, 172
MM, 94, 6, 29
MM, 95, 6, 80
MM, 97, 6, 10
MM, 99, 6, 10
MM, 102, 6, 11
MM, 105, 4, 10
MM, 112, 1, 10
MM, 521, 668, 10
MM, 526, 667, 10
MM, 532, 665, 9
MM, 13, 29, 12
MM, 23, 23, 10
MM, 34, 16, 9
MM, 4, 8, 10
MM, 584, 633, 10
MM, 17, 23, 10
MM, 27, 18, 10
MM, 614, 613, 10
MM, 617, 610, 10
MM, 1, 12, 10
MM, 4, 11, 11
MM, 7, 7, 9
MM, 12, 4, 10
MM, 15, 0, 11
MM, 642, 591, 9
MM, 0, 26, 10
MM, 4, 22, 11
MM, 6, 20, 9
MM, 7, 19, 11
MM, 8, 19, 59
MM, 9, 19, 11
MM, 10, 19, 10
MM, 10, 17, 110
MM, 11, 17, 10
MM, 11, 16, 12
MM, 11, 15, 39
MM, 12, 14, 10
MC, 1, 112
MM, 11, 14, 49
MM, 9, 14, 10
MM, 4, 14, 10
MM, 644, 579, 10
MM, 18, 20, 10
MM, 6, 22, 10
MM, 32, 24, 10
MM, 12, 27, 10
MM, 0, 28, 10
MM, 24, 30, 10
MM, 541, 593, 10
MM, 532, 595, 10
MM, 23, 2, 11
MM, 16, 3, 9
MM, 11, 3, 10
MM, 5, 4, 10
MM, 3, 4, 12
MM, 1, 6, 8
MM, 497, 603, 11
MM, 496, 603, 10
MM, 496, 604, 10
MM, 494, 604, 10
MM, 493, 604, 40
MM, 30, 7, 151
MM, 30, 8, 10
MM, 29, 8, 10
MM, 28, 8, 11
MM, 27, 9, 9
MM, 26, 9, 11
MM, 25, 9, 10
MM, 23, 10, 9
MM, 22, 10, 11
MM, 21, 10, 10
MM, 20, 10, 20
MC, 1, 142
MM, 20, 11, 18
MM, 20, 12, 10
MM, 20, 15, 11
MM, 20, 17, 10
MM, 20, 22, 9
MM, 20, 26, 10
MM, 20, 29, 10
MM, 482, 630, 11
MM, 482, 632, 9
MM, 482, 635, 10
MM, 482, 639, 11
MM, 32, 6, 10
MM, 32, 9, 10
MM, 31, 10, 10
MM, 31, 12, 10
MM, 31, 14, 10
MM, 31, 15, 10
MM, 30, 17, 10
MM, 30, 18, 10
MM, 28, 20, 10
MM, 28, 21, 20
MM, 28, 22, 40
MM, 28, 24, 91
MM, 27, 26, 60
MM, 27, 27, 41
MM, 27, 29, 39
MC, 1, 32
MM, 476, 667, 59
MM, 476, 668, 442
MM, 475, 669, 30
MM, 474, 670, 11
MM, 74, 0, 9
MM, 74, 3, 11
MM, 73, 3, 10
MM, 73, 4, 10
MM, 73, 5, 10
MM, 72, 6, 11
MM, 71, 7, 9
MM, 71, 8, 10
MM, 70, 10, 11
MM, 70, 11, 19
MM, 69, 11, 20
MM, 70, 11, 151
MM, 71, 11, 21
MM, 72, 10, 10
MM, 73, 10, 9
MM, 74, 10, 20
MM, 75, 10, 10
MM, 77, 10, 10
MM, 78, 10, 21
MM, 79, 9, 10
MM, 80, 9, 10
MM, 81, 9, 21
MM, 82, 9, 9
MM, 83, 9, 70
MM, 84, 8, 20
MM, 86, 7, 11
MM, 91, 5, 9
MM, 99, 2, 10
MM, 511, 668, 10
MM, 528, 662, 10
MM, 22, 19, 10
MM, 8, 11, 11
MM, 612, 632, 9
MM, 654, 609, 10
MM, 3, 27, 11
MM, 729, 566, 10
MM, 753, 552, 9
MM, 799, 519, 31
MM, 805, 515, 10
MM, 808, 511, 10
MM, 808, 509, 20
MM, 809, 509, 242
MM, 810, 511, 30
MM, 811, 513, 10
MM, 811, 516, 10
MM, 811, 520, 9
MM, 811, 522, 10
MM, 764, 545, 342
MM, 34, 24, 11
MM, 6, 2, 9
MM, 2, 11, 11
MM, 606, 586, 10
MM, 31, 7, 9
MM, 5, 20, 11
MM, 33, 2, 11
MM, 12, 10, 8
MM, 2, 10, 11
MM, 0, 12, 311
MM, 0, 13, 10
MM, 487, 647, 10
MM, 486, 648, 10
MM, 486, 649, 11
MM, 485, 649, 9
MM, 483, 649, 11
MM, 32, 15, 20
MM, 31, 16, 10
MM, 30, 17, 10
MM, 28, 17, 11
MM, 26, 17, 19
MM, 25, 17, 21
MM, 24, 18, 50
MM, 24, 19, 19
MM, 23, 20, 11
MM, 22, 21, 9
MM, 22, 22, 10
MM, 21, 25, 11
MM, 21, 29, 10
MM, 469, 665, 10
MM, 468, 667, 11
MM, 468, 669, 9
MM, 65, 1, 10
MM, 65, 3, 10
MM, 62, 4, 11
MM, 62, 6, 9
MM, 61, 9, 10
MM, 60, 10, 11
MM, 59, 12, 9
MM, 58, 14, 10
MM, 57, 15, 21
MM, 56, 15, 10
MM, 56, 16, 30
MC, 1, 132
MM, 55, 15, 99
MM, 54, 14, 10
MM, 52, 8, 10
MM, 50, 5, 10
MM, 449, 670, 10
MM, 448, 663, 11
MM, 444, 654, 10
MM, 32, 13, 9
MM, 31, 7, 10
MM, 29, 3, 10
MM, 437, 633, 11
MM, 437, 629, 9
MM, 14, 29, 10
MM, 12, 24, 10
MM, 12, 22, 10
MM, 12, 20, 11
MM, 12, 19, 9
MM, 12, 18, 20
MM, 12, 17, 10
MM, 12, 16, 30
MM, 12, 15, 21
MC, 1, 213
MM, 14, 15, 58
MM, 16, 15, 10
MM, 20, 13, 10
MM, 27, 10, 10
MM, 0, 9, 10
MM, 17, 4, 10
MM, 496, 596, 10
MM, 525, 591, 11
MM, 19, 29, 9
MM, 568, 587, 11
MM, 24, 22, 10
MM, 5, 22, 10
MM, 17, 22, 11
MM, 647, 581, 9
MM, 9, 21, 10
MM, 17, 22, 10
MM, 22, 22, 10
MC, 1, 384
MM, 20, 22, 38
MM, 14, 22, 10
MM, 4, 22, 11
MM, 642, 582, 9
MM, 9, 22, 10
MM, 27, 25, 10
MM, 565, 585, 11
MM, 527, 585, 10
MM, 11, 25, 9
MM, 19, 25, 11
MM, 5, 25, 9
MM, 450, 582, 10
MM, 22, 22, 11
MM, 11, 21, 9
MM, 3, 21, 11
MM, 0, 21, 10
MM, 413, 580, 10
MM, 412, 580, 10
MM, 411, 579, 10
MM, 410, 579, 10
MM, 409, 579, 171
MM, 36, 19, 10
MM, 35, 19, 10
MM, 34, 19, 11
MM, 32, 19, 9
MM, 30, 19, 11
MM, 29, 19, 9
MM, 28, 19, 10
MM, 27, 19, 10
MM, 26, 19, 10
MM, 25, 19, 10
MM, 24, 19, 10
MM, 23, 19, 21
MC, 1, 121
MM, 24, 19, 40
MM, 26, 20, 9
MM, 28, 20, 11
MM, 31, 24, 9
MM, 409, 585, 10
MM, 1, 29, 10
MM, 424, 591, 11
MM, 434, 594, 9
MM, 25, 0, 11
MM, 0, 4, 9
MM, 11, 6, 10
MM, 30, 13, 11
MM, 7, 15, 10
MM, 21, 19, 10
MM, 29, 23, 10
MM, 535, 624, 10
MM, 3, 28, 11
MM, 551, 628, 9
MM, 554, 630, 10
MM, 559, 630, 11
MM, 561, 630, 9
MM, 562, 631, 11
MM, 563, 631, 10
MM, 563, 632, 9
MM, 564, 632, 11
MM, 564, 633, 19
MM, 564, 634, 121
MM, 564, 635, 31
MM, 33, 2, 10
MM, 32, 3, 9
MM, 31, 4, 11
MM, 29, 5, 9
MM, 29, 6, 11
MM, 28, 6, 10
MM, 27, 7, 10
MM, 26, 8, 21
MM, 26, 9, 9
MM, 25, 10, 21
MC, 1, 81
MM, 25, 11, 89
MM, 27, 11, 10
MM, 30, 11, 10
MM, 34, 11, 10
MM, 566, 645, 10
MM, 1, 13, 10
MM, 7, 15, 10
MM, 13, 15, 10
MM, 18, 15, 11
MM, 24, 15, 9
MM, 31, 19, 10
MM, 37, 19, 10
MM, 614, 654, 11
MM, 3, 20, 9
MM, 8, 20, 10
MM, 11, 20, 10
MM, 14, 22, 10
MM, 16, 23, 11
MM, 18, 23, 19
MC, 1, 223
MM, 21, 23, 290
MM, 27, 20, 10
MM, 649, 651, 11
MM, 7, 14, 10
MM, 27, 7, 10
MM, 693, 636, 10
MM, 707, 632, 10
MM, 721, 627, 10
MM, 732, 626, 10
MM, 739, 626, 10
MM, 742, 626, 9
MM, 745, 626, 10
MM, 747, 626, 11
MM, 750, 626, 9
MM, 751, 626, 11
MM, 752, 626, 10
MM, 753, 626, 20
MP, 1, 108
MR, 1, 35
MC, 1, 0
MM, 754, 626, 58
MM, 755, 626, 10
MM, 758, 626, 11
MM, 761, 626, 9
MM, 765, 626, 10
MM, 0, 14, 10
MM, 7, 16, 10
MM, 13, 16, 10
MM, 18, 17, 11
MM, 23, 17, 9
MM, 26, 18, 10
MM, 28, 19, 10
