********************************************************************************
LOGGING TIME: 20181030_022941
CLIENT IP: 192.168.56.1
USERNAME: user-pc
OS: Windows 10
**********************************Emotional database********************************************************************************
MM, 431, 382, 1541893259476
MM, 173, 75, 20
MM, 172, 67, 11
MM, 172, 59, 8
MM, 172, 53, 10
MM, 173, 50, 11
MM, 167, 45, 250
MM, 161, 39, 10
MM, 154, 32, 10
MM, 141, 23, 10
MM, 127, 12, 11
MM, 114, 1, 11
MM, 359, 282, 9
MM, 352, 276, 10
MM, 344, 271, 10
MM, 340, 268, 10
MM, 334, 265, 10
MM, 329, 262, 11
MM, 323, 257, 9
MM, 318, 251, 10
MM, 314, 246, 11
MM, 277, 172, 100
MM, 276, 170, 10
MM, 276, 168, 10
MM, 276, 167, 10
MM, 276, 166, 20
MM, 276, 165, 11
MM, 276, 164, 10
MM, 277, 163, 20
MM, 279, 162, 10
MM, 282, 161, 10
MM, 283, 161, 20
MM, 284, 159, 49
MM, 284, 156, 31
MM, 284, 154, 9
MM, 284, 152, 21
MM, 284, 150, 10
MM, 284, 147, 10
MM, 284, 143, 10
MM, 284, 141, 49
MM, 284, 139, 243
MM, 283, 137, 10
MM, 282, 134, 10
MM, 282, 131, 10
MM, 280, 129, 10
MM, 279, 127, 9
MM, 279, 123, 11
MM, 277, 120, 10
MM, 276, 118, 10
MM, 275, 117, 11
MM, 274, 115, 10
MM, 274, 114, 19
MM, 274, 114, 383
MM, 275, 115, 9
MM, 277, 118, 11
MM, 279, 122, 9
MM, 281, 128, 11
MM, 283, 139, 9
MM, 283, 150, 10
MM, 283, 167, 10
MM, 287, 248, 61
MM, 287, 259, 9
MM, 287, 264, 11
MM, 287, 270, 10
MM, 287, 275, 10
MM, 287, 281, 10
MM, 287, 284, 10
MM, 36, 0, 20
MM, 36, 1, 10
MM, 35, 3, 20
MM, 34, 5, 11
MM, 34, 6, 9
MM, 33, 7, 10
MM, 32, 9, 10
MM, 31, 11, 11
MM, 30, 12, 10
MM, 30, 15, 10
MM, 28, 17, 9
MM, 28, 18, 11
MM, 28, 19, 120
MC, 1, 31
MM, 26, 19, 89
MM, 26, 21, 19150
MM, 25, 25, 10
MM, 22, 31, 10
MM, 21, 39, 12
MM, 19, 47, 9
MM, 16, 57, 10
MM, 14, 67, 10
MM, 10, 75, 10
MM, 261, 372, 10
MM, 260, 384, 10
MM, 258, 395, 10
MM, 258, 400, 10
MM, 257, 406, 10
MM, 257, 413, 10
MM, 5, 4, 11
MM, 5, 12, 10
MM, 5, 18, 9
MM, 5, 21, 11
MM, 5, 22, 9
MM, 5, 24, 10
MM, 5, 25, 10
MM, 4, 25, 10
MM, 4, 26, 11
MM, 4, 27, 19
MM, 5, 27, 121
MM, 6, 27, 11
MM, 7, 27, 9
MM, 8, 27, 10
MM, 9, 27, 10
MM, 10, 27, 11
MM, 12, 28, 9
MM, 13, 28, 11
MM, 14, 28, 10
MM, 15, 28, 11
MM, 16, 28, 19
MC, 1, 69
MM, 16, 29, 202
MM, 17, 30, 10
MM, 19, 32, 10
MM, 22, 37, 11
MM, 27, 43, 10
MM, 34, 53, 9
MM, 39, 64, 11
MM, 46, 73, 10
MM, 52, 87, 9
MM, 308, 513, 11
MM, 23, 2, 10
MM, 29, 9, 10
MM, 325, 539, 9
MM, 327, 543, 11
MM, 329, 547, 10
MM, 329, 548, 10
MM, 329, 549, 10
MM, 328, 549, 151
MM, 327, 549, 10
MM, 326, 549, 20
MM, 325, 548, 10
MM, 30, 25, 10
MM, 30, 24, 10
MM, 29, 24, 9
MM, 29, 23, 12
MM, 29, 22, 19
MM, 29, 20, 51
MM, 30, 19, 30
MM, 327, 542, 10
MM, 330, 542, 10
MM, 332, 542, 10
MM, 334, 542, 10
MM, 335, 542, 10
MM, 1, 18, 281
MM, 14, 15, 11
MM, 411, 532, 9
MM, 13, 9, 11
MM, 450, 529, 10
MM, 20, 3, 9
MM, 34, 0, 10
MM, 10, 1, 11
MM, 19, 5, 9
MM, 29, 8, 11
MM, 29, 9, 472
MM, 30, 10, 10
MM, 31, 11, 11
MM, 32, 13, 9
MM, 34, 18, 10
MM, 535, 548, 11
MM, 2, 30, 9
MM, 17, 0, 10
MM, 29, 11, 10
MM, 567, 580, 10
MM, 6, 26, 10
MM, 586, 596, 10
MM, 15, 6, 10
MM, 25, 9, 10
MM, 613, 614, 11
MM, 4, 25, 10
MM, 628, 628, 10
MM, 20, 0, 10
MM, 28, 5, 11
MM, 30, 7, 9
MM, 648, 641, 10
MM, 649, 642, 10
MM, 650, 642, 251
MM, 1, 10, 61
MM, 3, 10, 9
MM, 5, 10, 30
MC, 1, 122
MM, 3, 10, 69
MM, 0, 10, 10
MM, 649, 644, 10
MM, 29, 10, 11
MM, 24, 10, 10
MM, 13, 10, 9
MM, 5, 10, 11
MM, 0, 10, 10
MM, 34, 15, 10
MM, 23, 16, 10
MM, 12, 24, 10
MM, 5, 28, 10
MM, 566, 664, 11
MM, 156, 0, 9
MM, 147, 4, 11
MM, 140, 7, 10
MM, 134, 9, 9
MM, 131, 10, 10
MM, 125, 11, 10
MM, 121, 11, 10
MM, 119, 11, 10
MM, 117, 11, 10
MM, 115, 11, 10
MM, 112, 11, 10
MM, 109, 11, 20
MM, 108, 11, 81
MC, 1, 142
MM, 106, 11, 49
MM, 103, 11, 31
MM, 99, 10, 10
MM, 95, 7, 9
MM, 89, 4, 10
MM, 480, 669, 11
MM, 476, 666, 9
MM, 23, 27, 11
MM, 18, 24, 9
MM, 12, 19, 10
MM, 9, 18, 10
MM, 6, 17, 11
MM, 3, 15, 10
MM, 2, 14, 10
MM, 0, 13, 10
MM, 448, 647, 10
MM, 447, 646, 10
MM, 446, 645, 10
MM, 445, 644, 10
MM, 444, 643, 10
MM, 443, 641, 11
MM, 32, 6, 9
MM, 31, 4, 10
MM, 29, 2, 10
MM, 27, 0, 10
MM, 434, 633, 11
MM, 432, 632, 10
MM, 432, 631, 9
MM, 430, 630, 11
MM, 429, 629, 9
MM, 428, 628, 10
MM, 427, 628, 10
MM, 4, 29, 11
MM, 3, 27, 10
MM, 1, 26, 10
MM, 0, 26, 10
MM, 420, 623, 10
MM, 417, 622, 10
MM, 415, 621, 10
MM, 34, 23, 11
MM, 32, 22, 10
MM, 30, 22, 10
MM, 29, 21, 9
MM, 27, 20, 10
MM, 26, 20, 10
MM, 26, 19, 11
MM, 25, 19, 10
MM, 24, 18, 10
MM, 23, 18, 20
MM, 22, 18, 80
MC, 1, 41
MM, 24, 20, 79
MM, 25, 21, 10
MM, 26, 24, 11
MM, 27, 26, 10
MM, 28, 28, 10
MM, 29, 29, 10
MM, 29, 30, 10
MM, 30, 30, 11
MM, 411, 628, 9
MM, 411, 629, 10
MM, 412, 629, 20
MM, 412, 630, 10
MM, 413, 631, 40
MP, 1, 91
MR, 1, 32
MM, 414, 632, 19
MM, 414, 633, 10
MM, 415, 633, 9
MM, 6, 0, 21
MM, 7, 0, 29
MM, 7, 1, 71
MM, 8, 1, 10
MM, 9, 2, 10
MM, 10, 4, 20
MM, 11, 4, 10
MM, 12, 4, 10
MM, 12, 5, 10
MM, 13, 6, 20
MC, 1, 111
MM, 14, 6, 70
MM, 15, 6, 20
MM, 17, 6, 11
MM, 18, 6, 10
MM, 24, 3, 9
MM, 30, 0, 10
MM, 448, 629, 10
MM, 461, 625, 10
MM, 7, 24, 11
MM, 15, 23, 9
MM, 496, 613, 11
MM, 9, 12, 10
MM, 28, 7, 9
MM, 7, 0, 11
MM, 574, 591, 10
MM, 23, 24, 10
MM, 4, 19, 10
MM, 18, 15, 10
MM, 27, 11, 10
MM, 644, 570, 10
MM, 2, 9, 10
MM, 6, 9, 11
MM, 10, 8, 9
MM, 15, 7, 11
MM, 18, 4, 10
MM, 20, 4, 9
MM, 22, 2, 11
MM, 23, 0, 20
MM, 671, 559, 110
MM, 671, 558, 50
MM, 671, 557, 10
MM, 670, 557, 111
MM, 669, 559, 10
MM, 17, 1, 10
MM, 16, 3, 10
MM, 13, 8, 10
MM, 11, 11, 10
MM, 7, 15, 10
MM, 5, 18, 10
MM, 4, 20, 10
MM, 2, 22, 10
MM, 0, 22, 10
MM, 647, 583, 11
MM, 645, 583, 10
MM, 643, 583, 9
MM, 642, 583, 10
MM, 29, 23, 11
MM, 28, 23, 9
MM, 27, 23, 10
MM, 26, 22, 10
MM, 25, 20, 10
MM, 24, 19, 11
MM, 23, 18, 9
MM, 22, 16, 11
MM, 21, 14, 10
MM, 20, 12, 20
MM, 20, 11, 10
MM, 20, 10, 11
MM, 19, 9, 9
MC, 1, 182
MM, 18, 9, 9
MM, 17, 9, 31
MM, 14, 9, 9
MM, 11, 10, 11
MM, 8, 10, 9
MM, 4, 11, 10
MM, 34, 14, 11
MM, 22, 15, 9
MM, 11, 16, 11
MM, 27, 20, 10
MM, 11, 20, 10
MM, 29, 20, 10
MM, 4, 20, 10
MM, 24, 17, 10
MM, 13, 14, 10
MM, 455, 574, 10
MM, 28, 13, 10
MM, 20, 12, 10
MM, 16, 12, 10
MM, 15, 12, 10
MM, 12, 11, 11
MM, 11, 11, 10
MM, 10, 11, 120
MM, 9, 11, 20
MM, 8, 11, 40
MC, 1, 121
MM, 10, 11, 40
MM, 11, 11, 10
MM, 15, 14, 10
MM, 18, 15, 11
MM, 24, 20, 9
MM, 31, 25, 10
MM, 456, 592, 11
MM, 463, 595, 10
MM, 9, 4, 9
MM, 22, 13, 11
MM, 493, 615, 10
MM, 1, 23, 9
MM, 8, 26, 10
MM, 16, 28, 10
MM, 520, 628, 10
MM, 523, 629, 10
MM, 526, 630, 10
MM, 529, 631, 11
MM, 530, 633, 10
MM, 2, 0, 10
MM, 3, 0, 20
MM, 3, 1, 50
MM, 4, 1, 11
MM, 4, 2, 70
MM, 5, 2, 10
MM, 5, 3, 10
MM, 6, 3, 10
MM, 7, 3, 20
MM, 8, 4, 30
MM, 8, 5, 50
MC, 1, 62
MM, 7, 2, 89
MM, 535, 632, 10
MM, 534, 629, 10
MM, 32, 27, 10
MM, 31, 25, 10
MM, 30, 21, 11
MM, 28, 19, 9
MM, 28, 17, 11
MM, 26, 16, 10
MM, 26, 15, 10
MM, 26, 14, 10
MM, 25, 13, 9
MM, 24, 13, 11
MM, 24, 12, 20
MM, 23, 12, 10
MM, 23, 10, 9
MM, 22, 10, 11
MM, 21, 9, 10
MM, 21, 8, 10
MM, 19, 7, 10
MM, 19, 6, 11
MM, 18, 4, 10
MM, 17, 2, 9
MM, 16, 2, 10
MM, 16, 0, 10
MM, 15, 0, 10
MM, 513, 595, 10
MM, 512, 594, 11
MM, 510, 591, 9
MM, 15, 29, 11
MM, 14, 29, 10
MM, 14, 27, 9
MM, 12, 27, 11
MM, 12, 26, 20
MM, 12, 25, 10
MC, 1, 122
MM, 13, 25, 59
MM, 17, 23, 10
MM, 21, 21, 10
MM, 28, 20, 10
MM, 3, 19, 10
MM, 14, 14, 10
MM, 22, 13, 10
MM, 32, 11, 11
MM, 2, 11, 9
MM, 10, 11, 11
MM, 14, 11, 9
MM, 16, 11, 11
MM, 19, 11, 9
MM, 21, 11, 11
MM, 24, 11, 10
MM, 25, 11, 9
MM, 27, 11, 11
MM, 28, 11, 9
MM, 29, 11, 11
MM, 30, 11, 10
MM, 31, 11, 10
MM, 32, 11, 30
MM, 33, 11, 10
MM, 34, 11, 10
MM, 605, 571, 40
MM, 606, 571, 41
MM, 607, 571, 19
MM, 608, 571, 10
MM, 609, 571, 10
MM, 610, 571, 10
MM, 0, 11, 10
MM, 1, 11, 21
MM, 3, 11, 11
MM, 4, 11, 30
MM, 5, 11, 50
MC, 1, 81
MM, 1, 12, 90
MM, 33, 13, 10
MM, 23, 13, 9
MM, 6, 17, 10
MM, 23, 23, 11
MM, 6, 23, 9
MM, 19, 29, 11
MM, 493, 592, 10
MM, 477, 594, 9
MM, 457, 597, 10
MM, 22, 2, 10
MM, 15, 3, 10
MM, 11, 4, 12
MM, 4, 6, 8
MM, 1, 6, 11
MM, 420, 603, 10
MM, 418, 604, 11
MM, 416, 604, 9
MM, 34, 7, 10
MM, 33, 8, 20
MM, 32, 8, 10
MM, 31, 8, 10
MM, 30, 8, 20
MM, 29, 9, 31
MM, 28, 9, 29
MM, 27, 9, 101
MM, 26, 9, 21
MM, 25, 9, 9
MM, 24, 9, 10
MM, 23, 9, 20
MM, 21, 10, 10
MM, 20, 11, 20
MM, 19, 11, 21
MM, 18, 11, 9
MC, 1, 133
MM, 22, 11, 49
MM, 27, 9, 9
MM, 34, 9, 11
MM, 420, 604, 10
MM, 9, 3, 10
MM, 17, 1, 10
MM, 25, 0, 10
MM, 452, 595, 10
MM, 460, 594, 10
MM, 466, 592, 10
MM, 14, 30, 10
MM, 18, 28, 10
MM, 19, 27, 10
MM, 21, 25, 10
MM, 23, 24, 10
MM, 24, 24, 10
MM, 24, 23, 11
MM, 25, 22, 10
MM, 26, 22, 19
MM, 27, 22, 11
MM, 28, 20, 10
MM, 29, 20, 10
MM, 30, 20, 10
MM, 31, 20, 21
MM, 488, 579, 9
MM, 489, 578, 10
MM, 490, 578, 20
MM, 491, 578, 20
MM, 493, 578, 21
MM, 493, 577, 9
MM, 0, 17, 10
MM, 1, 17, 21
MM, 2, 17, 9
MM, 3, 17, 11
MM, 3, 16, 10
MM, 4, 16, 10
MM, 5, 16, 9
MM, 6, 16, 10
MM, 7, 15, 20
MC, 1, 52
MM, 5, 15, 59
MM, 2, 16, 10
MM, 490, 576, 10
MM, 29, 17, 11
MM, 18, 22, 9
MM, 11, 24, 10
MM, 5, 27, 11
MM, 451, 591, 10
MM, 442, 594, 10
MM, 433, 595, 10
MM, 6, 1, 10
MM, 1, 3, 10
MM, 416, 602, 10
MM, 31, 8, 10
MM, 28, 9, 10
MM, 26, 9, 10
MM, 25, 9, 11
MM, 23, 9, 10
MM, 23, 10, 9
MM, 22, 10, 10
MM, 21, 10, 20
MC, 1, 192
MM, 21, 11, 80
MM, 21, 12, 10
MM, 21, 15, 10
MM, 21, 18, 10
MM, 21, 25, 10
MM, 403, 628, 10
MM, 405, 634, 10
MM, 408, 641, 10
MM, 4, 21, 11
MM, 6, 28, 9
MM, 417, 666, 10
MM, 20, 0, 10
MM, 22, 5, 11
MM, 25, 10, 10
MM, 26, 12, 9
MM, 27, 15, 10
MM, 28, 15, 10
MM, 28, 16, 10
MM, 29, 16, 151
MM, 30, 16, 30
MM, 31, 16, 11
MM, 32, 15, 10
MM, 34, 14, 9
MM, 35, 13, 11
MM, 37, 11, 10
MM, 38, 10, 9
MM, 40, 10, 11
MM, 41, 8, 10
MM, 43, 8, 9
MM, 43, 7, 11
MM, 44, 6, 9
MM, 45, 5, 11
MM, 46, 5, 10
MM, 47, 3, 10
MC, 1, 343
MM, 48, 2, 129
MM, 50, 0, 10
MM, 453, 668, 11
MM, 7, 30, 9
MM, 11, 24, 11
MM, 15, 20, 10
MM, 16, 19, 10
MM, 18, 17, 10
MM, 21, 15, 9
MM, 22, 15, 11
MM, 25, 12, 9
MM, 28, 11, 11
MM, 29, 10, 9
MM, 31, 8, 12
MM, 32, 7, 9
MM, 482, 641, 10
MM, 483, 640, 10
MM, 484, 640, 10
MM, 485, 640, 10
MM, 486, 639, 10
MM, 487, 639, 10
MM, 1, 5, 11
MM, 4, 4, 9
MM, 6, 3, 11
MM, 10, 2, 10
MM, 501, 633, 9
MM, 506, 631, 10
MM, 511, 629, 10
MM, 16, 30, 11
MM, 21, 28, 10
MM, 25, 28, 10
MM, 28, 28, 9
MM, 29, 28, 10
MM, 30, 28, 10
MM, 32, 28, 11
MM, 33, 27, 10
MM, 34, 27, 10
MM, 534, 624, 40
MM, 535, 624, 82
MM, 536, 623, 38
MM, 537, 623, 11
MM, 538, 623, 30
MM, 539, 622, 10
MM, 0, 24, 21
MM, 1, 23, 39
MM, 2, 23, 10
MM, 3, 22, 20
MM, 4, 21, 10
MM, 5, 21, 10
MM, 7, 21, 10
MM, 8, 19, 11
MM, 9, 18, 9
MM, 10, 17, 11
MM, 11, 15, 10
MC, 1, 121
MM, 9, 15, 20
MM, 8, 15, 10
MM, 2, 15, 10
MM, 538, 612, 9
MM, 30, 15, 11
MM, 18, 15, 9
MM, 7, 15, 10
MM, 30, 15, 10
MM, 12, 15, 10
MM, 457, 612, 11
MM, 14, 15, 10
MM, 0, 15, 10
MM, 28, 15, 10
MM, 17, 15, 10
MM, 10, 15, 11
MM, 5, 15, 9
MM, 2, 15, 10
MM, 1, 15, 10
MM, 379, 612, 10
MM, 378, 612, 20
MM, 377, 612, 172
MM, 376, 612, 9
MM, 374, 612, 11
MM, 34, 15, 10
MM, 33, 15, 9
MM, 32, 15, 10
MM, 30, 15, 11
MM, 29, 15, 9
MM, 28, 16, 10
MM, 26, 16, 10
MM, 25, 16, 20
MM, 24, 17, 11
MC, 1, 162
MM, 26, 17, 18
MM, 30, 18, 10
MM, 374, 616, 10
MM, 0, 20, 11
MM, 6, 22, 10
MM, 15, 25, 10
MM, 29, 25, 10
MM, 5, 30, 10
MM, 435, 629, 10
MM, 442, 631, 10
MM, 1, 0, 10
MM, 9, 1, 10
MM, 14, 3, 10
MM, 15, 4, 11
MM, 16, 5, 9
MM, 18, 5, 10
MM, 18, 6, 31
MM, 19, 6, 10
MM, 19, 7, 70
MM, 20, 7, 30
MM, 21, 7, 11
MM, 21, 8, 60
MC, 1, 90
MM, 20, 8, 40
MM, 19, 8, 10
MM, 16, 6, 20
MM, 13, 4, 11
MM, 456, 632, 10
MM, 29, 29, 10
MM, 24, 24, 9
MM, 19, 16, 10
MM, 13, 10, 10
MM, 6, 3, 10
MM, 421, 595, 11
MM, 416, 591, 10
MM, 0, 29, 10
MM, 413, 588, 10
MM, 413, 587, 20
MM, 413, 586, 171
MM, 413, 585, 10
MM, 413, 584, 9
MM, 414, 582, 11
MM, 0, 21, 10
MM, 0, 20, 11
MM, 2, 18, 9
MM, 3, 16, 11
MM, 5, 14, 9
MM, 5, 13, 41
MC, 1, 121
MM, 6, 13, 40
MM, 6, 14, 9
MM, 6, 16, 20
MM, 7, 19, 10
MM, 9, 22, 10
MM, 11, 27, 11
MM, 427, 594, 9
MM, 9, 6, 11
MM, 13, 17, 10
MM, 15, 24, 9
MM, 439, 630, 11
MM, 444, 644, 10
MM, 447, 657, 10
MM, 448, 663, 10
MM, 51, 0, 10
MM, 52, 5, 10
MM, 55, 10, 10
MM, 57, 14, 11
MM, 57, 16, 9
MM, 57, 19, 10
MC, 1, 313
MM, 57, 18, 49
MM, 57, 16, 10
MM, 58, 9, 10
MM, 63, 0, 10
MM, 18, 24, 10
MM, 28, 0, 11
MM, 20, 25, 10
MM, 25, 4, 10
MM, 1, 16, 10
MM, 6, 6, 9
MM, 503, 556, 10
MM, 8, 29, 11
MM, 10, 25, 10
MM, 11, 20, 10
MM, 11, 22, 261
MM, 10, 24, 20
MM, 10, 27, 10
MM, 8, 29, 11
MM, 504, 555, 10
MM, 504, 558, 9
MM, 9, 1, 10
MM, 8, 3, 11
MM, 7, 4, 19
MM, 6, 4, 21
MM, 6, 5, 9
MC, 1, 212
MM, 5, 5, 60
MM, 2, 6, 10
MM, 0, 6, 10
MM, 493, 567, 10
MM, 491, 568, 10
MM, 488, 568, 11
MM, 29, 8, 9
MM, 27, 8, 10
MM, 24, 8, 10
MM, 23, 8, 10
MM, 21, 10, 10
MM, 20, 10, 10
MC, 1, 126
MM, 19, 10, 46
MM, 16, 10, 10
MM, 12, 13, 9
MM, 7, 14, 11
MM, 2, 15, 10
MM, 452, 578, 10
MM, 25, 25, 9
MM, 16, 28, 10
MM, 422, 591, 10
MM, 413, 594, 11
MM, 406, 596, 9
MM, 21, 0, 11
MM, 15, 1, 10
MM, 9, 3, 10
MM, 6, 3, 10
MM, 3, 7, 11
MM, 1, 8, 9
MM, 378, 605, 10
MM, 376, 605, 10
MM, 374, 605, 10
MM, 33, 8, 11
MM, 32, 8, 9
MM, 30, 8, 10
MM, 29, 8, 10
MM, 28, 9, 10
MM, 26, 9, 10
MM, 25, 9, 10
MM, 24, 9, 11
MM, 23, 9, 10
MM, 22, 9, 10
MM, 20, 9, 10
MM, 19, 9, 10
MM, 18, 9, 10
MM, 17, 9, 20
MM, 16, 9, 10
MC, 1, 131
MM, 17, 9, 40
MM, 19, 9, 10
MM, 22, 11, 11
MM, 25, 12, 10
MM, 31, 15, 9
MM, 377, 615, 10
MM, 5, 21, 11
MM, 12, 23, 9
MM, 20, 27, 10
MM, 27, 30, 11
MM, 412, 628, 9
MM, 417, 629, 11
MM, 421, 630, 9
MM, 17, 1, 10
MM, 20, 1, 10
MM, 21, 2, 10
MM, 23, 2, 11
MM, 23, 3, 10
MM, 24, 3, 11
MM, 24, 4, 19
MC, 1, 253
MM, 25, 4, 58
MM, 26, 4, 10
MM, 28, 4, 11
MM, 33, 4, 10
MM, 447, 638, 9
MM, 461, 633, 11
MM, 474, 631, 10
MM, 30, 29, 10
MM, 15, 29, 10
MM, 32, 27, 10
MM, 10, 22, 10
MM, 575, 619, 10
MM, 7, 22, 10
MM, 16, 22, 10
MM, 28, 22, 10
MM, 617, 619, 10
MM, 7, 22, 11
MM, 10, 22, 9
MM, 13, 21, 10
MM, 15, 21, 10
MM, 16, 21, 10
MM, 17, 21, 10
MM, 18, 21, 10
MM, 19, 21, 21
MM, 19, 20, 20
MM, 20, 20, 9
MM, 21, 20, 61
MM, 21, 19, 11
MM, 22, 19, 19
MM, 23, 19, 10
MM, 23, 18, 10
MM, 24, 18, 61
MC, 1, 91
MM, 23, 18, 19
MM, 21, 18, 10
MM, 20, 18, 10
MM, 18, 18, 11
MM, 13, 17, 10
MM, 3, 17, 10
MM, 28, 14, 9
MM, 17, 11, 11
MM, 29, 8, 10
MM, 8, 2, 10
MM, 26, 29, 10
MM, 490, 581, 10
MM, 15, 15, 10
MM, 451, 573, 10
MM, 22, 9, 10
MM, 13, 7, 10
MM, 8, 6, 10
MM, 4, 4, 10
MM, 2, 4, 10
MM, 2, 3, 20
MM, 1, 3, 121
MM, 0, 3, 49
MM, 1, 3, 151
MM, 2, 3, 20
MM, 4, 4, 10
MM, 5, 5, 10
MM, 7, 5, 11
MM, 9, 7, 10
MM, 10, 7, 10
MM, 11, 8, 10
MM, 11, 9, 10
MM, 12, 10, 111
MC, 1, 40
MM, 13, 10, 30
MM, 13, 11, 10
MM, 13, 12, 10
MM, 13, 13, 10
MM, 13, 16, 10
MM, 14, 18, 10
MM, 15, 21, 10
MM, 15, 22, 10
MM, 15, 26, 10
MM, 16, 28, 10
MM, 16, 29, 10
MM, 17, 30, 10
MM, 432, 591, 10
MM, 432, 592, 21
MM, 432, 593, 10
MM, 432, 594, 60
MM, 432, 595, 81
MP, 1, 19
MR, 1, 31
MC, 1, 0
MM, 433, 596, 31
MM, 12, 0, 330
MM, 13, 0, 20
MM, 13, 1, 10
MM, 13, 2, 11
MM, 13, 4, 20
MM, 13, 5, 21
MM, 14, 5, 10
MM, 14, 7, 10
MM, 13, 7, 220
MM, 13, 11, 252
MM, 14, 14, 9
MM, 15, 18, 10
MM, 16, 21, 11
MM, 17, 24, 10
MM, 438, 629, 9
MM, 33, 2, 11
MM, 443, 638, 10
MM, 444, 641, 10
MM, 444, 644, 10
MM, 445, 645, 10
MM, 446, 646, 10
MM, 446, 648, 10
MM, 446, 649, 20
MM, 446, 650, 31
MM, 446, 651, 10
MM, 447, 652, 20
MM, 447, 653, 50
MM, 447, 654, 19
MM, 447, 655, 11
MM, 447, 656, 10
MM, 447, 657, 30
MM, 447, 658, 10
MM, 447, 659, 10
MM, 447, 660, 20
MM, 447, 663, 10
MM, 447, 664, 10
MM, 447, 666, 11
MM, 447, 667, 9
MM, 447, 669, 10
MM, 447, 670, 10
MM, 47, 0, 11
MM, 47, 1, 19
MM, 47, 2, 21
MM, 47, 3, 80
MM, 47, 4, 51
MC, 1, 91
MM, 50, 3, 99
MM, 53, 1, 11
MM, 458, 668, 9
MM, 463, 665, 11
MM, 21, 26, 10
MM, 24, 24, 10
MM, 26, 23, 10
MM, 28, 23, 9
MM, 30, 22, 10
MM, 31, 21, 11
MM, 483, 654, 10
MM, 485, 652, 10
MM, 486, 652, 10
MM, 487, 651, 10
MM, 0, 16, 20
MM, 1, 16, 30
MM, 2, 16, 20
MM, 3, 16, 40
MC, 1, 152
MM, 4, 15, 50
MM, 6, 13, 19
MM, 7, 11, 11
MM, 11, 8, 10
MM, 509, 633, 10
MM, 17, 26, 9
MM, 25, 17, 10
MM, 30, 8, 11
MM, 538, 597, 11
MM, 16, 28, 9
MM, 21, 19, 10
MM, 26, 15, 11
MM, 29, 12, 9
MM, 30, 11, 10
MM, 31, 11, 20
MM, 564, 571, 232
MM, 566, 571, 40
MM, 567, 571, 60
MP, 1, 58
MR, 1, 63
MC, 1, 0
MM, 566, 571, 120
MM, 565, 571, 10
MM, 564, 571, 10
MM, 30, 12, 11
MM, 27, 12, 10
MM, 25, 12, 9
MM, 22, 12, 10
MM, 19, 13, 10
MM, 11, 13, 11
MM, 7, 13, 9
MM, 4, 13, 10
MM, 2, 13, 11
MM, 0, 13, 10
MM, 529, 573, 10
MM, 528, 572, 10
MM, 526, 572, 10
MM, 28, 10, 11
MM, 27, 10, 10
MM, 26, 10, 9
MM, 25, 10, 10
MM, 24, 10, 10
MC, 1, 213
MC, 2, 190
MM, 22, 10, 49
MM, 20, 10, 11
MM, 17, 10, 9
MM, 10, 10, 10
MM, 3, 10, 10
MM, 492, 570, 11
MM, 26, 9, 10
MM, 19, 8, 9
MM, 13, 8, 10
MM, 9, 8, 11
MM, 6, 7, 10
MM, 3, 7, 10
MM, 0, 6, 10
MM, 455, 566, 10
MM, 454, 566, 212
MP, 1, 76
MR, 1, 24
MC, 1, 0
MM, 453, 566, 40
MM, 452, 567, 10
MM, 451, 567, 10
MM, 450, 567, 10
MM, 34, 7, 20
MM, 34, 8, 11
MM, 33, 8, 261
MM, 32, 8, 10
MM, 32, 9, 9
MM, 30, 10, 10
MM, 29, 10, 11
MM, 28, 10, 10
MM, 27, 11, 20
MM, 27, 12, 170
MM, 29, 12, 61
MM, 32, 12, 10
MM, 453, 574, 10
MM, 6, 14, 10
MM, 18, 14, 10
MM, 492, 574, 11
MM, 18, 14, 9
MM, 526, 574, 10
MM, 12, 16, 10
MM, 25, 17, 11
MM, 568, 579, 10
MM, 10, 19, 9
MM, 22, 20, 11
MM, 30, 20, 10
MM, 607, 580, 9
MM, 0, 20, 10
MM, 2, 20, 10
MM, 4, 19, 11
MM, 5, 19, 20
MM, 5, 18, 10
MM, 5, 17, 10
MM, 5, 16, 10
MM, 3, 10, 10
MM, 3, 9, 201
MM, 6, 9, 11
MM, 12, 8, 9
MM, 23, 4, 11
MM, 646, 561, 10
MM, 9, 0, 9
MM, 669, 558, 10
MM, 686, 556, 10
MM, 698, 556, 10
MM, 708, 556, 10
MM, 719, 556, 10
MM, 730, 557, 10
MM, 738, 557, 10
MM, 744, 558, 10
MM, 747, 558, 10
MM, 752, 559, 11
MM, 758, 559, 9
MM, 762, 559, 10
MM, 765, 558, 11
MM, 768, 558, 9
MM, 771, 557, 10
MM, 772, 557, 11
MM, 772, 556, 141
MM, 769, 548, 713
MM, 766, 548, 10
MM, 764, 548, 10
MM, 760, 550, 11
MM, 756, 550, 9
MM, 746, 555, 10
MM, 730, 560, 10
MM, 30, 5, 10
MM, 14, 12, 10
MM, 33, 20, 10
MM, 12, 24, 10
MM, 2, 27, 10
MM, 17, 30, 21
MM, 620, 592, 9
MM, 615, 592, 10
MM, 610, 592, 11
MM, 606, 593, 10
MM, 603, 594, 10
MM, 602, 594, 10
MM, 600, 594, 10
MM, 599, 594, 21
MM, 598, 595, 39
MM, 596, 595, 10
MM, 595, 595, 10
MM, 594, 595, 11
MM, 591, 595, 9
MM, 590, 595, 11
MM, 7, 0, 10
MM, 6, 0, 10
MM, 4, 0, 9
MM, 3, 0, 21
MM, 2, 0, 20
MM, 583, 596, 31
MM, 583, 595, 19
MM, 583, 594, 10
MM, 583, 593, 10
MM, 583, 592, 10
MM, 13, 30, 11
MM, 13, 27, 9
MM, 14, 24, 11
MM, 14, 23, 9
MM, 15, 22, 11
MM, 15, 19, 9
MM, 16, 19, 10
MM, 16, 18, 12
MM, 16, 17, 9
MC, 1, 101
MM, 15, 17, 89
MM, 13, 17, 10
MM, 10, 18, 10
MM, 4, 18, 11
MM, 0, 18, 10
MM, 32, 19, 11
MM, 27, 19, 9
MM, 21, 19, 10
MM, 16, 19, 10
MM, 12, 19, 11
MM, 9, 19, 9
MM, 6, 19, 11
MM, 4, 19, 9
MM, 3, 19, 10
MM, 2, 19, 10
MM, 1, 19, 21
MM, 0, 19, 50
MM, 530, 579, 19
MM, 529, 579, 10
MM, 528, 579, 31
MM, 528, 578, 30
MM, 527, 578, 11
MM, 526, 578, 19
MM, 525, 578, 30
MM, 30, 18, 30
MM, 29, 18, 51
MM, 29, 17, 50
MM, 28, 17, 31
MM, 27, 17, 59
MM, 26, 17, 11
MM, 25, 16, 10
MM, 24, 16, 20
MM, 23, 16, 20
MM, 22, 15, 20
MM, 21, 15, 21
MM, 21, 14, 41
MC, 1, 80
MM, 22, 14, 109
MM, 22, 15, 11
MM, 23, 14, 9
MC, 2, 70
MM, 22, 14, 222
MM, 16, 14, 11
MM, 14, 15, 9
MM, 10, 15, 11
MM, 6, 16, 9
MM, 492, 577, 10
MM, 26, 17, 10
MM, 22, 17, 11
MM, 18, 17, 9
MM, 10, 19, 11
MM, 6, 19, 9
MM, 3, 20, 10
MM, 455, 579, 10
MM, 454, 579, 10
MM, 453, 579, 11
MM, 452, 579, 10
MM, 451, 579, 9
MM, 450, 579, 20
MM, 34, 19, 11
MM, 32, 19, 30
MM, 31, 19, 20
MM, 30, 19, 10
MM, 29, 19, 20
MM, 28, 19, 11
MM, 26, 18, 9
MM, 25, 18, 10
MM, 24, 18, 10
MM, 22, 18, 11
MM, 21, 18, 10
MM, 20, 18, 9
MM, 19, 17, 10
MM, 18, 17, 10
MM, 16, 17, 11
MM, 15, 17, 10
MM, 15, 16, 10
MM, 18, 16, 160
MM, 21, 16, 11
MM, 24, 15, 10
MM, 31, 12, 10
MM, 453, 571, 10
MM, 3, 11, 10
MM, 7, 9, 10
MM, 9, 8, 10
MM, 12, 8, 10
MM, 14, 7, 11
MM, 15, 7, 10
MM, 16, 6, 9
MC, 1, 162
MM, 16, 7, 50
MM, 16, 9, 9
MM, 16, 13, 10
MM, 16, 18, 11
MM, 16, 21, 9
MM, 16, 24, 11
MM, 16, 28, 9
MM, 472, 591, 11
MM, 472, 594, 10
MM, 472, 596, 10
MM, 10, 1, 10
MM, 10, 2, 20
MM, 10, 3, 181
MM, 10, 4, 20
MM, 10, 5, 30
MM, 10, 6, 30
MM, 10, 7, 21
MM, 10, 8, 100
MM, 14, 8, 60
MM, 16, 8, 10
MM, 21, 8, 10
MM, 494, 606, 10
MM, 9, 9, 10
MM, 21, 9, 11
MM, 5, 9, 10
MM, 18, 12, 10
MM, 575, 610, 10
MM, 24, 14, 10
MM, 2, 14, 9
MM, 12, 16, 10
MM, 653, 615, 11
MM, 8, 18, 9
MM, 16, 18, 11
MM, 24, 19, 10
MM, 692, 619, 9
MM, 697, 621, 11
MM, 700, 621, 9
MM, 701, 621, 11
MM, 700, 621, 151
MM, 699, 620, 20
MM, 698, 620, 10
MM, 696, 620, 10
MM, 696, 619, 10
MM, 695, 619, 11
MM, 694, 619, 9
MM, 693, 618, 10
MM, 692, 617, 20
MM, 691, 617, 11
MM, 690, 617, 9
MM, 689, 617, 10
MM, 30, 20, 20
MM, 29, 20, 10
MM, 28, 20, 10
MM, 27, 20, 20
MM, 26, 20, 10
MM, 25, 20, 11
MM, 24, 20, 20
MM, 24, 19, 10
MM, 23, 19, 10
MM, 22, 19, 40
MM, 21, 19, 10
MM, 19, 19, 151
MM, 18, 19, 20
MM, 16, 18, 21
MM, 15, 17, 9
MM, 12, 17, 10
MM, 10, 15, 10
MM, 7, 14, 10
MM, 4, 11, 10
MM, 655, 605, 11
MM, 643, 594, 29
MM, 640, 592, 11
MM, 27, 29, 10
MM, 25, 29, 9
MM, 22, 27, 11
MM, 21, 26, 10
MM, 20, 25, 10
MM, 19, 25, 10
MM, 19, 24, 11
MM, 18, 24, 9
MM, 17, 23, 11
MM, 17, 22, 19
MM, 17, 21, 11
MM, 17, 20, 100
MM, 16, 20, 20
MM, 16, 19, 11
MC, 1, 100
MM, 15, 19, 30
MM, 14, 19, 10
MM, 13, 19, 10
MM, 10, 18, 9
MM, 5, 17, 11
MM, 607, 577, 10
MM, 31, 17, 10
MM, 22, 16, 10
MM, 7, 15, 11
MM, 567, 575, 10
MM, 26, 15, 9
MM, 14, 13, 10
MM, 2, 13, 10
MM, 525, 573, 11
MM, 25, 13, 10
MM, 19, 13, 9
MM, 14, 13, 11
MM, 8, 13, 9
MM, 4, 13, 11
MM, 493, 574, 10
MM, 491, 574, 10
MM, 490, 575, 10
MM, 488, 576, 10
MM, 30, 16, 11
MM, 28, 16, 9
MM, 26, 16, 20
MM, 25, 16, 20
MM, 24, 16, 50
MM, 23, 16, 10
MM, 22, 16, 10
MM, 21, 16, 11
MM, 19, 16, 20
MM, 17, 16, 10
MM, 15, 16, 9
MM, 13, 16, 11
MM, 9, 16, 10
MM, 6, 16, 10
MM, 2, 16, 10
MM, 453, 576, 10
MM, 450, 576, 11
MM, 32, 15, 9
MM, 29, 15, 10
MM, 26, 15, 10
MM, 25, 15, 11
MM, 23, 15, 9
MM, 22, 15, 10
MM, 20, 15, 11
MM, 19, 15, 9
MM, 18, 15, 31
MM, 18, 14, 10
MM, 17, 14, 61
MC, 1, 160
MM, 16, 14, 60
MM, 14, 15, 20
MM, 13, 15, 10
MM, 12, 17, 10
MM, 11, 18, 10
MM, 9, 19, 10
MM, 8, 21, 10
MM, 6, 23, 10
MM, 6, 25, 10
MM, 5, 28, 10
MM, 3, 30, 11
MM, 418, 591, 10
MM, 418, 592, 10
MM, 418, 593, 10
MM, 417, 593, 10
MM, 417, 594, 10
MM, 416, 594, 20
MM, 416, 595, 20
MM, 415, 595, 10
MM, 414, 595, 20
MM, 413, 596, 20
MM, 412, 596, 30
MM, 32, 0, 11
MM, 32, 1, 30
MM, 31, 1, 10
MM, 31, 2, 20
MM, 30, 3, 361
MM, 29, 3, 11
MM, 28, 5, 10
MM, 28, 6, 19
MM, 27, 6, 21
MM, 26, 6, 30
MM, 25, 8, 10
MM, 24, 8, 11
MM, 24, 9, 20
MM, 23, 9, 10
MM, 22, 9, 10
MM, 22, 10, 10
MM, 22, 11, 19
MC, 1, 91
MM, 23, 11, 131
MM, 24, 11, 10
MM, 25, 12, 9
MM, 26, 12, 11
MM, 26, 13, 10
MM, 27, 13, 10
MM, 28, 15, 10
MM, 29, 17, 10
MM, 30, 18, 9
MM, 32, 20, 11
MM, 33, 22, 10
MM, 34, 23, 10
MM, 415, 622, 10
MM, 415, 624, 10
MM, 417, 625, 11
MM, 418, 628, 10
MM, 419, 629, 9
MM, 420, 631, 10
MM, 421, 633, 10
MM, 13, 2, 11
MM, 14, 4, 10
MM, 16, 5, 9
MM, 19, 11, 11
MM, 20, 14, 10
MM, 22, 17, 10
MM, 24, 21, 10
MM, 26, 24, 10
MM, 30, 28, 10
MM, 32, 30, 10
MM, 443, 666, 10
MM, 446, 668, 10
MM, 447, 670, 10
MM, 49, 1, 10
MM, 50, 3, 10
MM, 52, 5, 10
MM, 53, 6, 10
MM, 54, 8, 10
MM, 55, 8, 20
MM, 56, 8, 71
MM, 56, 9, 9
MM, 56, 10, 71
MM, 57, 10, 20
MM, 59, 5, 392
MM, 463, 668, 10
MM, 18, 29, 10
MM, 24, 16, 10
MM, 27, 1, 10
MM, 19, 21, 10
MM, 21, 14, 11
MM, 26, 5, 9
MM, 489, 595, 10
MM, 490, 589, 11
MM, 490, 587, 10
MM, 491, 583, 10
MM, 492, 582, 9
MM, 0, 19, 10
MM, 0, 18, 11
MM, 1, 18, 10
MM, 1, 17, 10
MM, 2, 17, 60
MM, 3, 17, 91
MM, 3, 16, 10
MM, 4, 15, 19
MM, 5, 15, 10
MM, 6, 15, 20
MM, 7, 15, 31
MC, 1, 91
MM, 8, 15, 39
MM, 9, 15, 10
MM, 10, 15, 10
MM, 11, 15, 11
MM, 13, 15, 10
MM, 16, 16, 10
MM, 19, 17, 10
MM, 21, 18, 9
MM, 24, 19, 10
MM, 29, 23, 11
MM, 527, 584, 10
MM, 1, 27, 9
MM, 538, 592, 11
MM, 540, 593, 10
MM, 542, 594, 10
MM, 544, 595, 10
MM, 545, 596, 10
MM, 6, 0, 11
MM, 8, 1, 10
MM, 9, 2, 9
MM, 11, 3, 10
MM, 12, 4, 11
MM, 13, 5, 9
MM, 14, 5, 10
MM, 14, 6, 41
MM, 15, 6, 10
MC, 1, 141
MM, 12, 7, 60
MM, 8, 7, 10
MM, 1, 9, 10
MM, 34, 9, 10
MM, 25, 10, 11
MM, 14, 10, 10
MM, 498, 606, 10
MM, 24, 9, 9
MM, 14, 9, 10
MM, 0, 9, 11
MM, 32, 9, 10
MM, 23, 9, 9
MM, 15, 9, 10
MM, 9, 8, 11
MM, 4, 8, 10
MM, 1, 8, 9
MM, 419, 605, 10
MM, 416, 605, 10
MM, 415, 605, 11
MM, 34, 8, 20
MM, 33, 8, 10
MM, 32, 8, 20
MM, 31, 8, 40
MM, 30, 8, 40
MM, 29, 8, 10
MM, 28, 8, 21
MM, 27, 8, 10
MM, 26, 8, 9
MM, 25, 8, 11
MM, 22, 9, 10
MM, 20, 10, 10
MM, 18, 10, 10
MM, 15, 11, 9
MM, 11, 11, 11
MM, 2, 13, 11
MM, 378, 610, 9
MM, 375, 610, 11
MM, 34, 13, 10
MM, 31, 13, 9
MM, 29, 13, 11
MM, 26, 13, 9
MM, 23, 14, 11
MM, 21, 14, 10
MM, 19, 14, 9
MM, 18, 14, 11
MM, 17, 14, 20
MC, 1, 172
MM, 18, 13, 69
MM, 23, 13, 10
MM, 27, 12, 10
MM, 33, 10, 10
MM, 4, 7, 10
MM, 14, 5, 10
MM, 22, 4, 10
MM, 31, 2, 10
MM, 420, 598, 10
MM, 8, 0, 10
MM, 437, 596, 10
MM, 443, 594, 11
MM, 451, 594, 10
MM, 457, 593, 9
MM, 461, 592, 11
MM, 464, 592, 9
MM, 466, 591, 10
MM, 468, 591, 10
MM, 14, 29, 20
MM, 15, 29, 10
MM, 18, 28, 11
MM, 20, 27, 10
MM, 21, 26, 10
MM, 22, 26, 10
MM, 23, 26, 10
MM, 24, 26, 10
MM, 25, 26, 10
MM, 26, 26, 11
MM, 27, 26, 10
MM, 28, 26, 10
MM, 29, 26, 10
MM, 31, 25, 9
MM, 488, 585, 20
MM, 489, 585, 10
MM, 490, 585, 20
MM, 491, 585, 11
MM, 492, 585, 29
MM, 493, 585, 21
MM, 493, 584, 10
MM, 1, 24, 10
MM, 2, 24, 11
MM, 3, 23, 9
MM, 4, 23, 10
MM, 6, 23, 21
MC, 1, 80
MM, 7, 23, 20
MM, 5, 25, 130
MM, 2, 30, 11
MM, 490, 595, 9
MM, 24, 3, 10
MM, 18, 12, 10
MM, 15, 20, 11
MM, 472, 628, 10
MM, 20, 0, 9
MM, 19, 2, 10
MM, 15, 7, 10
MM, 12, 13, 11
MM, 11, 15, 10
MM, 8, 19, 10
MM, 8, 21, 10
MM, 5, 26, 10
MM, 5, 28, 10
MM, 5, 29, 10
MM, 4, 30, 10
MM, 453, 665, 21
MM, 452, 665, 19
MP, 1, 201
MR, 1, 31
MM, 452, 670, 19
MM, 51, 2, 20
MM, 51, 4, 262
MM, 51, 5, 10
MM, 51, 6, 70
MM, 51, 7, 10
MM, 51, 7, 181
MM, 51, 5, 10
MM, 51, 3, 10
MM, 51, 0, 11
MM, 452, 668, 9
MM, 6, 26, 10
MM, 7, 17, 11
MM, 9, 9, 9
MM, 12, 8, 10
MM, 15, 3, 11
MM, 16, 1, 9
MM, 17, 0, 11
MM, 468, 630, 9
MM, 10, 27, 11
MM, 17, 10, 29
MM, 19, 5, 11
MM, 20, 3, 10
MM, 21, 1, 10
MM, 21, 0, 11
MM, 485, 594, 10
MM, 485, 593, 19
MM, 486, 591, 11
MM, 487, 591, 9
MM, 31, 30, 10
MM, 488, 589, 21
MM, 489, 589, 19
MM, 489, 588, 31
MM, 490, 588, 10
MM, 491, 588, 20
MM, 491, 587, 10
MM, 492, 586, 30
MM, 493, 586, 20
MM, 0, 24, 10
MM, 0, 23, 11
MM, 1, 22, 10
MM, 2, 21, 10
MM, 3, 20, 9
MM, 4, 19, 10
MM, 5, 18, 10
MM, 5, 17, 21
MM, 6, 17, 10
MM, 8, 17, 50
MC, 1, 82
MM, 7, 16, 38
MM, 5, 16, 11
MM, 4, 16, 10
MM, 1, 16, 10
MM, 489, 576, 9
MM, 26, 16, 11
MM, 23, 16, 10
MM, 20, 16, 10
MM, 18, 16, 10
MM, 16, 16, 11
MM, 15, 16, 9
MC, 1, 151
MM, 14, 16, 50
MM, 13, 16, 11
MM, 11, 16, 9
MM, 8, 16, 11
MM, 5, 16, 9
MM, 0, 16, 10
MM, 25, 21, 10
MM, 14, 23, 10
MM, 2, 25, 10
MM, 31, 29, 10
MM, 21, 30, 10
MM, 386, 591, 10
MM, 378, 592, 10
MM, 371, 593, 11
MM, 365, 594, 10
MM, 362, 594, 10
MM, 358, 595, 10
MM, 16, 0, 10
MM, 15, 0, 10
MM, 13, 0, 10
MM, 11, 2, 10
MM, 9, 3, 11
MM, 8, 4, 9
MM, 6, 4, 10
MM, 4, 5, 11
MM, 3, 5, 9
MM, 1, 6, 11
MM, 0, 7, 9
MM, 337, 605, 21
MM, 337, 606, 9
MM, 336, 606, 21
MP, 1, 149
MR, 1, 14
MC, 1, 0
MM, 337, 607, 8
MM, 338, 607, 10
MM, 0, 10, 9
MM, 2, 10, 11
MM, 3, 10, 10
MM, 5, 10, 10
MM, 7, 11, 10
MM, 8, 11, 10
MM, 10, 12, 10
MM, 11, 12, 11
MM, 12, 12, 9
MM, 13, 12, 10
MM, 14, 12, 10
MM, 15, 12, 10
MM, 16, 12, 70
MM, 19, 12, 21
MM, 20, 12, 9
MM, 22, 13, 10
MM, 28, 14, 11
MM, 33, 15, 9
MM, 1, 18, 10
MM, 10, 20, 11
MM, 21, 22, 10
MM, 32, 28, 10
MM, 424, 631, 10
MM, 24, 0, 10
MM, 32, 3, 11
MM, 0, 4, 9
MM, 9, 6, 10
MM, 11, 7, 10
MM, 13, 8, 11
MM, 14, 8, 9
MM, 16, 8, 10
MM, 16, 9, 10
MM, 17, 9, 10
MM, 18, 9, 172
MM, 19, 9, 10
MM, 20, 9, 49
MM, 21, 9, 51
MM, 19, 9, 151
MM, 16, 9, 10
MM, 13, 7, 10
MM, 5, 5, 10
MM, 33, 2, 10
MM, 431, 631, 9
MM, 418, 629, 11
MM, 26, 29, 10
MM, 14, 25, 10
MM, 7, 22, 10
MM, 0, 19, 10
MM, 375, 613, 10
MM, 32, 16, 10
MM, 30, 15, 11
MM, 28, 15, 9
MM, 27, 14, 10
MM, 26, 13, 11
MM, 25, 13, 19
MM, 25, 12, 71
MM, 24, 12, 10
MM, 23, 12, 20
MM, 23, 11, 10
MM, 22, 11, 10
MM, 20, 10, 30
MM, 19, 9, 21
MC, 1, 161
MM, 20, 9, 40
MM, 22, 10, 9
MM, 26, 11, 10
MM, 374, 613, 10
MM, 1, 18, 10
MM, 9, 19, 10
MM, 18, 23, 11
MM, 26, 24, 10
MM, 33, 26, 10
MM, 420, 625, 9
MM, 3, 28, 11
MM, 10, 29, 10
MM, 435, 628, 10
MM, 438, 628, 10
MM, 443, 628, 10
MM, 445, 629, 10
MM, 445, 630, 10
MM, 446, 630, 10
MM, 447, 630, 10
MM, 448, 630, 10
MM, 449, 630, 20
MM, 450, 631, 10
MM, 451, 631, 10
MM, 451, 632, 11
MM, 452, 632, 9
MM, 453, 632, 10
MM, 454, 632, 11
MM, 456, 633, 9
MM, 8, 0, 11
MM, 10, 1, 9
MM, 12, 2, 11
MM, 13, 3, 10
MM, 14, 5, 10
MM, 15, 5, 20
MM, 15, 6, 11
MM, 16, 6, 29
MC, 1, 102
MM, 14, 4, 48
MM, 11, 0, 11
MM, 456, 629, 11
MM, 32, 25, 9
MM, 29, 22, 10
MM, 23, 16, 10
MM, 20, 6, 11
MM, 439, 596, 9
MM, 23, 25, 10
MM, 21, 22, 11
MM, 21, 20, 10
MM, 21, 17, 10
MM, 19, 14, 9
MM, 19, 13, 21
MM, 19, 12, 20
MM, 18, 12, 60
MM, 18, 11, 40
MC, 1, 152
MM, 19, 11, 19
MM, 20, 12, 10
MM, 22, 12, 10
MM, 26, 13, 10
MM, 32, 14, 10
MM, 455, 575, 10
MM, 11, 15, 10
MM, 24, 17, 10
MM, 492, 577, 10
MM, 13, 18, 11
MM, 30, 19, 9
MM, 10, 20, 11
MM, 21, 23, 9
MM, 562, 591, 10
MM, 30, 0, 11
MM, 580, 603, 9
MM, 1, 8, 10
MM, 2, 8, 212
MM, 4, 8, 10
MM, 8, 8, 10
MM, 11, 8, 10
MM, 14, 8, 10
MM, 17, 8, 10
MM, 20, 9, 11
MM, 23, 9, 9
MM, 26, 9, 10
MM, 28, 9, 10
MM, 30, 10, 10
MM, 613, 607, 10
MM, 614, 608, 10
MM, 615, 608, 11
MM, 616, 608, 9
MM, 0, 12, 10
MM, 1, 12, 11
MM, 3, 12, 10
MM, 6, 12, 10
MM, 7, 12, 10
MM, 8, 12, 11
MM, 10, 12, 9
MM, 11, 12, 10
MM, 12, 12, 10
MM, 13, 12, 10
MM, 16, 13, 10
MM, 18, 13, 11
MM, 19, 13, 9
MM, 20, 13, 11
MM, 24, 13, 10
MM, 26, 13, 10
MM, 27, 13, 10
MM, 29, 16, 10
MM, 31, 16, 10
MM, 32, 16, 19
MM, 652, 613, 10
MM, 654, 615, 10
MM, 657, 616, 11
MM, 3, 19, 9
MM, 6, 19, 11
MM, 10, 21, 10
MM, 13, 22, 10
MC, 1, 222
MM, 12, 22, 99
MM, 9, 22, 11
MM, 4, 22, 10
MM, 656, 619, 10
MM, 32, 22, 10
MM, 24, 22, 10
MM, 11, 25, 10
MM, 616, 624, 10
MM, 605, 628, 10
MM, 590, 628, 10
MM, 578, 630, 10
MM, 567, 634, 10
MM, 27, 3, 10
MM, 17, 5, 10
MM, 9, 8, 10
MM, 0, 14, 10
MM, 524, 650, 10
MM, 31, 18, 11
MM, 27, 22, 10
MM, 21, 25, 9
MM, 16, 29, 11
MM, 12, 30, 10
MM, 10, 30, 9
MM, 496, 665, 10
MM, 495, 666, 10
MM, 494, 666, 11
MM, 493, 666, 9
MM, 492, 666, 10
MM, 492, 667, 11
MM, 491, 667, 19
MM, 491, 668, 81
MM, 490, 668, 10
MM, 490, 669, 20
MM, 489, 669, 20
MM, 489, 670, 10
MM, 488, 670, 11
MM, 88, 0, 20
MM, 87, 0, 10
MM, 87, 2, 10
MM, 86, 4, 11
MM, 85, 6, 9
MM, 84, 8, 10
MM, 83, 11, 10
MM, 82, 12, 20
MC, 1, 183
MM, 83, 12, 28
MM, 86, 12, 10
MM, 90, 11, 10
MM, 98, 6, 11
MM, 107, 0, 9
MM, 525, 663, 10
MM, 15, 20, 11
MM, 30, 12, 10
MM, 585, 633, 10
MM, 19, 30, 9
MM, 30, 24, 10
MM, 10, 12, 11
MM, 20, 5, 10
MM, 6, 28, 10
MM, 14, 21, 11
MM, 20, 13, 9
MM, 27, 10, 10
MM, 32, 7, 10
MM, 34, 5, 10
MM, 683, 565, 21
MM, 683, 564, 140
MM, 34, 4, 180
MM, 33, 4, 10
MM, 32, 4, 10
MM, 31, 4, 11
MM, 31, 5, 10
MM, 29, 5, 10
MM, 28, 5, 10
MM, 26, 6, 20
MM, 25, 6, 20
MM, 25, 7, 10
MM, 24, 7, 11
MM, 23, 7, 31
MC, 1, 100
MM, 22, 8, 70
MM, 21, 8, 10
MM, 19, 10, 10
MM, 15, 11, 9
MM, 4, 17, 11
MM, 29, 20, 10
MM, 12, 25, 9
MM, 601, 591, 10
MM, 576, 599, 10
MM, 16, 10, 10
MM, 537, 607, 11
MM, 22, 18, 10
MM, 17, 20, 10
MM, 11, 23, 10
MM, 8, 24, 10
MM, 5, 25, 10
MM, 2, 25, 11
MM, 498, 624, 10
MM, 496, 625, 29
MM, 496, 626, 10
MM, 495, 626, 11
MM, 494, 626, 20
MM, 494, 627, 20
MM, 493, 627, 9
MM, 30, 30, 21
MM, 29, 30, 20
MM, 28, 30, 10
MM, 27, 30, 10
MM, 488, 629, 10
MM, 486, 629, 10
MM, 485, 629, 10
MM, 484, 629, 11
MM, 483, 629, 9
MM, 482, 630, 10
MM, 481, 630, 11
MM, 481, 631, 29
MM, 479, 632, 10
MM, 478, 633, 40
MP, 1, 152
MR, 1, 30
MC, 1, 0
MM, 27, 1, 382
MM, 26, 2, 10
MM, 25, 5, 10
MM, 24, 7, 9
MM, 23, 7, 11
MM, 22, 8, 10
MM, 21, 8, 10
MM, 20, 9, 10
MM, 19, 9, 10
MM, 19, 10, 10
MC, 1, 121
MM, 18, 10, 49
MM, 17, 10, 20
MM, 16, 9, 11
MM, 13, 5, 10
MM, 10, 0, 10
MM, 456, 627, 10
MM, 31, 24, 12
MM, 27, 18, 8
MM, 22, 9, 10
MM, 18, 4, 10
MM, 435, 595, 10
MM, 15, 30, 11
MM, 12, 26, 10
MM, 9, 22, 9
MM, 7, 21, 10
MM, 4, 17, 11
MM, 3, 17, 10
MM, 1, 15, 9
MM, 1, 14, 11
MM, 0, 14, 10
MM, 413, 574, 20
MM, 413, 573, 20
MP, 1, 262
MR, 1, 21
MC, 1, 0
MM, 414, 573, 39
MM, 0, 13, 20
MM, 2, 13, 9
MM, 4, 13, 11
MM, 6, 13, 10
MM, 9, 13, 10
MM, 12, 13, 10
MM, 16, 13, 10
MM, 18, 12, 10
MM, 22, 13, 10
MM, 25, 13, 10
MM, 27, 13, 10
MM, 29, 13, 10
MM, 30, 13, 10
MM, 31, 13, 10
MM, 32, 13, 21
MM, 30, 13, 180
MM, 29, 13, 10
MM, 28, 13, 11
MM, 27, 13, 9
MM, 26, 13, 11
MM, 25, 13, 9
MM, 24, 13, 11
MM, 23, 13, 30
MC, 1, 111
MM, 25, 13, 30
MM, 27, 13, 10
MM, 29, 13, 9
MM, 32, 13, 11
MM, 450, 573, 10
MM, 452, 573, 10
MM, 454, 573, 9
MM, 0, 13, 11
MM, 2, 13, 10
MM, 5, 13, 10
MM, 6, 13, 10
MM, 7, 13, 10
MM, 8, 13, 10
MM, 8, 14, 20
MM, 9, 14, 10
MC, 1, 92
MM, 9, 15, 79
MM, 9, 16, 11
MM, 9, 19, 10
MM, 9, 25, 9
MM, 465, 592, 10
MM, 3, 2, 10
MM, 3, 10, 11
MM, 3, 20, 10
MM, 465, 629, 10
MM, 16, 3, 9
MM, 16, 15, 11
MM, 17, 27, 10
MM, 66, 3, 9
MM, 66, 13, 11
MM, 67, 18, 10
MM, 68, 29, 9
MM, 469, 703, 10
MM, 469, 705, 11
MM, 469, 703, 312
MM, 469, 702, 19
MM, 69, 29, 20
MM, 69, 26, 11
MM, 68, 24, 9
MM, 68, 21, 11
MM, 68, 19, 10
MM, 68, 18, 10
MM, 68, 17, 10
MM, 67, 17, 41
MC, 1, 161
MM, 67, 16, 49
MM, 66, 16, 10
MM, 64, 14, 10
MM, 64, 13, 10
MM, 63, 10, 10
MM, 60, 3, 10
MM, 9, 25, 11
MM, 6, 14, 10
MM, 5, 2, 9
MM, 29, 18, 11
MM, 27, 4, 9
MM, 446, 593, 10
MM, 30, 26, 10
MM, 27, 15, 11
MM, 26, 8, 10
MM, 25, 6, 10
MM, 23, 2, 10
MM, 22, 0, 11
MM, 435, 559, 9
MM, 435, 557, 21
MM, 434, 557, 10
MM, 434, 556, 9
MM, 433, 556, 11
MM, 433, 555, 9
MM, 432, 555, 20
MM, 431, 554, 31
MM, 17, 30, 30
MM, 16, 29, 70
MM, 16, 28, 30
MM, 15, 27, 21
MM, 15, 26, 40
MM, 15, 25, 19
MM, 15, 26, 231
MM, 20, 28, 12
MM, 440, 554, 9
MM, 446, 559, 10
MM, 1, 4, 10
MM, 12, 12, 11
MM, 29, 23, 9
MM, 1, 0, 11
MM, 23, 14, 10
MM, 1, 27, 9
MM, 557, 632, 11
MM, 566, 636, 10
MM, 11, 10, 9
MM, 21, 15, 10
MM, 29, 21, 11
MM, 610, 659, 10
MM, 613, 662, 9
MM, 1, 30, 11
MM, 617, 665, 10
MM, 618, 665, 10
MM, 619, 665, 271
MM, 6, 29, 10
MM, 8, 27, 10
MM, 10, 26, 11
MM, 11, 25, 9
MM, 13, 25, 11
MM, 14, 25, 9
MM, 15, 24, 10
MM, 16, 24, 10
MC, 1, 122
MM, 16, 23, 210
MM, 16, 22, 10
MM, 18, 20, 11
MM, 21, 16, 9
MM, 25, 10, 11
MM, 646, 633, 9
MM, 31, 23, 10
MM, 655, 611, 11
MM, 1, 8, 10
MM, 664, 595, 10
MM, 20, 29, 9
MM, 25, 23, 11
MM, 29, 20, 10
MM, 30, 19, 10
MM, 32, 16, 10
MM, 34, 16, 10
MM, 683, 575, 10
MM, 685, 573, 10
MM, 687, 571, 10
MM, 688, 570, 10
MM, 1, 9, 10
MM, 2, 6, 10
MM, 5, 1, 10
MM, 7, 0, 11
MM, 699, 557, 9
MM, 701, 555, 10
MM, 0, 30, 10
MM, 2, 29, 11
MM, 3, 28, 9
MM, 5, 27, 11
MM, 6, 26, 9
MM, 7, 24, 10
MM, 8, 24, 20
MM, 9, 24, 82
MM, 10, 24, 19
MM, 11, 23, 10
MM, 12, 23, 20
MM, 13, 22, 20
MM, 14, 22, 11
MC, 1, 273
MC, 2, 210
MC, 3, 191
MM, 13, 22, 361
MM, 12, 23, 10
MM, 10, 26, 10
MM, 708, 554, 10
MM, 11, 0, 10
MM, 686, 573, 11
MM, 27, 20, 9
MM, 17, 28, 10
MM, 652, 598, 10
MM, 9, 19, 10
MM, 616, 622, 10
MM, 608, 632, 10
MM, 32, 1, 11
MM, 22, 6, 10
MM, 14, 9, 9
MM, 7, 12, 11
MM, 1, 13, 10
MM, 567, 650, 10
MM, 33, 18, 10
MM, 30, 20, 10
MM, 28, 22, 11
MM, 26, 23, 9
MM, 24, 25, 10
MM, 22, 26, 10
MM, 20, 26, 11
MM, 19, 27, 9
MM, 17, 28, 11
MM, 16, 29, 19
MM, 16, 30, 11
MM, 15, 30, 10
MM, 543, 665, 20
MM, 542, 665, 10
MM, 542, 666, 9
MM, 541, 667, 21
MM, 540, 669, 19
MM, 538, 669, 11
MM, 537, 670, 10
MM, 136, 0, 9
MM, 135, 2, 11
MM, 134, 2, 11
MM, 133, 4, 9
MM, 132, 5, 10
MM, 131, 7, 10
MM, 130, 8, 11
MM, 129, 8, 9
MM, 129, 9, 10
MM, 129, 10, 10
MM, 128, 10, 11
MM, 128, 11, 20
MC, 1, 100
MM, 133, 9, 100
MM, 139, 7, 11
MM, 142, 5, 10
MM, 147, 1, 10
MM, 554, 668, 10
MM, 561, 665, 9
MM, 568, 663, 10
MM, 1, 27, 11
MM, 4, 25, 10
MM, 7, 24, 10
MM, 8, 24, 10
MM, 10, 21, 10
MM, 12, 20, 10
MM, 13, 18, 11
MM, 14, 17, 9
MM, 15, 17, 11
MM, 15, 16, 9
MM, 16, 14, 11
MM, 17, 13, 19
MC, 1, 203
MM, 18, 12, 49
MM, 18, 11, 10
MM, 19, 9, 10
MM, 20, 7, 10
MM, 22, 3, 10
MM, 15, 30, 10
MM, 19, 21, 9
MM, 22, 13, 11
MM, 26, 6, 10
MM, 613, 599, 10
MM, 616, 593, 10
MM, 8, 30, 10
MM, 12, 26, 10
MM, 14, 24, 10
MM, 14, 21, 10
MM, 14, 20, 11
MM, 15, 20, 20
MM, 17, 20, 362
MM, 18, 20, 10
MM, 20, 20, 9
MM, 23, 21, 11
MM, 27, 23, 10
MM, 642, 584, 10
MM, 646, 586, 10
MM, 2, 28, 10
MM, 657, 593, 9
MM, 661, 595, 10
MM, 8, 1, 10
MM, 10, 2, 11
MM, 12, 3, 10
MM, 14, 5, 10
MM, 15, 6, 10
MC, 1, 212
MM, 13, 6, 59
MM, 10, 6, 11
MM, 4, 7, 10
MM, 0, 7, 10
MM, 32, 7, 10
MM, 19, 7, 9
MM, 4, 7, 10
MM, 17, 7, 11
MM, 578, 604, 10
MM, 24, 7, 10
MM, 537, 601, 10
MM, 15, 1, 10
MM, 497, 597, 10
MM, 483, 594, 10
MM, 474, 593, 10
MM, 470, 593, 10
MM, 466, 592, 10
MM, 8, 30, 10
MM, 7, 30, 10
MM, 6, 30, 10
MM, 5, 30, 20
MM, 4, 30, 100
MM, 4, 29, 10
MM, 3, 29, 21
MM, 2, 28, 10
MM, 1, 28, 10
MM, 0, 27, 20
MM, 455, 587, 10
MM, 454, 586, 31
MM, 453, 586, 19
MM, 452, 586, 10
MM, 451, 585, 21
MM, 34, 24, 9
MM, 33, 24, 10
MM, 30, 23, 11
MM, 25, 22, 10
MM, 24, 22, 10
MM, 22, 21, 10
MM, 21, 21, 10
MM, 20, 20, 19
MC, 1, 162
MM, 19, 20, 70
MM, 18, 20, 10
MM, 16, 20, 10
MM, 10, 24, 10
MM, 6, 25, 10
MM, 1, 28, 10
MM, 409, 592, 11
MM, 404, 595, 9
MM, 19, 1, 10
MM, 15, 2, 10
MM, 12, 5, 11
MM, 9, 6, 9
MM, 8, 7, 10
MM, 6, 8, 11
MM, 5, 8, 10
MM, 3, 9, 10
MM, 2, 10, 11
MM, 1, 10, 19
MM, 0, 11, 10
MM, 379, 608, 10
MM, 379, 609, 11
MM, 378, 610, 9
MM, 377, 611, 21
MP, 1, 100
MR, 1, 61
MC, 1, 0
MM, 378, 611, 89
MM, 379, 611, 31
MM, 0, 14, 20
MM, 1, 14, 31
MM, 2, 14, 20
MM, 3, 14, 50
MM, 4, 14, 39
MM, 5, 14, 41
MC, 1, 91
MM, 6, 14, 90
MM, 7, 14, 31
MM, 8, 14, 39
MM, 9, 14, 20
MM, 10, 14, 10
MM, 11, 14, 10
MM, 12, 14, 11
MM, 13, 14, 9
MM, 15, 14, 10
MM, 19, 15, 10
MM, 25, 15, 10
MM, 29, 15, 11
MM, 418, 615, 10
MM, 8, 21, 10
MM, 18, 22, 10
MM, 457, 622, 10
MM, 8, 26, 10
MM, 25, 30, 10
MM, 508, 630, 10
MM, 533, 631, 10
MM, 553, 633, 10
MM, 5, 4, 10
MM, 18, 7, 10
MM, 31, 8, 10
MM, 611, 647, 10
MM, 2, 14, 10
MM, 5, 15, 11
MM, 8, 17, 9
MM, 10, 17, 10
MM, 11, 17, 10
MM, 12, 17, 10
MM, 13, 17, 10
MM, 14, 17, 111
MM, 15, 17, 40
MM, 16, 17, 20
MM, 17, 17, 10
MM, 18, 17, 10
MM, 19, 17, 10
MM, 20, 17, 10
MM, 21, 17, 10
MM, 23, 17, 10
MM, 27, 17, 11
MM, 30, 17, 11
MM, 648, 650, 9
MM, 650, 649, 10
MM, 0, 14, 10
MM, 4, 14, 10
MM, 9, 14, 10
MM, 12, 14, 10
MM, 15, 14, 10
MM, 17, 14, 11
MM, 18, 13, 9
MM, 19, 13, 30
MC, 1, 382
MM, 19, 12, 181
MM, 20, 11, 31
MM, 21, 9, 9
MM, 22, 9, 11
MM, 26, 6, 10
MM, 30, 3, 10
MM, 685, 633, 10
MM, 692, 625, 10
MM, 699, 616, 10
MM, 711, 606, 10
MM, 720, 600, 10
MM, 728, 593, 10
MM, 734, 589, 10
MM, 745, 580, 10
MM, 751, 575, 10
MM, 761, 567, 10
MM, 768, 562, 10
MM, 773, 557, 11
MM, 810, 560, 603
MM, 808, 566, 9
MM, 808, 572, 10
MM, 807, 581, 10
MM, 806, 588, 11
MM, 804, 599, 10
MM, 804, 604, 9
MM, 802, 610, 11
MM, 30, 2, 10
MM, 30, 5, 10
MM, 30, 9, 10
MM, 30, 11, 10
