********************************************************************************
LOGGING TIME: 20181027_160325
CLIENT IP: 10.109.56.70
USERNAME: dell
OS: Windows 8.1
**********************************Emotional database********************************************************************************
MM, 122, 61, 1541893259757
MM, 121, 61, 153
MM, 119, 61, 7
MM, 118, 60, 9
MM, 117, 59, 7
MM, 117, 56, 9
MM, 116, 52, 7
MM, 114, 47, 9
MM, 114, 41, 7
MM, 114, 35, 8
MM, 113, 25, 8
MM, 111, 11, 8
MM, 362, 281, 8
MM, 360, 265, 8
MM, 355, 248, 8
MM, 324, 169, 40
MM, 318, 157, 8
MM, 313, 148, 9
MM, 308, 141, 8
MM, 305, 137, 8
MM, 302, 134, 8
MM, 299, 131, 8
MM, 298, 130, 8
MM, 297, 129, 96
MM, 295, 128, 8
MM, 294, 126, 8
MM, 292, 124, 8
MM, 289, 119, 8
MM, 286, 115, 8
MM, 296, 118, 312
MM, 308, 129, 7
MM, 323, 139, 8
MM, 332, 147, 8
MM, 340, 156, 8
MM, 348, 166, 9
MM, 386, 247, 103
MM, 386, 250, 8
MM, 386, 254, 8
MM, 386, 259, 8
MM, 386, 261, 8
MM, 386, 264, 8
MM, 386, 266, 8
MM, 386, 267, 8
MM, 386, 269, 8
MM, 386, 272, 8
MM, 386, 277, 8
MM, 386, 283, 8
MM, 135, 3, 8
MM, 135, 7, 8
MM, 135, 11, 8
MM, 135, 14, 8
MM, 135, 15, 8
MC, 1, 217
MM, 133, 15, 135
MM, 132, 15, 9
MM, 131, 15, 8
MM, 129, 15, 8
MM, 128, 15, 15
MM, 127, 15, 8
MM, 127, 12, 8665
MM, 127, 8, 7
MM, 127, 0, 8
MM, 377, 280, 8
MM, 375, 277, 8
MM, 375, 276, 8
MM, 373, 276, 24
MM, 367, 276, 8
MM, 361, 276, 8
MM, 355, 276, 8
MM, 352, 276, 8
MM, 352, 277, 16
MM, 350, 277, 8
MM, 346, 277, 8
MM, 341, 277, 8
MM, 338, 275, 8
MM, 334, 275, 97
MM, 324, 275, 8
MM, 305, 275, 8
MM, 282, 275, 8
MM, 257, 279, 8
MM, 235, 285, 8
MM, 221, 289, 8
MM, 215, 291, 8
MM, 214, 291, 8
MM, 219, 294, 32
MM, 238, 302, 8
MM, 13, 30, 8
MM, 40, 48, 8
MM, 59, 61, 8
MM, 74, 73, 8
MM, 333, 369, 7
MM, 336, 374, 8
MM, 339, 378, 9
MM, 344, 383, 8
MM, 348, 387, 8
MM, 356, 397, 8
MM, 368, 407, 7
MM, 132, 3, 8
MM, 147, 15, 8
MM, 164, 28, 8
MM, 181, 39, 9
MM, 191, 45, 8
MM, 195, 48, 8
MM, 198, 49, 7
MM, 199, 49, 8
MM, 200, 50, 24
MM, 201, 53, 8
MM, 204, 56, 8
MM, 211, 60, 8
MM, 219, 70, 8
MM, 228, 80, 8
MM, 236, 87, 8
MM, 490, 507, 8
MM, 492, 510, 8
MM, 494, 511, 8
MM, 493, 511, 72
MM, 489, 506, 8
MM, 231, 82, 8
MM, 220, 70, 8
MM, 210, 57, 8
MM, 203, 48, 8
MM, 195, 41, 9
MM, 191, 36, 8
MM, 189, 33, 8
MM, 188, 32, 8
MM, 187, 32, 8
MM, 187, 31, 56
MM, 186, 30, 8
MM, 183, 29, 8
MM, 182, 26, 8
MM, 181, 25, 8
MM, 180, 25, 8
MC, 1, 119
MM, 179, 25, 57
MM, 178, 25, 7
MM, 176, 25, 8
MM, 172, 27, 8
MM, 164, 31, 8
MM, 152, 37, 8
MM, 140, 43, 8
MM, 131, 48, 8
MM, 124, 53, 8
MM, 120, 56, 8
MM, 117, 59, 8
MM, 116, 60, 8
MM, 116, 62, 136
MM, 116, 64, 8
MM, 116, 67, 8
MM, 119, 71, 8
MM, 122, 76, 8
MM, 125, 77, 8
MM, 127, 78, 9
MM, 129, 80, 8
MM, 130, 80, 8
MM, 132, 81, 8
MM, 133, 82, 8
MM, 135, 82, 8
MM, 136, 82, 8
MM, 135, 79, 200
MM, 132, 75, 7
MM, 129, 68, 9
MM, 126, 62, 8
MM, 123, 55, 7
MM, 119, 49, 8
MM, 116, 44, 8
MM, 115, 41, 8
MM, 114, 39, 9
MM, 112, 38, 7
MM, 112, 36, 8
MM, 112, 35, 8
MM, 111, 34, 8
MM, 110, 33, 8
MC, 1, 169
MM, 110, 34, 56
MM, 110, 37, 8
MM, 110, 38, 8
MM, 110, 42, 8
MM, 110, 44, 8
MM, 110, 46, 8
MM, 110, 48, 8
MM, 110, 51, 8
MM, 110, 52, 8
MM, 110, 53, 24
MM, 113, 55, 8
MM, 114, 58, 8
MM, 117, 61, 8
MM, 120, 62, 8
MM, 121, 64, 8
MM, 123, 65, 8
MM, 125, 65, 8
MM, 125, 66, 8
MM, 125, 67, 8
MM, 126, 67, 48
MM, 127, 67, 8
MM, 127, 68, 8
MM, 127, 69, 8
MM, 127, 67, 48
MM, 127, 61, 7
MM, 127, 55, 8
MM, 127, 49, 8
MM, 127, 43, 8
MM, 127, 40, 8
MM, 127, 39, 13
MM, 127, 38, 67
MM, 127, 37, 8
MM, 127, 36, 89
MM, 127, 35, 8
MM, 127, 33, 8
MM, 127, 32, 8
MM, 127, 31, 72
MM, 127, 30, 8
MM, 129, 30, 295
MM, 138, 28, 8
MM, 162, 24, 8
MM, 196, 19, 8
MM, 222, 17, 8
MM, 246, 15, 8
MM, 270, 13, 8
MM, 292, 13, 8
MM, 311, 10, 8
MM, 327, 8, 8
MM, 338, 8, 8
MM, 344, 8, 8
MM, 346, 8, 8
MM, 347, 8, 8
MC, 2, 553
MM, 346, 8, 80
MM, 341, 8, 8
MM, 335, 8, 8
MM, 325, 8, 8
MM, 317, 8, 8
MM, 306, 7, 8
MM, 295, 5, 8
MM, 286, 3, 8
MM, 277, 1, 8
MM, 271, 0, 8
MM, 518, 412, 8
MM, 513, 410, 8
MM, 509, 410, 8
MM, 508, 409, 8
MM, 507, 408, 7
MM, 506, 408, 8
MM, 503, 407, 9
MM, 500, 405, 8
MM, 499, 404, 7
MM, 498, 402, 8
MM, 497, 399, 8
MM, 495, 396, 8
MM, 495, 394, 8
MM, 495, 389, 8
MM, 495, 385, 9
MM, 495, 381, 8
MM, 495, 377, 7
MM, 495, 374, 8
MM, 495, 371, 8
MM, 495, 369, 8
MM, 244, 82, 8
MM, 244, 81, 8
MM, 244, 79, 8
MM, 244, 77, 48
MM, 244, 74, 8
MM, 244, 73, 8
MM, 244, 69, 8
MM, 246, 65, 8
MM, 247, 62, 8
MM, 250, 59, 8
MM, 252, 57, 8
MM, 252, 56, 8
MM, 253, 54, 8
MM, 254, 52, 8
MM, 255, 51, 8
MM, 256, 50, 8
MM, 257, 47, 8
MM, 260, 46, 8
MM, 263, 44, 9
MM, 266, 42, 8
MM, 267, 40, 8
MM, 269, 40, 8
MM, 272, 40, 8
MM, 272, 39, 8
MM, 272, 38, 8
MC, 1, 207
MM, 272, 41, 128
MM, 272, 45, 8
MM, 272, 53, 9
MM, 271, 64, 8
MM, 267, 78, 8
MM, 514, 378, 8
MM, 508, 398, 8
MM, 248, 5, 8
MM, 237, 22, 8
MM, 226, 37, 8
MM, 217, 46, 8
MM, 207, 54, 8
MM, 200, 59, 8
MM, 196, 62, 8
MM, 194, 63, 8
MM, 193, 63, 72
MM, 192, 63, 8
MM, 188, 63, 8
MM, 182, 63, 8
MM, 178, 63, 8
MM, 174, 63, 8
MM, 173, 63, 8
MM, 170, 63, 16
MM, 168, 63, 8
MM, 167, 63, 7
MM, 165, 63, 9
MC, 1, 183
MM, 165, 65, 184
MM, 165, 68, 8
MM, 168, 75, 8
MM, 173, 84, 8
MM, 430, 508, 8
MM, 435, 518, 8
MM, 25, 4, 8
MM, 27, 8, 8
MM, 28, 11, 8
MM, 29, 12, 8
MM, 29, 13, 8
MM, 29, 14, 8
MM, 29, 15, 16
MM, 29, 17, 8
MM, 29, 18, 8
MM, 29, 20, 8
MM, 29, 21, 8
MM, 30, 22, 8
MM, 31, 24, 8
MM, 32, 25, 65
MM, 34, 26, 8
MM, 33, 26, 72
MM, 31, 26, 7
MM, 28, 26, 8
MM, 24, 23, 8
MM, 21, 21, 8
MM, 20, 20, 9
MM, 19, 19, 7
MM, 22, 22, 552
MM, 24, 23, 8
MM, 31, 26, 8
MM, 452, 554, 8
MM, 458, 558, 8
MM, 14, 4, 8
MM, 26, 9, 8
MM, 0, 15, 8
MM, 11, 21, 8
MM, 23, 27, 8
MM, 529, 593, 8
MM, 538, 597, 8
MM, 4, 1, 8
MM, 10, 3, 8
MM, 17, 4, 8
MM, 21, 4, 8
MM, 25, 6, 8
MM, 28, 7, 8
MM, 31, 8, 8
MM, 33, 10, 8
MM, 576, 608, 8
MM, 2, 14, 8
MM, 8, 18, 8
MM, 15, 21, 9
MM, 24, 25, 8
MM, 614, 625, 8
MM, 620, 629, 8
MM, 627, 632, 8
MM, 16, 1, 8
MM, 18, 2, 8
MM, 19, 3, 8
MM, 20, 4, 8
MM, 21, 5, 16
MM, 22, 7, 8
MM, 23, 7, 24
MM, 24, 7, 8
MM, 24, 8, 8
MM, 24, 9, 8
MM, 27, 9, 368
MM, 646, 643, 7
MM, 649, 643, 9
MM, 1, 9, 8
MM, 4, 9, 8
MC, 1, 343
MM, 3, 9, 57
MM, 650, 643, 8
MM, 21, 8, 8
MM, 614, 635, 8
MM, 589, 629, 8
MM, 28, 27, 8
MM, 11, 23, 8
MM, 534, 616, 8
MM, 21, 15, 8
MM, 15, 14, 8
MM, 11, 12, 8
MM, 8, 11, 8
MM, 7, 11, 8
MM, 6, 10, 8
MM, 5, 8, 8
MM, 1, 7, 8
MM, 497, 603, 8
MM, 494, 601, 8
MM, 28, 3, 8
MM, 23, 1, 8
MM, 481, 595, 8
MM, 480, 594, 8
MM, 477, 593, 8
MM, 475, 592, 8
MM, 14, 30, 8
MM, 10, 29, 8
MM, 9, 28, 8
MM, 8, 27, 8
MM, 8, 25, 167
MM, 8, 24, 8
MM, 8, 23, 24
MM, 8, 22, 8
MM, 8, 21, 16
MM, 8, 20, 8
MM, 12, 20, 169
MM, 13, 20, 8
MM, 17, 20, 8
MM, 25, 20, 8
MM, 489, 580, 8
MM, 4, 20, 8
MM, 12, 20, 7
MM, 23, 21, 9
MM, 29, 22, 8
MM, 6, 22, 8
MM, 19, 22, 8
MM, 30, 22, 8
MM, 7, 22, 8
MM, 18, 22, 8
MM, 29, 22, 8
MM, 610, 582, 8
MM, 7, 22, 8
MM, 13, 22, 8
MM, 21, 22, 8
MM, 29, 22, 8
MM, 644, 582, 8
MM, 1, 22, 8
MM, 3, 22, 8
MM, 8, 22, 8
MM, 12, 22, 8
MM, 13, 22, 8
MM, 14, 22, 8
MM, 9, 22, 143
MM, 1, 22, 8
MM, 27, 22, 8
MM, 16, 22, 8
MM, 5, 22, 8
MM, 605, 582, 8
MM, 31, 22, 8
MM, 30, 22, 8
MC, 1, 360
MM, 25, 25, 16
MM, 586, 594, 8
MM, 31, 9, 9
MM, 11, 23, 8
MM, 534, 630, 8
MM, 31, 5, 7
MM, 19, 13, 8
MM, 15, 17, 8
MM, 12, 19, 9
MM, 11, 19, 8
MC, 1, 528
MC, 2, 144
MM, 10, 19, 31
MM, 7, 19, 9
MM, 1, 19, 8
MM, 483, 652, 8
MM, 30, 15, 8
MM, 25, 12, 8
MM, 21, 8, 8
MM, 13, 0, 7
MM, 32, 28, 8
MM, 21, 15, 8
MM, 13, 3, 8
MM, 11, 28, 8
MM, 6, 21, 8
MM, 413, 572, 9
MM, 34, 2, 8
MM, 403, 558, 7
MM, 401, 555, 8
MM, 400, 554, 8
MM, 26, 30, 8
MM, 26, 28, 8
MM, 26, 27, 8
MM, 28, 30, 168
MM, 410, 560, 8
MM, 1, 5, 8
MM, 8, 10, 8
MM, 13, 15, 8
MM, 14, 15, 8
MM, 15, 15, 8
MC, 1, 273
MM, 16, 15, 32
MM, 18, 15, 8
MM, 21, 15, 8
MM, 26, 15, 8
MM, 30, 15, 8
MM, 451, 575, 7
MM, 1, 15, 8
MM, 7, 15, 8
MM, 13, 15, 8
MM, 21, 15, 8
MM, 27, 15, 8
MM, 31, 15, 8
MM, 491, 575, 8
MM, 0, 15, 9
MM, 1, 15, 7
MM, 2, 15, 8
MC, 1, 216
MM, 1, 15, 24
MM, 493, 575, 8
MM, 31, 15, 8
MM, 26, 15, 8
MM, 24, 15, 8
MM, 21, 15, 8
MM, 20, 15, 9
MM, 21, 15, 247
MM, 488, 575, 8
MM, 12, 15, 8
MM, 530, 577, 8
MM, 26, 19, 9
MM, 16, 22, 7
MM, 5, 26, 8
MM, 3, 29, 8
MM, 675, 591, 8
MM, 696, 595, 8
MM, 723, 598, 8
MM, 747, 602, 8
MM, 766, 606, 8
MM, 775, 606, 8
MM, 777, 606, 8
MM, 777, 604, 216
MM, 777, 601, 8
MM, 779, 595, 8
MM, 780, 591, 8
MM, 782, 588, 8
MM, 785, 581, 8
MM, 788, 577, 8
MM, 791, 572, 8
MM, 792, 570, 8
MM, 793, 569, 8
MM, 794, 566, 8
MM, 794, 565, 8
MM, 796, 564, 8
MM, 797, 563, 8
MM, 798, 563, 48
MM, 799, 563, 8
MM, 800, 560, 8
MM, 802, 557, 8
MM, 803, 556, 8
MM, 804, 555, 8
MM, 804, 554, 105
MM, 773, 554, 247
MM, 751, 563, 8
MM, 34, 12, 8
MM, 6, 22, 8
MM, 20, 28, 8
MM, 644, 591, 8
MM, 630, 593, 8
MM, 621, 594, 8
MM, 617, 594, 8
MM, 616, 594, 8
MM, 612, 594, 8
MM, 609, 594, 8
MM, 608, 594, 8
MM, 607, 594, 8
MM, 605, 594, 25
MM, 600, 594, 8
MM, 595, 594, 8
MM, 584, 594, 8
MM, 3, 30, 8
MM, 28, 26, 8
MM, 16, 24, 8
MM, 5, 22, 8
MM, 527, 580, 8
MM, 29, 20, 8
MM, 26, 19, 8
MM, 26, 18, 8
MM, 25, 18, 103
MM, 24, 18, 8
MM, 20, 18, 8
MM, 16, 18, 8
MM, 15, 18, 8
MM, 14, 18, 8
MM, 11, 18, 152
MM, 7, 18, 8
MM, 3, 18, 8
MM, 489, 578, 8
MM, 27, 18, 8
MM, 24, 18, 8
MM, 23, 18, 8
MC, 1, 281
MM, 22, 18, 16
MM, 21, 18, 8
MM, 21, 22, 8
MM, 21, 30, 8
MM, 15, 1, 8
MM, 15, 9, 8
MM, 15, 17, 8
MM, 15, 26, 8
MM, 477, 629, 8
MM, 477, 633, 8
MM, 30, 4, 8
MM, 31, 8, 8
MM, 482, 646, 7
MM, 482, 649, 8
MM, 483, 650, 8
MM, 484, 650, 9
MM, 484, 651, 120
MM, 484, 652, 8
MM, 485, 653, 8
MM, 486, 655, 7
MM, 486, 656, 32
MM, 486, 657, 8
MM, 487, 658, 8
MM, 1, 26, 8
MM, 1, 28, 8
MM, 1, 29, 8
MM, 1, 30, 8
MM, 489, 665, 64
MM, 490, 666, 8
MM, 492, 669, 8
MM, 95, 2, 8
MM, 98, 5, 8
MM, 99, 6, 8
MM, 99, 7, 8
MM, 99, 8, 9
MM, 101, 10, 80
MM, 102, 11, 8
MM, 102, 12, 80
MM, 102, 13, 8
MC, 1, 111
MM, 101, 10, 41
MM, 100, 8, 7
MM, 100, 5, 8
MM, 100, 1, 8
MM, 500, 668, 8
MM, 500, 665, 8
MM, 12, 28, 8
MM, 12, 26, 8
MM, 12, 23, 8
MM, 12, 22, 8
MM, 12, 21, 8
MM, 12, 20, 8
MC, 1, 272
MM, 11, 20, 16
MM, 7, 20, 8
MM, 487, 652, 9
MM, 29, 16, 8
MM, 18, 16, 8
MM, 7, 16, 8
MM, 445, 649, 8
MM, 20, 10, 8
MM, 0, 4, 8
MM, 393, 632, 8
MM, 378, 626, 8
MM, 25, 20, 8
MM, 16, 17, 8
MM, 9, 13, 8
MM, 3, 10, 8
MM, 337, 606, 8
MM, 336, 605, 8
MM, 0, 8, 255
MM, 4, 11, 8
MM, 10, 12, 9
MM, 16, 14, 8
MM, 21, 15, 8
MM, 24, 17, 8
MM, 25, 18, 8
MC, 1, 248
MM, 27, 19, 56
MM, 33, 21, 8
MM, 378, 619, 8
MM, 10, 26, 7
MM, 21, 28, 9
MM, 417, 625, 7
MM, 15, 28, 8
MM, 457, 625, 8
MM, 16, 28, 9
MM, 30, 28, 8
MM, 4, 28, 7
MM, 10, 28, 8
MM, 14, 28, 8
MM, 18, 28, 8
MM, 23, 28, 8
MM, 25, 28, 8
MM, 28, 28, 8
MM, 32, 28, 8
MM, 34, 28, 8
MM, 535, 625, 8
MM, 536, 625, 8
MM, 537, 626, 192
MM, 539, 629, 8
MM, 544, 632, 8
MM, 19, 1, 8
MM, 22, 3, 8
MM, 24, 6, 8
MM, 25, 9, 8
MM, 26, 12, 8
MM, 26, 14, 8
MM, 26, 17, 8
MM, 26, 18, 8
MM, 28, 18, 8
MM, 29, 18, 8
MM, 6, 18, 280
MM, 33, 18, 8
MM, 15, 18, 8
MM, 4, 17, 8
MM, 31, 13, 8
MM, 17, 9, 8
MM, 13, 8, 8
MM, 6, 4, 8
MM, 2, 1, 8
MM, 448, 634, 8
MM, 445, 633, 8
MM, 445, 632, 233
MM, 445, 630, 8
MM, 445, 629, 8
MM, 445, 628, 8
MM, 24, 30, 8
MM, 24, 29, 8
MM, 24, 28, 8
MM, 24, 27, 8
MC, 1, 320
MM, 19, 27, 16
MM, 11, 27, 8
MM, 0, 27, 8
MM, 28, 27, 8
MM, 17, 27, 8
MM, 11, 27, 8
MM, 7, 27, 8
MM, 4, 27, 8
MM, 3, 27, 8
MM, 2, 27, 16
MM, 0, 27, 8
MM, 377, 624, 8
MM, 375, 624, 8
MM, 34, 27, 8
MM, 33, 27, 8
MM, 32, 27, 8
MM, 32, 25, 215
MM, 32, 24, 8
MM, 374, 621, 16
MM, 376, 620, 8
MM, 379, 619, 8
MM, 2, 22, 8
MM, 6, 22, 8
MM, 9, 22, 8
MM, 11, 20, 8
MM, 14, 19, 8
MM, 15, 19, 8
MM, 16, 19, 8
MC, 1, 233
MM, 16, 21, 40
MM, 18, 24, 8
MM, 19, 25, 8
MM, 20, 28, 8
MM, 401, 628, 8
MM, 404, 632, 7
MM, 407, 637, 8
MM, 1, 4, 8
MM, 7, 7, 9
MM, 10, 8, 8
MM, 13, 10, 8
MM, 16, 11, 7
MM, 16, 12, 329
MM, 17, 15, 8
MM, 20, 18, 8
MM, 23, 21, 8
MM, 24, 22, 8
MM, 25, 22, 8
MM, 26, 22, 8
MM, 26, 23, 8
MM, 26, 24, 8
MM, 27, 25, 8
MM, 30, 26, 8
MM, 32, 28, 8
MM, 446, 666, 8
MM, 449, 669, 8
MM, 53, 1, 8
MM, 60, 6, 8
MM, 63, 9, 8
MM, 66, 12, 8
MM, 70, 15, 8
MM, 73, 16, 8
MM, 73, 17, 8
MM, 73, 18, 7
MC, 1, 329
MM, 74, 18, 40
MM, 75, 18, 8
MM, 76, 18, 8
MM, 82, 18, 8
MM, 90, 16, 8
MM, 96, 15, 8
MM, 105, 11, 8
MM, 112, 10, 8
MM, 118, 8, 7
MM, 129, 4, 9
MM, 138, 2, 8
MM, 547, 670, 7
MM, 552, 667, 8
MM, 553, 667, 9
MM, 557, 666, 7
MM, 30, 30, 8
MM, 33, 29, 9
MM, 565, 661, 7
MM, 566, 661, 8
MM, 567, 661, 8
MM, 1, 25, 8
MM, 8, 20, 8
MM, 14, 17, 8
MM, 26, 13, 8
MM, 38, 7, 8
MM, 4, 1, 8
MM, 631, 631, 8
MM, 637, 630, 8
MM, 641, 628, 8
MM, 26, 30, 8
MM, 27, 30, 337
MM, 30, 30, 8
MM, 32, 30, 8
MM, 655, 625, 8
MM, 657, 624, 8
MM, 1, 26, 8
MM, 2, 25, 8
MM, 3, 25, 48
MM, 4, 25, 7
MM, 5, 23, 8
MM, 6, 22, 8
MM, 7, 22, 241
MM, 9, 22, 8
MM, 10, 22, 8
MM, 12, 22, 8
MM, 13, 22, 8
MM, 16, 22, 8
MM, 18, 22, 8
MC, 1, 367
MM, 7, 24, 16
MM, 27, 29, 8
MM, 618, 632, 8
MM, 24, 3, 8
MM, 567, 641, 9
MM, 12, 10, 8
MM, 34, 10, 7
MM, 15, 10, 8
MM, 485, 644, 8
MM, 28, 10, 8
MM, 22, 10, 8
MM, 17, 10, 8
MM, 16, 10, 8
MM, 15, 10, 65
MM, 14, 10, 8
MM, 10, 10, 8
MM, 4, 9, 8
MM, 447, 641, 8
MM, 27, 6, 8
MM, 15, 4, 8
MM, 408, 636, 8
MM, 24, 0, 8
MM, 13, 0, 8
MM, 7, 0, 8
MM, 375, 632, 8
MM, 372, 631, 8
MM, 371, 631, 32
MM, 370, 631, 8
MM, 367, 630, 8
MM, 363, 628, 8
MM, 19, 30, 8
MM, 13, 27, 8
MM, 9, 25, 8
MM, 6, 25, 8
MM, 3, 24, 8
MM, 2, 23, 8
MM, 5, 23, 255
MM, 9, 23, 8
MM, 12, 23, 8
MM, 14, 23, 8
MC, 1, 169
MM, 16, 23, 40
MM, 18, 23, 8
MM, 22, 23, 8
MM, 28, 21, 8
MM, 374, 617, 8
MM, 376, 617, 8
MM, 379, 615, 8
MM, 2, 17, 8
MM, 3, 16, 8
MM, 4, 15, 8
MM, 5, 15, 40
MM, 6, 15, 8
MM, 7, 15, 8
MM, 8, 15, 8
MM, 10, 15, 16
MM, 11, 15, 7
MC, 1, 216
MM, 12, 15, 16
MM, 16, 13, 8
MM, 20, 12, 8
MM, 26, 10, 8
MM, 32, 9, 8
MM, 417, 604, 8
MM, 4, 4, 8
MM, 13, 2, 8
MM, 443, 596, 8
MM, 450, 592, 8
MM, 454, 589, 9
MM, 1, 26, 8
MM, 4, 25, 8
MM, 8, 24, 8
MM, 9, 24, 8
MM, 12, 22, 8
MM, 14, 21, 8
MM, 17, 21, 279
MM, 20, 21, 8
MM, 22, 21, 8
MM, 25, 21, 8
MM, 26, 21, 49
MM, 27, 21, 8
MM, 488, 581, 8
MM, 0, 21, 8
MM, 4, 21, 8
MM, 9, 21, 8
MM, 11, 21, 8
MM, 14, 21, 8
MC, 1, 311
MM, 11, 21, 40
MM, 9, 21, 8
MM, 6, 23, 8
MM, 5, 24, 8
MM, 5, 25, 8
MM, 4, 26, 8
MM, 2, 29, 8
MM, 495, 591, 8
MM, 494, 594, 8
MM, 30, 1, 8
MM, 29, 6, 8
MM, 29, 10, 8
MM, 29, 16, 8
MM, 29, 20, 8
MM, 29, 25, 8
MM, 493, 626, 8
MM, 494, 631, 8
MM, 7, 1, 8
MM, 9, 4, 9
MM, 10, 5, 8
MM, 10, 6, 8
MM, 10, 7, 8
MM, 10, 8, 48
MM, 10, 11, 8
MM, 10, 13, 8
MM, 10, 16, 8
MM, 10, 17, 8
MM, 10, 18, 24
MM, 10, 19, 8
MM, 10, 20, 8
MM, 10, 21, 8
MM, 10, 24, 24
MM, 10, 26, 8
MM, 10, 28, 8
MM, 10, 29, 8
MM, 10, 30, 8
MM, 498, 666, 8
MM, 498, 667, 8
MM, 498, 669, 8
MM, 98, 0, 8
MM, 98, 1, 8
MM, 98, 2, 8
MM, 98, 3, 8
MM, 98, 5, 104
MM, 98, 6, 7
MC, 1, 160
MM, 99, 3, 57
MM, 504, 667, 7
MM, 21, 26, 8
MM, 31, 17, 8
MM, 0, 7, 8
MM, 544, 630, 8
MM, 16, 25, 8
MM, 22, 22, 8
MM, 29, 19, 8
MM, 32, 16, 8
MM, 575, 610, 8
MM, 576, 610, 113
MM, 577, 610, 8
MM, 578, 610, 8
MM, 579, 610, 8
MM, 580, 610, 80
MM, 2, 13, 8
MM, 5, 16, 8
MM, 9, 19, 8
MM, 16, 22, 8
MM, 24, 24, 8
MM, 616, 623, 8
MM, 10, 28, 8
MM, 23, 28, 8
MM, 657, 627, 8
MM, 671, 629, 8
MM, 679, 629, 8
MM, 685, 629, 8
MM, 688, 629, 8
MM, 689, 629, 8
MM, 690, 629, 8
MM, 690, 627, 143
MM, 28, 29, 16
MM, 24, 28, 8
MM, 18, 28, 8
MM, 12, 28, 8
MM, 9, 28, 8
MM, 7, 28, 8
MM, 6, 28, 8
MM, 5, 28, 8
MM, 3, 28, 8
MM, 3, 27, 40
MM, 3, 25, 8
MM, 2, 25, 8
MM, 1, 24, 8
MM, 1, 23, 8
MC, 1, 265
MM, 0, 22, 32
MM, 657, 618, 8
MM, 657, 617, 8
MM, 657, 614, 8
MM, 657, 612, 8
MM, 657, 608, 8
MM, 657, 603, 8
MM, 657, 601, 8
MM, 657, 598, 8
MM, 657, 596, 8
MM, 657, 593, 8
MM, 657, 592, 8
MM, 657, 591, 96
MM, 9, 30, 8
MM, 9, 28, 24
MM, 9, 27, 7
MM, 9, 26, 89
MM, 9, 25, 7
MM, 9, 24, 24
MM, 9, 23, 8
MM, 9, 22, 8
MM, 9, 20, 8
MM, 9, 19, 17
MM, 9, 18, 8
MC, 1, 128
MM, 8, 18, 23
MM, 7, 18, 8
MM, 5, 21, 8
MM, 4, 24, 8
MM, 1, 25, 9
MM, 646, 586, 8
MM, 644, 588, 8
MM, 28, 29, 8
MM, 635, 591, 7
MM, 631, 592, 9
MM, 626, 594, 8
MM, 622, 595, 8
MM, 617, 598, 7
MM, 615, 599, 8
MM, 613, 600, 8
MM, 28, 6, 8
MM, 26, 7, 8
MM, 25, 9, 8
MM, 23, 10, 8
MM, 23, 11, 72
MM, 22, 12, 8
MM, 20, 15, 8
MM, 17, 19, 8
MM, 14, 22, 8
MM, 9, 25, 8
MM, 7, 28, 8
MM, 585, 628, 8
MM, 582, 629, 8
MM, 581, 629, 8
MM, 580, 629, 8
MM, 579, 629, 8
MM, 576, 629, 8
MM, 573, 630, 8
MM, 572, 632, 8
MM, 571, 632, 8
MM, 570, 632, 8
MM, 569, 634, 192
MM, 566, 638, 8
MM, 32, 9, 8
MM, 25, 14, 8
MM, 22, 17, 8
MM, 21, 18, 8
MM, 20, 19, 8
MM, 20, 21, 8
MM, 20, 22, 8
MM, 20, 23, 8
MC, 1, 265
MM, 19, 23, 24
MM, 17, 23, 8
MM, 14, 23, 8
MM, 11, 22, 8
MM, 8, 20, 8
MM, 4, 15, 7
MM, 528, 644, 8
MM, 525, 640, 9
MM, 524, 636, 8
MM, 522, 631, 8
MM, 22, 30, 8
MM, 20, 27, 8
MM, 19, 24, 8
MM, 18, 23, 8
MM, 17, 22, 7
MM, 17, 21, 8
MM, 17, 20, 72
MM, 17, 19, 8
MM, 17, 17, 16
MM, 17, 16, 8
MM, 17, 15, 8
MM, 17, 13, 8
MM, 17, 12, 8
MC, 1, 161
MM, 16, 12, 72
MM, 13, 10, 8
MM, 5, 9, 8
MM, 493, 604, 8
MM, 17, 5, 8
MM, 1, 3, 8
MM, 30, 1, 8
MM, 438, 596, 8
MM, 426, 594, 8
MM, 418, 592, 8
MM, 413, 591, 8
MM, 411, 591, 8
MM, 408, 591, 8
MM, 36, 30, 71
MM, 36, 29, 8
MM, 36, 28, 120
MM, 36, 26, 8
MM, 36, 25, 8
MM, 36, 23, 8
MM, 36, 22, 8
MM, 411, 580, 8
MM, 412, 579, 8
MM, 413, 578, 8
MM, 414, 577, 8
MM, 0, 17, 8
MM, 2, 17, 8
MM, 3, 17, 8
MM, 4, 17, 8
MM, 5, 16, 8
MM, 6, 15, 9
MC, 1, 295
MM, 7, 15, 24
MM, 8, 15, 8
MM, 12, 15, 9
MM, 16, 15, 8
MM, 21, 15, 7
MM, 27, 15, 8
MM, 33, 15, 8
MM, 454, 575, 8
MM, 4, 15, 8
MM, 8, 15, 9
MM, 9, 15, 8
MM, 10, 15, 8
MM, 11, 15, 7
MM, 13, 15, 8
MM, 14, 15, 8
MM, 15, 15, 8
MC, 1, 281
MM, 15, 16, 40
MM, 15, 20, 8
MM, 15, 25, 8
MM, 15, 29, 8
MM, 471, 593, 8
MM, 9, 1, 8
MM, 9, 3, 8
MM, 9, 7, 8
MM, 9, 12, 7
MM, 9, 16, 9
MM, 9, 20, 8
MM, 9, 23, 8
MM, 9, 25, 8
MM, 9, 28, 8
MM, 9, 30, 8
MM, 471, 630, 8
MM, 471, 631, 8
MM, 471, 632, 8
MM, 471, 633, 8
MM, 22, 2, 16
MM, 22, 4, 8
MM, 22, 7, 8
MM, 22, 9, 8
MM, 23, 12, 7
MM, 25, 15, 9
MM, 25, 16, 79
MM, 25, 17, 8
MM, 25, 18, 8
MM, 25, 19, 8
MM, 25, 21, 88
MM, 25, 23, 8
MM, 25, 27, 8
MM, 474, 667, 8
MM, 74, 2, 8
MM, 74, 7, 8
MM, 74, 9, 8
MM, 74, 12, 8
MM, 74, 14, 8
MM, 74, 17, 8
MM, 74, 18, 8
MC, 1, 264
MM, 73, 16, 33
MM, 68, 8, 8
MM, 462, 665, 7
MM, 9, 16, 8
MM, 5, 5, 8
MM, 29, 30, 8
MM, 26, 21, 8
MM, 23, 17, 8
MM, 19, 10, 8
MM, 18, 4, 8
MM, 17, 2, 8
MM, 436, 596, 8
MM, 436, 592, 8
MM, 21, 29, 8
MM, 21, 28, 8
MM, 21, 27, 8
MM, 20, 27, 88
MM, 19, 27, 8
MM, 19, 26, 8
MM, 18, 24, 8
MM, 17, 24, 8
MM, 17, 23, 8
MM, 17, 22, 9
MM, 14, 22, 48
MM, 10, 22, 8
MM, 4, 22, 8
MM, 35, 22, 8
MM, 24, 22, 8
MM, 13, 22, 8
MM, 2, 22, 8
MM, 368, 582, 8
MM, 33, 22, 8
MM, 30, 21, 8
MM, 29, 20, 8
MM, 30, 20, 224
MM, 34, 20, 7
MM, 369, 580, 8
MM, 371, 580, 9
MM, 0, 20, 7
MM, 2, 20, 8
MM, 5, 20, 8
MM, 7, 20, 8
MM, 10, 20, 8
MC, 1, 353
MM, 11, 20, 15
MM, 15, 20, 8
MM, 17, 20, 8
MM, 23, 20, 8
MM, 30, 22, 9
MM, 34, 23, 8
MM, 414, 585, 7
MM, 5, 25, 9
MM, 11, 25, 7
MM, 17, 26, 8
MM, 20, 28, 8
MM, 23, 28, 8
MM, 29, 28, 8
MM, 31, 28, 8
MM, 34, 28, 8
MM, 451, 588, 9
MM, 454, 591, 215
MM, 457, 593, 8
MM, 460, 596, 9
MM, 1, 2, 8
MM, 3, 2, 247
MM, 11, 4, 8
MM, 23, 6, 9
MM, 493, 604, 7
MM, 1, 9, 8
MM, 3, 9, 8
MM, 4, 9, 8
MM, 5, 9, 8
MM, 7, 10, 168
MM, 9, 11, 8
MM, 13, 11, 9
MM, 19, 13, 8
MM, 28, 15, 8
MM, 536, 613, 8
MM, 2, 18, 8
MM, 6, 19, 8
MM, 8, 21, 8
MM, 9, 21, 8
MM, 10, 21, 7
MM, 11, 21, 48
MM, 13, 21, 9
MM, 16, 21, 7
MM, 18, 21, 8
MM, 21, 21, 8
MM, 22, 21, 8
MC, 1, 257
MM, 2, 21, 23
MM, 20, 21, 9
MM, 30, 19, 8
MM, 9, 17, 8
MM, 460, 614, 8
MM, 34, 16, 8
MM, 33, 15, 8
MM, 32, 15, 360
MM, 31, 13, 8
MM, 30, 12, 8
MM, 29, 11, 8
MM, 29, 10, 8
MM, 29, 9, 8
MM, 29, 8, 8
MM, 27, 7, 8
MM, 26, 4, 8
MM, 25, 1, 8
MM, 24, 0, 8
MM, 444, 596, 8
MM, 441, 593, 8
MM, 438, 591, 8
MM, 20, 28, 8
MM, 19, 25, 8
MM, 19, 24, 8
MC, 1, 303
MM, 20, 24, 105
MM, 29, 28, 8
MM, 456, 593, 8
MM, 3, 2, 8
MM, 9, 4, 8
MM, 14, 5, 8
MM, 16, 6, 8
MM, 19, 8, 8
MM, 20, 9, 8
MM, 21, 9, 8
MM, 24, 9, 8
MM, 25, 9, 8
MM, 26, 9, 48
MM, 27, 9, 8
MM, 28, 10, 8
MM, 29, 11, 8
MM, 493, 609, 8
MM, 495, 612, 8
MM, 496, 613, 8
MM, 497, 614, 8
MM, 0, 18, 8
MM, 1, 18, 88
MM, 2, 18, 8
MM, 2, 19, 7
MM, 2, 21, 8
MM, 3, 21, 57
MM, 5, 22, 7
MM, 7, 23, 8
MM, 9, 24, 8
MM, 13, 26, 8
MM, 16, 27, 8
MM, 19, 30, 8
MM, 521, 630, 8
MM, 524, 631, 8
MM, 526, 633, 8
MM, 0, 1, 8
MM, 1, 2, 8
MM, 3, 2, 8
MM, 4, 4, 8
MM, 4, 5, 8
MM, 5, 6, 8
MM, 6, 7, 8
MM, 7, 8, 16
MM, 8, 9, 8
MM, 8, 10, 8
MM, 9, 12, 8
MM, 10, 13, 8
MM, 10, 15, 8
MM, 12, 16, 8
MM, 14, 18, 8
MM, 15, 20, 8
MM, 17, 23, 8
MM, 18, 24, 8
MM, 19, 25, 8
MM, 20, 26, 8
MM, 21, 26, 8
MM, 23, 28, 8
MM, 23, 29, 8
MM, 24, 29, 8
MM, 25, 29, 8
MM, 25, 26, 161
MM, 22, 22, 8
MM, 19, 19, 8
MM, 18, 18, 8
MM, 18, 16, 8
MM, 16, 15, 16
MM, 15, 14, 8
MM, 15, 13, 24
MM, 15, 12, 8
MC, 1, 175
MM, 15, 16, 16
MM, 15, 20, 8
MM, 14, 26, 8
MM, 539, 667, 8
MM, 136, 2, 8
MM, 133, 9, 8
MM, 130, 14, 8
MM, 129, 16, 8
MM, 127, 17, 8
MM, 126, 19, 8
MM, 125, 20, 8
MM, 124, 21, 8
MM, 124, 20, 192
MC, 1, 161
MM, 117, 18, 16
MM, 113, 15, 8
MM, 102, 10, 8
MM, 93, 4, 8
MM, 481, 667, 8
MM, 14, 22, 8
MM, 2, 12, 8
MM, 32, 0, 8
MM, 12, 27, 8
MM, 7, 20, 8
MM, 6, 16, 8
MM, 4, 13, 8
MM, 3, 11, 8
MM, 3, 9, 7
MM, 2, 7, 8
MM, 0, 4, 8
MM, 0, 3, 9
MM, 0, 2, 8
MM, 6, 2, 175
MM, 14, 2, 8
MM, 22, 2, 8
MM, 28, 2, 8
MM, 34, 2, 8
MM, 459, 599, 8
MM, 460, 599, 8
MM, 461, 599, 8
MM, 461, 598, 89
MM, 461, 597, 8
MM, 463, 595, 8
MM, 464, 594, 8
MM, 465, 594, 16
MM, 466, 593, 8
MM, 467, 592, 8
MM, 470, 591, 8
MM, 15, 30, 8
MM, 16, 30, 8
MM, 18, 30, 8
MM, 21, 28, 8
MM, 22, 27, 8
MM, 22, 26, 120
MM, 22, 25, 8
MC, 1, 207
MM, 20, 25, 32
MM, 15, 25, 8
MM, 11, 25, 8
MM, 7, 25, 8
MM, 3, 25, 8
MM, 1, 25, 8
MM, 0, 25, 8
MM, 455, 585, 8
MM, 454, 585, 9
MM, 453, 585, 8
MM, 452, 585, 16
MM, 451, 585, 8
MM, 34, 25, 56
MM, 33, 25, 8
MM, 32, 25, 88
MM, 31, 25, 8
MM, 30, 25, 48
MM, 29, 25, 7
MM, 28, 24, 8
MM, 26, 23, 8
MM, 25, 23, 16
MM, 24, 23, 8
MC, 1, 281
MM, 25, 23, 40
MM, 27, 23, 7
MM, 28, 23, 8
MM, 29, 24, 8
MM, 30, 24, 8
MM, 31, 25, 48
MM, 34, 26, 8
MM, 451, 588, 8
MM, 453, 589, 8
MM, 454, 590, 8
MM, 456, 591, 8
MM, 459, 593, 8
MM, 460, 594, 8
MM, 461, 595, 8
MM, 462, 596, 8
MM, 463, 596, 8
MM, 465, 596, 8
MM, 4, 0, 8
MM, 5, 1, 8
MM, 5, 2, 88
MM, 5, 4, 8
MM, 6, 4, 8
MM, 7, 5, 8
MM, 7, 6, 8
MM, 7, 7, 105
MM, 7, 8, 8
MM, 8, 9, 16
MM, 9, 10, 7
MM, 9, 11, 16
MM, 9, 13, 8
MC, 1, 145
MM, 9, 12, 24
MM, 7, 11, 8
MM, 6, 10, 8
MM, 4, 8, 8
MM, 3, 6, 7
MM, 3, 5, 9
MM, 3, 1, 8
MM, 465, 596, 8
MM, 465, 595, 8
MM, 465, 592, 8
MM, 465, 591, 8
MM, 9, 30, 8
MM, 9, 29, 8
MM, 9, 28, 8
MM, 9, 27, 8
MM, 9, 26, 128
MM, 9, 24, 7
MM, 9, 23, 9
MM, 9, 22, 8
MM, 9, 21, 7
MM, 9, 20, 9
MM, 9, 19, 7
MM, 9, 18, 8
MC, 1, 161
MM, 12, 18, 23
MM, 16, 18, 8
MM, 22, 18, 8
MM, 30, 18, 9
MM, 0, 18, 7
MM, 5, 18, 9
MM, 9, 18, 7
MM, 11, 18, 8
MM, 16, 18, 8
MM, 20, 18, 8
MM, 22, 18, 8
MM, 28, 18, 9
MM, 2, 16, 8
MM, 18, 12, 7
MM, 566, 570, 9
MM, 15, 8, 7
MM, 31, 6, 8
MM, 6, 6, 8
MM, 17, 4, 8
MM, 22, 2, 8
MM, 24, 2, 8
MM, 23, 3, 248
MM, 20, 6, 9
MM, 17, 9, 8
MM, 16, 9, 8
MM, 15, 9, 8
MC, 1, 208
MM, 14, 10, 23
MM, 12, 11, 8
MM, 5, 14, 8
MM, 607, 580, 9
MM, 23, 24, 8
MM, 6, 28, 8
MM, 562, 592, 8
MM, 543, 594, 8
MM, 527, 596, 7
MM, 14, 1, 8
MM, 3, 1, 8
MM, 496, 598, 8
MM, 28, 3, 9
MM, 25, 4, 7
MM, 24, 4, 8
MM, 23, 4, 8
MM, 23, 5, 241
MM, 26, 7, 8
MM, 28, 7, 8
MM, 493, 604, 8
MM, 494, 604, 8
MM, 497, 605, 8
MM, 0, 9, 8
MM, 1, 9, 8
MM, 3, 9, 8
MC, 1, 551
MM, 1, 9, 73
MM, 498, 606, 8
MM, 495, 606, 8
MM, 30, 7, 8
MM, 29, 6, 8
MM, 25, 4, 8
MM, 22, 2, 8
MM, 20, 2, 8
MM, 17, 2, 8
MM, 16, 1, 8
MM, 14, 0, 8
MM, 12, 0, 8
MM, 11, 0, 8
MM, 9, 0, 8
MM, 466, 595, 8
MM, 460, 594, 8
MM, 454, 594, 8
MM, 450, 594, 8
MM, 446, 592, 8
MM, 443, 591, 8
MM, 439, 591, 8
MM, 434, 591, 8
MM, 18, 30, 8
MM, 17, 29, 8
MC, 1, 575
MM, 29, 29, 24
MM, 450, 589, 8
MM, 2, 29, 8
MM, 6, 29, 8
MM, 10, 29, 8
MM, 13, 29, 8
MM, 15, 29, 8
MM, 18, 29, 8
MC, 1, 272
MM, 14, 29, 24
MM, 8, 29, 8
MM, 0, 30, 8
MM, 447, 591, 8
MM, 443, 591, 8
MM, 440, 591, 8
MM, 439, 591, 8
MM, 438, 592, 105
MM, 434, 594, 8
MM, 428, 594, 8
MM, 422, 595, 8
MM, 417, 597, 8
MM, 33, 0, 8
MM, 31, 0, 8
MM, 29, 0, 8
MM, 28, 0, 8
MM, 27, 1, 231
MM, 26, 2, 9
MM, 25, 2, 8
MM, 24, 2, 8
MM, 23, 2, 39
MM, 19, 3, 9
MM, 13, 5, 8
MM, 8, 5, 7
MM, 2, 6, 8
MM, 378, 605, 8
MM, 375, 606, 8
MM, 33, 11, 8
MM, 32, 11, 129
MM, 31, 12, 8
MM, 28, 13, 8
MM, 26, 13, 8
MM, 25, 13, 8
MM, 24, 13, 8
MC, 1, 215
MM, 25, 13, 216
MM, 31, 13, 8
MM, 374, 610, 8
MM, 377, 610, 8
MM, 378, 608, 9
MM, 379, 608, 56
MM, 0, 11, 8
MM, 2, 11, 8
MM, 3, 11, 8
MM, 4, 11, 56
MM, 5, 11, 8
MM, 6, 11, 8
MM, 7, 11, 8
MM, 8, 11, 8
MM, 11, 11, 8
MM, 12, 11, 8
MM, 13, 11, 8
MM, 16, 11, 8
MM, 18, 11, 8
MM, 21, 11, 8
MM, 25, 10, 7
MM, 29, 8, 8
MM, 34, 7, 8
MM, 418, 601, 8
MM, 0, 1, 8
MM, 424, 595, 8
MM, 427, 594, 8
MM, 429, 594, 8
MM, 430, 593, 8
MM, 432, 592, 8
MM, 433, 592, 8
MM, 434, 592, 8
MM, 23, 30, 8
MM, 29, 29, 8
MM, 450, 587, 8
MM, 3, 26, 8
MM, 11, 24, 8
MM, 18, 22, 8
MM, 24, 22, 9
MM, 26, 22, 7
MM, 27, 21, 8
MM, 28, 20, 8
MM, 30, 20, 120
MM, 31, 20, 8
MM, 488, 580, 8
MM, 490, 580, 8
MM, 491, 580, 9
MM, 493, 580, 104
MM, 0, 20, 8
MM, 1, 20, 8
MM, 2, 20, 8
MC, 1, 400
MM, 492, 580, 48
MM, 30, 20, 8
MM, 24, 20, 8
MM, 18, 20, 8
MM, 14, 20, 8
MM, 11, 20, 8
MM, 9, 20, 8
MM, 6, 20, 8
MM, 5, 20, 8
MM, 4, 20, 10
MM, 3, 20, 6
MM, 2, 20, 48
MM, 0, 20, 8
MM, 452, 579, 8
MM, 31, 17, 8
MM, 27, 17, 8
MM, 25, 17, 8
MM, 23, 17, 8
MM, 22, 17, 9
MC, 1, 278
MM, 22, 20, 33
MM, 22, 22, 7
MM, 22, 25, 8
MM, 22, 27, 8
MM, 22, 30, 8
MM, 437, 593, 9
MM, 437, 595, 7
MM, 17, 1, 8
MM, 18, 4, 8
MM, 18, 5, 9
MM, 18, 6, 7
MM, 18, 7, 8
MC, 1, 297
MM, 19, 7, 103
MM, 22, 7, 8
MM, 23, 7, 8
MM, 25, 7, 8
MM, 29, 7, 8
MM, 30, 7, 8
MM, 33, 7, 8
MM, 456, 604, 8
MM, 458, 604, 8
MM, 0, 7, 8
MM, 4, 4, 8
MM, 10, 0, 8
MM, 481, 594, 8
MM, 488, 591, 9
MM, 3, 29, 7
MM, 11, 27, 8
MM, 20, 25, 8
MM, 29, 24, 8
MM, 529, 582, 8
MM, 2, 21, 8
MM, 3, 19, 8
MM, 6, 19, 8
MM, 8, 19, 8
MM, 10, 18, 8
MM, 12, 17, 8
MM, 13, 17, 8
MM, 14, 16, 8
MM, 15, 15, 8
MM, 17, 15, 145
MM, 19, 16, 8
MM, 22, 21, 8
MM, 25, 25, 8
MM, 559, 592, 8
MM, 21, 1, 8
MM, 22, 7, 8
MM, 26, 14, 8
MM, 27, 22, 8
MM, 569, 628, 8
MM, 571, 632, 8
MM, 2, 3, 8
MM, 4, 6, 8
MM, 5, 8, 7
MM, 6, 11, 8
MM, 8, 14, 9
MM, 9, 16, 8
MM, 10, 18, 8
MM, 11, 19, 8
MM, 14, 19, 160
MM, 16, 19, 7
MM, 19, 19, 8
MM, 21, 19, 8
MM, 26, 19, 8
MM, 32, 19, 8
MM, 36, 19, 8
MM, 614, 650, 9
MM, 6, 13, 7
MM, 10, 12, 8
MM, 15, 9, 8
MM, 16, 6, 8
MM, 19, 3, 8
MM, 22, 2, 8
MM, 23, 2, 8
MM, 24, 2, 8
MM, 25, 2, 257
MM, 26, 4, 8
MM, 26, 7, 8
MM, 26, 8, 8
MM, 26, 9, 8
MM, 26, 12, 8
MM, 26, 14, 7
MM, 26, 17, 8
MM, 28, 18, 9
MM, 29, 19, 8
MM, 30, 20, 8
MM, 646, 654, 8
MM, 647, 655, 71
MM, 650, 657, 8
MM, 0, 23, 8
MM, 4, 23, 8
MM, 7, 23, 8
MC, 1, 281
MM, 8, 23, 87
MM, 11, 23, 8
MM, 15, 23, 8
MM, 21, 23, 8
MM, 27, 23, 8
MM, 685, 657, 8
MM, 689, 657, 8
MM, 692, 657, 8
MM, 694, 657, 8
MM, 695, 657, 8
MM, 698, 657, 113
MM, 702, 657, 8
MM, 708, 656, 8
MM, 717, 654, 8
MM, 721, 653, 8
MM, 726, 651, 8
MM, 730, 650, 8
MM, 731, 649, 8
MM, 732, 648, 8
MM, 735, 646, 8
MM, 736, 646, 8
MM, 738, 646, 8
MM, 743, 646, 8
MM, 749, 645, 8
MM, 755, 643, 7
MM, 763, 643, 9
MM, 6, 29, 8
MM, 20, 25, 8
MM, 39, 21, 8
MM, 58, 17, 7
MM, 69, 15, 8
MM, 81, 13, 8
MM, 87, 11, 8
MM, 90, 10, 9
MM, 863, 621, 8
MP, 1, 175
MR, 1, 56
MC, 1, 0
MM, 90, 9, 8
MM, 85, 12, 8
MM, 81, 13, 8
MM, 78, 15, 8
MM, 77, 16, 9
