**********************************
LOGGING TIME: 20180908_185842
CLIENT IP: 10.109.56.18
USERNAME: dell
OS: Windows 8.1
*********************Neutral database**********************************
MM, 71, 58, 1537598407788
MM, 73, 44, 20
MM, 75, 30, 9
MM, 75, 19, 0
MM, 76, 10, 15
MM, 76, 4, 16
MM, 78, 2, 0
MC, 1, 5611
MM, 208, 1, 17830
MM, 207, 2, 20
MM, 204, 4, 10
MM, 203, 7, 10
MM, 200, 10, 10
MM, 195, 14, 10
MM, 193, 16, 10
MM, 190, 19, 10
MM, 189, 19, 11
MM, 188, 20, 10
MM, 186, 21, 20
MM, 187, 21, 21
MM, 207, 0, 0
MC, 1, 131
MM, 204, 0, 310
MM, 193, 4, 5
MM, 181, 14, 10
MM, 166, 27, 11
MM, 147, 50, 10
MM, 17, 9, 20
MM, 11, 31, 750
MM, 13, 31, 10
MM, 13, 29, 10
MM, 14, 29, 20
MM, 14, 28, 11
MM, 15, 27, 20
MM, 15, 26, 10
MM, 16, 26, 10
MM, 16, 25, 10
MM, 16, 24, 10
MM, 17, 24, 10
MM, 17, 23, 31
MM, 18, 23, 10
MM, 19, 23, 41
MC, 1, 132
MM, 22, 23, 294
MM, 30, 23, 10
MM, 17, 23, 21
MM, 34, 18, 10
MM, 7, 18, 10
MM, 34, 16, 10
MC, 1, 822
MM, 9, 0, 141
MM, 3, 13, 11
MM, 16, 2, 10
MM, 12, 14, 10
MM, 11, 18, 10
MM, 10, 21, 11
MM, 10, 23, 9
MM, 5, 6, 21
MM, 4, 10, 9
MM, 4, 15, 11
MM, 3, 16, 10
MM, 3, 17, 10
MM, 2, 18, 10
MM, 2, 19, 10
MM, 2, 20, 20
MM, 2, 22, 41
MM, 2, 23, 31
MM, 0, 25, 10
MM, 0, 28, 10
MM, 1, 30, 182
MM, 2, 27, 10
MM, 3, 26, 11
MM, 3, 25, 10
MM, 4, 24, 10
MM, 4, 23, 20
MM, 6, 23, 10
MM, 6, 21, 30
MM, 7, 21, 11
MM, 7, 20, 10
MM, 8, 20, 30
MM, 8, 19, 11
MC, 1, 172
MM, 8, 18, 81
MM, 8, 14, 10
MM, 8, 13, 10
MM, 5, 13, 163
MM, 38, 8, 20
MM, 29, 6, 10
MM, 18, 2, 11
MM, 27, 27, 30
MM, 16, 26, 10
MM, 4, 20, 10
MM, 41, 15, 20
MM, 36, 12, 11
MM, 32, 9, 9
MM, 28, 7, 11
MM, 25, 5, 10
MM, 22, 2, 10
MM, 19, 0, 10
MM, 20, 31, 30
MM, 18, 28, 11
MM, 13, 25, 10
MM, 9, 22, 10
MM, 4, 19, 10
MM, 0, 16, 10
MC, 1, 334
MM, 1, 26, 173
MM, 2, 29, 10
MM, 0, 0, 51
MM, 1, 1, 10
MM, 3, 3, 10
MM, 4, 4, 10
MM, 6, 4, 10
MM, 7, 5, 10
MM, 8, 6, 11
MM, 9, 6, 19
MM, 9, 7, 11
MM, 10, 7, 21
MM, 11, 7, 29
MM, 12, 7, 10
MM, 14, 8, 11
MM, 15, 8, 10
MM, 17, 9, 10
MM, 18, 9, 10
MM, 21, 9, 10
MM, 22, 11, 10
MM, 23, 11, 10
MM, 24, 11, 11
MM, 25, 11, 20
MM, 26, 11, 20
MM, 28, 11, 42
MC, 1, 112
MM, 27, 11, 70
MM, 26, 11, 10
MM, 24, 11, 10
MM, 21, 11, 11
MM, 19, 11, 10
MM, 14, 10, 10
MM, 10, 10, 10
MM, 6, 9, 11
MM, 1, 7, 9
MM, 44, 6, 21
MM, 36, 4, 10
MM, 27, 2, 10
MM, 23, 1, 10
MC, 1, 537
MM, 19, 2, 122
MM, 25, 12, 10
MM, 30, 21, 10
MM, 7, 24, 30
MM, 58, 2, 21
MM, 61, 6, 10
MM, 64, 11, 10
MM, 65, 15, 10
MM, 68, 19, 10
MM, 71, 22, 10
MM, 74, 27, 10
MM, 77, 30, 11
MM, 78, 32, 9
MM, 81, 35, 11
MM, 82, 36, 10
MM, 85, 38, 10
MM, 86, 39, 10
MM, 87, 40, 11
MM, 88, 41, 9
MM, 138, 41, 397
MM, 140, 40, 20
MM, 141, 39, 40
MM, 141, 37, 22
MM, 142, 36, 9
MM, 143, 35, 10
MM, 143, 34, 11
MM, 144, 34, 9
MM, 144, 33, 10
MM, 145, 33, 31
MM, 145, 32, 10
MM, 146, 31, 30
MC, 1, 172
MM, 145, 28, 81
MM, 142, 25, 10
MM, 135, 18, 11
MM, 128, 11, 10
MM, 119, 4, 10
MM, 12, 28, 20
MM, 2, 22, 11
MM, 43, 18, 10
MM, 36, 13, 9
MM, 30, 10, 11
MM, 25, 8, 10
MM, 19, 3, 10
MM, 14, 0, 10
MM, 42, 24, 41
MM, 33, 19, 10
MM, 24, 13, 10
MM, 14, 8, 10
MM, 3, 2, 11
MC, 1, 385
MM, 39, 1, 122
MM, 27, 6, 10
MM, 10, 17, 10
MM, 41, 21, 10
MM, 14, 26, 10
MM, 41, 30, 10
MM, 37, 31, 143
MM, 38, 31, 30
MM, 38, 30, 10
MM, 38, 29, 20
MM, 40, 28, 20
MM, 40, 27, 31
MM, 41, 27, 10
MM, 42, 25, 20
MM, 43, 23, 10
MM, 2, 14, 31
MM, 6, 13, 10
MM, 9, 10, 10
MM, 12, 7, 10
MM, 15, 6, 10
MM, 17, 4, 10
MM, 20, 3, 10
MM, 23, 2, 11
MM, 24, 0, 10
MM, 15, 31, 101
MM, 16, 31, 11
MM, 17, 30, 10
MM, 18, 30, 10
MM, 19, 30, 20
MM, 21, 30, 40
MM, 21, 29, 61
MM, 22, 29, 41
MM, 22, 28, 30
MM, 22, 27, 101
MC, 1, 336
MM, 19, 27, 233
MM, 15, 27, 10
MM, 9, 25, 10
MM, 34, 23, 11
MM, 15, 21, 9
MM, 25, 17, 22
MM, 27, 12, 19
MM, 8, 12, 10
MC, 1, 638
MM, 4, 30, 194
MM, 42, 0, 71
MM, 0, 0, 20
MM, 6, 0, 10
MM, 10, 0, 10
MM, 15, 2, 11
MM, 19, 2, 10
MM, 22, 2, 10
MM, 24, 3, 10
MM, 27, 3, 11
MM, 30, 3, 9
MM, 31, 3, 10
MM, 32, 3, 11
MM, 33, 3, 10
MM, 35, 3, 10
MM, 36, 3, 10
MM, 39, 3, 10
MM, 41, 3, 11
MM, 1, 3, 30
MM, 5, 3, 10
MM, 8, 3, 10
MM, 12, 5, 10
MM, 15, 5, 10
MM, 19, 5, 10
MM, 22, 6, 10
MM, 26, 6, 11
MM, 32, 6, 10
MM, 36, 6, 10
MM, 39, 6, 10
MM, 43, 6, 10
MM, 0, 6, 20
MM, 3, 7, 11
MM, 4, 7, 10
MM, 6, 7, 10
MM, 7, 8, 10
MM, 8, 8, 10
MM, 10, 8, 10
MM, 11, 10, 10
MM, 12, 10, 11
MM, 13, 10, 10
MM, 14, 10, 20
MM, 15, 10, 10
MM, 16, 10, 10
MM, 18, 10, 20
MM, 19, 10, 21
MM, 20, 10, 30
MM, 21, 10, 51
MM, 21, 11, 10
MM, 22, 11, 20
MC, 1, 111
MM, 20, 11, 103
MM, 13, 10, 10
MM, 4, 7, 10
MM, 41, 5, 10
MM, 24, 3, 10
MM, 3, 3, 10
MM, 33, 0, 152
MM, 30, 0, 10
MM, 27, 1, 10
MM, 23, 3, 10
MM, 19, 4, 11
MM, 14, 4, 10
MM, 12, 4, 10
MM, 11, 5, 10
MM, 8, 5, 11
MM, 7, 5, 9
MM, 6, 5, 10
MM, 5, 6, 11
MM, 2, 6, 10
MM, 1, 6, 10
MM, 0, 8, 10
MM, 43, 10, 61
MM, 42, 11, 10
MM, 40, 11, 10
MM, 37, 12, 10
MM, 34, 12, 10
MM, 30, 12, 11
MM, 27, 14, 10
MM, 25, 14, 10
MM, 22, 14, 10
MM, 20, 14, 10
MM, 17, 14, 10
MM, 16, 14, 10
MM, 15, 14, 10
MM, 14, 14, 20
MM, 12, 14, 42
MC, 1, 161
MM, 11, 14, 101
MM, 10, 14, 11
MM, 8, 14, 10
MM, 7, 12, 10
MM, 4, 12, 10
MM, 2, 12, 10
MM, 43, 11, 51
MM, 42, 11, 20
MM, 41, 11, 20
MM, 40, 11, 21
MM, 39, 11, 10
MM, 38, 11, 10
MM, 36, 11, 20
MM, 34, 11, 10
MM, 33, 11, 10
MM, 32, 11, 11
MM, 31, 11, 20
MM, 29, 11, 20
MM, 28, 11, 51
MC, 1, 254
MM, 31, 11, 142
MM, 34, 13, 10
MM, 36, 15, 10
MM, 41, 18, 10
MM, 0, 24, 21
MM, 7, 29, 10
MM, 24, 6, 20
MM, 34, 16, 10
MM, 43, 23, 10
MM, 48, 1, 21
MM, 58, 9, 10
MM, 62, 13, 10
MM, 67, 18, 10
MM, 70, 21, 10
MM, 74, 24, 10
MM, 76, 27, 10
MM, 78, 27, 10
MM, 79, 28, 10
MM, 79, 29, 11
MM, 81, 29, 10
MM, 82, 29, 10
MM, 82, 30, 11
MM, 83, 30, 19
MM, 84, 30, 31
MM, 84, 31, 10
MM, 86, 31, 10
MM, 87, 31, 10
MM, 89, 31, 10
MM, 90, 31, 11
MM, 91, 31, 9
MM, 92, 31, 21
MM, 93, 31, 10
MM, 94, 31, 31
MC, 1, 192
MM, 96, 30, 102
MM, 98, 28, 9
MM, 103, 24, 10
MM, 110, 16, 11
MM, 123, 4, 10
MM, 0, 30, 10
MM, 26, 13, 10
MM, 27, 24, 31
MM, 38, 18, 10
MM, 3, 9, 10
MM, 15, 3, 10
MM, 4, 30, 20
MM, 9, 29, 10
MM, 13, 27, 11
MM, 14, 26, 9
MM, 16, 25, 11
MM, 17, 24, 10
MM, 18, 24, 10
MM, 19, 24, 10
MM, 19, 23, 10
MM, 20, 23, 10
MM, 20, 22, 20
MM, 21, 22, 11
MM, 21, 21, 10
MM, 22, 21, 10
MM, 24, 19, 10
MM, 25, 17, 10
MM, 26, 16, 10
MM, 27, 15, 10
MM, 28, 14, 10
MM, 29, 14, 21
MM, 29, 12, 10
MM, 30, 12, 10
MC, 1, 204
MM, 30, 13, 141
MM, 30, 14, 11
MM, 30, 15, 10
MM, 32, 17, 10
MM, 33, 22, 10
MM, 27, 0, 91
MM, 27, 1, 41
MM, 28, 1, 10
MM, 28, 2, 30
MM, 29, 2, 10
MM, 29, 3, 21
MM, 30, 4, 50
MM, 30, 5, 31
MM, 31, 5, 31
MM, 31, 7, 9
MC, 1, 203
MM, 31, 6, 101
MM, 30, 6, 10
MM, 28, 5, 10
MM, 23, 4, 11
MM, 19, 4, 10
MM, 11, 4, 10
MM, 23, 2, 20
MM, 5, 2, 10
MM, 36, 2, 11
MM, 12, 2, 9
MM, 36, 2, 11
MM, 14, 2, 10
MM, 35, 2, 20
MM, 22, 2, 10
MM, 6, 2, 10
MM, 34, 2, 21
MM, 28, 2, 10
MM, 24, 2, 10
MM, 19, 2, 10
MM, 17, 2, 10
MM, 14, 2, 10
MM, 12, 2, 11
MM, 10, 2, 9
MM, 8, 2, 11
MM, 7, 2, 10
MM, 6, 2, 10
MM, 5, 2, 10
MM, 2, 2, 10
MM, 1, 2, 10
MM, 0, 2, 11
MM, 42, 2, 51
MM, 41, 2, 10
MM, 39, 2, 9
MM, 38, 2, 11
MM, 37, 4, 10
MM, 36, 4, 10
MM, 35, 5, 10
MM, 32, 5, 10
MM, 30, 6, 10
MM, 29, 6, 11
MM, 27, 6, 10
MM, 26, 6, 11
MM, 25, 6, 9
MM, 24, 6, 11
MM, 23, 6, 10
MM, 22, 6, 10
MM, 21, 6, 21
MM, 21, 7, 9
MM, 19, 7, 31
MM, 18, 7, 40
MC, 1, 142
MM, 18, 6, 91
MM, 18, 5, 21
MM, 18, 4, 21
MM, 18, 3, 9
MM, 18, 1, 20
MM, 18, 0, 21
MC, 1, 466
MM, 40, 0, 263
MM, 38, 0, 10
MM, 37, 1, 10
MM, 36, 2, 11
MM, 35, 3, 10
MM, 34, 4, 20
MM, 33, 4, 11
MM, 32, 6, 10
MM, 30, 6, 10
MM, 29, 7, 10
MM, 28, 7, 10
MM, 27, 8, 11
MM, 26, 9, 10
MM, 25, 9, 20
MM, 25, 10, 20
MM, 24, 10, 10
MM, 24, 11, 31
MM, 22, 11, 10
MC, 1, 152
MM, 23, 11, 121
MM, 24, 10, 21
MM, 26, 9, 10
MM, 29, 6, 10
MM, 33, 4, 10
MM, 42, 1, 10
MC, 1, 639
MM, 13, 3, 194
MM, 14, 12, 9
MM, 14, 16, 10
MM, 14, 19, 10
MM, 16, 21, 11
MM, 16, 23, 10
MM, 16, 25, 10
MM, 16, 26, 10
MM, 16, 29, 10
MM, 17, 30, 10
MM, 17, 0, 41
MM, 17, 3, 10
MM, 17, 5, 10
MM, 17, 8, 10
MM, 18, 12, 10
MM, 18, 17, 10
MM, 18, 21, 10
MM, 18, 25, 11
MM, 18, 28, 10
MM, 19, 29, 10
MM, 19, 31, 10
MM, 109, 0, 61
MM, 109, 3, 10
MM, 109, 4, 10
MM, 109, 6, 10
MM, 109, 7, 10
MM, 109, 10, 10
MM, 109, 12, 10
MM, 109, 14, 10
MM, 109, 15, 10
MM, 109, 16, 31
MM, 109, 17, 31
MC, 1, 162
MM, 111, 15, 81
MM, 113, 14, 10
MM, 118, 11, 10
MM, 126, 6, 11
MM, 133, 1, 9
MM, 12, 26, 21
MM, 20, 19, 10
MM, 29, 14, 10
MM, 39, 6, 10
MM, 9, 28, 30
MM, 16, 23, 10
MM, 25, 17, 11
MM, 30, 14, 10
MM, 34, 11, 10
MM, 39, 8, 10
MM, 43, 3, 11
MM, 26, 29, 40
MM, 30, 26, 10
MM, 33, 23, 10
MM, 0, 16, 30
MM, 4, 13, 10
MM, 7, 11, 10
MM, 11, 9, 11
MM, 14, 6, 10
MM, 15, 5, 10
MM, 18, 3, 10
MM, 21, 1, 10
MM, 22, 0, 10
MM, 25, 0, 244
MM, 27, 1, 10
MM, 27, 2, 11
MM, 27, 4, 10
MM, 27, 5, 10
MM, 28, 7, 10
MM, 28, 8, 10
MM, 28, 9, 10
MM, 28, 10, 21
MM, 28, 11, 20
MM, 28, 12, 20
MM, 28, 13, 40
MM, 28, 15, 61
MC, 1, 162
MM, 28, 14, 61
MM, 26, 14, 183
MM, 22, 14, 10
MM, 16, 14, 10
MM, 10, 14, 10
MM, 4, 14, 11
MM, 31, 14, 19
MM, 23, 14, 10
MM, 17, 13, 11
MM, 11, 11, 10
MM, 5, 10, 10
MM, 0, 10, 10
MM, 35, 8, 20
MM, 33, 8, 10
MM, 30, 8, 11
MM, 28, 8, 10
MM, 23, 8, 10
MM, 22, 8, 10
MM, 21, 8, 10
MM, 20, 8, 20
MM, 19, 8, 31
MM, 18, 8, 133
MC, 1, 202
MM, 15, 8, 142
MM, 11, 10, 10
MM, 8, 12, 10
MM, 5, 13, 10
MM, 37, 20, 21
MM, 18, 24, 10
MM, 2, 26, 10
MM, 38, 28, 10
MM, 24, 30, 10
MM, 6, 30, 10
MC, 1, 903
MM, 13, 2, 213
MM, 15, 8, 10
MM, 18, 15, 10
MM, 19, 19, 10
MM, 19, 24, 10
MM, 20, 25, 10
MM, 20, 27, 10
MM, 20, 28, 10
MM, 20, 29, 10
MM, 22, 31, 10
MM, 23, 1, 315
MM, 23, 2, 10
MM, 23, 3, 10
MM, 23, 4, 10
MM, 24, 5, 10
MM, 24, 6, 20
MM, 24, 7, 10
MM, 24, 8, 31
MM, 24, 10, 61
MC, 1, 212
MM, 24, 9, 91
MM, 24, 7, 11
MM, 24, 6, 11
MM, 24, 5, 20
MM, 24, 4, 10
MM, 24, 2, 10
MM, 24, 1, 21
MM, 24, 0, 10
MM, 24, 31, 91
MM, 24, 30, 10
MM, 24, 28, 10
MM, 24, 25, 10
MM, 24, 23, 11
MM, 24, 18, 9
MM, 24, 16, 10
MM, 24, 13, 11
MM, 24, 11, 9
MM, 24, 8, 11
MM, 24, 7, 10
MM, 24, 5, 10
MM, 24, 2, 11
MM, 24, 1, 9
MM, 24, 0, 10
MC, 1, 537
MM, 30, 2, 132
MM, 35, 7, 10
MM, 43, 16, 10
MM, 3, 31, 10
MM, 18, 8, 10
MM, 26, 22, 12
MM, 34, 30, 10
MM, 80, 0, 20
MM, 83, 3, 10
MM, 85, 5, 10
MM, 87, 6, 11
MM, 88, 9, 10
MM, 89, 10, 10
MM, 90, 11, 10
MM, 91, 12, 10
MM, 92, 14, 10
MM, 93, 14, 20
MM, 93, 15, 11
MM, 95, 15, 9
MM, 96, 16, 21
MM, 96, 17, 20
MM, 97, 17, 10
MM, 98, 18, 10
MM, 101, 19, 10
MM, 102, 19, 11
MM, 103, 20, 10
MM, 105, 22, 10
MM, 106, 22, 10
MM, 108, 22, 10
MM, 109, 23, 11
MM, 110, 23, 9
MM, 111, 23, 21
MM, 112, 23, 20
MM, 113, 23, 20
MM, 113, 24, 10
MM, 114, 24, 21
MC, 1, 111
MM, 116, 23, 101
MM, 118, 20, 10
MM, 123, 16, 10
MM, 127, 13, 10
MM, 134, 4, 11
MM, 6, 31, 20
MM, 13, 24, 10
MM, 20, 19, 11
MM, 30, 11, 10
MM, 37, 6, 9
MM, 2, 30, 31
MM, 9, 27, 10
MM, 13, 23, 10
MM, 18, 21, 10
MM, 22, 18, 10
MM, 27, 15, 11
MM, 31, 12, 10
MM, 36, 9, 10
MM, 40, 8, 10
MM, 4, 0, 31
MM, 33, 31, 101
MM, 35, 30, 10
MM, 0, 21, 60
MM, 3, 20, 10
MM, 4, 17, 11
MM, 7, 16, 10
MM, 8, 15, 10
MM, 9, 15, 10
MM, 9, 14, 10
MM, 10, 14, 10
MM, 10, 13, 10
MM, 11, 13, 10
MM, 13, 13, 41
MC, 1, 153
MM, 12, 13, 91
MM, 11, 13, 11
MM, 9, 13, 9
MM, 2, 16, 11
MM, 33, 22, 10
MM, 8, 29, 10
MM, 8, 10, 20
MM, 36, 19, 11
MM, 12, 28, 10
MM, 24, 3, 21
MM, 10, 7, 9
MM, 42, 10, 20
MM, 31, 12, 10
MM, 22, 14, 11
MM, 18, 14, 9
MM, 14, 15, 11
MM, 9, 15, 10
MM, 7, 15, 10
MM, 6, 15, 10
MM, 5, 15, 11
MM, 3, 15, 9
MM, 2, 15, 10
MM, 1, 15, 10
MM, 0, 15, 11
MM, 42, 15, 60
MM, 41, 15, 10
MM, 40, 15, 11
MM, 38, 14, 20
MM, 38, 13, 10
MM, 38, 12, 10
MM, 38, 11, 10
MM, 38, 9, 11
MM, 38, 8, 10
MM, 38, 7, 10
MM, 38, 6, 10
MM, 39, 4, 10
MM, 40, 2, 10
MM, 42, 0, 10
MM, 2, 30, 51
MM, 4, 29, 11
MM, 5, 29, 19
MM, 6, 28, 20
MM, 7, 28, 31
MM, 7, 27, 10
MM, 8, 27, 30
MM, 9, 26, 20
MM, 10, 26, 11
MM, 12, 25, 20
MM, 13, 25, 10
MM, 14, 25, 21
MM, 15, 24, 40
MM, 16, 24, 41
MM, 17, 24, 30
MC, 1, 194
MM, 17, 25, 100
MM, 17, 26, 11
MM, 17, 27, 10
MM, 17, 28, 10
MM, 17, 29, 10
MM, 17, 1, 30
MM, 17, 7, 10
MM, 17, 15, 11
MM, 17, 23, 10
MM, 63, 4, 20
MM, 63, 10, 10
MM, 64, 13, 10
MM, 64, 14, 10
MM, 64, 15, 10
MM, 64, 16, 10
MM, 64, 17, 11
MM, 64, 18, 21
MM, 64, 20, 29
MC, 1, 315
MM, 64, 18, 60
MM, 64, 17, 11
MM, 64, 15, 10
MM, 64, 12, 10
MM, 64, 11, 10
MM, 64, 10, 10
MM, 64, 9, 10
MM, 64, 7, 10
MM, 64, 6, 20
MM, 63, 6, 10
MM, 63, 5, 11
MM, 62, 4, 20
MM, 61, 3, 10
MM, 59, 2, 10
MM, 58, 1, 10
MM, 6, 30, 41
MM, 4, 27, 10
MM, 2, 26, 10
MM, 43, 21, 71
MM, 42, 21, 21
MM, 41, 21, 20
MM, 40, 19, 10
MM, 38, 19, 10
MM, 37, 19, 10
MM, 36, 18, 10
MM, 35, 18, 10
MM, 34, 18, 11
MM, 33, 18, 10
MM, 32, 17, 10
MM, 30, 17, 20
MM, 29, 17, 21
MM, 28, 17, 30
MC, 1, 193
MM, 31, 16, 101
MM, 35, 14, 10
MM, 41, 13, 10
MM, 0, 9, 11
MM, 7, 8, 10
MM, 13, 4, 10
MM, 19, 3, 10
MM, 4, 29, 51
MM, 8, 29, 10
MM, 13, 28, 10
MM, 17, 28, 10
MM, 19, 28, 10
MM, 21, 28, 10
MM, 22, 28, 11
MM, 23, 28, 10
MM, 24, 28, 10
MM, 25, 28, 20
MM, 26, 28, 20
MM, 27, 28, 21
MM, 28, 28, 20
MM, 30, 28, 20
MM, 31, 28, 10
MM, 32, 28, 10
MM, 33, 28, 10
MM, 35, 28, 11
MM, 40, 28, 10
MM, 42, 28, 10
MM, 0, 25, 40
MM, 1, 25, 11
MM, 2, 25, 10
MM, 3, 25, 10
MM, 3, 24, 10
MM, 4, 24, 10
MM, 6, 24, 10
MM, 7, 24, 21
MM, 8, 23, 10
MM, 9, 23, 10
MM, 10, 22, 20
MM, 11, 22, 10
MM, 12, 22, 20
MM, 14, 22, 41
MM, 15, 22, 40
MC, 1, 183
MM, 13, 22, 91
MM, 11, 22, 10
MM, 8, 22, 10
MM, 6, 22, 10
MM, 2, 22, 11
MM, 44, 22, 19
MM, 40, 22, 11
MM, 36, 22, 10
MM, 32, 22, 10
MM, 26, 22, 11
MM, 20, 22, 9
MM, 11, 20, 10
MM, 0, 18, 10
MM, 39, 17, 11
MM, 30, 15, 10
MM, 24, 13, 10
MM, 18, 12, 10
MM, 11, 8, 10
MM, 5, 7, 10
MM, 2, 6, 10
MM, 43, 2, 41
MM, 42, 1, 62
MC, 1, 455
MC, 1, 680
MM, 0, 17, 344
MM, 5, 17, 10
MM, 9, 17, 10
MM, 13, 17, 11
MM, 16, 17, 10
MM, 18, 17, 10
MM, 23, 17, 10
MM, 25, 17, 10
MM, 26, 17, 11
MM, 29, 17, 10
MM, 30, 17, 21
MM, 31, 17, 9
MM, 32, 17, 20
MM, 33, 17, 20
MM, 36, 17, 10
MM, 38, 17, 11
MM, 42, 17, 10
MM, 5, 15, 20
MM, 16, 15, 10
MM, 22, 13, 10
MM, 28, 13, 10
MM, 34, 13, 10
MM, 38, 13, 11
MM, 1, 13, 31
MM, 2, 13, 10
MM, 3, 13, 10
MC, 1, 456
MM, 3, 14, 142
MM, 3, 16, 10
MM, 3, 21, 10
MM, 1, 27, 10
MM, 0, 30, 11
MM, 31, 2, 30
MM, 31, 4, 10
MM, 30, 7, 10
MM, 29, 8, 10
MM, 28, 9, 11
MM, 28, 10, 10
MM, 26, 12, 10
MM, 26, 13, 10
MM, 25, 14, 10
MM, 24, 16, 10
MM, 21, 18, 10
MM, 20, 20, 11
MM, 17, 23, 9
MM, 14, 26, 10
MM, 13, 27, 11
MM, 12, 28, 10
MM, 11, 30, 20
MM, 11, 31, 20
MM, 4, 3, 30
MM, 1, 4, 11
MM, 43, 11, 31
MM, 40, 13, 9
MM, 39, 14, 10
MM, 36, 14, 11
MM, 35, 15, 10
MM, 33, 16, 10
MM, 32, 16, 10
MM, 30, 16, 20
MM, 29, 16, 10
MM, 28, 16, 20
MM, 27, 16, 51
MM, 26, 16, 21
MC, 1, 151
MM, 25, 16, 71
MM, 22, 15, 10
MM, 19, 13, 11
MM, 17, 11, 10
MM, 14, 9, 10
MM, 11, 6, 10
MM, 8, 5, 10
MM, 6, 4, 10
MM, 3, 1, 10
MM, 2, 1, 11
MM, 39, 31, 152
MM, 38, 30, 10
MM, 35, 28, 10
MM, 34, 27, 10
MM, 32, 26, 10
MM, 29, 25, 10
MM, 28, 23, 10
MM, 26, 22, 21
MM, 25, 21, 10
MM, 24, 21, 11
MM, 23, 20, 10
MM, 22, 19, 20
MM, 21, 19, 31
MC, 1, 131
MM, 21, 20, 81
MM, 21, 23, 10
MM, 21, 27, 10
MM, 21, 31, 11
MM, 21, 0, 40
MM, 22, 3, 11
MM, 22, 4, 11
MM, 22, 5, 8
MM, 23, 6, 11
MM, 23, 9, 10
MM, 25, 11, 10
MM, 25, 16, 10
MM, 26, 22, 10
MM, 122, 6, 20
MM, 126, 15, 11
MM, 127, 19, 10
MM, 127, 23, 10
MM, 128, 26, 10
MM, 128, 27, 10
MM, 128, 28, 10
MM, 130, 28, 10
MM, 130, 29, 10
MM, 130, 31, 21
MM, 131, 32, 20
MM, 131, 33, 30
MC, 1, 274
MM, 131, 30, 92
MM, 131, 29, 9
MM, 131, 28, 10
MM, 131, 27, 10
MM, 131, 26, 10
MM, 131, 22, 11
MM, 130, 16, 10
MM, 129, 10, 10
MM, 127, 3, 11
MM, 34, 28, 30
MM, 33, 25, 10
MM, 33, 21, 10
MM, 31, 16, 10
MM, 31, 12, 10
MM, 30, 8, 10
MM, 28, 3, 10
MM, 28, 1, 10
MM, 27, 30, 31
MM, 26, 29, 10
MM, 26, 28, 10
MM, 26, 27, 10
MM, 26, 26, 20
MM, 26, 25, 21
MM, 26, 24, 41
MM, 26, 23, 40
MC, 1, 213
MM, 27, 23, 335
MM, 30, 21, 10
MM, 33, 20, 10
MM, 37, 18, 10
MM, 40, 17, 10
MM, 44, 14, 10
MM, 2, 6, 41
MM, 3, 5, 10
MM, 7, 4, 10
MM, 8, 2, 10
MM, 11, 1, 10
MM, 13, 0, 11
MM, 41, 30, 81
MM, 0, 25, 30
MM, 1, 25, 10
MM, 2, 24, 10
MM, 3, 24, 20
MM, 4, 22, 11
MM, 5, 21, 30
MM, 6, 21, 10
MM, 8, 20, 10
MM, 10, 19, 10
MM, 11, 18, 11
MM, 14, 16, 10
MM, 15, 15, 10
MM, 17, 14, 10
MM, 18, 14, 10
MM, 18, 13, 10
MM, 20, 13, 10
MM, 21, 13, 11
MM, 22, 13, 10
MM, 22, 16, 274
MM, 22, 23, 11
MM, 11, 5, 20
MM, 11, 11, 10
MM, 12, 14, 10
MM, 13, 16, 10
MM, 13, 18, 10
MM, 13, 19, 10
MM, 13, 20, 10
MM, 15, 21, 11
MM, 15, 22, 10
MM, 15, 25, 9
MM, 15, 26, 11
MM, 15, 27, 10
MM, 16, 28, 10
MM, 16, 29, 10
MM, 16, 30, 10
MM, 16, 31, 22
MM, 19, 2, 272
MM, 19, 4, 10
MM, 19, 5, 10
MM, 19, 6, 10
MM, 19, 7, 10
MM, 19, 9, 11
MM, 19, 10, 40
MM, 19, 8, 233
MM, 19, 6, 10
MM, 19, 4, 10
MM, 19, 2, 10
MM, 19, 1, 10
MM, 16, 31, 61
MM, 16, 29, 11
MM, 16, 26, 9
MM, 16, 20, 11
MM, 16, 14, 10
MM, 16, 8, 10
MM, 14, 5, 10
MM, 14, 1, 10
MM, 26, 30, 31
MM, 26, 27, 10
MM, 26, 25, 10
MM, 26, 23, 10
MM, 24, 20, 10
MM, 24, 18, 10
MM, 23, 16, 10
MM, 23, 13, 10
MM, 22, 11, 10
MM, 22, 8, 11
MM, 22, 5, 10
MM, 21, 4, 10
MM, 21, 3, 10
MM, 21, 2, 30
MC, 1, 204
MM, 21, 3, 111
MM, 21, 6, 10
MM, 21, 8, 11
MM, 21, 11, 10
MM, 21, 12, 10
MM, 21, 13, 10
MM, 21, 14, 10
MM, 21, 15, 21
MM, 21, 17, 30
MM, 21, 18, 30
MM, 21, 19, 21
MM, 21, 21, 10
MM, 21, 24, 10
MM, 21, 27, 10
MM, 21, 29, 10
MM, 11, 1, 30
MM, 11, 3, 11
MM, 12, 4, 10
MM, 12, 7, 10
MM, 12, 8, 10
MM, 12, 9, 10
MM, 13, 10, 10
MM, 13, 11, 10
MM, 13, 13, 21
MM, 13, 14, 10
MM, 13, 15, 40
MM, 14, 16, 10
MM, 14, 17, 10
MM, 14, 18, 11
MM, 15, 19, 10
MM, 15, 21, 20
MM, 16, 22, 20
MM, 16, 24, 11
MM, 16, 25, 9
MM, 16, 26, 10
MM, 18, 28, 11
MM, 18, 29, 20
MM, 18, 30, 20
MM, 18, 31, 10
MM, 23, 0, 51
MM, 23, 1, 10
MM, 23, 2, 10
MM, 23, 3, 20
MM, 23, 4, 41
MM, 23, 6, 20
MM, 23, 7, 51
MM, 23, 8, 31
MC, 1, 161
MM, 23, 6, 52
MM, 23, 8, 253
MM, 23, 9, 11
MM, 23, 12, 10
MM, 21, 14, 9
MM, 20, 17, 11
MM, 19, 20, 10
MM, 16, 21, 10
MM, 14, 24, 11
MM, 12, 25, 9
MM, 9, 28, 10
MM, 6, 31, 10
MM, 184, 0, 52
MM, 183, 0, 10
MM, 183, 1, 10
MM, 182, 1, 10
MM, 182, 2, 20
MM, 181, 2, 20
MM, 180, 2, 41
MM, 180, 3, 20
MM, 178, 3, 20
MM, 178, 5, 10
MM, 178, 6, 31
MM, 178, 7, 20
MM, 179, 8, 344
MM, 180, 7, 10
MM, 181, 6, 10
MM, 182, 3, 11
MM, 185, 2, 10
MM, 6, 27, 30
MM, 10, 22, 10
MM, 13, 18, 10
MM, 16, 13, 10
MM, 19, 9, 11
MM, 24, 2, 10
MM, 30, 30, 30
MM, 33, 27, 10
MM, 34, 26, 10
MM, 35, 23, 10
MM, 38, 22, 11
MM, 41, 19, 10
MM, 42, 16, 10
MM, 0, 9, 30
MM, 3, 7, 11
MM, 4, 5, 10
MM, 6, 5, 9
MM, 7, 4, 11
MM, 8, 3, 20
MM, 28, 28, 30
MM, 29, 26, 12
MM, 29, 23, 10
MM, 30, 22, 10
MM, 30, 21, 10
MM, 30, 20, 10
MM, 30, 18, 10
MM, 30, 17, 10
MM, 30, 16, 10
MC, 1, 376
MM, 29, 16, 323
MM, 20, 20, 10
MM, 11, 23, 11
MM, 33, 31, 20
MM, 15, 1, 40
MM, 36, 3, 21
MM, 25, 3, 10
MM, 14, 3, 10
MM, 1, 3, 10
MM, 34, 5, 10
MM, 21, 5, 10
MM, 7, 5, 11
MM, 38, 7, 20
MM, 30, 7, 10
MM, 26, 7, 10
MM, 21, 7, 10
MM, 20, 7, 10
MM, 19, 7, 10
MM, 18, 7, 11
MM, 17, 7, 9
MM, 14, 7, 21
MM, 12, 7, 10
MM, 9, 7, 10
MM, 7, 7, 10
MM, 2, 7, 10
MM, 40, 7, 31
MM, 37, 7, 10
MM, 34, 7, 10
MM, 32, 7, 11
MM, 31, 7, 11
MM, 30, 7, 10
MM, 28, 7, 9
MM, 27, 7, 11
MM, 26, 7, 10
MM, 25, 7, 10
MM, 22, 8, 10
MM, 21, 8, 10
MM, 20, 10, 11
MM, 19, 10, 10
MM, 18, 11, 9
MM, 17, 11, 11
MM, 16, 11, 40
MC, 1, 153
MM, 18, 11, 121
MM, 19, 12, 10
MM, 21, 13, 10
MM, 23, 14, 10
MM, 27, 17, 11
MM, 32, 20, 10
MM, 36, 23, 10
MM, 43, 26, 11
MM, 11, 2, 29
MM, 18, 5, 10
MM, 25, 10, 10
MM, 31, 13, 10
MM, 36, 16, 11
MM, 42, 20, 10
MM, 2, 25, 30
MM, 6, 27, 10
MM, 9, 28, 10
MM, 12, 30, 10
MM, 15, 31, 11
MM, 70, 0, 273
MM, 71, 0, 10
MM, 72, 0, 41
MM, 72, 1, 11
MC, 1, 171
MM, 74, 1, 345
MM, 11, 29, 31
MM, 23, 27, 10
MM, 32, 24, 10
MM, 40, 22, 10
MM, 2, 16, 10
MM, 14, 12, 10
MM, 25, 6, 11
MM, 40, 0, 10
MM, 5, 29, 20
MM, 14, 23, 10
MM, 19, 20, 11
MM, 23, 16, 9
MM, 28, 14, 10
MM, 31, 11, 10
MM, 34, 9, 10
MM, 35, 7, 11
MM, 37, 6, 10
MM, 38, 5, 10
MM, 41, 2, 10
MM, 43, 2, 10
MM, 26, 30, 122
MM, 29, 30, 10
MM, 32, 29, 10
MM, 33, 28, 10
MM, 35, 28, 10
MM, 0, 25, 71
MM, 1, 25, 21
MM, 2, 23, 9
MM, 4, 23, 11
MM, 5, 23, 10
MM, 5, 22, 10
MM, 6, 22, 10
MM, 7, 22, 10
MM, 8, 22, 11
MM, 9, 22, 20
MM, 10, 22, 10
MM, 12, 22, 30
MM, 13, 22, 51
MC, 1, 173
MM, 11, 22, 131
MM, 10, 22, 41
MM, 9, 22, 40
MM, 8, 22, 11
MM, 7, 22, 20
MM, 6, 22, 10
MM, 5, 22, 20
MM, 3, 22, 11
MM, 1, 22, 10
MM, 30, 24, 20
MM, 19, 28, 10
MM, 26, 5, 31
MM, 11, 14, 10
MM, 32, 30, 20
MM, 14, 4, 20
MM, 9, 8, 10
MM, 5, 10, 10
MM, 2, 13, 11
MM, 43, 20, 80
MM, 40, 21, 11
MM, 37, 22, 10
MM, 35, 25, 10
MM, 32, 28, 10
MM, 27, 29, 10
MM, 23, 31, 10
MM, 2, 31, 233
MM, 1, 29, 11
MM, 43, 22, 50
MM, 42, 21, 21
MM, 41, 21, 30
MM, 41, 20, 10
MC, 1, 222
MM, 39, 19, 102
MM, 37, 18, 11
MM, 35, 17, 11
MM, 32, 15, 9
MM, 29, 14, 10
MM, 27, 12, 11
MM, 24, 10, 10
MM, 23, 8, 10
MM, 19, 7, 10
MM, 16, 4, 10
MM, 13, 3, 10
MM, 9, 0, 10
MM, 43, 25, 61
MM, 41, 24, 10
MM, 38, 21, 10
MM, 35, 18, 11
MM, 34, 17, 10
MM, 33, 16, 10
MM, 32, 15, 10
MM, 32, 14, 10
MM, 31, 13, 10
MM, 31, 12, 10
MM, 29, 12, 10
MM, 29, 10, 11
MM, 28, 9, 30
MM, 28, 7, 10
MM, 27, 6, 10
MM, 26, 3, 10
MM, 25, 2, 10
MM, 23, 0, 10
MC, 1, 335
MC, 1, 629
MM, 18, 1, 172
MM, 22, 10, 10
MM, 25, 16, 10
MM, 28, 19, 10
MM, 29, 24, 10
MM, 30, 25, 10
MM, 32, 27, 11
MM, 39, 1, 30
MM, 40, 4, 10
MM, 42, 6, 10
MM, 43, 8, 10
MM, 0, 22, 61
MM, 1, 25, 11
MM, 4, 28, 10
MM, 5, 30, 9
MM, 99, 0, 62
MM, 99, 1, 9
MM, 100, 1, 21
MM, 100, 2, 10
MM, 101, 3, 20
MM, 102, 4, 20
MM, 102, 6, 21
MM, 103, 6, 10
MM, 103, 7, 10
MM, 104, 8, 10
MM, 106, 9, 10
MM, 106, 10, 10
MM, 107, 10, 10
MM, 108, 11, 11
MM, 108, 12, 10
MM, 109, 12, 10
MM, 109, 14, 10
MM, 110, 14, 10
MM, 110, 15, 11
MM, 111, 16, 10
MM, 112, 16, 20
MM, 112, 17, 10
MC, 1, 152
MM, 114, 17, 81
MM, 118, 14, 12
MM, 126, 7, 9
MM, 18, 23, 20
MM, 35, 14, 20
MM, 7, 23, 20
MM, 24, 14, 11
MM, 3, 8, 9
MM, 25, 1, 11
MC, 1, 850
MM, 2, 0, 305
MM, 26, 29, 21
MM, 0, 3, 10
MM, 43, 19, 20
MM, 41, 20, 10
MM, 40, 22, 10
MM, 40, 24, 11
MM, 40, 25, 9
MM, 39, 26, 11
MM, 39, 27, 10
MM, 38, 29, 10
MM, 38, 0, 71
MM, 38, 1, 30
MM, 37, 1, 20
MM, 36, 1, 41
MM, 36, 3, 30
MM, 35, 3, 41
MM, 35, 4, 20
MM, 35, 5, 71
MM, 34, 5, 10
MC, 1, 234
MM, 34, 4, 110
MM, 34, 2, 20
MM, 34, 1, 21
MM, 34, 0, 10
MM, 36, 29, 61
MM, 38, 27, 10
MM, 39, 24, 10
MM, 42, 19, 10
MM, 1, 9, 30
MM, 4, 5, 11
MM, 8, 0, 10
MM, 0, 26, 30
MM, 3, 23, 11
MM, 6, 22, 9
MM, 9, 19, 10
MM, 10, 18, 11
MM, 11, 17, 10
MM, 13, 15, 10
MM, 15, 13, 10
MM, 18, 11, 11
MM, 19, 9, 9
MM, 20, 7, 10
MM, 21, 6, 11
MM, 22, 6, 10
MM, 23, 5, 10
MM, 23, 4, 30
MM, 25, 4, 21
MM, 26, 3, 10
MM, 27, 2, 10
MM, 29, 0, 11
MC, 1, 395
MC, 1, 253
MC, 1, 284
MM, 25, 5, 152
MM, 13, 15, 10
MM, 25, 31, 20
MM, 42, 1, 11
MM, 29, 9, 9
MM, 20, 15, 11
MM, 16, 18, 10
MM, 9, 23, 10
MM, 2, 26, 10
MM, 41, 1, 21
MM, 32, 6, 9
MM, 25, 14, 10
MM, 15, 23, 10
MM, 188, 1, 21
MM, 181, 9, 10
MM, 176, 12, 10
MM, 172, 15, 10
MM, 169, 17, 10
MM, 166, 17, 11
MM, 165, 19, 10
MM, 164, 19, 10
MM, 164, 20, 10
MM, 163, 20, 10
MM, 162, 20, 20
MM, 160, 21, 11
MM, 159, 21, 10
MM, 158, 21, 11
MM, 157, 21, 10
MM, 156, 22, 10
MM, 155, 22, 10
MM, 154, 22, 10
MM, 153, 22, 20
MC, 1, 172
MM, 151, 22, 376
MM, 151, 21, 9
MM, 150, 20, 10
MM, 149, 17, 10
MM, 148, 13, 11
MM, 148, 7, 10
MM, 146, 2, 10
MM, 6, 25, 20
MM, 6, 12, 11
MM, 3, 31, 10
MM, 3, 7, 10
MM, 16, 24, 10
MM, 16, 10, 10
MM, 16, 2, 10
MM, 21, 0, 304
MM, 21, 1, 10
MM, 21, 2, 10
MM, 21, 3, 20
MM, 21, 4, 31
MM, 21, 6, 41
MM, 21, 7, 41
MM, 21, 8, 30
MM, 21, 9, 30
MM, 21, 10, 21
MM, 21, 11, 50
MC, 1, 152
MM, 18, 11, 254
MM, 14, 13, 10
MM, 10, 14, 9
MM, 1, 18, 11
MC, 1, 579
MM, 24, 1, 211
MM, 17, 4, 11
MM, 13, 7, 10
MM, 7, 9, 10
MM, 2, 12, 10
MM, 42, 15, 20
MM, 39, 16, 10
MM, 36, 16, 11
MM, 34, 17, 10
MM, 31, 17, 10
MM, 28, 19, 10
MM, 26, 19, 10
MM, 25, 19, 10
MM, 23, 19, 10
MM, 22, 19, 10
MM, 21, 19, 10
MM, 20, 19, 11
MM, 19, 19, 20
MM, 18, 19, 41
MM, 17, 19, 40
MC, 1, 304
MM, 18, 19, 101
MM, 20, 17, 10
MM, 23, 16, 11
MM, 26, 15, 10
MM, 30, 13, 10
MM, 35, 10, 10
MM, 41, 10, 10
MM, 4, 5, 20
MM, 10, 4, 11
MM, 16, 2, 10
MM, 22, 1, 10
MC, 1, 639
MM, 35, 1, 213
MM, 29, 4, 9
MM, 25, 5, 10
MM, 20, 7, 10
MM, 18, 8, 11
MM, 15, 10, 10
MM, 12, 10, 10
MM, 10, 10, 10
MM, 9, 11, 10
MM, 6, 11, 11
MM, 5, 11, 9
MM, 4, 12, 10
MM, 1, 12, 11
MM, 0, 12, 10
MM, 42, 12, 71
MM, 41, 12, 10
MM, 37, 12, 11
MM, 35, 12, 10
MM, 32, 12, 10
MM, 30, 12, 10
MM, 27, 12, 10
MM, 26, 12, 11
MM, 25, 12, 10
MM, 24, 12, 10
MM, 22, 12, 30
MC, 1, 162
MM, 22, 13, 91
MM, 23, 14, 10
MM, 24, 15, 11
MM, 26, 18, 10
MM, 31, 21, 10
MM, 35, 24, 10
MM, 42, 29, 10
MM, 5, 0, 31
MM, 8, 3, 10
MM, 11, 4, 10
MM, 12, 5, 10
MM, 13, 6, 10
MM, 14, 7, 10
MM, 15, 9, 10
MM, 17, 10, 10
MM, 19, 12, 11
MM, 22, 15, 10
MM, 25, 18, 10
MM, 28, 19, 10
MM, 30, 22, 10
MM, 32, 23, 11
MM, 34, 26, 9
MM, 35, 27, 10
MM, 38, 28, 11
MM, 39, 29, 10
MM, 40, 29, 10
MM, 40, 31, 10
MM, 41, 31, 10
MM, 49, 1, 203
MM, 51, 1, 10
MM, 52, 2, 10
MM, 53, 3, 10
MM, 55, 3, 10
MM, 56, 4, 11
MM, 57, 4, 10
MM, 59, 4, 20
MM, 60, 5, 20
MM, 61, 5, 21
MM, 62, 5, 40
MC, 1, 173
MM, 63, 5, 324
MM, 69, 4, 10
MM, 75, 0, 10
MM, 15, 28, 30
MM, 24, 25, 11
MM, 38, 16, 10
MM, 3, 8, 10
MM, 17, 4, 10
MM, 5, 27, 40
MM, 9, 24, 11
MM, 12, 23, 10
MM, 15, 20, 10
MM, 18, 18, 11
MM, 21, 16, 9
MM, 23, 13, 14
MM, 28, 10, 7
MM, 32, 7, 10
MM, 37, 5, 10
MM, 41, 2, 10
MM, 42, 1, 10
MM, 19, 31, 71
MM, 22, 29, 10
MM, 24, 28, 10
MM, 26, 27, 10
MM, 28, 25, 10
MM, 29, 24, 11
MM, 30, 23, 20
MM, 31, 22, 10
MM, 33, 22, 10
MM, 34, 21, 10
MM, 0, 16, 51
MM, 1, 16, 11
MM, 2, 16, 9
MM, 2, 15, 10
MM, 3, 15, 11
MM, 5, 15, 40
MM, 6, 15, 41
MC, 1, 253
MM, 7, 15, 132
MM, 8, 15, 10
MM, 9, 16, 20
MM, 10, 16, 10
MM, 13, 18, 10
MM, 14, 19, 10
MM, 15, 20, 11
MM, 18, 22, 10
MM, 19, 24, 10
MM, 20, 25, 10
MM, 21, 26, 11
MM, 22, 27, 10
MM, 22, 28, 10
MM, 23, 28, 10
MM, 24, 29, 10
MM, 24, 30, 10
MM, 26, 30, 10
MM, 11, 0, 51
MM, 12, 1, 10
MM, 13, 1, 10
MM, 13, 2, 11
MM, 14, 2, 9
MM, 14, 3, 11
MM, 15, 4, 10
MM, 16, 5, 20
MM, 17, 5, 10
MM, 17, 6, 10
MM, 19, 6, 11
MM, 20, 8, 20
MM, 21, 9, 31
MM, 22, 9, 40
MC, 1, 202
MM, 21, 9, 112
MM, 20, 9, 20
MM, 18, 9, 10
MM, 15, 9, 10
MM, 10, 9, 10
MM, 6, 9, 10
MM, 0, 9, 10
MM, 42, 9, 11
MM, 31, 9, 11
MM, 17, 8, 9
MM, 9, 8, 10
MM, 37, 8, 20
MM, 27, 8, 10
MM, 15, 6, 11
MM, 38, 4, 20
MM, 30, 4, 10
MM, 22, 4, 10
MM, 10, 2, 10
MM, 4, 2, 10
MM, 45, 2, 21
MM, 39, 2, 10
MM, 34, 2, 10
MM, 28, 2, 10
MM, 23, 2, 10
MM, 21, 2, 11
MM, 16, 2, 9
MM, 12, 2, 10
MM, 10, 2, 10
MM, 4, 2, 11
MM, 39, 4, 20
MM, 33, 6, 10
MM, 24, 6, 10
MM, 20, 7, 10
MM, 14, 9, 11
MM, 11, 9, 9
MM, 7, 10, 11
MM, 3, 10, 10
MM, 0, 10, 10
MM, 43, 10, 20
MM, 41, 10, 10
MM, 38, 10, 11
MM, 34, 10, 10
MM, 31, 10, 10
MM, 30, 10, 10
MM, 28, 10, 10
MM, 25, 10, 10
MM, 24, 10, 10
MM, 23, 10, 10
MM, 20, 10, 11
MM, 19, 10, 10
MM, 18, 10, 10
MM, 17, 10, 10
MM, 16, 10, 20
MC, 1, 214
MM, 18, 10, 142
MM, 23, 10, 10
MM, 27, 10, 10
MM, 33, 10, 10
MM, 2, 8, 10
MM, 26, 3, 11
MM, 12, 27, 40
MM, 39, 27, 10
MM, 15, 25, 10
MM, 0, 20, 10
MM, 26, 20, 11
MM, 4, 18, 10
MM, 18, 16, 10
MM, 32, 16, 10
MM, 27, 3, 17817
MM, 29, 2, 10
MM, 75, 9, 10
MM, 75, 28, 11
MM, 77, 34, 9
MM, 77, 38, 10
MM, 28, 16, 2818
MM, 22, 2, 11
MM, 34, 23, 10
MM, 28, 6, 10
MM, 352, 56, 30
MM, 344, 41, 10
MM, 338, 30, 11
MM, 332, 20, 9
MM, 328, 16, 11
MM, 325, 13, 10
MM, 324, 12, 10
MM, 322, 10, 10
MM, 322, 9, 10
MM, 322, 7, 229281
MM, 139, 6, 1695
MP, 1, 895
MR, 1, 58
MC, 1, 0
MM, 198, 5, 1228
MM, 205, 10, 10
MM, 212, 16, 10
MM, 217, 23, 10
MM, 221, 27, 10
MM, 229, 34, 10
MM, 238, 42, 11
MM, 248, 52, 10
MM, 260, 60, 10
MM, 15, 15, 345
MM, 27, 24, 11
MM, 30, 3, 30
MM, 36, 5, 10
MM, 39, 9, 10
MM, 43, 11, 10
MM, 46, 14, 10
MM, 24, 5, 113
MM, 29, 8, 9
MM, 32, 11, 10
MM, 34, 14, 10
MM, 36, 15, 11
MM, 37, 16, 10
MM, 37, 17, 10
MM, 38, 17, 10
MM, 39, 18, 20
MM, 40, 18, 123
