********************************************************************************
LOGGING TIME: 20181027_205301
CLIENT IP: 127.0.0.1
USERNAME: dell
OS: Windows 8.1
**********************************Emotional database********************************************************************************
MM, 328, 173, 1541893259812
MM, 324, 168, 9
MM, 316, 158, 10
MM, 309, 151, 10
MM, 303, 144, 10
MM, 298, 137, 10
MM, 293, 130, 9
MM, 292, 126, 10
MM, 289, 121, 11
MM, 287, 120, 9
MM, 287, 119, 10
MM, 290, 119, 320
MM, 298, 119, 10
MM, 307, 117, 11
MM, 315, 117, 9
MM, 326, 117, 9
MM, 342, 117, 11
MM, 358, 117, 10
MM, 372, 117, 10
MM, 382, 117, 10
MM, 396, 115, 10
MM, 410, 114, 11
MM, 460, 108, 59
MM, 461, 108, 10
MM, 462, 108, 10
MM, 463, 108, 10
MM, 464, 108, 89
MM, 466, 108, 11
MM, 469, 108, 9
MM, 475, 108, 10
MM, 486, 108, 10
MM, 491, 108, 10
MM, 497, 108, 10
MM, 502, 108, 10
MM, 506, 108, 10
MM, 510, 108, 10
MM, 513, 108, 10
MM, 515, 108, 10
MM, 518, 108, 9
MM, 518, 111, 739
MM, 508, 126, 10
MM, 503, 131, 11
MM, 493, 143, 10
MM, 480, 155, 10
MM, 471, 163, 10
MM, 461, 171, 9
MM, 376, 264, 80
MM, 366, 281, 10
MM, 104, 10, 10
MM, 96, 24, 10
MM, 87, 41, 10
MM, 83, 58, 10
MM, 77, 77, 9
MM, 324, 372, 11
MM, 320, 381, 10
MM, 319, 387, 10
MM, 317, 394, 9
MM, 314, 400, 10
MM, 313, 405, 10
MM, 311, 407, 10
MM, 310, 410, 10
MM, 309, 413, 11
MM, 309, 414, 9
MM, 56, 0, 10
MM, 56, 1, 20
MM, 55, 1, 11
MM, 55, 0, 119
MM, 306, 412, 10
MM, 307, 408, 10
MM, 310, 401, 11
MM, 313, 397, 10
MM, 316, 392, 10
MM, 319, 390, 9
MM, 323, 387, 11
MM, 326, 384, 9
MM, 327, 383, 10
MM, 328, 381, 12
MM, 329, 380, 8
MM, 331, 379, 20
MM, 332, 378, 10
MM, 333, 378, 9
MM, 334, 377, 11
MM, 335, 376, 10
MM, 338, 373, 10
MM, 340, 372, 10
MM, 342, 371, 10
MM, 343, 370, 10
MM, 93, 82, 10
MM, 94, 82, 10
MM, 95, 81, 9
MM, 96, 80, 21
MM, 98, 78, 10
MM, 99, 75, 10
MM, 102, 72, 10
MM, 103, 69, 10
MM, 104, 68, 10
MM, 106, 66, 10
MM, 107, 63, 9
MM, 108, 62, 10
MM, 109, 61, 10
MM, 110, 60, 11
MM, 111, 58, 9
MM, 111, 57, 10
MM, 113, 57, 11
MM, 113, 56, 10
MC, 1, 199
MM, 113, 55, 13793
MM, 113, 53, 7
MM, 113, 51, 8
MM, 113, 50, 8
MM, 113, 49, 8
MM, 113, 48, 8
MM, 113, 47, 9
MM, 113, 46, 16
MM, 113, 43, 8
MM, 113, 42, 8
MM, 113, 41, 16
MM, 113, 40, 8
MM, 113, 39, 8
MM, 114, 36, 8
MM, 118, 32, 8
MM, 126, 20, 8
MM, 139, 2, 8
MM, 415, 264, 8
MM, 539, 155, 16
MM, 621, 92, 8
MM, 688, 37, 8
MM, 892, 40, 1576
MM, 828, 53, 7
MM, 763, 70, 9
MM, 704, 83, 7
MM, 646, 97, 9
MM, 592, 109, 7
MM, 550, 118, 10
MM, 514, 123, 6
MM, 483, 127, 9
MM, 462, 132, 7
MM, 445, 136, 9
MM, 434, 138, 7
MM, 430, 139, 8
MM, 427, 141, 8
MM, 426, 141, 9
MM, 426, 142, 7
MM, 426, 144, 9
MM, 426, 149, 7
MM, 429, 151, 9
MM, 430, 154, 7
MM, 432, 158, 9
MM, 432, 163, 7
MM, 431, 169, 8
MM, 314, 261, 48
MM, 283, 280, 8
MM, 7, 5, 8
MM, 236, 300, 8
MM, 214, 311, 8
MM, 194, 320, 8
MM, 175, 326, 9
MM, 156, 333, 8
MM, 141, 337, 8
MM, 132, 340, 8
MM, 126, 344, 8
MM, 121, 345, 8
MM, 120, 345, 8
MM, 120, 346, 16
MM, 120, 347, 8
MM, 120, 349, 8
MM, 124, 351, 8
MM, 133, 355, 8
MM, 142, 358, 8
MM, 153, 362, 8
MM, 167, 366, 8
MM, 181, 370, 8
MM, 198, 376, 8
MM, 218, 387, 8
MM, 240, 401, 7
MM, 260, 412, 8
MM, 26, 10, 8
MM, 41, 22, 8
MM, 56, 35, 8
MM, 68, 43, 9
MM, 77, 49, 7
MM, 85, 56, 9
MM, 87, 57, 7
MM, 92, 59, 8
MM, 95, 60, 8
MM, 97, 62, 9
MM, 100, 63, 7
MM, 103, 64, 9
MM, 105, 66, 7
MM, 108, 66, 8
MM, 111, 66, 8
MM, 111, 67, 32
MM, 112, 68, 9
MM, 114, 68, 8
MM, 115, 68, 8
MM, 116, 68, 23
MM, 118, 69, 8
MM, 118, 70, 8
MM, 118, 73, 9
MM, 118, 77, 7
MM, 117, 81, 9
MM, 116, 87, 8
MM, 367, 508, 8
MM, 367, 511, 8
MM, 367, 512, 8
MM, 367, 513, 8
MM, 368, 513, 56
MM, 369, 513, 7
MM, 371, 513, 9
MM, 374, 513, 7
MM, 377, 511, 9
MM, 378, 511, 7
MM, 379, 510, 8
MM, 382, 509, 8
MM, 383, 509, 9
MM, 384, 509, 7
MM, 385, 509, 8
MM, 386, 509, 16
MM, 387, 509, 9
MM, 388, 509, 8
MM, 390, 509, 7
MM, 391, 509, 10
MM, 393, 509, 7
MM, 398, 512, 8
MM, 404, 516, 8
MM, 409, 519, 8
MM, 413, 523, 8
MM, 4, 3, 8
MM, 6, 3, 9
MM, 7, 3, 7
MM, 9, 3, 8
MM, 10, 3, 8
MM, 10, 4, 272
MM, 11, 5, 8
MM, 12, 5, 8
MM, 12, 7, 8
MM, 12, 8, 8
MM, 13, 9, 8
MM, 14, 10, 8
MM, 15, 10, 312
MM, 16, 10, 8
MM, 19, 11, 7
MM, 22, 14, 9
MM, 23, 17, 8
MM, 28, 20, 8
MM, 32, 23, 7
MM, 449, 549, 9
MM, 454, 552, 7
MM, 458, 555, 8
MM, 462, 558, 8
MM, 13, 1, 9
MM, 16, 2, 7
MM, 18, 3, 9
MM, 21, 5, 8
MM, 22, 5, 8
MM, 26, 6, 8
MM, 29, 9, 8
MM, 488, 572, 7
MM, 491, 575, 9
MM, 492, 576, 8
MM, 0, 17, 8
MM, 1, 18, 7
MM, 3, 19, 8
MM, 5, 22, 8
MM, 8, 26, 8
MM, 505, 591, 8
MM, 508, 594, 9
MM, 12, 0, 7
MM, 15, 1, 8
MM, 19, 2, 8
MM, 23, 5, 8
MM, 28, 8, 8
MM, 32, 11, 9
MM, 534, 610, 8
MM, 537, 611, 7
MM, 538, 612, 8
MM, 539, 612, 81
MM, 0, 15, 8
MM, 1, 15, 24
MM, 4, 15, 8
MM, 7, 17, 8
MM, 9, 18, 8
MM, 12, 19, 8
MM, 17, 22, 8
MM, 21, 25, 7
MM, 25, 28, 9
MM, 572, 629, 7
MM, 578, 632, 9
MM, 585, 633, 7
MM, 589, 633, 8
MM, 591, 633, 8
MM, 24, 1, 9
MM, 25, 2, 7
MM, 26, 2, 57
MM, 16, 26, 183
MM, 16, 27, 9
MM, 16, 26, 247
MM, 16, 24, 9
MM, 16, 23, 7
MM, 16, 22, 9
MM, 16, 21, 7
MC, 1, 137
MM, 15, 21, 72
MM, 14, 21, 8
MM, 12, 21, 8
MM, 9, 21, 8
MM, 5, 21, 7
MM, 0, 21, 8
MM, 650, 655, 8
MM, 647, 655, 8
MM, 30, 21, 8
MM, 27, 21, 8
MM, 23, 23, 8
MM, 18, 23, 9
MM, 16, 24, 7
MM, 13, 26, 8
MM, 10, 26, 9
MM, 9, 26, 7
MM, 8, 26, 8
MM, 7, 26, 9
MM, 6, 26, 111
MM, 3, 26, 8
MM, 1, 26, 9
MM, 613, 660, 8
MM, 612, 660, 8
MM, 611, 659, 8
MM, 610, 658, 8
MM, 609, 658, 24
MM, 38, 24, 8
MM, 38, 23, 8
MM, 38, 22, 8
MM, 36, 22, 144
MM, 34, 21, 7
MM, 31, 19, 9
MM, 29, 19, 7
MM, 26, 19, 9
MM, 25, 19, 8
MM, 24, 19, 8
MM, 23, 18, 8
MM, 23, 17, 8
MM, 21, 18, 240
MM, 20, 17, 7
MM, 19, 16, 9
MM, 17, 15, 7
MM, 16, 14, 9
MM, 14, 12, 8
MM, 13, 11, 8
MM, 13, 9, 8
MM, 12, 6, 8
MM, 11, 3, 8
MM, 9, 1, 8
MM, 8, 0, 7
MM, 577, 632, 8
MM, 576, 631, 8
MM, 576, 630, 8
MM, 576, 629, 8
MM, 575, 628, 8
MM, 34, 30, 8
MM, 34, 29, 88
MM, 34, 27, 9
MM, 34, 26, 8
MM, 34, 24, 7
MM, 32, 21, 9
MM, 31, 18, 7
MM, 29, 16, 9
MM, 28, 13, 7
MM, 27, 10, 8
MM, 24, 7, 8
MM, 23, 6, 9
MM, 23, 5, 7
MM, 23, 4, 8
MM, 22, 4, 152
MM, 20, 3, 8
MM, 19, 0, 9
MM, 556, 596, 8
MM, 554, 595, 8
MM, 551, 593, 8
MM, 548, 593, 8
MM, 547, 593, 8
MM, 547, 592, 8
MM, 547, 591, 7
MM, 546, 591, 177
MM, 545, 591, 8
MM, 14, 30, 7
MM, 14, 29, 8
MM, 13, 28, 8
MM, 12, 26, 9
MC, 1, 224
MM, 12, 28, 112
MM, 12, 30, 8
MM, 543, 592, 8
MM, 543, 593, 8
MM, 543, 594, 8
MM, 543, 595, 8
MM, 543, 596, 8
MM, 3, 0, 8
MM, 3, 3, 64
MM, 3, 5, 7
MM, 1, 10, 9
MM, 0, 14, 8
MM, 0, 15, 8
MM, 0, 16, 7
MM, 539, 614, 16
MM, 538, 616, 9
MM, 538, 617, 7
MM, 536, 618, 9
MM, 535, 619, 7
MM, 535, 621, 9
MM, 535, 623, 7
MM, 535, 624, 9
MM, 535, 625, 7
MM, 535, 626, 25
MM, 535, 627, 8
MM, 535, 628, 8
MM, 535, 629, 8
MM, 535, 630, 8
MM, 535, 632, 8
MM, 535, 633, 16
MM, 6, 0, 8
MM, 6, 1, 56
MM, 5, 2, 8
MM, 4, 3, 7
MM, 4, 6, 9
MM, 4, 8, 7
MM, 4, 11, 9
MM, 4, 13, 7
MM, 4, 16, 9
MM, 4, 17, 8
MM, 4, 18, 8
MM, 4, 19, 8
MM, 4, 21, 8
MM, 4, 22, 8
MM, 4, 23, 8
MM, 4, 24, 8
MM, 4, 25, 80
MM, 4, 26, 8
MM, 3, 27, 8
MM, 2, 28, 8
MM, 2, 30, 8
MM, 531, 665, 8
MM, 531, 666, 48
MM, 531, 667, 7
MM, 531, 668, 25
MM, 531, 669, 7
MM, 530, 670, 16
MM, 128, 1, 9
MM, 128, 2, 16
MM, 128, 3, 8
MM, 128, 4, 8
MM, 128, 5, 8
MM, 128, 6, 127
MM, 128, 7, 9
MM, 128, 9, 16
MM, 128, 12, 127
MM, 126, 12, 8
MM, 123, 12, 9
MM, 122, 9, 8
MM, 119, 6, 8
MM, 116, 3, 8
MM, 115, 0, 8
MM, 513, 669, 8
MM, 512, 666, 8
MM, 511, 665, 8
MM, 22, 30, 8
MM, 22, 29, 7
MM, 22, 27, 33
MM, 22, 26, 8
MM, 19, 25, 7
MM, 15, 22, 9
MM, 10, 21, 8
MM, 8, 19, 8
MM, 5, 18, 7
MM, 2, 18, 9
MM, 486, 652, 8
MM, 482, 652, 8
MM, 30, 18, 7
MM, 28, 18, 9
MM, 28, 17, 96
MM, 28, 16, 7
MM, 28, 13, 9
MM, 28, 11, 7
MM, 28, 9, 16
MM, 29, 8, 9
MM, 29, 7, 48
MM, 29, 6, 7
MM, 29, 5, 9
MM, 29, 4, 7
MM, 29, 3, 8
MM, 29, 1, 8
MM, 29, 0, 9
MM, 477, 633, 7
MM, 477, 632, 9
MM, 476, 631, 7
MM, 474, 631, 9
MM, 474, 630, 40
MM, 474, 629, 8
MM, 474, 628, 8
MM, 12, 29, 8
MM, 12, 28, 16
MM, 12, 27, 8
MM, 12, 26, 7
MM, 12, 25, 8
MM, 12, 24, 8
MM, 12, 23, 8
MM, 13, 21, 9
MM, 14, 20, 7
MM, 14, 19, 104
MM, 14, 18, 8
MM, 15, 19, 57
MM, 16, 19, 8
MC, 1, 48
MM, 13, 19, 23
MM, 9, 19, 9
MM, 5, 17, 8
MM, 0, 17, 7
MM, 456, 614, 8
MM, 31, 17, 8
MM, 27, 17, 9
MM, 23, 17, 7
MM, 18, 17, 9
MM, 12, 17, 8
MM, 8, 17, 8
MM, 6, 17, 8
MM, 3, 17, 8
MM, 2, 17, 8
MM, 1, 17, 8
MM, 419, 614, 8
MM, 418, 614, 8
MM, 417, 614, 7
MM, 33, 17, 9
MM, 29, 17, 7
MM, 26, 17, 9
MM, 24, 17, 7
MM, 23, 17, 9
MM, 21, 17, 7
MM, 20, 17, 8
MM, 19, 17, 8
MM, 18, 19, 8
MM, 17, 19, 16
MM, 15, 19, 8
MM, 13, 19, 8
MM, 12, 19, 8
MM, 11, 19, 9
MM, 10, 19, 24
MM, 8, 19, 8
MM, 6, 19, 8
MM, 5, 19, 8
MM, 3, 19, 7
MM, 0, 19, 9
MM, 376, 616, 7
MM, 31, 19, 9
MM, 25, 19, 7
MM, 21, 19, 9
MM, 17, 19, 7
MM, 14, 19, 9
MM, 13, 19, 7
MM, 12, 19, 9
MC, 1, 216
MM, 12, 21, 16
MM, 13, 21, 8
MM, 19, 22, 8
MM, 26, 26, 8
MM, 32, 29, 8
MM, 378, 628, 8
MM, 382, 629, 7
MM, 386, 630, 9
MM, 391, 632, 7
MM, 394, 633, 8
MM, 25, 0, 8
MM, 27, 2, 8
MM, 31, 2, 9
MM, 404, 636, 8
MM, 408, 636, 8
MM, 4, 2, 8
MM, 8, 3, 8
MM, 11, 5, 8
MM, 15, 6, 7
MM, 19, 7, 9
MM, 22, 7, 7
MM, 25, 7, 9
MM, 26, 7, 47
MM, 27, 7, 8
MM, 29, 7, 8
MM, 443, 641, 8
MM, 444, 641, 9
MM, 445, 641, 48
MM, 446, 641, 8
MM, 448, 641, 8
MM, 5, 9, 8
MM, 12, 11, 8
MM, 18, 11, 8
MM, 22, 12, 8
MM, 23, 13, 8
MM, 24, 13, 72
MM, 25, 13, 7
MM, 23, 13, 32
MM, 22, 13, 10
MM, 21, 13, 7
MM, 19, 13, 8
MM, 22, 13, 231
MM, 27, 15, 8
MM, 31, 16, 8
MM, 485, 652, 8
MM, 3, 19, 8
MM, 9, 19, 8
MM, 15, 19, 8
MM, 21, 19, 8
MM, 29, 19, 8
MM, 523, 653, 8
MM, 0, 19, 8
MM, 8, 18, 8
MM, 14, 15, 8
MM, 21, 14, 8
MM, 25, 14, 8
MM, 28, 12, 8
MM, 32, 11, 9
MM, 564, 645, 8
MM, 565, 645, 16
MM, 566, 645, 8
MM, 567, 644, 8
MM, 568, 642, 8
MM, 569, 642, 24
MM, 0, 8, 8
MM, 1, 8, 8
MM, 3, 8, 8
MM, 4, 7, 8
MM, 6, 6, 8
MM, 7, 6, 8
MM, 9, 5, 8
MM, 11, 2, 8
MM, 14, 0, 8
MM, 587, 629, 7
MM, 7, 28, 9
MM, 7, 23, 8
MM, 7, 17, 8
MM, 9, 11, 8
MM, 10, 5, 8
MM, 10, 1, 8
MM, 593, 593, 7
MM, 24, 29, 9
MM, 24, 26, 7
MM, 26, 24, 9
MM, 27, 21, 8
MM, 28, 20, 8
MM, 29, 19, 7
MM, 31, 18, 8
MM, 32, 18, 8
MM, 33, 16, 8
MM, 34, 15, 8
MM, 605, 575, 72
MM, 606, 575, 8
MM, 607, 575, 8
MM, 0, 15, 8
MM, 4, 15, 9
MM, 7, 15, 8
MM, 8, 15, 8
MM, 9, 17, 8
MM, 10, 17, 8
MM, 12, 17, 7
MM, 13, 17, 9
MM, 14, 17, 64
MM, 15, 17, 8
MM, 16, 17, 7
MM, 20, 17, 9
MM, 23, 17, 8
MM, 25, 17, 8
MM, 29, 17, 8
MM, 642, 576, 8
MM, 643, 575, 8
MM, 644, 575, 8
MM, 645, 575, 80
MM, 646, 575, 8
MM, 647, 575, 8
MM, 0, 15, 8
MM, 1, 15, 8
MM, 3, 15, 8
MM, 4, 15, 96
MM, 5, 15, 7
MM, 6, 14, 9
MM, 7, 13, 8
MM, 10, 13, 72
MM, 12, 13, 7
MC, 1, 144
MM, 10, 13, 41
MM, 5, 13, 8
MM, 1, 13, 8
MM, 645, 573, 8
MM, 30, 13, 8
MM, 25, 14, 8
MM, 21, 15, 8
MM, 20, 15, 8
MM, 18, 15, 8
MM, 17, 15, 8
MM, 16, 15, 8
MM, 15, 15, 7
MM, 14, 15, 96
MM, 11, 15, 8
MM, 9, 15, 8
MM, 6, 16, 9
MM, 3, 18, 8
MM, 1, 18, 8
MM, 609, 578, 8
MM, 608, 578, 8
MM, 607, 578, 8
MM, 606, 578, 8
MM, 605, 578, 16
MM, 34, 18, 7
MM, 32, 18, 9
MM, 31, 18, 8
MM, 29, 18, 8
MM, 26, 18, 8
MM, 26, 19, 200
MM, 26, 20, 8
MC, 1, 256
MM, 25, 20, 16
MM, 24, 20, 8
MM, 23, 20, 8
MM, 19, 20, 8
MM, 13, 17, 7
MM, 4, 15, 9
MM, 32, 13, 7
MM, 21, 11, 8
MM, 12, 11, 8
MM, 6, 11, 8
MM, 2, 10, 8
MM, 530, 568, 9
MM, 527, 567, 8
MM, 525, 565, 8
MM, 30, 5, 8
MM, 28, 5, 191
MM, 26, 5, 9
MM, 22, 5, 7
MM, 18, 5, 8
MM, 13, 5, 8
MM, 7, 6, 9
MM, 3, 7, 7
MM, 0, 7, 9
MM, 492, 567, 8
MM, 490, 567, 8
MM, 489, 569, 272
MM, 488, 570, 8
MM, 31, 11, 144
MM, 30, 12, 8
MM, 29, 12, 8
MM, 28, 12, 8
MM, 26, 13, 8
MM, 25, 14, 8
MM, 24, 14, 8
MM, 23, 14, 7
MM, 23, 15, 121
MM, 23, 17, 8
MM, 22, 17, 7
MM, 21, 17, 9
MC, 1, 112
MM, 23, 16, 32
MM, 28, 15, 7
MM, 488, 575, 8
MM, 492, 575, 8
MM, 1, 15, 8
MM, 4, 15, 8
MM, 8, 15, 9
MM, 10, 15, 7
MM, 13, 15, 9
MM, 15, 15, 7
MM, 20, 15, 9
MM, 24, 15, 7
MM, 27, 15, 8
MM, 29, 15, 8
MM, 30, 15, 9
MM, 30, 16, 7
MM, 525, 576, 9
MM, 527, 576, 7
MM, 528, 576, 8
MM, 529, 576, 8
MM, 530, 576, 16
MM, 1, 16, 9
MM, 3, 16, 9
MM, 4, 16, 7
MM, 6, 16, 7
MM, 7, 16, 9
MM, 8, 16, 7
MM, 9, 16, 9
MM, 11, 16, 39
MM, 12, 16, 9
MM, 16, 16, 8
MM, 22, 16, 8
MM, 26, 16, 8
MM, 565, 576, 8
MM, 3, 18, 8
MM, 10, 19, 8
MM, 21, 19, 8
MM, 27, 19, 8
MM, 31, 19, 8
MM, 607, 579, 8
MM, 2, 19, 8
MM, 8, 19, 8
MM, 10, 19, 8
MM, 11, 19, 8
MM, 13, 19, 8
MM, 15, 19, 8
MM, 16, 19, 8
MM, 17, 19, 47
MM, 20, 19, 9
MM, 24, 19, 7
MM, 28, 19, 9
MM, 643, 579, 7
MM, 646, 579, 9
MM, 647, 579, 7
MM, 0, 19, 9
MM, 646, 579, 104
MM, 643, 579, 8
MM, 30, 19, 8
MM, 27, 19, 8
MM, 26, 19, 8
MM, 25, 19, 16
MM, 24, 19, 8
MM, 23, 19, 32
MM, 21, 19, 7
MM, 20, 19, 9
MM, 19, 19, 8
MM, 18, 19, 152
MM, 17, 19, 8
MC, 1, 48
MM, 16, 19, 23
MM, 12, 21, 8
MM, 6, 22, 8
MM, 608, 584, 8
MM, 27, 26, 8
MM, 13, 28, 8
MM, 569, 590, 9
MM, 30, 30, 8
MM, 24, 30, 8
MM, 20, 30, 8
MM, 19, 30, 8
MM, 17, 30, 16
MM, 16, 30, 8
MM, 14, 30, 63
MM, 10, 30, 9
MM, 7, 30, 8
MM, 3, 30, 8
MM, 0, 30, 7
MM, 530, 590, 8
MM, 529, 590, 8
MM, 527, 590, 144
MM, 30, 30, 9
MM, 30, 29, 16
MM, 29, 29, 360
MM, 26, 29, 8
MM, 24, 27, 7
MM, 21, 24, 9
MM, 20, 23, 7
MM, 19, 22, 16
MM, 17, 21, 9
MM, 16, 21, 7
MM, 15, 20, 9
MM, 15, 19, 8
MM, 15, 17, 8
MM, 15, 15, 8
MM, 14, 12, 8
MM, 13, 11, 8
MC, 1, 240
MM, 12, 11, 24
MM, 8, 13, 8
MM, 2, 13, 8
MM, 490, 573, 7
MM, 28, 14, 8
MM, 21, 16, 8
MM, 17, 16, 8
MM, 15, 16, 8
MM, 12, 16, 8
MM, 11, 16, 8
MM, 10, 16, 8
MM, 9, 16, 9
MM, 7, 16, 8
MM, 6, 16, 8
MM, 5, 16, 16
MM, 4, 16, 8
MM, 3, 16, 16
MM, 2, 16, 8
MM, 1, 16, 7
MM, 455, 576, 8
MM, 454, 576, 16
MM, 453, 576, 8
MM, 452, 576, 16
MM, 451, 577, 8
MM, 451, 578, 8
MM, 450, 578, 41
MM, 34, 18, 8
MM, 31, 18, 7
MM, 27, 18, 9
MM, 24, 18, 7
MM, 22, 18, 9
MM, 18, 18, 8
MM, 15, 19, 8
MM, 15, 20, 8
MC, 1, 280
MM, 15, 22, 128
MM, 15, 23, 7
MM, 16, 24, 9
MM, 17, 26, 8
MM, 19, 29, 8
MM, 435, 594, 7
MM, 437, 596, 9
MM, 17, 4, 7
MM, 18, 8, 9
MM, 20, 11, 7
MM, 21, 17, 9
MM, 23, 23, 7
MM, 26, 30, 9
MM, 450, 631, 8
MM, 4, 2, 9
MM, 7, 6, 7
MM, 10, 9, 9
MM, 11, 13, 7
MM, 11, 16, 8
MM, 13, 19, 8
MM, 14, 21, 8
MM, 16, 24, 9
MM, 17, 27, 7
MM, 17, 28, 8
MM, 466, 666, 8
MM, 466, 668, 8
MM, 467, 670, 8
MM, 68, 1, 8
MM, 68, 4, 8
MM, 68, 5, 8
MM, 69, 5, 16
MM, 71, 5, 8
MM, 71, 6, 272
MM, 72, 7, 7
MM, 73, 7, 9
MM, 74, 7, 7
MM, 75, 8, 9
MM, 76, 12, 127
MM, 77, 12, 8
MM, 76, 11, 64
MM, 76, 10, 9
MM, 76, 9, 7
MM, 75, 8, 8
MM, 74, 8, 8
MM, 74, 7, 26
MM, 73, 4, 7
MM, 71, 2, 9
MM, 470, 670, 7
MM, 469, 669, 9
MM, 468, 668, 7
MM, 467, 667, 9
MM, 465, 665, 7
MM, 15, 30, 8
MM, 14, 30, 8
MM, 13, 30, 8
MM, 13, 29, 16
MM, 13, 28, 8
MM, 12, 27, 9
MM, 11, 24, 7
MM, 9, 23, 8
MM, 7, 22, 8
MM, 4, 19, 8
MM, 3, 16, 8
MM, 2, 15, 8
MM, 0, 14, 8
MM, 448, 647, 7
MM, 447, 647, 9
MM, 446, 647, 8
MM, 445, 646, 8
MM, 445, 645, 7
MM, 445, 644, 57
MM, 445, 641, 7
MM, 445, 639, 9
MM, 445, 636, 8
MM, 445, 633, 7
MM, 444, 631, 8
MM, 442, 628, 8
MM, 21, 28, 9
MM, 20, 27, 8
MM, 19, 26, 8
MM, 19, 25, 8
MM, 19, 24, 103
MM, 19, 23, 8
MM, 5, 22, 209
MM, 1, 19, 8
MM, 417, 615, 8
MM, 31, 16, 8
MM, 27, 15, 8
MM, 21, 13, 8
MM, 14, 12, 7
MM, 10, 12, 9
MM, 6, 12, 8
MM, 2, 12, 8
MM, 377, 609, 8
MM, 375, 609, 8
MM, 374, 608, 8
MM, 374, 606, 8
MM, 33, 9, 32
MM, 32, 9, 7
MM, 31, 9, 16
MM, 30, 9, 9
MM, 29, 9, 7
MM, 28, 9, 9
MM, 27, 10, 7
MM, 25, 11, 8
MM, 24, 11, 8
MM, 22, 11, 9
MM, 21, 12, 7
MM, 21, 13, 9
MM, 20, 13, 144
MM, 18, 13, 7
MM, 17, 13, 49
MM, 16, 11, 79
MM, 19, 11, 8
MM, 25, 11, 8
MM, 33, 11, 8
MM, 0, 11, 8
MM, 11, 11, 9
MM, 22, 11, 8
MM, 30, 11, 8
MM, 416, 608, 8
MM, 3, 11, 8
MM, 12, 11, 8
MM, 21, 7, 8
MM, 30, 3, 8
MM, 457, 599, 8
MM, 1, 0, 8
MM, 470, 596, 8
MM, 476, 594, 8
MM, 482, 593, 8
MM, 490, 593, 7
MM, 496, 593, 9
MM, 500, 593, 8
MM, 506, 593, 8
MM, 511, 593, 7
MM, 512, 593, 9
MM, 513, 593, 7
MM, 514, 593, 9
MM, 515, 593, 7
MM, 516, 593, 8
MM, 518, 593, 121
MM, 519, 591, 8
MM, 26, 30, 7
MM, 27, 30, 9
MM, 28, 30, 8
MM, 525, 589, 7
MM, 527, 588, 8
MM, 530, 586, 8
MM, 3, 25, 8
MM, 8, 25, 9
MM, 12, 23, 8
MM, 15, 22, 8
MM, 16, 22, 8
MM, 17, 22, 8
MM, 18, 22, 167
MM, 19, 25, 105
MM, 19, 29, 8
MM, 550, 595, 8
MM, 10, 4, 8
MM, 10, 10, 7
MM, 8, 16, 8
MM, 7, 22, 9
MM, 5, 27, 7
MM, 545, 628, 8
MM, 545, 632, 8
MM, 16, 1, 8
MM, 16, 3, 8
MM, 16, 6, 9
MM, 16, 8, 8
MM, 16, 11, 8
MM, 16, 12, 8
MM, 16, 13, 8
MM, 15, 14, 7
MM, 14, 16, 8
MM, 14, 17, 9
MM, 14, 18, 8
MM, 14, 20, 7
MM, 14, 21, 9
MM, 13, 23, 8
MM, 12, 24, 7
MM, 12, 25, 177
MM, 12, 26, 7
MM, 11, 26, 9
MM, 9, 26, 8
MM, 9, 27, 8
MM, 9, 28, 8
MM, 9, 29, 16
MM, 9, 30, 7
MM, 538, 666, 16
MM, 538, 667, 8
MM, 538, 668, 8
MM, 538, 669, 8
MM, 538, 670, 105
MM, 137, 0, 8
MM, 136, 0, 8
MM, 136, 1, 8
MM, 136, 3, 8
MC, 1, 240
MM, 139, 1, 32
MM, 544, 669, 8
MM, 18, 30, 7
MM, 21, 26, 8
MM, 22, 22, 9
MM, 24, 17, 7
MM, 27, 13, 9
MM, 30, 8, 7
MM, 31, 4, 9
MM, 561, 633, 8
MM, 561, 631, 8
MM, 564, 628, 7
MM, 27, 30, 9
MM, 30, 27, 7
MM, 576, 619, 9
MM, 579, 616, 7
MM, 1, 16, 8
MM, 4, 13, 8
MM, 5, 12, 9
MM, 8, 11, 7
MM, 9, 11, 8
MM, 10, 10, 8
MM, 11, 9, 9
MM, 12, 8, 15
MM, 13, 6, 9
MM, 14, 5, 8
MM, 16, 4, 7
MM, 17, 3, 256
MM, 18, 2, 9
MM, 19, 1, 7
MM, 601, 595, 9
MM, 601, 594, 7
MM, 601, 593, 9
MM, 601, 592, 7
MM, 601, 591, 9
MM, 31, 28, 7
MM, 31, 27, 9
MM, 32, 27, 7
MM, 34, 27, 9
MM, 34, 26, 7
MM, 34, 25, 9
MM, 34, 24, 7
MM, 34, 23, 9
MM, 605, 583, 16
MM, 606, 583, 8
MM, 606, 581, 8
MM, 607, 580, 8
MM, 608, 580, 8
MM, 609, 580, 80
MM, 610, 580, 7
MM, 610, 579, 8
MM, 610, 578, 9
MM, 1, 18, 151
MM, 2, 18, 8
MM, 3, 17, 9
MM, 5, 16, 8
MM, 8, 16, 8
MM, 9, 16, 8
MM, 10, 16, 8
MM, 11, 16, 7
MC, 1, 240
MM, 10, 16, 25
MM, 5, 14, 7
MM, 610, 574, 8
MM, 606, 574, 8
MM, 30, 14, 8
MM, 20, 17, 8
MM, 13, 22, 9
MM, 1, 28, 8
MM, 557, 592, 7
MM, 543, 596, 8
MM, 28, 1, 9
MM, 17, 1, 7
MM, 11, 1, 8
MM, 6, 2, 8
MM, 2, 4, 9
MM, 497, 601, 7
MM, 494, 601, 9
MM, 493, 601, 7
MM, 30, 4, 8
MM, 27, 4, 8
MM, 26, 5, 9
MM, 25, 6, 7
MM, 24, 7, 8
MM, 23, 8, 8
MM, 20, 10, 8
MM, 18, 11, 8
MM, 15, 12, 8
MM, 14, 13, 8
MM, 13, 13, 17
MM, 11, 13, 8
MM, 10, 13, 8
MM, 8, 13, 7
MM, 2, 13, 8
MM, 456, 610, 9
MM, 29, 13, 7
MM, 21, 13, 8
MM, 15, 13, 8
MM, 11, 13, 9
MM, 6, 13, 7
MM, 4, 13, 9
MM, 1, 13, 8
MM, 0, 13, 8
MM, 420, 610, 55
MM, 419, 610, 9
MM, 418, 610, 48
MM, 417, 610, 7
MM, 34, 13, 9
MM, 32, 13, 7
MM, 30, 12, 8
MM, 29, 12, 9
MM, 29, 15, 367
MM, 32, 17, 8
MM, 33, 19, 8
MM, 33, 20, 16
MM, 33, 21, 8
MC, 1, 104
MM, 33, 22, 169
MM, 415, 623, 8
MM, 416, 629, 8
MM, 9, 1, 8
MM, 12, 8, 8
MM, 16, 17, 7
MM, 19, 26, 8
MM, 434, 669, 9
MM, 40, 8, 8
MM, 44, 12, 8
MM, 49, 17, 7
MM, 52, 21, 8
MM, 53, 24, 9
MM, 54, 25, 7
MM, 56, 25, 9
MM, 57, 25, 23
MM, 58, 25, 9
MC, 1, 279
MM, 58, 26, 80
MM, 58, 27, 8
MM, 57, 27, 24
MM, 55, 27, 9
MM, 53, 27, 8
MM, 49, 27, 8
MM, 44, 25, 7
MM, 40, 21, 9
MM, 30, 15, 8
MM, 21, 8, 8
MM, 11, 0, 7
MM, 402, 665, 8
MM, 27, 28, 8
MM, 24, 25, 8
MM, 22, 24, 8
MM, 20, 23, 8
MM, 20, 22, 8
MM, 20, 21, 16
MM, 20, 20, 8
MM, 20, 18, 81
MM, 20, 17, 7
MM, 21, 16, 25
MM, 23, 15, 7
MM, 26, 13, 8
MM, 29, 12, 8
MM, 31, 11, 8
MM, 404, 642, 8
MM, 407, 639, 9
MM, 408, 638, 7
MM, 408, 637, 9
MM, 408, 633, 7
MM, 408, 630, 8
MM, 409, 629, 8
MM, 410, 628, 9
MM, 30, 30, 7
MM, 30, 29, 8
MM, 30, 28, 8
MM, 30, 27, 8
MM, 30, 25, 9
MM, 30, 24, 8
MM, 30, 23, 7
MM, 29, 19, 9
MM, 29, 15, 8
MM, 28, 12, 7
MM, 26, 11, 8
MM, 26, 10, 41
MM, 26, 9, 8
MM, 25, 9, 143
MM, 24, 9, 9
MC, 1, 103
MM, 28, 9, 33
MM, 34, 9, 8
MM, 420, 606, 8
MM, 7, 9, 8
MM, 18, 9, 7
MM, 32, 7, 9
MM, 7, 3, 8
MM, 24, 1, 8
MM, 505, 596, 7
MM, 518, 594, 8
MM, 529, 594, 8
MM, 540, 592, 9
MM, 16, 30, 8
MM, 20, 30, 8
MM, 21, 30, 8
MM, 22, 29, 136
MM, 25, 26, 8
MM, 29, 25, 7
MM, 32, 25, 8
MM, 565, 584, 8
MM, 568, 582, 8
MM, 569, 582, 144
MM, 0, 21, 9
MM, 2, 20, 7
MM, 3, 20, 9
MM, 3, 19, 7
MM, 4, 18, 8
MM, 5, 18, 8
MM, 5, 17, 8
MM, 5, 15, 8
MM, 6, 15, 112
MM, 7, 15, 9
MM, 8, 15, 8
MM, 9, 15, 7
MC, 1, 129
MM, 9, 17, 23
MM, 9, 18, 8
MM, 9, 20, 8
MM, 6, 25, 8
MM, 3, 29, 8
MM, 570, 594, 9
MM, 27, 0, 8
MM, 25, 3, 8
MM, 22, 5, 8
MM, 19, 7, 8
MM, 16, 10, 8
MM, 15, 12, 8
MM, 12, 15, 8
MM, 9, 17, 8
MM, 8, 18, 8
MM, 7, 20, 8
MM, 5, 23, 8
MM, 4, 24, 8
MM, 4, 25, 7
MM, 4, 26, 8
MM, 3, 27, 24
MM, 2, 29, 8
MM, 2, 30, 8
MM, 542, 628, 9
MM, 542, 629, 8
MM, 542, 630, 8
MM, 542, 631, 152
MM, 542, 632, 8
MM, 16, 0, 32
MM, 18, 1, 8
MM, 20, 1, 8
MM, 20, 2, 168
MM, 22, 4, 111
MM, 22, 6, 8
MM, 19, 6, 104
MM, 17, 6, 9
MM, 16, 6, 8
MM, 12, 6, 8
MM, 6, 6, 8
MM, 1, 6, 8
MM, 524, 639, 7
MM, 30, 2, 9
MM, 24, 0, 7
MM, 505, 633, 9
MM, 497, 631, 7
MM, 488, 629, 9
MM, 482, 628, 7
MM, 14, 29, 9
MM, 9, 28, 7
MM, 8, 28, 9
MM, 7, 28, 8
MM, 6, 28, 8
MM, 6, 27, 7
MM, 6, 25, 9
MM, 5, 25, 136
MM, 4, 25, 8
MM, 2, 24, 16
MM, 0, 23, 8
MM, 459, 620, 8
MM, 457, 619, 8
MM, 33, 20, 8
MM, 32, 20, 8
MM, 31, 20, 104
MM, 29, 20, 7
MM, 28, 20, 8
MM, 27, 20, 8
MM, 26, 20, 25
MM, 25, 20, 7
MM, 25, 19, 25
MM, 24, 18, 7
MM, 23, 17, 9
MM, 23, 16, 8
MM, 22, 16, 71
MM, 20, 16, 9
MC, 1, 63
MM, 19, 16, 16
MM, 17, 16, 9
MM, 14, 16, 8
MM, 10, 16, 8
MM, 4, 16, 8
MM, 417, 613, 8
MM, 29, 16, 7
MM, 23, 16, 9
MM, 17, 16, 7
MM, 11, 16, 8
MM, 33, 16, 49
MM, 32, 16, 49
MM, 30, 16, 7
MM, 29, 16, 16
MM, 28, 16, 8
MM, 27, 16, 8
MM, 26, 16, 7
MM, 25, 16, 49
MM, 24, 16, 7
MM, 21, 16, 8
MM, 19, 16, 9
MM, 18, 16, 8
MM, 16, 16, 7
MC, 1, 200
MM, 18, 16, 16
MM, 24, 16, 8
MM, 28, 16, 9
MM, 34, 14, 8
MM, 2, 12, 8
MM, 13, 12, 8
MM, 27, 10, 7
MM, 418, 604, 8
MM, 11, 3, 9
MM, 25, 1, 7
MM, 460, 596, 8
MM, 473, 594, 8
MM, 485, 592, 8
MM, 2, 30, 8
MM, 8, 28, 9
MM, 11, 27, 8
MM, 13, 27, 8
MM, 14, 27, 8
MM, 16, 26, 15
MM, 17, 25, 9
MM, 18, 25, 7
MM, 22, 25, 8
MM, 28, 25, 8
MM, 528, 583, 8
MM, 5, 22, 8
MM, 14, 22, 8
MM, 20, 22, 9
MM, 26, 22, 8
MM, 28, 22, 7
MM, 29, 22, 9
MM, 31, 22, 7
MM, 30, 22, 328
MM, 29, 22, 8
MC, 1, 137
MM, 28, 24, 103
MM, 27, 27, 9
MM, 27, 29, 7
MM, 556, 594, 9
MM, 15, 1, 7
MM, 15, 6, 9
MM, 13, 12, 7
MM, 10, 21, 9
MM, 8, 29, 8
MM, 17, 1, 8
MM, 15, 10, 8
MM, 15, 14, 8
MM, 15, 17, 9
MM, 14, 19, 7
MM, 13, 20, 8
MM, 12, 22, 360
MM, 10, 24, 7
MM, 9, 27, 9
MM, 8, 30, 8
MM, 537, 665, 7
MM, 536, 666, 9
MM, 534, 668, 8
MM, 133, 0, 7
MM, 132, 1, 9
MM, 132, 2, 8
MM, 132, 5, 7
MM, 132, 7, 8
MM, 132, 8, 9
MM, 131, 10, 7
MM, 130, 11, 9
MM, 130, 13, 8
MM, 130, 16, 8
MM, 128, 16, 8
MM, 127, 16, 7
MM, 127, 17, 152
MM, 127, 18, 9
MC, 1, 72
MM, 126, 18, 24
MM, 122, 18, 8
MM, 114, 14, 8
MM, 99, 8, 8
MM, 83, 2, 8
MM, 466, 669, 8
MM, 452, 665, 7
MM, 32, 27, 8
MM, 23, 25, 9
MM, 17, 24, 8
MM, 12, 21, 7
MM, 9, 19, 8
MM, 7, 18, 8
MM, 6, 17, 8
MM, 4, 17, 9
MM, 3, 16, 7
MM, 3, 14, 9
MM, 3, 13, 16
MM, 2, 11, 8
MM, 408, 642, 8
MM, 405, 639, 8
MM, 403, 636, 8
MM, 400, 633, 8
MM, 397, 632, 8
MM, 396, 631, 7
MM, 396, 630, 9
MM, 395, 629, 23
MM, 12, 29, 9
MM, 11, 26, 7
MM, 10, 25, 9
MM, 8, 24, 7
MM, 8, 23, 9
MM, 8, 22, 7
MM, 7, 21, 9
MM, 5, 19, 8
MM, 3, 17, 8
MM, 2, 14, 8
MM, 379, 610, 8
MM, 377, 610, 8
MM, 376, 608, 9
MM, 375, 607, 7
MM, 34, 10, 8
MM, 33, 10, 80
MM, 31, 10, 7
MM, 28, 10, 9
MM, 26, 10, 7
MM, 23, 10, 9
MM, 22, 10, 7
MM, 21, 10, 49
MM, 20, 10, 8
MC, 1, 360
MM, 20, 9, 56
MM, 20, 8, 8
MM, 23, 8, 7
MM, 33, 8, 8
MM, 3, 8, 9
MM, 19, 8, 7
MM, 418, 606, 9
MM, 13, 13, 7
MM, 30, 17, 8
MM, 0, 19, 8
MM, 6, 19, 9
MM, 10, 19, 7
MM, 13, 19, 9
MM, 15, 19, 7
MM, 16, 19, 8
MM, 18, 19, 8
MM, 20, 19, 8
MM, 23, 19, 8
MM, 24, 19, 9
MM, 26, 19, 7
MM, 29, 19, 9
MM, 30, 20, 7
MM, 493, 619, 9
MM, 494, 619, 8
MM, 496, 619, 8
MM, 0, 22, 7
MM, 4, 23, 9
MM, 11, 26, 7
MM, 17, 28, 8
MM, 23, 29, 8
MM, 528, 628, 9
MM, 533, 629, 7
MM, 535, 631, 9
MM, 537, 631, 7
MM, 538, 631, 49
MM, 539, 631, 8
MM, 540, 632, 7
MM, 12, 0, 8
MM, 12, 1, 8
MM, 13, 3, 8
MM, 15, 4, 8
MM, 16, 5, 9
MM, 17, 6, 8
MM, 17, 7, 8
MM, 17, 8, 7
MC, 1, 281
MM, 14, 8, 23
MM, 8, 8, 9
MM, 0, 8, 7
MM, 523, 642, 8
MM, 29, 8, 8
MM, 23, 8, 9
MM, 17, 8, 8
MM, 11, 6, 8
MM, 7, 5, 8
MM, 2, 2, 8
MM, 484, 631, 8
MM, 17, 29, 7
MM, 14, 26, 8
MM, 13, 25, 8
MM, 12, 25, 17
MM, 11, 25, 8
MM, 8, 25, 48
MM, 6, 24, 8
MM, 3, 22, 8
MM, 461, 619, 8
MM, 458, 619, 8
MM, 457, 619, 8
MM, 456, 618, 8
MM, 34, 20, 8
MM, 32, 19, 40
MM, 31, 17, 8
MM, 30, 15, 9
MM, 29, 14, 7
MM, 29, 13, 8
MM, 28, 13, 72
MM, 27, 13, 8
MM, 27, 16, 239
MM, 27, 18, 8
MM, 27, 21, 9
MM, 30, 24, 8
MM, 33, 26, 8
MM, 34, 29, 8
MM, 456, 627, 7
MM, 457, 627, 9
MM, 458, 628, 7
MM, 460, 631, 9
MM, 12, 0, 7
MM, 15, 1, 9
MM, 18, 2, 7
MM, 20, 5, 8
MM, 23, 7, 8
MM, 26, 8, 8
MM, 29, 11, 8
MM, 30, 14, 8
MM, 31, 16, 9
MM, 483, 652, 8
MM, 484, 653, 7
MM, 484, 654, 8
MM, 484, 655, 9
MM, 485, 656, 8
MM, 487, 657, 7
MM, 0, 24, 9
MM, 1, 26, 8
MM, 1, 27, 8
MM, 2, 27, 7
MM, 3, 27, 8
MM, 3, 28, 264
MM, 4, 30, 8
MM, 495, 667, 8
MM, 98, 1, 9
MM, 100, 3, 8
MM, 100, 5, 8
MM, 100, 6, 8
MM, 100, 7, 8
MM, 100, 8, 7
MM, 101, 9, 8
MM, 102, 10, 9
MM, 105, 10, 296
MM, 108, 10, 8
MM, 110, 10, 8
MM, 113, 7, 7
MM, 116, 4, 9
MM, 121, 0, 7
MM, 526, 664, 8
MM, 2, 25, 8
MM, 6, 22, 8
MM, 11, 19, 8
MM, 15, 16, 9
MM, 18, 13, 8
MM, 21, 12, 8
MM, 22, 11, 8
MM, 23, 10, 7
MM, 24, 8, 8
MM, 24, 6, 8
MM, 24, 3, 8
MM, 25, 2, 9
MM, 26, 1, 8
MM, 557, 633, 7
MM, 558, 632, 9
MM, 559, 630, 8
MM, 560, 629, 7
MM, 561, 628, 9
MM, 22, 30, 7
MM, 23, 29, 8
MM, 24, 28, 8
MM, 24, 27, 8
MM, 24, 25, 8
MM, 24, 24, 9
MM, 24, 23, 7
MM, 26, 23, 8
MM, 27, 23, 8
MM, 27, 22, 8
MM, 27, 21, 8
MM, 27, 20, 8
MM, 27, 17, 8
MM, 27, 16, 8
MM, 27, 15, 8
MM, 28, 13, 9
MM, 31, 11, 8
MM, 33, 10, 8
MM, 576, 604, 8
MM, 0, 6, 8
MM, 4, 4, 7
MM, 9, 3, 8
MM, 13, 3, 8
MM, 16, 1, 9
MM, 598, 595, 8
MM, 599, 594, 8
MM, 602, 593, 8
MM, 603, 592, 8
MM, 604, 592, 80
MM, 605, 592, 8
MM, 606, 591, 8
MM, 609, 590, 8
MM, 0, 30, 8
MM, 1, 30, 8
MM, 1, 28, 31
MM, 1, 27, 9
MM, 2, 27, 88
MM, 4, 26, 8
MM, 5, 25, 8
MM, 6, 25, 8
MM, 7, 24, 7
MM, 8, 23, 8
MM, 8, 22, 81
MM, 8, 20, 9
MM, 8, 19, 7
MM, 8, 18, 7
MC, 1, 128
MM, 4, 21, 64
MM, 610, 586, 8
MM, 606, 590, 8
MM, 599, 593, 9
MM, 14, 1, 8
MM, 8, 8, 8
MM, 1, 15, 8
MM, 34, 25, 8
MM, 567, 632, 8
MM, 33, 4, 8
MM, 30, 9, 8
MM, 27, 13, 8
MM, 24, 18, 8
MM, 21, 22, 8
MM, 18, 25, 8
MM, 15, 27, 8
MM, 14, 29, 8
MM, 12, 30, 8
MM, 539, 667, 8
MM, 536, 670, 8
MM, 135, 0, 8
MM, 134, 1, 7
MM, 133, 2, 9
MM, 132, 3, 8
MM, 130, 3, 8
MM, 129, 3, 7
MM, 128, 3, 8
MM, 127, 5, 48
MM, 126, 6, 9
MM, 125, 6, 7
MM, 124, 6, 8
MM, 122, 7, 120
MM, 121, 8, 9
MC, 1, 87
MM, 122, 6, 16
MM, 125, 2, 9
MM, 527, 670, 7
MM, 530, 666, 8
MM, 4, 27, 8
MM, 7, 23, 9
MM, 9, 18, 7
MM, 10, 14, 9
MM, 13, 9, 7
MM, 16, 7, 9
MM, 19, 4, 7
MM, 22, 2, 9
MM, 23, 1, 7
MM, 553, 633, 9
MM, 554, 632, 8
MM, 555, 630, 8
MM, 557, 629, 8
MM, 558, 629, 8
MM, 559, 629, 7
MM, 559, 628, 8
MM, 19, 30, 9
MM, 20, 29, 88
MM, 21, 28, 8
MC, 1, 263
MM, 20, 28, 24
MM, 12, 28, 9
MM, 1, 28, 7
MM, 31, 28, 9
MM, 23, 28, 8
MM, 12, 28, 8
MM, 497, 625, 8
MM, 24, 26, 8
MM, 13, 24, 8
MM, 2, 24, 8
MM, 34, 22, 8
MM, 28, 21, 8
MM, 22, 21, 8
MM, 16, 21, 8
MM, 10, 21, 8
MM, 6, 21, 8
MM, 2, 21, 7
MM, 419, 618, 8
MM, 416, 618, 8
MM, 32, 21, 8
MM, 27, 21, 8
MM, 23, 21, 9
MM, 17, 21, 8
MM, 11, 21, 8
MM, 5, 21, 8
MM, 1, 21, 8
MM, 378, 618, 7
MM, 376, 618, 9
MM, 34, 21, 8
MM, 33, 21, 8
MM, 32, 21, 7
MM, 30, 21, 9
MM, 27, 21, 8
MM, 24, 21, 8
MM, 22, 21, 7
MM, 21, 21, 9
MM, 20, 21, 7
MM, 18, 21, 8
MM, 17, 21, 33
MM, 15, 21, 8
MM, 12, 21, 9
MM, 11, 21, 7
MM, 10, 21, 24
MM, 9, 21, 8
MM, 8, 22, 47
MM, 7, 25, 9
MM, 5, 27, 7
MM, 4, 27, 9
MC, 1, 87
MM, 19, 27, 25
MM, 30, 27, 7
MM, 0, 26, 9
MM, 9, 25, 8
MM, 17, 23, 7
MM, 26, 21, 8
MM, 32, 20, 9
MM, 417, 615, 7
MM, 0, 17, 8
MM, 6, 15, 8
MM, 10, 15, 8
MM, 15, 14, 8
MM, 19, 12, 8
MM, 23, 11, 8
MM, 28, 9, 8
MM, 32, 8, 8
MM, 458, 603, 9
MM, 459, 603, 7
MM, 460, 603, 9
MM, 0, 6, 7
MM, 2, 5, 9
MM, 3, 4, 7
MM, 5, 4, 9
MM, 6, 4, 7
MM, 7, 4, 8
MM, 8, 4, 8
MM, 10, 4, 8
MM, 11, 4, 8
MM, 11, 3, 41
MM, 11, 2, 8
MM, 11, 1, 8
MM, 473, 595, 8
MM, 473, 593, 8
MM, 474, 592, 7
MM, 19, 30, 9
MM, 20, 28, 8
MM, 21, 27, 8
MM, 23, 26, 7
MM, 25, 23, 8
MM, 26, 22, 8
MM, 27, 21, 9
MM, 30, 20, 8
MM, 489, 578, 8
MM, 490, 577, 7
MM, 491, 576, 9
MM, 492, 575, 8
MM, 493, 574, 16
MM, 0, 13, 8
MM, 3, 13, 71
MM, 5, 13, 9
MM, 6, 11, 8
MM, 8, 10, 8
MM, 20, 11, 256
MM, 6, 13, 7
MM, 34, 13, 8
MM, 25, 15, 8
MM, 19, 16, 8
MM, 13, 16, 8
MM, 10, 16, 8
MM, 9, 16, 8
MM, 8, 16, 9
MM, 7, 16, 7
MM, 6, 16, 8
MM, 5, 16, 8
MM, 3, 16, 57
MM, 1, 16, 7
MM, 412, 576, 8
MM, 35, 16, 8
MM, 31, 16, 8
MM, 25, 16, 8
MM, 21, 16, 8
MM, 18, 16, 8
MM, 17, 16, 8
MM, 21, 16, 105
MM, 25, 16, 8
MM, 28, 16, 7
MM, 31, 16, 8
MM, 32, 16, 8
MM, 33, 16, 9
MM, 35, 16, 7
MM, 410, 576, 8
MM, 411, 576, 8
MM, 412, 576, 8
MM, 413, 576, 8
MM, 414, 576, 25
MM, 1, 16, 7
MM, 2, 16, 41
MM, 3, 16, 7
MM, 4, 16, 96
MM, 5, 16, 9
MM, 6, 16, 7
MM, 9, 16, 9
MM, 10, 16, 7
MM, 11, 16, 9
MM, 12, 16, 7
MM, 12, 15, 9
MM, 13, 15, 39
MM, 14, 15, 9
MM, 15, 15, 25
MM, 17, 15, 7
MM, 18, 15, 8
MM, 19, 15, 9
MC, 1, 143
MM, 20, 15, 48
MM, 21, 16, 8
MM, 21, 18, 8
MM, 22, 20, 8
MM, 24, 23, 8
MM, 24, 25, 8
MM, 24, 28, 8
MM, 24, 30, 7
MM, 439, 593, 9
MM, 439, 596, 8
MM, 19, 3, 7
MM, 21, 7, 8
MM, 22, 12, 9
MM, 24, 18, 7
MM, 25, 22, 9
MM, 28, 29, 8
MM, 451, 630, 8
MM, 3, 2, 8
MM, 5, 8, 8
MM, 6, 13, 8
MM, 10, 19, 8
MM, 11, 20, 8
MM, 11, 21, 72
MM, 12, 23, 8
MM, 13, 24, 7
MM, 14, 25, 9
MM, 15, 26, 8
MM, 15, 28, 7
MM, 466, 665, 9
MM, 467, 666, 8
MM, 467, 667, 8
MM, 467, 669, 8
MM, 468, 670, 207
MM, 69, 0, 9
MM, 70, 1, 7
MM, 71, 2, 9
MM, 71, 3, 40
MM, 71, 4, 8
MM, 71, 6, 8
MM, 73, 8, 8
MM, 74, 9, 7
MM, 75, 11, 289
MM, 77, 11, 8
MM, 80, 11, 8
MM, 84, 10, 8
MM, 89, 8, 8
MM, 93, 7, 7
MM, 96, 7, 8
MM, 97, 6, 9
MM, 101, 4, 7
MM, 105, 3, 8
MM, 108, 1, 8
MM, 110, 1, 8
MM, 112, 1, 8
MM, 113, 0, 417
MM, 515, 670, 8
MM, 520, 669, 8
MM, 524, 667, 8
MM, 528, 666, 8
MM, 2, 30, 8
MM, 3, 30, 8
MM, 4, 30, 8
MM, 6, 29, 8
MM, 7, 28, 7
MM, 8, 28, 8
MM, 9, 28, 9
MM, 10, 28, 48
MM, 13, 28, 7
MM, 15, 28, 9
MM, 16, 27, 7
MM, 16, 26, 9
MM, 17, 25, 7
MM, 18, 23, 8
MM, 20, 23, 89
MM, 22, 23, 9
MM, 25, 22, 7
MM, 26, 21, 8
MM, 27, 21, 8
MM, 28, 21, 8
MM, 29, 21, 8
MM, 32, 21, 8
MM, 34, 21, 7
MM, 564, 655, 9
MM, 567, 655, 8
MM, 569, 655, 8
MM, 1, 21, 23
MM, 2, 21, 9
MM, 3, 21, 55
MM, 4, 21, 9
MM, 6, 21, 7
MM, 9, 21, 8
MM, 10, 21, 8
MM, 11, 21, 8
MM, 12, 24, 296
MM, 16, 22, 9
MM, 21, 19, 7
MM, 25, 14, 9
MM, 30, 9, 7
MM, 35, 6, 8
MM, 611, 636, 8
MM, 616, 633, 8
MM, 620, 631, 9
MM, 624, 628, 8
MM, 9, 28, 7
MM, 12, 25, 9
MM, 15, 23, 7
MM, 16, 21, 9
MM, 17, 20, 7
MM, 18, 19, 9
MM, 20, 19, 7
MM, 21, 19, 9
MM, 21, 18, 16
MM, 21, 17, 7
MM, 21, 16, 8
MM, 21, 15, 8
MM, 22, 15, 16
MM, 23, 15, 9
MM, 24, 15, 7
MM, 25, 13, 9
MM, 25, 12, 7
MM, 26, 12, 9
MM, 28, 12, 7
MM, 29, 12, 24
MM, 30, 11, 8
MM, 30, 10, 8
MM, 31, 9, 8
MM, 32, 8, 8
MM, 33, 7, 8
MM, 652, 601, 8
MM, 652, 600, 8
MM, 654, 599, 8
MM, 655, 596, 8
MM, 656, 595, 9
MM, 657, 595, 7
MM, 657, 594, 89
MM, 657, 593, 7
MM, 657, 592, 17
MM, 658, 591, 8
MM, 11, 30, 7
MM, 11, 27, 9
MM, 11, 26, 8
MM, 11, 25, 16
MM, 11, 24, 8
MM, 11, 23, 96
MM, 11, 21, 7
MM, 11, 20, 9
MM, 11, 19, 7
MC, 1, 160
MM, 9, 19, 40
MM, 3, 19, 8
MM, 643, 580, 8
MM, 23, 22, 8
MM, 14, 23, 9
MM, 5, 27, 8
MM, 607, 591, 8
MM, 598, 596, 7
MM, 8, 5, 9
MM, 34, 11, 7
MM, 20, 17, 8
MM, 8, 25, 8
MM, 1, 30, 8
MM, 538, 630, 8
MM, 534, 633, 8
MM, 2, 0, 8
MM, 1, 2, 8
MM, 1, 3, 96
MM, 1, 4, 8
MM, 0, 5, 9
MM, 527, 640, 8
MM, 527, 641, 23
MM, 527, 642, 8
MM, 527, 644, 33
MM, 527, 645, 8
MM, 528, 645, 16
MM, 0, 11, 7
MM, 0, 12, 9
MM, 0, 13, 7
MM, 1, 13, 73
MM, 2, 13, 8
MC, 1, 216
MM, 1, 13, 127
MM, 527, 647, 8
MM, 523, 647, 8
MM, 33, 13, 8
MM, 30, 13, 8
MM, 27, 13, 8
MM, 23, 11, 9
MM, 18, 10, 8
MM, 16, 8, 8
MM, 11, 8, 9
MM, 7, 7, 7
MM, 4, 5, 8
MM, 2, 4, 8
MM, 487, 635, 8
MM, 484, 634, 8
MM, 483, 634, 8
MM, 482, 634, 95
MM, 32, 0, 9
MM, 481, 633, 8
MM, 481, 632, 8
MM, 481, 630, 8
MM, 481, 629, 8
MM, 481, 628, 7
MM, 19, 30, 9
MM, 17, 30, 16
MM, 16, 30, 7
MM, 15, 29, 9
MM, 13, 28, 8
MM, 12, 26, 7
MM, 10, 25, 8
MM, 9, 24, 8
MM, 8, 23, 8
MM, 7, 23, 9
MM, 6, 23, 8
MM, 5, 23, 8
MM, 5, 22, 8
MM, 5, 21, 8
MM, 4, 21, 39
MM, 2, 21, 9
MM, 1, 21, 7
MM, 461, 618, 9
MM, 460, 618, 8
MM, 459, 618, 8
MM, 457, 618, 8
MM, 34, 21, 120
MM, 31, 21, 8
MM, 29, 21, 8
MM, 25, 21, 8
MM, 23, 21, 8
MM, 22, 21, 8
MM, 21, 21, 8
MC, 1, 279
MM, 20, 21, 16
MM, 18, 21, 9
MM, 12, 21, 7
MM, 420, 618, 9
MM, 24, 19, 7
MM, 5, 15, 8
MM, 22, 12, 8
MM, 1, 12, 9
MM, 49, 12, 8
MM, 35, 12, 8
MM, 29, 12, 8
MM, 27, 12, 8
MM, 25, 12, 7
MM, 27, 12, 233
MM, 31, 12, 8
MM, 35, 12, 8
MM, 41, 12, 8
MM, 46, 12, 8
MM, 48, 13, 7
MM, 51, 14, 9
MM, 54, 14, 8
MM, 55, 14, 7
MM, 56, 14, 89
MM, 333, 611, 8
MM, 336, 611, 8
MM, 1, 14, 8
MM, 4, 14, 8
MM, 5, 14, 8
MM, 6, 14, 7
MM, 8, 14, 128
MM, 11, 14, 9
MM, 12, 14, 7
MM, 13, 14, 9
MC, 1, 183
MM, 14, 14, 24
MM, 17, 14, 8
MM, 21, 14, 9
MM, 27, 14, 7
MM, 33, 14, 9
MM, 0, 14, 8
MM, 8, 14, 8
MM, 17, 13, 8
MM, 21, 12, 8
MM, 26, 12, 8
MM, 30, 12, 8
MM, 33, 10, 8
MM, 419, 606, 8
MM, 2, 7, 7
MM, 5, 6, 9
MM, 9, 6, 8
MM, 12, 5, 7
MM, 13, 4, 8
MM, 15, 4, 9
MM, 17, 4, 7
MM, 18, 4, 8
MM, 19, 2, 8
MM, 20, 1, 8
MM, 24, 0, 9
MM, 449, 596, 8
MM, 452, 596, 8
MM, 455, 594, 8
MM, 457, 593, 8
MM, 460, 593, 8
MM, 461, 593, 7
MM, 462, 592, 8
MM, 10, 30, 8
MM, 16, 29, 9
MM, 21, 27, 7
MM, 27, 27, 8
MM, 31, 27, 8
MM, 489, 587, 8
MM, 492, 587, 8
MM, 1, 26, 9
MM, 3, 25, 8
MM, 5, 25, 8
MM, 7, 23, 8
MM, 10, 22, 8
MM, 14, 22, 7
MM, 17, 22, 9
MM, 18, 22, 8
MM, 20, 21, 8
MM, 23, 19, 7
MM, 27, 19, 9
MM, 30, 19, 7
MM, 525, 579, 9
MM, 526, 579, 8
MM, 527, 579, 8
MM, 528, 579, 8
MM, 0, 18, 8
MM, 3, 17, 8
MM, 4, 17, 8
MM, 5, 17, 8
MM, 7, 17, 8
MM, 10, 17, 8
MM, 12, 17, 8
MM, 15, 17, 8
MC, 1, 272
MM, 14, 17, 40
MM, 8, 17, 8
MM, 2, 19, 8
MM, 527, 580, 8
MM, 27, 22, 8
MM, 20, 27, 8
MM, 507, 592, 8
MM, 500, 596, 8
MM, 494, 599, 8
MM, 25, 7, 7
MM, 18, 12, 9
MM, 15, 15, 7
MM, 12, 18, 8
MM, 11, 19, 49
MM, 9, 20, 8
MM, 6, 22, 8
MM, 1, 23, 7
MM, 461, 620, 8
MM, 460, 620, 8
MM, 459, 620, 9
MM, 459, 621, 39
MM, 457, 622, 10
MM, 34, 27, 7
MM, 31, 28, 9
MM, 27, 28, 7
MM, 23, 28, 8
MM, 20, 28, 8
MM, 18, 28, 8
MM, 15, 28, 8
MM, 12, 28, 8
MM, 11, 28, 8
MM, 9, 28, 8
MM, 5, 28, 8
MM, 0, 28, 8
MM, 417, 625, 8
MM, 34, 28, 8
MM, 32, 28, 8
MM, 31, 28, 8
MM, 31, 27, 144
MM, 31, 26, 8
MM, 31, 24, 8
MM, 31, 23, 8
MM, 31, 22, 8
MM, 31, 21, 8
MM, 31, 20, 8
MM, 30, 20, 200
MM, 29, 20, 8
MM, 29, 21, 159
MM, 31, 21, 8
MM, 32, 21, 9
MM, 34, 21, 7
MM, 416, 618, 8
MM, 419, 618, 8
MM, 2, 21, 8
MM, 6, 21, 8
MM, 10, 21, 9
MM, 16, 21, 8
MM, 21, 21, 8
MM, 29, 21, 8
MM, 461, 620, 8
MM, 10, 25, 7
MM, 21, 25, 9
MM, 30, 27, 7
MM, 1, 28, 9
MM, 7, 30, 7
MM, 513, 629, 8
MM, 515, 629, 8
MM, 520, 630, 9
MM, 524, 631, 7
MM, 528, 633, 9
MM, 8, 1, 8
MM, 14, 1, 8
MM, 18, 2, 8
MM, 21, 3, 8
MM, 22, 3, 8
MM, 23, 5, 8
MM, 24, 6, 8
MM, 25, 6, 8
MM, 26, 6, 8
MM, 28, 6, 48
MM, 30, 7, 8
MM, 33, 8, 8
MM, 34, 8, 9
MM, 564, 642, 7
MM, 565, 642, 8
MM, 566, 642, 24
MM, 569, 644, 8
MM, 2, 11, 8
MM, 3, 11, 8
MM, 4, 11, 8
MM, 5, 11, 8
MM, 6, 11, 48
MM, 7, 11, 8
MM, 8, 11, 8
MM, 11, 11, 8
MM, 14, 12, 8
MM, 16, 14, 8
MM, 19, 14, 7
MM, 21, 14, 9
MM, 24, 14, 8
MM, 27, 14, 8
MM, 29, 15, 8
MM, 32, 16, 8
MM, 33, 16, 8
MM, 34, 16, 8
MM, 37, 16, 8
MM, 609, 650, 8
MM, 610, 650, 8
MM, 612, 650, 24
MM, 613, 650, 8
MM, 614, 650, 32
MM, 1, 16, 7
MM, 4, 18, 9
MM, 7, 19, 7
MM, 9, 19, 9
MM, 14, 21, 8
MM, 18, 22, 8
MM, 22, 23, 7
MM, 27, 25, 9
MM, 29, 25, 7
MM, 647, 659, 9
MM, 650, 659, 7
MM, 651, 659, 8
MM, 0, 25, 89
MM, 1, 25, 8
MM, 2, 25, 8
MM, 4, 25, 8
MM, 7, 25, 8
MM, 10, 25, 8
MM, 12, 25, 7
MM, 13, 25, 9
MM, 14, 25, 15
MM, 16, 25, 9
MM, 16, 26, 168
MM, 16, 27, 8
MM, 16, 29, 160
MM, 16, 28, 8
MM, 17, 28, 8
MM, 18, 28, 8
MM, 19, 27, 7
MM, 21, 26, 9
MM, 24, 24, 8
MM, 25, 23, 8
MM, 26, 23, 7
MM, 28, 22, 9
MM, 28, 21, 8
MM, 29, 21, 16
MM, 30, 20, 8
MM, 683, 653, 8
MM, 684, 653, 8
MM, 685, 653, 8
MM, 688, 653, 8
MM, 689, 653, 8
MM, 691, 653, 8
MM, 694, 653, 8
MM, 697, 651, 192
MM, 699, 650, 8
MM, 706, 647, 8
MM, 712, 644, 8
MM, 717, 642, 8
MM, 721, 641, 8
MM, 724, 638, 8
MM, 727, 635, 8
MM, 728, 635, 8
MM, 730, 634, 8
MM, 732, 633, 7
MM, 733, 631, 9
MM, 734, 630, 8
MM, 735, 630, 7
MM, 737, 629, 9
MM, 740, 628, 8
MM, 745, 626, 8
MM, 747, 625, 8
MM, 750, 625, 8
MM, 752, 625, 8
MM, 755, 623, 8
MM, 760, 622, 8
MM, 761, 622, 7
MM, 762, 621, 9
MM, 763, 620, 7
MM, 765, 620, 9
MM, 768, 620, 7
MM, 0, 8, 9
MM, 2, 8, 7
MM, 3, 8, 48
MM, 7, 8, 9
MM, 13, 8, 7
MM, 22, 12, 9
MM, 31, 14, 7
MM, 37, 14, 9
MM, 43, 14, 7
MM, 45, 14, 8
MM, 47, 14, 8
MM, 48, 14, 9
MM, 49, 16, 144
MM, 50, 19, 8
