********************************************************************************
LOGGING TIME: 20180908_190615
CLIENT IP: 127.0.0.1
USERNAME: dell
OS: Windows 8.1
**********************************Emotional database********************************************************************************
MM, 243, 55, 1537598292380
MM, 242, 54, 515
MM, 236, 48, 10
MM, 228, 36, 11
MM, 213, 7, 9
MM, 451, 388, 11
MM, 191, 79, 9
MM, 185, 63, 11
MM, 179, 48, 10
MM, 175, 34, 10
MM, 173, 28, 10
MM, 169, 19, 10
MM, 168, 13, 10
MM, 165, 6, 11
MM, 412, 281, 11
MM, 410, 275, 9
MM, 409, 268, 10
MM, 407, 264, 10
MM, 407, 258, 10
MM, 407, 256, 10
MM, 406, 254, 10
MM, 291, 119, 1349
MM, 318, 276, 264
MM, 318, 277, 30
MM, 318, 278, 41
MM, 319, 278, 10
MM, 319, 279, 20
MM, 320, 280, 10
MM, 320, 283, 11
MM, 71, 0, 10
MM, 71, 2, 10
MM, 72, 5, 10
MM, 73, 9, 10
MM, 75, 14, 10
MM, 75, 18, 10
MM, 76, 21, 10
MM, 76, 22, 11
MM, 76, 23, 10
MM, 77, 23, 10
MM, 77, 24, 10
MM, 77, 25, 20
MM, 79, 26, 21
MM, 79, 28, 31
MM, 80, 28, 10
MM, 80, 29, 21
MC, 1, 121
MM, 80, 36, 15538
MM, 81, 44, 10
MM, 85, 53, 10
MM, 89, 62, 10
MM, 92, 71, 10
MM, 98, 81, 11
MM, 350, 373, 10
MM, 353, 377, 10
MM, 355, 380, 10
MM, 356, 383, 10
MM, 356, 384, 10
MM, 357, 385, 11
MM, 357, 386, 9
MM, 358, 386, 21
MM, 358, 387, 20
MM, 358, 389, 31
MM, 358, 390, 30
MM, 360, 391, 21
MM, 360, 392, 21
MM, 361, 396, 10
MM, 361, 404, 10
MM, 362, 410, 10
MM, 111, 3, 10
MM, 113, 15, 10
MM, 113, 20, 10
MM, 113, 26, 11
MM, 113, 31, 10
MM, 113, 32, 10
MM, 113, 34, 10
MM, 113, 35, 10
MM, 113, 37, 10
MM, 113, 38, 10
MM, 113, 39, 10
MM, 113, 40, 31
MM, 115, 42, 10
MM, 115, 47, 10
MM, 116, 50, 10
MM, 117, 54, 10
MM, 119, 60, 10
MM, 122, 67, 11
MM, 128, 78, 10
MM, 385, 505, 10
MM, 393, 515, 10
MM, 396, 521, 10
MM, 28, 1, 10
MM, 30, 3, 11
MM, 29, 4, 182
MM, 24, 7, 11
MM, 20, 9, 10
MM, 11, 12, 9
MM, 2, 16, 10
MM, 10, 23, 692
MM, 23, 1, 131
MM, 28, 1, 10
MM, 32, 1, 10
MM, 683, 561, 10
MM, 685, 561, 10
MM, 686, 561, 10
MM, 687, 561, 11
MM, 0, 1, 10
MM, 1, 1, 10
MM, 3, 1, 11
MM, 4, 1, 9
MM, 8, 1, 10
MM, 11, 0, 10
MM, 13, 0, 10
MM, 707, 559, 11
MM, 711, 557, 9
MM, 715, 557, 11
MM, 718, 555, 10
MM, 21, 30, 10
MM, 23, 30, 10
MM, 24, 29, 10
MM, 26, 29, 10
MM, 26, 28, 10
MM, 27, 28, 10
MM, 27, 27, 21
MM, 28, 27, 10
MM, 28, 25, 30
MM, 28, 24, 20
MM, 26, 22, 21
MM, 22, 22, 10
MM, 18, 20, 10
MM, 15, 20, 11
MM, 12, 19, 9
MM, 11, 19, 10
MM, 10, 19, 11
MM, 9, 19, 10
MM, 8, 19, 20
MM, 7, 19, 10
MM, 5, 19, 10
MM, 4, 19, 11
MM, 2, 19, 9
MM, 701, 542, 11
MM, 697, 542, 10
MM, 34, 19, 10
MM, 31, 19, 10
MM, 30, 19, 10
MM, 29, 19, 11
MM, 27, 19, 9
MM, 26, 19, 21
MM, 25, 19, 30
MM, 24, 19, 41
MM, 21, 27, 354
MM, 26, 4, 11
MM, 17, 24, 10
MM, 655, 619, 10
MM, 649, 636, 10
MM, 30, 18, 10
MM, 16, 17, 427
MM, 17, 15, 20
MM, 17, 14, 31
MM, 18, 13, 10
MM, 18, 12, 10
MM, 19, 11, 10
MM, 20, 11, 10
MM, 20, 10, 10
MM, 22, 9, 31
MC, 1, 253
MM, 15, 6, 273
MM, 11, 4, 20
MM, 8, 3, 10
MM, 4, 2, 11
MM, 538, 594, 10
MM, 0, 30, 10
MM, 526, 587, 11
MM, 30, 26, 10
MM, 27, 25, 11
MM, 26, 24, 10
MM, 25, 22, 20
MM, 24, 21, 30
MM, 22, 20, 41
MM, 21, 20, 30
MM, 21, 19, 10
MM, 20, 18, 10
MM, 19, 18, 10
MM, 19, 17, 11
MM, 18, 17, 10
MM, 18, 16, 10
MM, 17, 16, 11
MM, 17, 14, 19
MC, 1, 162
MM, 17, 15, 112
MM, 17, 16, 10
MM, 19, 17, 10
MM, 22, 18, 11
MM, 27, 21, 10
MM, 525, 584, 10
MM, 530, 587, 10
MM, 1, 30, 10
MM, 534, 591, 10
MM, 536, 593, 10
MM, 536, 594, 11
MM, 537, 594, 10
MM, 538, 594, 10
MM, 539, 595, 10
MM, 539, 596, 30
MM, 541, 596, 20
MM, 1, 0, 10
MM, 2, 1, 11
MM, 3, 2, 20
MM, 4, 3, 10
MM, 5, 5, 20
MM, 6, 5, 10
MM, 7, 6, 10
MM, 9, 6, 11
MM, 11, 7, 10
MM, 12, 8, 10
MM, 15, 9, 10
MM, 16, 11, 10
MM, 18, 11, 11
MM, 19, 12, 10
MM, 21, 12, 10
MM, 22, 12, 10
MM, 22, 13, 10
MM, 23, 13, 10
MM, 24, 13, 20
MM, 24, 14, 41
MM, 25, 14, 11
MC, 1, 111
MM, 4, 13, 305
MM, 3, 13, 19
MM, 4, 13, 295
MM, 3, 13, 10
MC, 1, 142
MM, 3, 17, 111
MM, 3, 21, 10
MM, 5, 29, 10
MM, 4, 2, 10
MM, 11, 16, 10
MM, 15, 30, 11
MM, 30, 4, 10
MM, 32, 13, 10
MM, 443, 653, 10
MM, 446, 658, 10
MM, 447, 664, 10
MM, 449, 667, 10
MM, 50, 0, 10
MM, 51, 3, 11
MM, 51, 4, 11
MM, 53, 5, 9
MM, 53, 6, 10
MM, 54, 7, 20
MM, 54, 8, 31
MM, 54, 10, 30
MM, 55, 10, 51
MM, 56, 10, 81
MC, 1, 163
MM, 55, 10, 274
MM, 23, 19, 202
MM, 21, 18, 12
MM, 20, 17, 8
MM, 18, 15, 10
MM, 17, 14, 11
MM, 16, 13, 10
MM, 15, 13, 10
MM, 14, 12, 11
MM, 13, 11, 29
MM, 13, 10, 31
MM, 12, 9, 11
MM, 10, 17, 293
MC, 1, 182
MM, 10, 11, 275
MM, 14, 11, 10
MM, 19, 11, 10
MM, 23, 9, 10
MM, 27, 9, 10
MM, 30, 9, 10
MM, 564, 568, 11
MM, 647, 570, 365
MM, 0, 10, 10
MM, 1, 10, 10
MM, 2, 10, 10
MM, 3, 10, 10
MM, 6, 10, 11
MM, 7, 10, 9
MM, 9, 10, 11
MM, 11, 10, 10
MM, 12, 10, 10
MM, 13, 10, 20
MM, 14, 10, 20
MM, 15, 10, 41
MM, 16, 10, 40
MM, 16, 11, 10
MC, 1, 133
MM, 15, 11, 253
MM, 11, 11, 10
MM, 3, 11, 10
MM, 642, 571, 10
MM, 18, 11, 10
MM, 2, 11, 10
MM, 27, 11, 10
MM, 11, 11, 10
MM, 0, 11, 11
MM, 31, 11, 10
MM, 25, 11, 10
MM, 19, 11, 10
MM, 13, 11, 10
MM, 8, 11, 10
MM, 4, 11, 10
MM, 529, 571, 11
MM, 29, 11, 10
MM, 23, 11, 10
MM, 19, 11, 10
MM, 13, 11, 10
MM, 9, 11, 10
MM, 6, 11, 10
MM, 4, 11, 11
MM, 1, 11, 9
MM, 0, 11, 11
MM, 493, 571, 10
MM, 492, 571, 21
MM, 489, 573, 19
MM, 488, 573, 10
MM, 31, 13, 11
MM, 28, 13, 10
MM, 27, 14, 10
MM, 26, 14, 11
MM, 25, 14, 9
MM, 24, 14, 10
MM, 23, 14, 21
MM, 22, 14, 40
MM, 20, 14, 52
MM, 19, 14, 50
MC, 1, 163
MM, 22, 14, 70
MM, 26, 14, 11
MM, 488, 574, 10
MM, 7, 16, 10
MM, 26, 20, 10
MM, 6, 24, 10
MM, 22, 30, 10
MM, 565, 594, 10
MM, 576, 598, 11
MM, 7, 3, 10
MM, 18, 5, 10
MM, 27, 6, 10
MM, 613, 603, 11
MM, 1, 6, 9
MM, 6, 6, 10
MM, 8, 6, 11
MM, 11, 6, 11
MM, 13, 6, 9
MM, 15, 6, 10
MM, 17, 6, 10
MM, 18, 6, 10
MM, 19, 6, 10
MM, 20, 6, 10
MM, 23, 6, 11
MM, 25, 6, 10
MM, 28, 6, 10
MM, 30, 6, 10
MM, 653, 605, 10
MM, 657, 606, 10
MM, 2, 9, 10
MM, 4, 9, 10
MM, 7, 11, 10
MM, 8, 11, 11
MM, 9, 11, 10
MM, 11, 11, 10
MM, 11, 12, 10
MM, 12, 12, 10
MM, 12, 13, 21
MM, 13, 13, 10
MM, 14, 13, 40
MC, 1, 172
MM, 13, 13, 51
MM, 8, 13, 10
MM, 0, 13, 10
MM, 32, 13, 11
MM, 21, 13, 10
MM, 7, 12, 10
MM, 615, 609, 10
MM, 28, 12, 10
MM, 22, 12, 10
MM, 15, 13, 10
MM, 9, 14, 10
MM, 579, 615, 11
MM, 27, 22, 10
MM, 16, 26, 10
MM, 2, 28, 10
MM, 530, 628, 10
MM, 524, 630, 10
MM, 518, 630, 10
MM, 512, 630, 11
MM, 506, 630, 10
MM, 502, 630, 10
MM, 496, 630, 10
MM, 493, 630, 10
MM, 489, 630, 10
MM, 488, 630, 10
MM, 486, 630, 10
MM, 485, 630, 11
MM, 483, 630, 10
MM, 482, 630, 20
MM, 480, 630, 10
MM, 477, 630, 10
MM, 475, 630, 10
MM, 470, 630, 10
MM, 466, 630, 10
MM, 464, 630, 10
MM, 459, 630, 11
MM, 455, 630, 10
MM, 453, 630, 10
MM, 450, 630, 10
MM, 447, 628, 11
MM, 446, 628, 10
MM, 24, 30, 11
MM, 23, 30, 20
MM, 21, 30, 10
MM, 21, 29, 10
MM, 21, 28, 30
MM, 20, 28, 11
MM, 20, 27, 10
MM, 20, 26, 10
MM, 19, 26, 10
MM, 19, 24, 10
MM, 18, 23, 10
MM, 17, 22, 11
MM, 16, 21, 10
MM, 16, 20, 10
MM, 15, 20, 11
MM, 15, 19, 9
MM, 14, 18, 30
MC, 1, 183
MM, 12, 18, 71
MM, 11, 18, 10
MM, 9, 18, 10
MM, 6, 18, 10
MM, 4, 18, 10
MM, 420, 615, 11
MM, 418, 615, 9
MM, 33, 16, 11
MM, 32, 16, 10
MM, 30, 16, 10
MM, 27, 16, 10
MM, 25, 16, 10
MM, 24, 15, 10
MM, 23, 15, 10
MM, 21, 15, 11
MM, 20, 15, 20
MM, 19, 15, 20
MM, 18, 15, 41
MC, 1, 182
MM, 21, 16, 111
MM, 22, 19, 11
MM, 27, 24, 10
MM, 31, 28, 10
MM, 416, 630, 10
MM, 12, 3, 10
MM, 15, 7, 10
MM, 18, 10, 10
MM, 21, 15, 11
MM, 24, 18, 10
MM, 27, 20, 10
MM, 29, 23, 10
MM, 443, 660, 10
MM, 446, 663, 10
MM, 447, 664, 10
MM, 449, 667, 11
MM, 451, 668, 9
MM, 452, 669, 11
MM, 453, 670, 10
MM, 54, 0, 10
MM, 55, 2, 10
MM, 58, 4, 11
MM, 59, 5, 9
MM, 59, 6, 11
MM, 60, 6, 10
MM, 61, 8, 10
MM, 61, 9, 10
MM, 62, 9, 10
MM, 62, 10, 10
MM, 63, 11, 11
MM, 65, 12, 9
MM, 66, 15, 10
MM, 67, 16, 11
MM, 68, 17, 10
MM, 68, 18, 10
MM, 69, 18, 10
MM, 69, 19, 10
MM, 70, 20, 31
MM, 70, 21, 31
MM, 71, 21, 20
MC, 1, 122
MM, 71, 20, 81
MM, 74, 17, 10
MM, 76, 14, 10
MM, 80, 10, 10
MM, 85, 5, 10
MM, 492, 669, 11
MM, 499, 666, 10
MM, 18, 26, 10
MM, 22, 22, 10
MM, 27, 19, 10
MM, 30, 14, 11
MM, 34, 11, 10
MM, 525, 643, 10
MM, 1, 4, 10
MM, 533, 633, 10
MM, 536, 629, 10
MM, 0, 29, 10
MM, 3, 24, 11
MM, 6, 22, 9
MM, 11, 17, 10
MM, 14, 14, 11
MM, 18, 10, 10
MM, 21, 7, 10
MM, 25, 4, 10
MM, 28, 1, 10
MM, 573, 595, 10
MM, 577, 592, 10
MM, 12, 30, 10
MM, 20, 25, 11
MM, 29, 22, 10
MM, 608, 580, 10
MM, 1, 17, 10
MM, 6, 15, 13
MM, 9, 14, 7
MM, 10, 14, 10
MM, 12, 14, 11
MM, 12, 13, 10
MM, 13, 13, 10
MM, 14, 13, 21
MM, 16, 13, 50
MM, 17, 13, 40
MM, 18, 13, 41
MM, 19, 13, 20
MM, 20, 13, 10
MM, 21, 13, 10
MM, 24, 13, 11
MM, 25, 13, 10
MM, 27, 13, 10
MM, 28, 13, 10
MM, 30, 13, 10
MM, 643, 573, 10
MM, 644, 573, 10
MM, 645, 573, 11
MM, 646, 573, 20
MM, 647, 573, 10
MP, 1, 406
MR, 1, 30
MC, 1, 0
MM, 647, 574, 204
MM, 1, 17, 9
MM, 2, 19, 10
MM, 5, 21, 10
MM, 5, 22, 11
MM, 6, 23, 10
MM, 6, 24, 10
MM, 7, 24, 10
MM, 7, 25, 10
MM, 8, 25, 21
MM, 8, 27, 19
MM, 9, 27, 21
MM, 11, 27, 182
MM, 12, 27, 61
MM, 12, 26, 10
MM, 12, 25, 11
MM, 13, 24, 10
MM, 13, 23, 10
MM, 14, 22, 10
MM, 14, 21, 10
MM, 14, 20, 20
MM, 14, 18, 51
MC, 1, 233
MM, 14, 19, 111
MM, 14, 21, 41
MM, 14, 22, 20
MM, 14, 23, 11
MM, 14, 26, 9
MM, 14, 27, 10
MM, 14, 28, 10
MM, 14, 29, 11
MM, 15, 30, 10
MM, 663, 591, 20
MM, 664, 592, 20
MM, 664, 593, 11
MM, 665, 595, 20
MM, 665, 596, 10
MM, 666, 596, 11
MM, 8, 0, 10
MM, 8, 1, 31
MM, 10, 1, 10
MM, 10, 2, 30
MM, 11, 2, 61
MC, 1, 121
MM, 8, 2, 102
MM, 6, 2, 10
MM, 0, 2, 10
MM, 652, 599, 10
MM, 23, 0, 10
MM, 630, 595, 10
MM, 619, 595, 11
MM, 611, 595, 10
MM, 597, 595, 10
MM, 584, 595, 10
MM, 568, 595, 10
MM, 557, 595, 10
MM, 546, 595, 10
MM, 540, 595, 10
MM, 534, 595, 11
MM, 528, 595, 10
MM, 522, 595, 10
MM, 516, 595, 10
MM, 512, 595, 11
MM, 509, 595, 9
MM, 507, 595, 10
MM, 504, 595, 10
MM, 503, 595, 11
MM, 502, 595, 20
MM, 501, 595, 20
MM, 500, 595, 10
MM, 499, 595, 10
MM, 498, 595, 11
MM, 495, 595, 9
MM, 492, 595, 11
MM, 28, 0, 10
MM, 23, 1, 10
MM, 17, 3, 10
MM, 11, 3, 10
MM, 5, 4, 10
MM, 461, 603, 11
MM, 457, 603, 10
MM, 31, 7, 10
MM, 27, 9, 10
MM, 24, 9, 10
MM, 23, 9, 10
MM, 22, 10, 10
MM, 21, 10, 10
MM, 20, 10, 11
MM, 19, 10, 20
MM, 17, 10, 40
MC, 1, 203
MM, 17, 9, 91
MM, 17, 7, 11
MM, 17, 6, 20
MM, 17, 4, 10
MM, 16, 3, 10
MM, 16, 2, 20
MM, 16, 0, 10
MM, 436, 596, 21
MM, 436, 595, 20
MM, 436, 594, 40
MM, 435, 593, 51
MM, 435, 592, 10
MM, 20, 29, 11
MM, 19, 28, 10
MM, 19, 26, 10
MM, 19, 25, 11
MM, 18, 23, 10
MM, 18, 22, 10
MM, 18, 21, 10
MM, 17, 21, 10
MC, 1, 183
MM, 17, 22, 71
MM, 17, 24, 10
MM, 17, 25, 10
MM, 16, 26, 11
MM, 14, 27, 9
MM, 12, 28, 20
MM, 11, 29, 11
MM, 423, 591, 10
MM, 422, 593, 10
MM, 417, 595, 10
MM, 415, 596, 10
MM, 32, 1, 10
MM, 29, 2, 10
MM, 28, 3, 11
MM, 27, 3, 10
MM, 26, 4, 11
MM, 25, 4, 9
MM, 25, 5, 20
MM, 24, 5, 10
MM, 22, 5, 21
MM, 22, 7, 10
MM, 21, 7, 10
MM, 20, 7, 40
MC, 1, 183
MM, 22, 7, 91
MM, 23, 6, 10
MM, 28, 4, 10
MM, 34, 2, 10
MM, 421, 596, 10
MM, 430, 594, 11
MM, 24, 28, 10
MM, 30, 27, 13
MM, 452, 584, 7
MM, 0, 22, 10
MM, 5, 21, 11
MM, 7, 19, 9
MM, 10, 18, 10
MM, 13, 17, 11
MM, 16, 15, 10
MM, 18, 15, 10
MM, 21, 12, 10
MM, 25, 11, 10
MM, 28, 9, 10
MM, 489, 567, 10
MM, 493, 565, 10
MM, 0, 4, 10
MM, 3, 4, 11
MM, 4, 3, 10
MM, 5, 2, 10
MM, 6, 2, 20
MM, 7, 2, 10
MM, 8, 2, 31
MM, 9, 2, 20
MM, 11, 2, 31
MM, 12, 2, 61
MM, 12, 3, 50
MM, 12, 4, 20
MM, 12, 5, 31
MM, 12, 6, 21
MM, 12, 7, 20
MM, 12, 9, 20
MM, 12, 10, 21
MC, 1, 182
MM, 12, 12, 193
MM, 12, 13, 10
MM, 12, 19, 10
MM, 12, 25, 10
MM, 506, 591, 10
MM, 6, 0, 11
MM, 6, 2, 9
MM, 6, 3, 10
MM, 6, 6, 10
MM, 6, 7, 21
MM, 6, 11, 10
MM, 6, 15, 10
MM, 5, 18, 10
MM, 5, 20, 10
MM, 5, 23, 10
MM, 5, 24, 11
MM, 5, 25, 10
MM, 5, 26, 10
MM, 5, 27, 10
MM, 5, 29, 10
MM, 5, 30, 10
MM, 504, 628, 10
MM, 504, 632, 10
MM, 16, 2, 11
MM, 16, 3, 10
MM, 16, 4, 10
MM, 16, 5, 10
MM, 16, 6, 10
MM, 16, 8, 10
MM, 16, 9, 20
MM, 16, 10, 41
MM, 16, 12, 10
MM, 16, 15, 10
MM, 16, 19, 10
MM, 16, 22, 10
MM, 16, 26, 11
MM, 16, 30, 10
MM, 504, 670, 10
MM, 104, 2, 10
MM, 104, 3, 10
MM, 104, 4, 10
MM, 104, 5, 21
MM, 104, 6, 20
MM, 104, 8, 10
MM, 104, 11, 10
MM, 104, 13, 10
MM, 104, 15, 10
MM, 104, 16, 10
MM, 104, 17, 21
MM, 104, 18, 10
MM, 104, 20, 41
MC, 1, 212
MM, 104, 19, 71
MM, 104, 18, 10
MM, 104, 16, 10
MM, 104, 12, 10
MM, 106, 9, 11
MM, 107, 4, 11
MM, 112, 0, 10
MM, 31, 30, 10
MM, 527, 654, 10
MM, 7, 12, 10
MM, 17, 5, 10
MM, 553, 631, 11
MM, 20, 29, 10
MM, 27, 26, 10
MM, 31, 21, 10
MM, 576, 614, 10
MM, 4, 13, 10
MM, 11, 10, 11
MM, 20, 4, 10
MM, 29, 1, 10
MM, 617, 594, 10
MM, 623, 593, 10
MM, 627, 591, 10
MM, 631, 591, 10
MM, 23, 30, 10
MM, 28, 28, 10
MM, 30, 27, 11
MM, 644, 587, 10
MM, 647, 586, 10
MM, 1, 26, 10
MM, 6, 24, 10
MM, 8, 24, 10
MM, 12, 24, 10
MM, 17, 23, 10
MM, 21, 21, 11
MM, 25, 21, 10
MM, 32, 20, 10
MM, 684, 578, 10
MM, 688, 577, 10
MM, 0, 17, 11
MM, 3, 17, 9
MM, 4, 16, 10
MM, 6, 16, 11
MM, 8, 15, 10
MM, 10, 13, 10
MM, 13, 10, 10
MM, 17, 9, 10
MM, 18, 8, 11
MM, 21, 7, 9
MM, 24, 5, 21
MM, 25, 5, 20
MM, 25, 4, 20
MM, 26, 4, 10
MM, 27, 4, 41
MC, 1, 142
MM, 25, 4, 111
MM, 20, 4, 10
MM, 14, 5, 10
MM, 3, 6, 11
MM, 30, 8, 10
MM, 17, 8, 10
MM, 5, 10, 10
MM, 643, 570, 10
MM, 25, 12, 10
MM, 19, 12, 10
MM, 15, 13, 10
MM, 11, 13, 11
MM, 8, 15, 10
MM, 6, 15, 10
MM, 3, 15, 10
MM, 0, 15, 10
MM, 610, 575, 10
MM, 609, 575, 20
MM, 608, 575, 31
MP, 1, 193
MR, 1, 80
MC, 1, 0
MM, 609, 575, 265
MM, 1, 15, 10
MM, 2, 13, 10
MM, 3, 13, 10
MM, 4, 13, 11
MM, 5, 13, 10
MM, 6, 13, 20
MM, 8, 13, 20
MM, 9, 13, 40
MM, 608, 574, 31
MP, 1, 72
MR, 1, 29
MC, 1, 0
MM, 607, 574, 304
MM, 34, 14, 10
MM, 32, 14, 10
MM, 31, 14, 11
MM, 28, 14, 10
MM, 27, 14, 10
MM, 26, 14, 20
MM, 25, 14, 20
MM, 24, 14, 31
MM, 25, 14, 243
MM, 26, 14, 20
MM, 27, 14, 20
MM, 30, 14, 11
MM, 31, 14, 10
MM, 32, 13, 10
MM, 33, 13, 20
MM, 34, 13, 20
MM, 605, 573, 21
MM, 607, 573, 50
MM, 608, 573, 92
MM, 609, 573, 20
MM, 610, 573, 10
MM, 0, 13, 10
MM, 1, 13, 11
MM, 2, 13, 10
MM, 4, 13, 10
MM, 5, 13, 31
MM, 6, 13, 40
MM, 608, 573, 31
MP, 1, 71
MR, 1, 60
MC, 1, 0
MM, 605, 573, 285
MM, 568, 573, 49
MM, 31, 13, 11
MM, 27, 13, 11
MM, 25, 12, 9
MM, 24, 12, 10
MM, 23, 12, 10
MM, 22, 12, 30
MM, 23, 12, 92
MM, 28, 12, 10
MM, 30, 12, 10
MM, 566, 572, 10
MM, 568, 572, 10
MM, 2, 12, 10
MM, 5, 12, 10
MM, 9, 12, 11
MM, 12, 12, 10
MM, 13, 12, 10
MM, 15, 12, 10
MM, 16, 12, 10
MM, 18, 12, 11
MM, 20, 11, 9
MM, 21, 11, 234
MM, 22, 11, 21
MM, 24, 10, 10
MM, 26, 10, 10
MM, 28, 10, 10
MM, 33, 10, 10
MM, 607, 570, 10
MM, 610, 569, 10
MM, 3, 9, 10
MM, 6, 9, 11
MM, 8, 9, 10
MM, 9, 9, 10
MM, 10, 9, 20
MM, 12, 9, 10
MM, 13, 9, 21
MM, 14, 9, 20
MM, 15, 9, 30
MM, 16, 9, 51
MC, 1, 193
MM, 12, 9, 354
MM, 0, 9, 10
MM, 19, 10, 10
MM, 29, 12, 10
MM, 0, 12, 11
MM, 8, 14, 10
MM, 16, 16, 10
MM, 28, 19, 10
MM, 4, 19, 10
MM, 31, 19, 10
MM, 20, 21, 11
MM, 14, 21, 9
MM, 10, 21, 11
MM, 9, 21, 9
MM, 7, 21, 11
MM, 6, 21, 20
MM, 5, 21, 20
MM, 5, 20, 173
MM, 7, 19, 10
MM, 11, 18, 10
MM, 17, 18, 10
MM, 21, 16, 10
MM, 26, 16, 10
MM, 28, 16, 10
MM, 31, 15, 10
MM, 32, 15, 11
MM, 33, 15, 10
MM, 34, 15, 10
MM, 36, 14, 10
MM, 409, 574, 10
MM, 410, 574, 31
MM, 411, 574, 41
MM, 412, 574, 30
MM, 413, 574, 41
MM, 414, 574, 30
MM, 1, 14, 41
MM, 2, 14, 30
MM, 3, 14, 61
MM, 4, 14, 11
MM, 5, 14, 19
MM, 6, 14, 31
MM, 3, 14, 10
MC, 1, 132
MM, 3, 15, 131
MM, 3, 16, 21
MM, 3, 19, 10
MM, 3, 23, 10
MM, 3, 25, 10
MM, 3, 30, 11
MM, 418, 592, 10
MM, 418, 595, 9
MM, 418, 597, 10
MM, 419, 599, 11
MM, 419, 601, 10
MM, 419, 604, 10
MM, 419, 605, 10
MM, 419, 606, 10
MM, 419, 607, 10
MM, 419, 608, 21
MM, 419, 612, 31
MM, 419, 622, 9
MM, 419, 626, 10
MM, 419, 631, 10
MM, 10, 1, 11
MM, 10, 3, 10
MM, 10, 6, 10
MM, 10, 7, 10
MM, 10, 8, 10
MM, 10, 9, 10
MM, 10, 11, 20
MM, 10, 12, 41
MM, 10, 13, 30
MM, 10, 14, 31
MM, 10, 15, 10
MM, 10, 16, 10
MM, 10, 17, 20
MC, 1, 294
MM, 10, 12, 82
MM, 10, 4, 10
MM, 419, 630, 10
MM, 1, 21, 10
MM, 3, 15, 11
MM, 6, 8, 10
MM, 7, 4, 10
MM, 9, 1, 10
MM, 431, 593, 71
MM, 431, 591, 40
MM, 16, 30, 61
MC, 1, 172
MM, 433, 592, 396
MM, 16, 1, 10
MM, 19, 13, 10
MM, 23, 22, 10
MM, 26, 28, 10
MM, 451, 632, 10
MM, 3, 2, 10
MM, 4, 4, 11
MM, 6, 6, 10
MM, 7, 7, 10
MM, 7, 8, 20
MM, 8, 10, 10
MM, 9, 11, 10
MM, 11, 12, 10
MM, 13, 12, 10
MM, 14, 13, 11
MM, 14, 14, 10
MM, 15, 14, 10
MM, 16, 15, 20
MM, 18, 17, 10
MM, 20, 17, 10
MM, 22, 17, 11
MM, 23, 18, 10
MM, 24, 18, 10
MM, 25, 18, 20
MM, 25, 19, 243
MM, 25, 20, 20
MM, 27, 21, 11
MM, 29, 25, 10
MM, 31, 28, 10
MM, 481, 665, 11
MM, 484, 666, 10
MM, 487, 669, 10
MM, 488, 670, 11
MM, 89, 1, 9
MM, 92, 3, 11
MM, 92, 4, 10
MM, 93, 5, 10
MM, 94, 5, 10
MM, 94, 6, 10
MM, 95, 6, 10
MM, 95, 7, 31
MM, 96, 7, 20
MM, 96, 8, 10
MM, 97, 8, 31
MM, 97, 10, 10
MM, 98, 10, 30
MM, 98, 11, 10
MC, 1, 173
MM, 100, 9, 141
MM, 102, 7, 11
MM, 107, 4, 9
MM, 111, 1, 11
MM, 517, 670, 10
MM, 524, 667, 10
MM, 2, 28, 10
MM, 9, 23, 10
MM, 16, 17, 10
MM, 23, 12, 10
MM, 30, 7, 10
MM, 566, 636, 11
MM, 575, 630, 10
MM, 1, 28, 10
MM, 8, 23, 10
MM, 12, 20, 10
MM, 19, 17, 10
MM, 23, 15, 10
MM, 26, 14, 11
MM, 29, 12, 10
MM, 612, 607, 10
MM, 615, 607, 10
MM, 616, 605, 10
MM, 1, 7, 10
MM, 2, 6, 11
MM, 3, 6, 10
MM, 5, 5, 10
MM, 6, 4, 10
MM, 8, 3, 10
MM, 10, 3, 10
MM, 11, 1, 10
MM, 12, 1, 11
MM, 13, 0, 20
MM, 15, 0, 40
MM, 16, 0, 20
MM, 635, 596, 10
MM, 636, 596, 11
MM, 638, 595, 10
MM, 641, 593, 10
MM, 644, 592, 10
MM, 645, 592, 10
MM, 646, 591, 10
MM, 647, 591, 10
MM, 1, 30, 11
MM, 2, 30, 10
MM, 3, 29, 10
MM, 4, 28, 10
MM, 5, 26, 10
MM, 6, 25, 10
MM, 7, 24, 10
MM, 7, 23, 10
MM, 8, 23, 11
MM, 10, 22, 20
MM, 11, 21, 40
MM, 11, 20, 31
MM, 12, 20, 10
MC, 1, 274
MM, 9, 20, 112
MM, 7, 21, 10
MM, 4, 21, 10
MM, 0, 23, 10
MM, 645, 583, 10
MM, 28, 23, 11
MM, 22, 23, 10
MM, 16, 24, 10
MM, 12, 26, 10
MM, 3, 27, 10
MM, 608, 591, 10
MM, 599, 592, 10
MM, 592, 596, 10
MM, 2, 2, 11
MM, 577, 601, 10
MM, 31, 5, 10
MM, 27, 7, 11
MM, 22, 8, 9
MM, 18, 11, 10
MM, 13, 13, 11
MM, 7, 14, 9
MM, 1, 16, 10
MM, 537, 614, 11
MM, 32, 19, 11
MM, 27, 20, 9
MM, 25, 20, 10
MM, 20, 20, 10
MM, 18, 22, 10
MM, 15, 22, 10
MM, 13, 22, 11
MM, 10, 23, 10
MM, 7, 23, 10
MM, 3, 23, 10
MM, 0, 23, 10
MM, 497, 621, 10
MM, 494, 621, 11
MM, 28, 24, 9
MM, 24, 24, 11
MM, 21, 24, 10
MM, 18, 24, 10
MM, 16, 24, 10
MM, 13, 24, 10
MM, 12, 24, 10
MM, 11, 24, 10
MM, 10, 24, 10
MM, 9, 24, 11
MM, 8, 24, 20
MM, 6, 24, 20
MM, 6, 23, 10
MM, 5, 23, 10
MM, 5, 22, 10
MM, 4, 21, 21
MC, 1, 182
MM, 4, 22, 142
MM, 6, 26, 10
MM, 469, 629, 10
MM, 22, 1, 10
MM, 23, 6, 11
MM, 25, 14, 10
MM, 26, 18, 10
MM, 26, 22, 10
MM, 27, 24, 10
MM, 27, 26, 11
MM, 27, 27, 10
MM, 27, 28, 10
MM, 478, 665, 10
MM, 478, 666, 11
MM, 478, 667, 10
MM, 478, 668, 20
MM, 479, 669, 10
MM, 79, 0, 10
MM, 79, 1, 21
MM, 79, 2, 20
MM, 79, 3, 30
MM, 79, 4, 51
MM, 79, 5, 101
MM, 79, 6, 253
MM, 80, 6, 11
MM, 80, 7, 30
MM, 80, 6, 21
MC, 1, 162
MM, 79, 6, 263
MM, 78, 6, 10
MM, 75, 6, 10
MM, 73, 6, 10
MM, 71, 5, 10
MM, 69, 5, 10
MM, 68, 4, 10
MM, 67, 3, 11
MM, 64, 3, 10
MM, 63, 2, 10
MM, 62, 2, 10
MM, 61, 1, 10
MM, 60, 1, 10
MM, 57, 1, 10
MM, 456, 670, 10
MM, 455, 670, 11
MM, 454, 669, 10
MM, 453, 669, 10
MM, 452, 668, 10
MM, 451, 668, 10
MM, 449, 667, 10
MM, 448, 667, 21
MM, 448, 666, 10
MM, 447, 665, 20
MM, 446, 665, 10
MM, 443, 663, 20
MM, 33, 28, 10
MM, 32, 27, 11
MM, 31, 26, 10
MM, 30, 25, 10
MM, 29, 24, 10
MM, 28, 24, 10
MM, 28, 23, 10
MM, 27, 23, 11
MM, 27, 21, 10
MM, 25, 21, 11
MM, 25, 20, 20
MM, 24, 20, 10
MM, 24, 19, 20
MM, 23, 19, 10
MM, 23, 18, 31
MM, 22, 18, 20
MM, 22, 17, 30
MM, 21, 17, 11
MC, 1, 152
MM, 21, 16, 91
MM, 21, 13, 21
MM, 24, 12, 9
MM, 28, 10, 10
MM, 33, 7, 10
MM, 448, 638, 11
MM, 6, 1, 10
MM, 463, 633, 10
MM, 468, 630, 10
MM, 474, 629, 11
MM, 15, 30, 9
MM, 19, 30, 10
MM, 23, 29, 10
MM, 28, 27, 11
MM, 494, 623, 10
MM, 1, 24, 12
MM, 6, 24, 8
MM, 10, 23, 10
MM, 13, 22, 10
MM, 17, 20, 10
MM, 21, 20, 10
MM, 24, 19, 11
MM, 25, 19, 10
MM, 28, 19, 10
MM, 29, 19, 10
MM, 30, 19, 10
MM, 31, 19, 10
MM, 32, 19, 21
MM, 33, 19, 10
MM, 34, 19, 20
MM, 535, 616, 50
MM, 536, 616, 31
MM, 537, 616, 10
MM, 539, 616, 10
MM, 0, 18, 10
MM, 2, 18, 21
MM, 3, 18, 10
MM, 4, 16, 10
MM, 5, 16, 10
MM, 6, 16, 10
MM, 9, 15, 10
MM, 10, 14, 11
MM, 11, 14, 10
MM, 12, 13, 10
MM, 13, 13, 10
MM, 14, 13, 20
MC, 1, 304
MM, 13, 13, 133
MM, 11, 13, 10
MM, 6, 13, 10
MM, 2, 13, 10
MM, 538, 610, 10
MM, 534, 610, 10
MM, 30, 13, 11
MM, 22, 11, 10
MM, 15, 8, 9
MM, 7, 6, 11
MM, 0, 3, 10
MM, 493, 598, 10
MM, 27, 0, 10
MM, 22, 0, 10
MM, 480, 595, 10
MM, 477, 594, 10
MM, 473, 593, 11
MM, 470, 593, 10
MM, 466, 591, 10
MM, 462, 591, 10
MM, 3, 30, 10
MM, 0, 28, 10
MM, 452, 588, 10
MM, 34, 28, 11
MM, 32, 27, 10
MM, 29, 27, 10
MM, 28, 26, 10
MM, 27, 26, 10
MM, 26, 26, 10
MM, 26, 25, 10
MM, 24, 25, 11
MM, 23, 25, 10
MM, 22, 24, 20
MM, 21, 24, 10
MM, 20, 24, 10
MM, 19, 24, 10
MM, 18, 23, 10
MM, 16, 21, 11
MM, 15, 21, 10
MM, 14, 20, 10
MM, 13, 20, 10
MM, 12, 19, 10
MM, 11, 18, 30
MC, 1, 223
MM, 10, 18, 122
MM, 9, 18, 10
MM, 7, 18, 10
MM, 5, 18, 10
MM, 4, 18, 11
MM, 1, 18, 10
MM, 414, 578, 10
MM, 413, 578, 10
MM, 412, 578, 10
MM, 410, 578, 10
MM, 409, 578, 20
MM, 36, 18, 21
MM, 35, 18, 21
MM, 34, 18, 9
MM, 33, 18, 10
MM, 32, 18, 10
MM, 30, 18, 10
MM, 29, 18, 11
MM, 27, 17, 10
MM, 26, 17, 10
MM, 25, 17, 30
MM, 23, 17, 31
MC, 1, 162
MM, 24, 17, 82
MM, 26, 17, 10
MM, 32, 17, 10
MM, 412, 577, 10
MM, 5, 17, 11
MM, 13, 17, 9
MM, 24, 17, 11
MM, 450, 577, 10
MM, 5, 17, 10
MM, 18, 17, 10
MM, 29, 17, 10
MM, 491, 577, 10
MM, 3, 17, 11
MM, 9, 17, 9
MM, 13, 17, 11
MM, 19, 17, 10
MM, 27, 17, 10
MM, 527, 577, 10
MM, 2, 17, 10
MM, 8, 17, 10
MM, 14, 17, 11
MM, 20, 17, 9
MM, 25, 17, 11
MM, 29, 17, 10
MM, 564, 577, 10
MM, 568, 577, 10
MM, 1, 17, 10
MM, 4, 17, 10
MM, 6, 17, 10
MM, 9, 17, 11
MM, 11, 17, 10
MM, 14, 17, 10
MM, 16, 17, 10
MM, 17, 17, 10
MM, 20, 17, 11
MM, 22, 17, 9
MM, 24, 17, 10
MM, 25, 17, 21
MM, 26, 17, 20
MM, 28, 17, 21
MM, 29, 16, 9
MM, 32, 16, 11
MM, 605, 574, 9
MM, 607, 573, 11
MM, 608, 572, 10
MM, 0, 12, 10
MM, 3, 10, 10
MM, 5, 9, 10
MM, 8, 9, 10
MM, 10, 9, 11
MM, 15, 8, 10
MM, 16, 8, 10
MM, 18, 8, 11
MM, 20, 8, 19
MM, 21, 8, 10
MM, 22, 8, 31
MM, 23, 8, 30
MC, 1, 223
MM, 23, 10, 101
MM, 20, 13, 10
MM, 18, 16, 11
MM, 16, 19, 10
MM, 13, 23, 10
MM, 11, 28, 10
MM, 621, 592, 10
MM, 619, 595, 10
MM, 618, 596, 10
MM, 0, 1, 11
MM, 617, 598, 10
MM, 617, 600, 10
MM, 616, 602, 10
MM, 614, 605, 10
MM, 613, 608, 10
MM, 612, 610, 11
MM, 29, 16, 9
MM, 28, 19, 11
MM, 27, 21, 10
MM, 24, 23, 12
MM, 23, 24, 8
MM, 21, 26, 10
MM, 20, 28, 10
MM, 18, 29, 10
MM, 15, 30, 10
MM, 593, 630, 11
MM, 591, 631, 9
MM, 588, 633, 11
MM, 17, 0, 10
MM, 14, 0, 10
MM, 13, 1, 10
MM, 12, 2, 10
MM, 11, 2, 11
MM, 10, 2, 9
MM, 9, 3, 11
MM, 6, 3, 10
MM, 5, 6, 11
MM, 2, 7, 10
MM, 568, 644, 10
MM, 565, 647, 11
MM, 31, 16, 9
MM, 28, 18, 11
MM, 27, 18, 10
MM, 25, 19, 10
MM, 24, 20, 10
MM, 23, 20, 10
MM, 21, 21, 10
MM, 20, 22, 11
MM, 19, 22, 19
MM, 18, 22, 11
MM, 17, 22, 40
MM, 16, 22, 41
MC, 1, 152
MM, 16, 21, 70
MM, 16, 20, 11
MM, 15, 19, 10
MM, 13, 16, 10
MM, 12, 13, 10
MM, 11, 11, 10
MM, 9, 8, 10
MM, 8, 5, 10
MM, 6, 2, 11
MM, 6, 0, 10
MM, 534, 633, 10
MM, 533, 632, 10
MM, 533, 631, 10
MM, 532, 631, 10
MM, 532, 629, 20
MM, 531, 628, 21
MM, 31, 30, 21
MM, 31, 29, 9
MM, 30, 28, 10
MM, 29, 27, 10
MM, 27, 26, 10
MM, 27, 24, 11
MM, 26, 24, 10
MM, 25, 23, 10
MM, 24, 22, 10
MM, 23, 21, 10
MM, 22, 20, 20
MM, 21, 19, 10
MM, 19, 18, 11
MM, 18, 18, 20
MM, 18, 16, 10
MM, 17, 16, 20
MM, 17, 15, 10
MM, 16, 15, 31
MC, 1, 121
MM, 16, 17, 132
MM, 16, 18, 10
MM, 16, 19, 10
MM, 16, 20, 11
MM, 16, 21, 10
MM, 16, 24, 10
MM, 516, 631, 10
MM, 28, 5, 10
MM, 28, 11, 10
MM, 28, 15, 10
MM, 28, 18, 11
MM, 28, 21, 11
MM, 28, 23, 13
MM, 28, 24, 8
MM, 28, 27, 9
MM, 28, 28, 10
MM, 28, 30, 10
MM, 516, 668, 10
MM, 116, 2, 10
MM, 116, 6, 11
MM, 116, 10, 10
MM, 116, 15, 10
MM, 116, 16, 10
MM, 116, 17, 10
MM, 116, 18, 11
MM, 116, 19, 9
MM, 116, 20, 21
MM, 116, 21, 10
MM, 116, 22, 10
MM, 116, 24, 20
MM, 116, 25, 11
MM, 116, 26, 30
MM, 116, 27, 40
MM, 116, 26, 415
MM, 116, 25, 23
MM, 116, 23, 8
MM, 116, 22, 10
MM, 116, 20, 12
MM, 116, 16, 8
MM, 116, 13, 11
MM, 116, 9, 10
MM, 116, 6, 10
MM, 116, 0, 10
MM, 516, 667, 10
MM, 28, 25, 10
MM, 28, 19, 10
MM, 28, 15, 10
MM, 28, 9, 11
MM, 28, 5, 10
MM, 28, 2, 10
MM, 516, 633, 10
MM, 515, 629, 10
MM, 16, 29, 10
MM, 16, 28, 10
MM, 16, 26, 10
MM, 16, 25, 11
MM, 16, 24, 10
MM, 16, 23, 20
MM, 16, 21, 30
MM, 16, 20, 31
MM, 16, 19, 20
MM, 16, 18, 61
MC, 1, 182
MM, 19, 17, 91
MM, 22, 15, 10
MM, 26, 12, 12
MM, 33, 7, 10
MM, 536, 600, 10
MM, 541, 595, 10
MM, 17, 30, 10
MM, 20, 27, 10
MM, 24, 24, 11
MM, 27, 21, 9
MM, 30, 18, 11
MM, 31, 17, 10
MM, 565, 576, 10
MM, 566, 575, 10
MM, 567, 575, 10
MM, 568, 574, 10
MM, 1, 12, 11
MM, 2, 11, 9
MM, 3, 10, 11
MM, 5, 9, 10
MM, 6, 8, 10
MM, 9, 8, 10
MM, 10, 7, 10
MM, 11, 6, 21
MM, 12, 6, 10
MM, 13, 6, 50
MC, 1, 172
MM, 13, 8, 81
MM, 13, 11, 11
MM, 13, 15, 10
MM, 13, 19, 10
MM, 13, 23, 10
MM, 15, 26, 10
MM, 15, 29, 10
MM, 586, 591, 10
MM, 586, 594, 10
MM, 7, 0, 11
MM, 7, 2, 10
MM, 7, 3, 10
MM, 8, 5, 10
MM, 8, 6, 10
MM, 8, 7, 10
MM, 8, 8, 10
MM, 8, 9, 11
MM, 9, 10, 10
MM, 9, 11, 10
MM, 9, 13, 10
MM, 9, 15, 12
MM, 9, 18, 8
MM, 9, 20, 10
MM, 9, 21, 10
MM, 9, 22, 21
MM, 9, 24, 10
MM, 9, 25, 30
MM, 9, 26, 10
MM, 9, 28, 10
MM, 590, 628, 11
MM, 590, 630, 10
MM, 590, 631, 10
MM, 590, 633, 10
MM, 20, 0, 20
MM, 20, 1, 10
MM, 20, 2, 21
MM, 20, 3, 31
MM, 20, 4, 60
MM, 20, 5, 20
MM, 20, 7, 20
MM, 20, 8, 61
MC, 1, 182
MM, 19, 8, 164
MM, 16, 9, 10
MM, 13, 10, 10
MM, 10, 13, 10
MM, 8, 16, 10
MM, 5, 19, 10
MM, 2, 22, 10
MM, 569, 659, 10
MM, 566, 660, 11
MM, 565, 663, 10
MM, 564, 664, 10
MM, 34, 30, 10
MM, 563, 665, 10
MM, 562, 666, 10
MM, 560, 667, 10
MM, 558, 668, 10
MM, 557, 670, 11
MM, 155, 1, 10
MM, 153, 2, 10
MM, 150, 4, 10
MM, 147, 5, 10
MM, 146, 6, 10
MM, 145, 7, 10
MM, 144, 9, 11
MM, 143, 10, 10
MM, 142, 10, 10
MM, 140, 11, 10
MM, 139, 11, 10
MM, 138, 12, 10
MM, 137, 13, 11
MM, 136, 13, 9
MM, 135, 14, 21
MM, 134, 14, 30
MM, 132, 14, 52
MC, 1, 141
MM, 132, 13, 111
MM, 133, 11, 10
MM, 134, 6, 10
MM, 137, 3, 10
MM, 140, 0, 11
MM, 543, 667, 10
MM, 15, 29, 10
MM, 18, 26, 10
MM, 21, 21, 10
MM, 23, 19, 10
MM, 25, 16, 10
MM, 27, 13, 10
MM, 30, 10, 11
MM, 31, 7, 10
MM, 34, 4, 10
MM, 564, 636, 10
MM, 567, 631, 11
MM, 32, 30, 9
MM, 575, 622, 10
MM, 578, 616, 10
MM, 0, 14, 11
MM, 5, 10, 10
MM, 6, 7, 10
MM, 9, 3, 10
MM, 10, 0, 10
MM, 593, 594, 10
MM, 595, 593, 10
MM, 27, 30, 10
MM, 28, 29, 10
MM, 30, 28, 11
MM, 32, 26, 10
MM, 33, 25, 10
MM, 34, 24, 10
MM, 605, 582, 10
MM, 606, 581, 10
MM, 607, 581, 10
MM, 608, 579, 11
MM, 610, 578, 10
MM, 0, 17, 10
MM, 2, 15, 10
MM, 3, 13, 10
MM, 5, 12, 10
MM, 6, 12, 10
MM, 7, 11, 11
MM, 8, 11, 10
MM, 8, 10, 10
MM, 9, 10, 20
MM, 10, 10, 51
MC, 1, 163
MM, 9, 10, 111
MM, 5, 13, 10
MM, 1, 14, 11
MM, 33, 19, 9
MM, 21, 25, 11
MM, 582, 591, 10
MM, 33, 0, 10
MM, 21, 3, 10
MM, 11, 11, 10
MM, 2, 15, 10
MM, 536, 613, 10
MM, 33, 19, 11
MM, 28, 21, 10
MM, 22, 22, 10
MM, 18, 24, 10
MM, 14, 24, 10
MM, 7, 25, 10
MM, 5, 25, 10
MM, 1, 25, 11
MM, 497, 624, 10
MM, 494, 624, 10
MM, 25, 18, 517
MC, 1, 182
MM, 27, 18, 152
MM, 28, 18, 10
MM, 29, 19, 11
MM, 31, 19, 20
MM, 31, 20, 11
MM, 30, 20, 161
MM, 29, 20, 10
MM, 28, 20, 11
MM, 27, 20, 20
MM, 26, 20, 20
MM, 25, 20, 41
MM, 28, 20, 171
MM, 418, 623, 10
MM, 430, 631, 11
MM, 443, 641, 10
MM, 3, 13, 10
MM, 15, 21, 10
MM, 22, 24, 11
MM, 31, 30, 9
MM, 484, 665, 11
MM, 489, 667, 10
MM, 491, 668, 10
MM, 494, 668, 10
MM, 497, 669, 10
MM, 498, 670, 10
MM, 499, 670, 10
MM, 500, 670, 21
MM, 501, 670, 20
MM, 502, 670, 40
MM, 504, 670, 62
MM, 104, 1, 142
MM, 105, 1, 20
MM, 106, 2, 21
MM, 107, 3, 10
MM, 108, 4, 10
MM, 109, 5, 10
MM, 110, 6, 10
MM, 112, 7, 21
MM, 113, 7, 30
MM, 113, 8, 10
MM, 114, 8, 20
MM, 114, 10, 61
MM, 115, 10, 10
MM, 115, 9, 52
MC, 1, 111
MM, 117, 8, 333
MM, 120, 7, 11
MM, 123, 4, 10
MM, 126, 3, 10
MM, 128, 1, 10
MM, 531, 669, 10
MM, 536, 668, 10
MM, 539, 665, 11
MM, 16, 28, 9
MM, 23, 23, 11
MM, 28, 18, 10
MM, 32, 15, 10
MM, 564, 646, 10
MM, 568, 642, 10
MM, 1, 6, 10
MM, 4, 3, 10
MM, 5, 1, 11
MM, 7, 0, 9
MM, 579, 631, 10
MM, 580, 630, 11
MM, 581, 629, 10
MM, 583, 628, 10
MM, 3, 28, 10
MM, 4, 27, 11
MM, 5, 26, 9
MM, 6, 25, 10
MM, 7, 24, 21
MM, 8, 22, 10
MM, 8, 21, 10
MM, 10, 20, 10
MM, 12, 19, 10
MM, 13, 18, 10
MM, 17, 15, 11
MM, 22, 14, 10
MM, 26, 11, 10
MM, 30, 9, 10
MM, 614, 605, 10
MM, 1, 6, 10
MM, 2, 5, 10
MM, 4, 4, 10
MM, 5, 4, 11
MM, 7, 3, 20
MM, 8, 3, 10
MM, 9, 3, 20
MM, 10, 2, 10
MM, 11, 1, 10
MM, 632, 596, 11
MM, 633, 594, 10
MM, 637, 592, 10
MM, 29, 29, 10
MM, 643, 586, 10
MM, 646, 584, 10
MM, 1, 21, 10
MM, 3, 19, 10
MM, 5, 18, 10
MM, 6, 18, 11
MM, 6, 17, 11
MM, 7, 17, 10
MM, 7, 16, 10
MM, 8, 16, 20
MM, 8, 15, 21
MM, 9, 15, 20
MM, 9, 14, 10
MM, 10, 14, 41
MC, 1, 243
MM, 10, 15, 91
MM, 10, 16, 10
MM, 9, 20, 10
MM, 2, 25, 11
MM, 646, 588, 9
MM, 633, 593, 10
MM, 616, 602, 11
MM, 15, 14, 9
MM, 580, 615, 11
MM, 28, 24, 10
MM, 21, 29, 10
MM, 552, 631, 10
MM, 14, 1, 10
MM, 7, 4, 10
MM, 0, 10, 10
MM, 525, 647, 11
MM, 30, 16, 10
MM, 26, 19, 10
MM, 19, 22, 10
MM, 15, 25, 11
MM, 10, 26, 10
MM, 8, 28, 10
MM, 7, 29, 10
MM, 4, 30, 10
MM, 491, 665, 10
MM, 490, 666, 10
MM, 487, 669, 11
MM, 485, 669, 10
MM, 484, 670, 10
MM, 81, 0, 10
MM, 80, 2, 11
MM, 77, 2, 9
MM, 75, 3, 10
MM, 72, 3, 10
MM, 70, 3, 10
MM, 68, 3, 10
MM, 66, 3, 11
MM, 65, 3, 20
MM, 64, 3, 10
MM, 63, 3, 20
MM, 62, 3, 20
MM, 62, 2, 11
MM, 62, 0, 10
MM, 462, 670, 10
MM, 460, 669, 10
MM, 460, 667, 10
MM, 460, 666, 11
MM, 460, 665, 20
MM, 11, 29, 10
MM, 11, 28, 10
MM, 11, 27, 10
MM, 11, 26, 10
MM, 11, 25, 10
MM, 11, 24, 11
MM, 11, 23, 20
MM, 11, 21, 30
MM, 11, 20, 30
MC, 1, 234
MM, 11, 19, 102
MM, 10, 18, 9
MM, 9, 14, 11
MM, 6, 11, 10
MM, 3, 7, 10
MM, 2, 2, 10
MM, 448, 634, 10
MM, 446, 631, 10
MM, 445, 628, 10
MM, 24, 30, 11
MM, 23, 29, 10
MM, 23, 28, 10
MM, 23, 26, 10
MM, 22, 26, 10
MM, 22, 25, 10
MM, 22, 24, 10
MM, 22, 22, 10
MM, 21, 21, 10
MM, 21, 20, 11
MM, 21, 18, 10
MM, 21, 17, 20
MM, 21, 16, 21
MM, 21, 15, 19
MM, 21, 14, 41
MM, 19, 13, 20
MM, 19, 12, 10
MM, 19, 10, 11
MM, 18, 8, 10
MM, 18, 5, 10
MM, 18, 4, 10
MM, 18, 3, 10
MM, 18, 2, 10
MM, 17, 1, 10
MM, 17, 0, 61
MM, 438, 596, 10
MM, 438, 594, 11
MM, 437, 592, 9
MM, 437, 591, 11
MM, 22, 30, 10
MM, 21, 28, 10
MM, 21, 27, 11
MC, 1, 465
MM, 23, 27, 173
MM, 24, 27, 10
MM, 28, 27, 11
MM, 31, 27, 9
MM, 34, 26, 11
MM, 450, 586, 10
MM, 451, 586, 10
MM, 452, 586, 10
MM, 453, 586, 10
MM, 454, 586, 81
MM, 455, 585, 71
MM, 1, 25, 11
MC, 1, 364
MM, 3, 24, 355
MM, 9, 20, 9
MM, 21, 19, 11
MM, 30, 15, 10
MM, 3, 11, 10
MM, 22, 7, 10
MM, 530, 563, 10
MM, 13, 1, 11
MM, 555, 559, 10
MM, 564, 559, 10
MM, 572, 557, 11
MM, 580, 557, 10
MM, 589, 555, 10
MM, 603, 555, 10
MM, 616, 555, 10
MM, 627, 555, 10
MM, 635, 555, 10
MM, 640, 554, 10
MM, 642, 554, 11
MM, 645, 554, 10
MM, 646, 554, 10
MM, 647, 554, 10
MM, 648, 554, 21
MM, 649, 554, 19
MM, 650, 554, 11
MM, 32, 30, 10
MM, 34, 30, 20
MM, 655, 552, 10
MM, 656, 552, 11
MM, 657, 552, 10
MM, 658, 552, 10
MM, 660, 551, 10
MM, 1, 28, 10
MM, 2, 26, 10
MM, 3, 26, 10
MM, 6, 25, 10
MM, 7, 25, 10
MM, 8, 24, 11
MM, 11, 24, 10
MM, 11, 23, 10
MM, 12, 23, 10
MM, 13, 22, 11
MM, 13, 21, 19
MM, 14, 21, 11
MM, 14, 20, 30
MM, 15, 20, 10
MM, 15, 18, 21
MM, 16, 18, 20
MM, 17, 18, 40
MM, 16, 20, 51
MM, 11, 23, 10
MM, 5, 28, 10
MM, 656, 557, 10
MM, 644, 567, 11
MM, 18, 22, 10
MM, 614, 594, 10
MM, 18, 15, 10
MM, 5, 27, 10
MM, 7, 0, 10
MM, 569, 641, 11
MM, 33, 15, 9
MM, 26, 22, 10
MM, 19, 27, 11
MM, 138, 0, 10
MM, 129, 6, 10
MM, 119, 11, 10
MM, 113, 16, 10
MM, 110, 19, 10
MM, 107, 19, 10
MM, 106, 20, 10
MM, 105, 22, 11
MM, 104, 22, 10
MM, 103, 23, 20
MM, 101, 23, 10
MM, 101, 24, 10
MM, 99, 26, 11
MM, 97, 29, 9
MM, 96, 30, 11
MM, 495, 702, 10
MM, 495, 704, 10
MM, 494, 705, 30
MM, 493, 705, 41
MM, 493, 703, 91
MM, 493, 702, 20
MM, 93, 30, 10
MM, 93, 29, 10
MM, 93, 28, 10
MM, 93, 25, 10
MM, 94, 24, 11
MM, 95, 23, 10
MM, 97, 22, 10
MM, 98, 21, 10
MM, 99, 20, 20
MM, 100, 19, 20
MM, 100, 17, 21
MM, 101, 17, 10
MM, 101, 16, 20
MM, 102, 16, 21
MM, 93, 27, 31
MM, 493, 705, 0
MP, 1, 70
MR, 1, 72
MC, 1, 0
MM, 494, 703, 121
MM, 97, 28, 11
MM, 100, 26, 9
MM, 103, 21, 10
MM, 106, 17, 11
MM, 109, 14, 10
MM, 113, 11, 10
MM, 118, 8, 10
MM, 122, 5, 10
MM, 126, 3, 10
MM, 129, 0, 10
MM, 532, 670, 10
MM, 535, 669, 10
MM, 537, 667, 11
MM, 539, 667, 10
MM, 540, 666, 10
MM, 541, 666, 10
MM, 541, 665, 20
MM, 542, 665, 10
MM, 543, 665, 41
MM, 542, 666, 162
MM, 541, 668, 11
MM, 540, 668, 10
MM, 537, 670, 10
MM, 136, 0, 10
MM, 133, 3, 11
MM, 131, 4, 9
MM, 128, 7, 10
MM, 125, 8, 10
MM, 124, 11, 10
MM, 122, 12, 11
MM, 121, 12, 10
MM, 120, 13, 10
MM, 120, 15, 11
MM, 119, 15, 9
MM, 118, 15, 21
MM, 118, 16, 19
MM, 117, 16, 31
MM, 116, 16, 40
MM, 115, 16, 92
MC, 1, 203
MM, 117, 14, 243
MM, 122, 7, 10
MM, 129, 0, 10
MM, 13, 25, 11
MM, 30, 12, 10
MM, 579, 633, 10
MM, 18, 20, 11
MM, 1, 5, 9
MM, 23, 26, 10
MM, 646, 576, 10
MM, 8, 4, 10
MM, 669, 554, 10
MM, 22, 20, 11
MM, 34, 14, 10
MM, 3, 9, 10
MM, 7, 7, 10
MM, 10, 5, 10
MM, 11, 3, 11
MM, 12, 3, 9
MM, 13, 2, 11
MM, 14, 2, 10
MM, 14, 1, 10
MM, 15, 1, 10
MM, 15, 0, 20
MM, 17, 0, 11
MM, 719, 522, 30
MM, 720, 521, 10
MM, 720, 520, 10
MM, 721, 518, 20
MM, 719, 518, 101
MM, 717, 518, 13
MM, 716, 518, 8
MM, 713, 519, 10
MM, 711, 519, 10
MM, 708, 520, 10
MM, 707, 520, 10
MM, 704, 521, 10
MM, 703, 521, 20
MM, 702, 521, 21
MM, 701, 521, 20
MM, 701, 522, 10
MM, 700, 522, 10
MM, 699, 524, 10
MM, 696, 524, 10
MM, 33, 2, 11
MM, 30, 3, 10
MM, 27, 5, 10
MM, 24, 5, 10
MM, 23, 6, 10
MM, 22, 6, 21
MM, 21, 6, 9
MM, 20, 6, 51
MM, 20, 8, 477
MM, 17, 13, 11
MM, 15, 17, 10
MM, 12, 22, 10
MM, 7, 30, 10
MM, 16, 7, 10
MM, 7, 29, 10
MM, 31, 9, 10
MM, 27, 21, 11
MM, 26, 25, 9
MM, 24, 29, 10
MM, 641, 628, 11
MM, 641, 630, 10
MM, 640, 631, 20
MM, 640, 632, 10
MM, 640, 633, 41
MM, 25, 1, 30
MM, 25, 2, 51
MM, 24, 3, 21
MM, 24, 4, 9
MM, 24, 5, 21
MM, 23, 5, 10
MM, 23, 6, 30
MM, 23, 7, 40
MM, 22, 7, 11
MM, 22, 8, 10
MM, 21, 8, 40
MC, 1, 274
MM, 21, 7, 121
MM, 21, 6, 11
MM, 21, 5, 10
MM, 22, 4, 10
MM, 23, 0, 11
MM, 641, 629, 9
MM, 27, 24, 11
MM, 28, 18, 10
MM, 33, 13, 10
MM, 654, 606, 10
MM, 1, 2, 10
MM, 662, 595, 10
MM, 664, 592, 12
MM, 19, 29, 9
MM, 22, 24, 10
MM, 25, 22, 11
MM, 30, 19, 10
MM, 33, 14, 10
MM, 683, 571, 10
MM, 686, 567, 10
MM, 0, 2, 10
MM, 692, 559, 10
MM, 694, 557, 10
MM, 695, 554, 11
MM, 696, 551, 10
MM, 698, 548, 10
MM, 699, 546, 10
MM, 0, 20, 10
MM, 1, 17, 10
MM, 2, 16, 10
MM, 2, 14, 10
MM, 4, 12, 11
MM, 5, 12, 11
MM, 5, 11, 9
MM, 6, 11, 60
MM, 7, 10, 20
MM, 8, 10, 11
MM, 8, 9, 30
MM, 9, 9, 10
MM, 10, 9, 51
MC, 1, 253
MC, 1, 284
MC, 1, 294
MM, 9, 11, 101
MM, 700, 547, 11
MM, 684, 564, 10
MM, 6, 27, 9
MM, 615, 614, 11
MM, 12, 30, 10
MM, 3, 7, 10
MM, 27, 17, 10
MM, 10, 26, 10
MM, 527, 666, 10
MM, 118, 0, 10
MM, 113, 2, 11
MM, 110, 3, 10
MM, 108, 5, 10
MM, 105, 6, 10
MM, 104, 7, 20
MM, 103, 7, 10
MM, 102, 8, 10
MM, 100, 9, 10
MM, 99, 10, 10
MM, 97, 13, 11
MM, 95, 16, 10
MM, 93, 17, 10
MM, 92, 18, 10
MM, 90, 19, 10
MM, 89, 21, 10
MM, 88, 22, 31
MM, 87, 23, 40
MM, 86, 23, 82
MC, 1, 426
MM, 86, 22, 141
MM, 86, 20, 10
MM, 86, 18, 11
MM, 86, 15, 10
MM, 86, 13, 10
MM, 86, 9, 10
MM, 88, 0, 10
MM, 2, 26, 10
MM, 6, 12, 11
MM, 8, 3, 10
MM, 499, 631, 10
MM, 2, 29, 10
MM, 3, 25, 10
MM, 4, 22, 10
MM, 6, 19, 10
MM, 7, 17, 11
MM, 9, 14, 10
MM, 10, 13, 10
MM, 10, 10, 10
MM, 11, 9, 11
MM, 12, 5, 9
MM, 13, 3, 10
MM, 15, 0, 10
MM, 517, 592, 11
MM, 24, 26, 10
MM, 27, 22, 10
MM, 30, 17, 10
MM, 526, 574, 10
MM, 527, 572, 10
MM, 528, 571, 10
MM, 528, 569, 11
MM, 529, 568, 20
MM, 529, 567, 30
MM, 530, 567, 81
MM, 1, 7, 21
MM, 2, 7, 19
MM, 4, 7, 10
MM, 5, 7, 11
MM, 8, 7, 10
MM, 9, 7, 10
MM, 10, 7, 10
MM, 11, 7, 11
MM, 12, 7, 10
MM, 13, 7, 30
MM, 15, 7, 40
MC, 1, 263
MM, 13, 7, 225
MM, 9, 8, 10
MM, 3, 8, 10
MM, 528, 569, 10
MM, 27, 11, 10
MM, 19, 12, 10
MM, 10, 14, 10
MM, 4, 16, 10
MM, 492, 576, 10
MM, 488, 577, 11
MM, 27, 17, 10
MM, 25, 17, 10
MM, 22, 17, 10
MM, 21, 17, 10
MM, 19, 17, 10
MM, 17, 17, 11
MM, 15, 17, 9
MM, 14, 17, 11
MM, 11, 17, 10
MM, 9, 17, 10
MM, 6, 17, 10
MM, 5, 17, 10
MM, 4, 17, 10
MM, 3, 17, 21
MM, 2, 17, 10
MM, 1, 17, 20
MM, 0, 17, 11
MM, 454, 577, 20
MM, 453, 577, 19
MM, 452, 577, 31
MM, 451, 577, 10
MM, 450, 577, 11
MM, 34, 17, 9
MM, 33, 17, 10
MM, 31, 17, 10
MM, 30, 17, 11
MM, 29, 16, 20
MM, 28, 16, 30
MM, 27, 16, 41
MC, 1, 243
MM, 23, 18, 223
MM, 19, 19, 10
MM, 14, 21, 11
MM, 8, 22, 10
MM, 1, 25, 10
MM, 412, 587, 10
MM, 36, 28, 10
MM, 31, 28, 10
MM, 29, 30, 10
MM, 398, 591, 11
MM, 395, 591, 10
MM, 394, 592, 10
MM, 392, 592, 10
MM, 391, 593, 10
MM, 389, 593, 10
MM, 387, 593, 11
MM, 386, 594, 9
MM, 385, 594, 11
MM, 382, 596, 10
MM, 0, 0, 10
MM, 377, 598, 10
MM, 33, 3, 10
MM, 29, 4, 10
MM, 26, 6, 10
MM, 24, 7, 11
MM, 22, 7, 9
MM, 20, 8, 11
MM, 19, 9, 20
MM, 18, 9, 10
MM, 17, 9, 21
MM, 17, 11, 11
MM, 15, 11, 19
MM, 14, 11, 20
MM, 14, 12, 11
MM, 13, 12, 30
MC, 1, 213
MM, 16, 11, 100
MM, 18, 10, 10
MM, 23, 9, 11
MM, 29, 7, 10
MM, 33, 6, 10
MM, 377, 601, 10
MM, 0, 3, 10
MM, 4, 1, 10
MM, 7, 0, 10
MM, 391, 596, 11
MM, 399, 594, 10
MM, 405, 592, 10
MM, 412, 591, 10
MM, 1, 29, 10
MM, 4, 28, 10
MM, 8, 28, 11
MM, 11, 27, 10
MM, 13, 27, 10
MM, 14, 25, 10
MM, 17, 24, 10
MM, 18, 24, 10
MM, 19, 23, 10
MM, 22, 23, 11
MM, 23, 23, 10
MM, 23, 22, 9
MM, 24, 22, 11
MM, 25, 22, 20
MM, 25, 21, 10
MM, 26, 21, 10
MM, 29, 20, 21
MM, 31, 18, 10
MM, 33, 18, 10
MM, 34, 17, 10
MM, 450, 577, 10
MM, 451, 577, 20
MM, 451, 576, 11
MM, 452, 576, 10
MM, 453, 575, 31
MM, 454, 575, 21
MM, 0, 15, 30
MM, 1, 15, 31
MM, 2, 15, 9
MM, 3, 15, 10
MM, 4, 15, 10
MM, 5, 15, 11
MM, 6, 14, 20
MM, 8, 14, 20
MC, 1, 274
MM, 6, 15, 80
MM, 2, 17, 11
MM, 453, 580, 10
MM, 34, 23, 10
MM, 27, 26, 10
MM, 23, 27, 10
MM, 18, 29, 10
MM, 431, 592, 10
MM, 426, 593, 10
MM, 422, 595, 11
MM, 419, 596, 10
MM, 415, 597, 10
MM, 32, 0, 10
MM, 28, 2, 10
MM, 25, 3, 10
MM, 21, 5, 11
MM, 18, 6, 9
MM, 17, 6, 11
MM, 14, 7, 10
MM, 13, 7, 10
MM, 12, 8, 10
MM, 11, 8, 20
MM, 10, 10, 10
MM, 8, 10, 21
MM, 7, 10, 20
MM, 6, 10, 20
MM, 5, 10, 40
MC, 1, 437
MM, 8, 10, 172
MM, 10, 12, 10
MM, 15, 14, 10
MM, 18, 17, 11
MM, 21, 20, 9
MM, 23, 21, 10
MM, 26, 24, 10
MM, 29, 25, 11
MM, 32, 28, 10
MM, 413, 628, 10
MM, 417, 629, 10
MM, 420, 632, 10
MM, 14, 1, 11
MM, 19, 4, 10
MM, 20, 5, 10
MM, 22, 6, 10
MM, 23, 7, 10
MM, 26, 9, 10
MM, 27, 10, 10
MM, 28, 11, 10
MM, 29, 12, 10
MM, 31, 13, 11
MM, 32, 14, 20
MM, 33, 14, 10
MM, 33, 15, 21
MM, 443, 651, 20
MM, 444, 651, 20
MM, 444, 652, 10
MM, 445, 652, 10
MM, 445, 653, 30
MM, 446, 653, 21
MM, 446, 654, 30
MM, 447, 654, 10
MM, 0, 21, 10
MM, 1, 24, 21
MM, 2, 25, 10
MM, 3, 26, 10
MM, 4, 27, 10
MM, 5, 28, 10
MM, 456, 665, 10
MM, 457, 666, 10
MM, 458, 667, 10
MM, 459, 668, 11
MM, 460, 669, 10
MM, 461, 669, 20
MM, 461, 670, 10
MM, 462, 670, 10
MM, 64, 1, 21
MM, 65, 2, 10
MM, 66, 2, 10
MM, 67, 3, 10
MM, 68, 4, 21
MM, 69, 4, 31
MM, 69, 5, 10
MM, 70, 5, 30
MC, 1, 324
MM, 73, 5, 243
MM, 80, 0, 10
MM, 486, 668, 10
MM, 7, 28, 10
MM, 22, 20, 10
MM, 0, 13, 11
MM, 17, 7, 10
MM, 34, 1, 10
MM, 574, 631, 10
MM, 5, 28, 10
MM, 15, 20, 10
MM, 24, 15, 10
MM, 615, 604, 10
MM, 4, 2, 10
MM, 626, 596, 11
MM, 633, 591, 10
MM, 26, 28, 10
MM, 646, 583, 10
MM, 3, 18, 11
MM, 9, 15, 10
MM, 14, 10, 9
MM, 18, 9, 11
MM, 21, 6, 10
MM, 24, 3, 10
MM, 27, 2, 10
MM, 28, 2, 10
MM, 29, 0, 10
MM, 30, 0, 21
MM, 678, 559, 10
MM, 679, 559, 10
MM, 31, 1, 234
MM, 30, 2, 10
MM, 29, 3, 10
MM, 28, 3, 11
MM, 26, 4, 9
MM, 25, 4, 21
MM, 25, 5, 30
MM, 24, 5, 20
MM, 24, 6, 41
MM, 23, 6, 10
MM, 22, 6, 51
MM, 22, 7, 10
MM, 21, 7, 60
MC, 1, 223
MM, 21, 9, 182
MM, 21, 11, 21
MM, 21, 12, 10
MM, 21, 14, 10
MM, 21, 19, 10
MM, 21, 23, 10
MM, 21, 26, 10
MM, 21, 28, 10
MM, 22, 29, 11
MM, 670, 591, 20
MM, 670, 592, 10
MM, 670, 593, 20
MM, 672, 593, 11
MM, 672, 594, 10
MM, 672, 595, 10
MM, 673, 596, 20
MM, 15, 0, 10
MM, 15, 2, 20
MM, 15, 3, 30
MM, 15, 4, 62
MM, 15, 5, 61
MM, 16, 5, 20
MM, 16, 6, 41
MC, 1, 222
MM, 14, 7, 203
MM, 8, 9, 10
MM, 655, 608, 10
MM, 23, 13, 10
MM, 12, 15, 10
MM, 616, 616, 11
MM, 13, 21, 10
MM, 575, 622, 10
MM, 19, 27, 10
MM, 8, 29, 10
MM, 537, 628, 11
MM, 528, 628, 10
MM, 520, 628, 10
MM, 514, 628, 10
MM, 510, 628, 10
MM, 506, 628, 10
MM, 501, 628, 10
MM, 499, 628, 10
MM, 494, 628, 10
MM, 492, 628, 11
MM, 491, 628, 10
MM, 488, 628, 10
MM, 487, 628, 10
MM, 24, 29, 10
MM, 23, 29, 10
MM, 22, 29, 10
MM, 21, 28, 11
MM, 18, 28, 9
MM, 17, 28, 10
MM, 16, 28, 11
MM, 15, 27, 10
MM, 14, 27, 10
MM, 13, 27, 10
MM, 11, 26, 10
MM, 9, 26, 10
MM, 6, 26, 10
MM, 4, 25, 11
MM, 1, 25, 10
MM, 460, 620, 10
MM, 458, 620, 10
MM, 457, 620, 10
MM, 33, 22, 10
MM, 32, 22, 11
MM, 31, 22, 9
MM, 29, 22, 11
MM, 27, 21, 10
MM, 26, 21, 10
MM, 25, 21, 20
MM, 24, 21, 42
MM, 24, 20, 10
MM, 23, 19, 30
MM, 22, 19, 51
MC, 1, 253
MM, 23, 19, 142
MM, 27, 19, 10
MM, 456, 616, 10
MM, 3, 19, 10
MM, 21, 19, 10
MM, 3, 19, 10
MM, 22, 20, 10
MM, 534, 617, 10
MM, 11, 22, 11
MM, 29, 22, 10
MM, 7, 24, 10
MM, 21, 24, 10
MM, 615, 621, 10
MM, 8, 24, 10
MM, 16, 24, 10
MM, 25, 26, 10
MM, 654, 623, 11
MM, 9, 26, 10
MM, 17, 26, 10
MM, 23, 26, 10
MM, 689, 623, 10
MM, 694, 623, 10
MM, 700, 623, 10
MM, 702, 623, 11
MM, 705, 623, 9
MM, 707, 623, 11
MM, 710, 623, 10
MM, 713, 622, 10
MM, 717, 622, 10
MM, 721, 622, 10
MM, 727, 621, 10
MM, 731, 621, 10
MM, 734, 621, 10
MM, 735, 621, 11
MM, 736, 621, 10
MM, 737, 621, 20
MM, 739, 621, 20
MM, 740, 621, 10
MM, 742, 621, 10
MM, 743, 621, 11
MM, 746, 621, 10
MM, 748, 621, 10
MM, 751, 621, 10
MM, 753, 621, 10
MM, 756, 621, 10
MM, 758, 621, 10
MM, 764, 621, 10
MM, 769, 621, 11
MM, 4, 9, 10
MM, 10, 9, 10
MM, 14, 9, 10
MM, 17, 9, 10
MM, 19, 9, 10
MM, 22, 9, 10
MM, 24, 9, 11
MM, 25, 9, 10
MM, 26, 9, 10
MM, 28, 9, 10
MM, 29, 9, 10
MM, 30, 9, 20
MM, 31, 9, 21
MM, 32, 9, 40
MM, 33, 9, 72
