********************************************************************************
LOGGING TIME: 20181027_204616
CLIENT IP: 127.0.0.1
USERNAME: dell
OS: Windows 8.1
**********************************Emotional database********************************************************************************
MM, 201, 361, 1541893259772
MM, 179, 354, 39
MM, 177, 353, 9
MM, 175, 350, 7
MM, 174, 347, 9
MM, 172, 345, 7
MM, 171, 343, 9
MM, 171, 341, 7
MM, 171, 337, 9
MM, 171, 332, 7
MM, 171, 326, 8
MM, 171, 321, 8
MM, 171, 313, 8
MM, 172, 301, 8
MM, 174, 293, 8
MM, 174, 287, 8
MM, 174, 281, 8
MM, 174, 275, 8
MM, 174, 270, 8
MM, 175, 266, 9
MM, 178, 260, 7
MM, 182, 253, 8
MM, 187, 246, 8
MM, 194, 239, 8
MM, 201, 234, 8
MM, 208, 230, 8
MM, 217, 227, 8
MM, 226, 223, 8
MM, 234, 221, 8
MM, 243, 221, 8
MM, 392, 173, 248
MM, 392, 171, 8
MM, 392, 168, 8
MM, 392, 167, 8
MM, 392, 166, 8
MM, 392, 164, 8
MM, 393, 161, 8
MM, 396, 156, 8
MM, 399, 152, 8
MM, 402, 147, 8
MM, 406, 141, 8
MM, 409, 134, 8
MM, 412, 128, 8
MM, 416, 121, 8
MM, 419, 117, 8
MM, 442, 95, 41
MM, 446, 92, 8
MM, 449, 89, 8
MM, 452, 87, 8
MM, 453, 85, 8
MM, 453, 86, 168
MM, 453, 88, 8
MM, 453, 89, 8
MM, 453, 90, 8
MM, 453, 93, 8
MM, 453, 95, 8
MM, 449, 116, 535
MM, 449, 120, 8
MM, 449, 126, 8
MM, 448, 132, 8
MM, 446, 141, 8
MM, 446, 147, 8
MM, 444, 153, 8
MM, 441, 162, 8
MM, 439, 166, 9
MM, 438, 173, 8
MM, 413, 248, 96
MM, 412, 254, 8
MM, 410, 259, 8
MM, 410, 264, 21
MM, 409, 265, 2
MM, 408, 265, 8
MM, 408, 266, 8
MM, 408, 269, 8
MM, 408, 271, 8
MM, 408, 274, 8
MM, 407, 278, 9
MM, 405, 284, 8
MM, 153, 4, 7
MM, 151, 11, 8
MM, 150, 15, 9
MM, 148, 18, 7
MM, 148, 19, 8
MM, 148, 20, 184
MM, 148, 21, 8
MM, 148, 22, 8
MM, 148, 23, 8
MM, 147, 23, 80
MM, 146, 23, 8
MM, 146, 25, 8
MM, 146, 27, 8
MM, 146, 28, 8
MM, 146, 29, 8
MM, 146, 32, 8
MM, 146, 33, 8
MC, 1, 72
MM, 146, 30, 64
MM, 146, 20, 8
MM, 147, 3, 8
MM, 400, 268, 8
MM, 404, 246, 8
MM, 420, 171, 40
MM, 422, 165, 8
MM, 424, 161, 8
MM, 424, 158, 8
MM, 424, 157, 8
MM, 424, 156, 89
MM, 424, 152, 8
MM, 425, 148, 8
MM, 426, 143, 8
MM, 426, 139, 8
MM, 426, 137, 8
MM, 426, 135, 8
MM, 426, 134, 32
MM, 426, 133, 8
MM, 428, 132, 8
MM, 429, 130, 8
MM, 429, 127, 8
MM, 429, 126, 8
MM, 429, 125, 8
MM, 429, 124, 8
MM, 429, 121, 8
MM, 429, 117, 8
MM, 429, 119, 543
MM, 429, 135, 8
MM, 429, 157, 8
MM, 416, 261, 32
MM, 416, 282, 8
MM, 165, 15, 8
MM, 165, 28, 8
MM, 165, 39, 8
MM, 165, 47, 8
MM, 165, 53, 8
MM, 165, 58, 8
MM, 165, 62, 8
MM, 165, 64, 8
MM, 165, 65, 8
MM, 165, 67, 8
MM, 164, 66, 128
MM, 163, 63, 8
MM, 163, 55, 8
MM, 163, 41, 8
MM, 163, 33, 8
MM, 163, 27, 9
MM, 163, 21, 8
MM, 163, 20, 8
MC, 1, 216
MM, 163, 19, 55
MM, 163, 16, 8
MM, 163, 15, 8
MM, 163, 11, 18256
MM, 163, 1, 8
MM, 412, 266, 8
MM, 439, 262, 89
MM, 193, 6, 8
MM, 193, 39, 8
MM, 189, 75, 8
MM, 429, 394, 8
MM, 164, 5, 8
MM, 148, 28, 8
MM, 135, 45, 8
MM, 125, 57, 8
MM, 117, 69, 8
MM, 114, 78, 8
MM, 110, 87, 8
MM, 357, 514, 8
MM, 336, 558, 32
MM, 323, 571, 8
MM, 306, 584, 8
MM, 289, 594, 8
MM, 272, 607, 8
MM, 257, 618, 8
MM, 247, 624, 8
MM, 243, 625, 8
MM, 242, 625, 8
MM, 243, 625, 120
MM, 250, 620, 8
MM, 255, 615, 8
MM, 259, 612, 8
MM, 264, 608, 8
MM, 269, 598, 8
MM, 277, 589, 8
MM, 284, 581, 8
MM, 289, 575, 8
MM, 294, 570, 8
MM, 299, 567, 8
MM, 300, 564, 8
MM, 300, 563, 8
MM, 302, 562, 119
MM, 307, 559, 8
MM, 316, 554, 8
MM, 327, 548, 8
MM, 334, 542, 8
MM, 1, 11, 640
MM, 12, 13, 8
MM, 26, 15, 8
MM, 410, 540, 8
MM, 8, 19, 8
MM, 22, 23, 8
MM, 450, 550, 9
MM, 464, 554, 7
MM, 480, 558, 8
MM, 6, 4, 8
MM, 23, 11, 8
MM, 0, 17, 8
MM, 19, 26, 8
MM, 567, 592, 8
MM, 3, 1, 9
MM, 22, 8, 7
MM, 2, 12, 8
MM, 13, 16, 8
MM, 20, 17, 9
MM, 24, 17, 7
MM, 26, 17, 8
MM, 29, 17, 8
MM, 30, 18, 8
MM, 31, 19, 8
MM, 652, 616, 8
MM, 654, 616, 8
MM, 657, 619, 33
MM, 6, 27, 7
MM, 673, 630, 8
MM, 685, 636, 8
MM, 691, 639, 8
MM, 694, 640, 8
MM, 695, 640, 8
MM, 695, 642, 96
MM, 695, 643, 8
MM, 691, 645, 8
MM, 687, 648, 8
MM, 30, 16, 8
MM, 28, 17, 8
MM, 25, 18, 8
MM, 22, 20, 8
MM, 22, 21, 8
MM, 21, 22, 8
MM, 20, 22, 8
MM, 19, 23, 8
MM, 18, 24, 8
MM, 15, 24, 72
MM, 13, 24, 8
MM, 11, 24, 8
MM, 10, 24, 8
MM, 10, 26, 168
MM, 8, 27, 129
MM, 2, 27, 8
MM, 648, 660, 8
MM, 24, 23, 8
MM, 15, 19, 8
MM, 8, 16, 8
MM, 614, 644, 8
MM, 32, 4, 8
MM, 590, 632, 8
MM, 0, 30, 8
MM, 32, 26, 8
MM, 20, 22, 8
MM, 11, 19, 8
MM, 7, 17, 8
MM, 1, 16, 8
MM, 536, 611, 8
MM, 535, 611, 8
MM, 534, 611, 8
MM, 34, 14, 8
MM, 33, 14, 8
MM, 30, 14, 8
MM, 26, 14, 8
MM, 22, 14, 7
MM, 16, 14, 8
MM, 10, 14, 9
MM, 4, 14, 8
MM, 497, 611, 7
MM, 29, 14, 8
MM, 23, 14, 9
MM, 15, 15, 7
MM, 6, 16, 9
MM, 460, 613, 7
MM, 25, 16, 8
MM, 12, 16, 8
MM, 1, 16, 9
MM, 31, 16, 7
MM, 25, 16, 8
MM, 23, 16, 9
MM, 20, 16, 7
MM, 17, 16, 8
MM, 16, 16, 8
MM, 14, 16, 9
MM, 11, 16, 8
MM, 7, 16, 7
MM, 3, 16, 8
MM, 2, 16, 9
MM, 0, 16, 7
MM, 1, 16, 64
MM, 6, 16, 8
MM, 17, 12, 9
MM, 32, 8, 7
MM, 7, 4, 8
MM, 24, 0, 8
MM, 466, 593, 9
MM, 29, 28, 7
MM, 13, 24, 8
MM, 0, 22, 8
MM, 19, 20, 9
MM, 566, 578, 7
MM, 2, 18, 8
MM, 5, 16, 8
MM, 6, 15, 8
MM, 6, 18, 80
MM, 6, 24, 8
MM, 571, 591, 8
MM, 564, 596, 8
MM, 18, 6, 8
MM, 14, 11, 8
MM, 9, 14, 8
MM, 5, 18, 8
MM, 0, 23, 8
MM, 539, 623, 8
MM, 537, 625, 8
MM, 534, 628, 8
MM, 532, 631, 8
MM, 1, 0, 8
MM, 0, 1, 8
MM, 528, 636, 8
MM, 528, 637, 8
MM, 527, 637, 8
MM, 526, 637, 8
MM, 526, 638, 64
MM, 526, 639, 8
MM, 525, 641, 9
MM, 523, 643, 8
MM, 523, 644, 8
MM, 34, 11, 8
MM, 33, 14, 8
MM, 33, 15, 8
MM, 33, 16, 8
MM, 33, 17, 8
MM, 32, 17, 88
MM, 31, 17, 8
MM, 30, 18, 8
MM, 27, 20, 8
MM, 26, 20, 8
MC, 1, 288
MM, 11, 17, 23
MM, 22, 13, 9
MM, 34, 11, 7
MM, 4, 7, 8
MM, 13, 3, 8
MM, 20, 0, 8
MM, 596, 631, 8
MM, 605, 629, 8
MM, 614, 627, 8
MM, 7, 29, 8
MM, 16, 27, 8
MM, 24, 25, 9
MM, 653, 622, 7
MM, 12, 23, 8
MM, 28, 21, 8
MM, 697, 618, 8
MM, 705, 618, 8
MM, 709, 618, 8
MM, 712, 618, 8
MM, 713, 618, 8
MM, 709, 618, 200
MM, 703, 618, 8
MM, 699, 618, 8
MM, 696, 618, 8
MM, 695, 618, 8
MM, 694, 617, 129
MM, 693, 616, 8
MM, 692, 615, 8
MM, 30, 16, 8
MM, 25, 15, 8
MM, 23, 13, 8
MM, 21, 13, 8
MC, 1, 279
MM, 20, 13, 48
MM, 18, 13, 8
MM, 14, 13, 8
MM, 9, 13, 8
MM, 5, 13, 8
MM, 2, 13, 8
MM, 1, 13, 8
MM, 657, 610, 8
MM, 654, 609, 8
MM, 653, 608, 8
MM, 652, 607, 8
MM, 33, 9, 8
MM, 32, 7, 8
MM, 30, 6, 8
MM, 30, 5, 105
MM, 29, 4, 8
MM, 28, 4, 8
MM, 26, 3, 8
MM, 21, 0, 8
MM, 636, 595, 8
MM, 632, 592, 8
MM, 15, 29, 8
MM, 10, 28, 8
MM, 4, 25, 8
MM, 610, 583, 8
MM, 608, 583, 8
MM, 605, 583, 8
MM, 34, 23, 167
MM, 33, 23, 8
MM, 31, 22, 8
MM, 28, 21, 8
MC, 1, 280
MM, 27, 21, 16
MM, 23, 21, 8
MM, 17, 21, 8
MM, 7, 21, 8
MM, 31, 25, 8
MM, 15, 27, 8
MM, 527, 587, 8
MM, 20, 27, 8
MM, 9, 27, 8
MM, 490, 587, 8
MM, 23, 27, 8
MM, 15, 27, 8
MM, 4, 27, 8
MM, 0, 27, 8
MM, 454, 587, 8
MM, 453, 587, 8
MM, 452, 587, 48
MM, 450, 587, 8
MM, 30, 27, 8
MM, 24, 27, 8
MM, 22, 27, 8
MM, 19, 27, 8
MM, 17, 27, 8
MM, 17, 26, 161
MM, 17, 23, 8
MM, 17, 22, 8
MM, 17, 21, 8
MM, 17, 20, 72
MM, 17, 19, 8
MC, 1, 199
MM, 19, 19, 24
MM, 26, 24, 8
MM, 451, 592, 8
MM, 460, 601, 9
MM, 8, 14, 8
MM, 15, 21, 8
MM, 20, 24, 7
MM, 21, 26, 8
MM, 22, 27, 8
MM, 25, 28, 8
MM, 490, 628, 8
MM, 492, 629, 8
MM, 495, 631, 8
MM, 498, 633, 8
MM, 11, 1, 8
MM, 12, 1, 8
MM, 13, 1, 8
MM, 13, 2, 24
MM, 13, 3, 8
MM, 14, 4, 8
MM, 17, 6, 8
MM, 20, 9, 8
MM, 23, 12, 8
MM, 24, 13, 8
MM, 25, 13, 8
MM, 26, 13, 8
MM, 26, 15, 305
MM, 23, 13, 8
MM, 17, 6, 8
MM, 495, 630, 10
MM, 28, 26, 6
MM, 22, 19, 8
MM, 15, 12, 8
MM, 12, 8, 8
MM, 11, 5, 8
MM, 10, 4, 8
MM, 9, 3, 144
MM, 7, 2, 8
MM, 468, 596, 8
MM, 467, 593, 8
MM, 466, 593, 343
MM, 465, 593, 8
MM, 462, 593, 8
MM, 460, 593, 8
MM, 458, 593, 233
MM, 457, 593, 8
MM, 456, 591, 7
MM, 455, 588, 9
MM, 454, 587, 8
MM, 452, 586, 8
MM, 451, 586, 303
MM, 450, 586, 8
MM, 33, 25, 8
MM, 30, 23, 8
MC, 1, 376
MM, 32, 22, 65
MM, 453, 580, 8
MM, 5, 19, 8
MM, 10, 17, 8
MM, 14, 16, 8
MM, 19, 14, 8
MM, 21, 13, 8
MM, 24, 11, 8
MC, 1, 343
MC, 2, 192
MM, 25, 11, 64
MM, 28, 11, 9
MM, 488, 571, 8
MM, 0, 11, 7
MM, 8, 10, 8
MM, 17, 8, 8
MM, 25, 8, 8
MM, 527, 568, 8
MM, 5, 6, 8
MM, 14, 5, 8
MM, 22, 5, 8
MM, 28, 3, 8
MM, 32, 2, 8
MM, 566, 562, 8
MM, 569, 562, 8
MM, 3, 2, 8
MM, 7, 2, 8
MM, 15, 2, 8
MM, 21, 2, 8
MM, 27, 2, 8
MM, 31, 2, 8
MM, 32, 2, 8
MM, 606, 562, 8
MM, 609, 562, 8
MM, 610, 562, 8
MM, 0, 2, 8
MM, 1, 3, 241
MM, 4, 8, 8
MM, 9, 11, 8
MM, 13, 14, 8
MM, 16, 16, 8
MM, 17, 18, 8
MM, 19, 19, 8
MM, 20, 20, 8
MC, 1, 223
MM, 16, 20, 56
MM, 11, 20, 8
MM, 3, 20, 8
MM, 606, 580, 8
MM, 30, 20, 8
MM, 20, 20, 8
MM, 9, 20, 8
MM, 566, 580, 8
MM, 21, 20, 8
MM, 5, 20, 9
MM, 28, 19, 7
MM, 15, 17, 8
MM, 1, 17, 8
MM, 31, 17, 8
MM, 20, 17, 8
MM, 12, 17, 8
MM, 6, 17, 8
MM, 454, 577, 9
MM, 450, 577, 7
MM, 34, 17, 8
MM, 32, 17, 8
MM, 30, 17, 48
MM, 26, 17, 8
MM, 21, 17, 8
MM, 13, 17, 8
MM, 9, 17, 8
MM, 7, 17, 8
MM, 4, 17, 8
MM, 6, 17, 313
MM, 8, 17, 8
MC, 1, 191
MM, 8, 19, 25
MM, 8, 24, 7
MM, 6, 30, 8
MM, 418, 595, 8
MM, 415, 599, 9
MM, 30, 7, 8
MM, 29, 9, 8
MM, 28, 12, 7
MM, 27, 13, 8
MM, 25, 14, 8
MM, 24, 16, 8
MC, 1, 352
MM, 26, 16, 24
MM, 32, 16, 8
MM, 418, 613, 8
MM, 5, 17, 8
MM, 12, 20, 8
MM, 14, 22, 8
MM, 17, 22, 8
MM, 18, 22, 8
MM, 18, 23, 88
MM, 19, 24, 8
MM, 22, 25, 8
MM, 24, 28, 8
MM, 448, 628, 8
MM, 451, 631, 8
MM, 7, 2, 8
MM, 14, 7, 8
MM, 18, 10, 8
MM, 21, 13, 9
MM, 24, 15, 8
MM, 25, 17, 8
MM, 27, 18, 8
MM, 30, 21, 8
MM, 482, 659, 8
MM, 487, 664, 8
MM, 492, 668, 8
MM, 96, 2, 8
MM, 99, 5, 8
MM, 102, 8, 8
MM, 103, 9, 8
MC, 1, 351
MM, 103, 5, 32
MM, 503, 668, 8
MM, 14, 23, 8
MM, 13, 16, 8
MM, 13, 12, 8
MM, 13, 10, 8
MM, 11, 10, 273
MM, 10, 14, 8
MM, 3, 20, 8
MM, 477, 665, 8
MM, 60, 0, 8
MM, 41, 2, 8
MM, 30, 4, 8
MM, 27, 6, 8
MM, 30, 6, 24
MM, 32, 6, 8
MM, 35, 6, 8
MM, 36, 4, 8
MM, 36, 1, 8
MM, 436, 670, 8
MM, 436, 667, 8
MM, 434, 666, 8
MM, 17, 30, 8
MM, 6, 28, 8
MM, 404, 662, 8
MM, 18, 28, 8
MM, 369, 662, 8
MM, 17, 28, 8
MM, 327, 662, 8
MM, 308, 660, 8
MM, 292, 658, 8
MM, 280, 656, 8
MM, 274, 655, 8
MM, 272, 655, 8
MM, 271, 655, 8
MM, 271, 654, 48
MM, 271, 652, 8
MM, 272, 651, 8
MM, 273, 649, 8
MM, 274, 646, 8
MM, 274, 644, 8
MM, 274, 641, 8
MM, 274, 640, 8
MM, 274, 639, 8
MM, 274, 638, 8
MM, 274, 636, 8
MM, 274, 635, 8
MM, 274, 634, 8
MM, 274, 633, 8
MM, 276, 633, 56
MM, 277, 633, 7
MM, 278, 632, 8
MM, 280, 631, 8
MM, 283, 628, 9
MM, 11, 28, 7
MM, 12, 25, 8
MM, 14, 22, 8
MM, 15, 20, 8
MM, 15, 17, 8
MM, 18, 14, 8
MM, 21, 11, 8
MM, 24, 9, 8
MM, 27, 6, 8
MM, 29, 4, 8
MM, 32, 3, 8
MM, 33, 2, 8
MM, 36, 1, 8
MM, 313, 596, 8
MM, 320, 593, 11
MM, 329, 589, 5
MM, 4, 26, 8
MM, 11, 23, 8
MM, 18, 20, 8
MM, 22, 17, 8
MM, 25, 15, 8
MM, 26, 14, 8
MM, 26, 13, 8
MM, 27, 13, 16
MM, 30, 10, 8
MM, 31, 6, 8
MM, 34, 3, 8
MM, 369, 560, 8
MM, 372, 557, 8
MM, 375, 554, 8
MM, 5, 30, 8
MM, 6, 30, 8
MM, 379, 557, 192
MM, 7, 3, 8
MM, 6, 11, 8
MM, 5, 22, 8
MM, 377, 591, 8
MM, 375, 597, 8
MM, 374, 601, 8
MM, 374, 602, 8
MM, 375, 601, 209
MM, 375, 600, 8
MM, 376, 598, 8
MM, 379, 595, 8
MM, 382, 592, 8
MM, 11, 29, 8
MM, 12, 26, 8
MM, 14, 25, 8
MM, 14, 24, 88
MM, 15, 22, 8
MM, 16, 19, 8
MM, 18, 16, 8
MM, 19, 13, 8
MM, 19, 12, 8
MC, 1, 199
MM, 20, 12, 24
MM, 25, 12, 9
MM, 410, 572, 7
MM, 13, 12, 8
MM, 452, 573, 8
MM, 15, 18, 8
MM, 488, 580, 8
MM, 15, 20, 8
MM, 528, 580, 8
MM, 15, 20, 8
MM, 31, 20, 8
MM, 6, 20, 8
MM, 14, 20, 8
MM, 18, 20, 8
MM, 21, 20, 8
MM, 22, 20, 56
MM, 26, 20, 8
MM, 30, 19, 8
MM, 33, 18, 8
MM, 606, 577, 8
MM, 607, 575, 8
MM, 609, 575, 352
MM, 1, 15, 8
MM, 2, 14, 8
MM, 3, 13, 8
MC, 1, 448
MM, 4, 13, 24
MM, 7, 13, 8
MM, 13, 17, 8
MM, 22, 20, 8
MM, 642, 584, 8
MM, 3, 27, 8
MM, 8, 30, 8
MM, 657, 592, 8
MM, 657, 593, 201
MM, 657, 594, 8
MM, 658, 596, 7
MM, 3, 4, 9
MM, 6, 7, 7
MM, 9, 11, 8
MM, 14, 18, 8
MM, 17, 22, 9
MM, 20, 25, 8
MM, 23, 26, 8
MM, 24, 26, 7
MM, 25, 26, 8
MC, 1, 496
MC, 2, 169
MM, 23, 26, 80
MM, 19, 26, 8
MM, 13, 26, 8
MM, 5, 28, 8
MM, 654, 629, 8
MM, 27, 1, 8
MM, 15, 9, 8
MM, 3, 15, 8
MM, 34, 21, 8
MM, 19, 29, 8
MM, 580, 669, 8
MM, 571, 674, 8
MM, 564, 679, 8
MM, 159, 11, 8
MM, 153, 15, 8
MM, 150, 17, 8
MM, 149, 19, 8
MM, 146, 20, 8
MM, 144, 23, 8
MM, 141, 25, 8
MM, 138, 27, 8
MM, 135, 28, 8
MM, 133, 30, 8
MM, 528, 702, 8
MM, 524, 703, 8
MM, 521, 703, 7
MM, 518, 705, 8
MM, 517, 706, 9
MM, 516, 707, 8
MM, 515, 708, 8
MM, 514, 709, 7
MM, 511, 712, 8
MM, 509, 715, 8
MM, 504, 718, 8
MM, 500, 719, 8
MM, 499, 720, 8
MM, 499, 722, 9
MM, 499, 721, 119
MM, 499, 719, 8
MM, 499, 715, 8
MM, 499, 707, 9
MM, 99, 27, 7
MM, 99, 19, 8
MM, 99, 13, 8
MM, 99, 9, 8
MM, 99, 5, 8
MM, 99, 4, 8
MM, 100, 4, 16
MC, 1, 272
MM, 101, 4, 56
MM, 103, 2, 8
MM, 508, 670, 8
MM, 512, 667, 8
MM, 515, 666, 8
MM, 518, 665, 8
MM, 31, 29, 8
MM, 32, 28, 8
MM, 33, 27, 8
MM, 34, 27, 25
MM, 524, 661, 8
MM, 525, 660, 8
MM, 526, 659, 8
MM, 528, 658, 8
MM, 2, 21, 8
MM, 3, 20, 8
MM, 4, 20, 8
MM, 6, 19, 183
MM, 7, 17, 8
MM, 8, 17, 8
MM, 10, 16, 8
MM, 12, 15, 8
MC, 1, 201
MM, 14, 14, 24
MM, 15, 11, 8
MM, 20, 7, 8
MM, 24, 2, 8
MM, 558, 629, 8
MM, 26, 23, 8
MM, 33, 15, 8
MM, 0, 8, 8
MM, 7, 1, 8
MM, 595, 591, 8
MM, 30, 26, 8
MM, 33, 23, 8
MM, 34, 22, 8
MM, 605, 582, 8
MM, 606, 582, 8
MM, 607, 581, 40
MM, 610, 580, 8
MM, 1, 18, 7
MM, 4, 17, 8
MM, 8, 15, 9
MM, 11, 14, 7
MM, 14, 14, 8
MM, 16, 14, 8
MM, 17, 13, 9
MM, 19, 12, 8
MM, 20, 12, 111
MM, 21, 12, 8
MM, 23, 12, 8
MM, 26, 12, 9
MM, 29, 12, 7
MM, 642, 574, 8
MM, 643, 575, 8
MM, 645, 576, 9
MP, 1, 319
MR, 1, 56
MC, 1, 0
MM, 646, 576, 97
MM, 647, 576, 8
MM, 1, 16, 8
MM, 4, 16, 8
MM, 5, 16, 136
MM, 7, 14, 8
MM, 12, 13, 8
MM, 16, 10, 8
MM, 18, 9, 8
MC, 1, 199
MM, 15, 9, 16
MM, 11, 9, 8
MM, 5, 9, 8
MM, 646, 573, 8
MM, 26, 16, 8
MM, 20, 18, 8
MM, 14, 19, 8
MM, 9, 21, 11
MM, 3, 21, 5
MM, 34, 21, 8
MM, 23, 20, 8
MM, 9, 16, 8
MM, 0, 12, 8
MM, 30, 9, 8
MM, 25, 7, 8
MM, 21, 7, 8
MM, 17, 7, 8
MM, 12, 6, 8
MM, 8, 4, 8
MM, 7, 3, 8
MM, 6, 2, 8
MM, 5, 2, 8
MM, 3, 2, 8
MM, 0, 2, 8
MM, 526, 562, 8
MM, 30, 2, 8
MM, 25, 2, 8
MM, 24, 2, 8
MM, 22, 1, 8
MM, 513, 559, 8
MM, 19, 0, 209
MM, 19, 2, 8
MM, 19, 5, 8
MM, 19, 6, 8
MM, 19, 7, 8
MM, 19, 8, 8
MM, 19, 9, 48
MM, 19, 10, 8
MC, 1, 239
MM, 19, 13, 25
MM, 19, 15, 7
MM, 19, 17, 8
MM, 19, 19, 8
MM, 19, 21, 8
MM, 19, 24, 8
MM, 19, 28, 8
MM, 513, 592, 8
MM, 513, 596, 8
MM, 14, 5, 8
MM, 14, 11, 8
MM, 14, 16, 8
MM, 14, 22, 8
MM, 14, 30, 8
MM, 513, 633, 8
MM, 25, 3, 8
MM, 25, 7, 8
MM, 25, 11, 8
MM, 25, 14, 8
MM, 25, 17, 8
MM, 25, 21, 8
MM, 25, 25, 8
MM, 25, 28, 8
MM, 25, 30, 8
MM, 513, 667, 9
MM, 513, 669, 7
MM, 113, 1, 8
MM, 113, 3, 8
MM, 113, 5, 8
MM, 113, 6, 8
MM, 113, 8, 8
MM, 112, 11, 8
MM, 111, 12, 8
MM, 111, 13, 8
MM, 111, 14, 8
MM, 107, 21, 488
MM, 102, 16, 8
MM, 98, 12, 8
MM, 93, 5, 9
MM, 489, 669, 8
MM, 489, 665, 7
MM, 0, 25, 8
MM, 486, 654, 9
MM, 485, 650, 8
MM, 483, 644, 7
MM, 483, 639, 8
MM, 483, 635, 9
MM, 483, 631, 7
MM, 483, 628, 8
MM, 21, 27, 8
MM, 21, 21, 9
MM, 21, 15, 7
MM, 21, 9, 8
MM, 21, 1, 8
MM, 27, 27, 9
MM, 27, 19, 8
MM, 27, 13, 7
MM, 27, 9, 8
MM, 27, 6, 9
MM, 27, 4, 8
MM, 27, 3, 8
MM, 26, 3, 199
MM, 25, 3, 8
MM, 24, 5, 8
MM, 21, 10, 8
MM, 19, 14, 8
MM, 18, 18, 8
MM, 16, 23, 8
MM, 16, 24, 8
MC, 1, 273
MM, 19, 21, 55
MM, 22, 18, 9
MM, 23, 17, 10
MM, 24, 17, 13
MM, 25, 16, 9
MM, 26, 15, 8
MM, 29, 14, 7
MM, 30, 13, 8
MM, 490, 571, 9
MM, 0, 10, 7
MM, 5, 10, 8
MM, 13, 10, 8
MM, 19, 10, 9
MM, 27, 10, 7
MM, 527, 570, 8
MM, 0, 10, 8
MM, 10, 10, 9
MM, 18, 10, 7
MM, 26, 10, 8
MM, 4, 10, 8
MM, 14, 10, 9
MM, 25, 10, 7
MM, 31, 10, 8
MM, 34, 10, 8
MM, 610, 570, 8
MM, 1, 10, 8
MM, 4, 10, 8
MM, 6, 10, 8
MC, 1, 457
MM, 9, 10, 32
MM, 12, 12, 7
MM, 18, 13, 9
MM, 24, 15, 8
MM, 30, 15, 8
MM, 647, 575, 10
MM, 2, 15, 6
MM, 6, 15, 8
MM, 7, 15, 8
MM, 10, 15, 8
MM, 12, 15, 8
MM, 13, 15, 327
MM, 14, 15, 8
MM, 16, 15, 8
MM, 17, 13, 8
MM, 18, 13, 8
MM, 20, 13, 8
MM, 26, 12, 8
MM, 686, 570, 8
MM, 13, 10, 8
MM, 31, 10, 8
MM, 736, 570, 8
MM, 745, 570, 8
MM, 749, 570, 8
MM, 751, 570, 8
MM, 750, 570, 216
MM, 744, 571, 8
MM, 735, 574, 8
MM, 726, 578, 8
MM, 30, 21, 8
MM, 26, 23, 8
MM, 23, 23, 8
MM, 22, 23, 8
MC, 1, 320
MM, 21, 23, 16
MM, 17, 23, 8
MM, 9, 23, 8
MM, 34, 23, 8
MM, 13, 23, 8
MM, 26, 23, 8
MM, 2, 23, 8
MM, 14, 23, 8
MM, 24, 23, 8
MM, 528, 583, 8
MM, 2, 23, 8
MM, 11, 23, 8
MM, 19, 21, 8
MM, 33, 19, 8
MM, 14, 19, 8
MM, 3, 19, 8
MM, 369, 579, 8
MM, 367, 579, 8
MM, 367, 578, 232
MM, 367, 577, 9
MM, 369, 577, 216
MM, 0, 17, 8
MM, 4, 17, 8
MM, 8, 17, 8
MM, 11, 17, 8
MM, 12, 17, 8
MM, 13, 17, 119
MM, 14, 17, 8
MM, 15, 16, 9
MM, 17, 14, 7
MM, 19, 13, 120
MM, 22, 12, 8
MM, 23, 12, 8
MM, 24, 11, 8
MM, 24, 10, 8
MM, 25, 10, 8
MM, 26, 10, 8
MM, 27, 10, 8
MM, 29, 10, 8
MM, 30, 8, 8
MM, 31, 7, 8
MM, 32, 7, 40
MM, 36, 7, 8
MM, 1, 7, 8
MM, 15, 8, 8
MM, 24, 12, 8
MM, 33, 15, 8
MM, 454, 577, 8
MM, 0, 17, 8
MM, 3, 17, 8
MM, 3, 18, 208
MM, 3, 19, 8
MM, 0, 19, 8
MM, 33, 19, 9
MM, 25, 19, 8
MM, 19, 19, 8
MM, 15, 19, 8
MM, 12, 19, 8
MC, 1, 319
MM, 12, 20, 32
MM, 12, 22, 8
MM, 14, 22, 8
MM, 18, 23, 8
MM, 22, 24, 8
MM, 27, 26, 8
MM, 30, 29, 8
MM, 31, 30, 8
MM, 448, 591, 8
MM, 453, 594, 8
MM, 457, 599, 8
MM, 3, 9, 8
MM, 12, 19, 8
MM, 22, 29, 8
MM, 11, 0, 8
MM, 23, 8, 8
MM, 30, 15, 8
MM, 525, 654, 8
MM, 0, 23, 8
MM, 3, 25, 8
MM, 4, 26, 8
MM, 5, 27, 8
MM, 7, 26, 248
MM, 8, 26, 8
MM, 8, 25, 8
MM, 9, 23, 8
MM, 11, 23, 8
MM, 12, 22, 8
MM, 12, 21, 8
MM, 13, 21, 8
MM, 15, 21, 8
MC, 1, 249
MM, 14, 21, 32
MM, 13, 24, 8
MM, 13, 25, 8
MM, 13, 26, 8
MM, 12, 29, 8
MM, 538, 665, 8
MM, 537, 668, 8
MM, 135, 0, 8
MM, 132, 4, 8
MM, 131, 9, 8
MM, 130, 12, 7
MM, 128, 14, 9
MM, 127, 15, 8
MM, 126, 15, 8
MC, 1, 416
MM, 126, 14, 48
MM, 126, 10, 8
MM, 126, 7, 8
MM, 126, 5, 8
MM, 126, 2, 8
MM, 126, 0, 8
MM, 526, 666, 8
MM, 528, 662, 8
MM, 2, 21, 8
MM, 5, 17, 8
MM, 6, 14, 8
MM, 9, 10, 8
MM, 12, 7, 7
MM, 14, 4, 9
MM, 15, 1, 8
MM, 547, 632, 8
MM, 548, 631, 7
MM, 548, 629, 9
MM, 9, 28, 8
MM, 11, 26, 7
MM, 12, 24, 9
MM, 13, 21, 8
MM, 16, 18, 7
MM, 19, 15, 8
MM, 19, 14, 9
MM, 20, 12, 7
MM, 21, 11, 8
MM, 22, 10, 8
MM, 24, 8, 9
MM, 25, 7, 47
MM, 26, 5, 8
MM, 27, 4, 9
MM, 28, 4, 10
MM, 28, 2, 5
MM, 28, 1, 8
MM, 29, 1, 9
MM, 30, 1, 7
MM, 30, 0, 8
MM, 570, 596, 8
MM, 570, 595, 9
MM, 570, 594, 7
MM, 572, 594, 16
MM, 573, 593, 9
MM, 573, 592, 7
MM, 4, 30, 24
MM, 5, 29, 8
MM, 5, 28, 8
MM, 5, 26, 8
MM, 6, 25, 9
MM, 7, 23, 7
MM, 8, 22, 8
MM, 10, 21, 8
MM, 11, 20, 8
MM, 12, 20, 8
MM, 12, 19, 8
MM, 12, 18, 8
MM, 13, 18, 80
MM, 14, 18, 9
MM, 15, 18, 95
MM, 16, 18, 8
MC, 1, 96
MM, 16, 19, 16
MM, 16, 20, 8
MM, 16, 21, 8
MM, 16, 24, 8
MM, 11, 30, 8
MM, 577, 595, 8
MM, 34, 2, 8
MM, 29, 7, 8
MM, 24, 12, 8
MM, 23, 16, 8
MM, 22, 17, 8
MM, 21, 18, 8
MM, 20, 20, 8
MM, 18, 21, 8
MM, 18, 23, 8
MM, 17, 24, 8
MM, 16, 25, 8
MM, 15, 26, 8
MM, 14, 28, 8
MM, 13, 29, 8
MM, 12, 30, 8
MM, 550, 628, 8
MM, 549, 629, 8
MM, 548, 632, 8
MM, 545, 633, 11
MM, 15, 0, 5
MM, 15, 3, 8
MM, 15, 4, 8
MM, 14, 5, 8
MM, 13, 6, 8
MM, 13, 7, 16
MM, 13, 8, 8
MC, 1, 257
MM, 13, 9, 8
MM, 11, 12, 24
MM, 9, 12, 8
MM, 7, 8, 8
MM, 532, 633, 8
MM, 30, 27, 8
MM, 28, 18, 8
MM, 27, 12, 8
MM, 25, 8, 8
MM, 25, 5, 8
MM, 25, 3, 8
MM, 25, 2, 8
MM, 24, 2, 72
MM, 23, 2, 7
MM, 23, 0, 9
MM, 522, 595, 8
MM, 521, 594, 8
MM, 520, 593, 7
MM, 26, 30, 9
MM, 26, 29, 8
MM, 26, 28, 71
MM, 26, 27, 8
MM, 24, 27, 9
MM, 23, 27, 7
MM, 22, 26, 8
MM, 21, 23, 8
MM, 20, 22, 9
MM, 19, 22, 7
MM, 19, 21, 89
MM, 19, 20, 7
MC, 1, 200
MM, 19, 19, 64
MM, 23, 16, 8
MM, 525, 573, 8
MM, 3, 11, 8
MM, 9, 9, 8
MM, 13, 8, 8
MM, 15, 8, 8
MM, 17, 7, 8
MM, 20, 5, 8
MM, 22, 5, 8
MM, 25, 5, 8
MM, 26, 5, 48
MM, 27, 5, 8
MM, 28, 5, 8
MM, 29, 5, 8
MM, 31, 5, 40
MM, 564, 565, 8
MM, 567, 565, 8
MM, 1, 5, 8
MM, 5, 5, 8
MM, 8, 5, 8
MM, 12, 5, 8
MM, 16, 5, 8
MM, 19, 5, 8
MM, 23, 5, 8
MM, 26, 5, 8
MM, 27, 5, 8
MM, 28, 5, 8
MM, 30, 6, 8
MM, 33, 7, 8
MM, 34, 7, 8
MM, 605, 567, 8
MM, 606, 567, 33
MM, 609, 567, 8
MM, 610, 567, 8
MM, 0, 7, 8
MM, 1, 7, 8
MM, 2, 8, 80
MM, 4, 9, 8
MM, 5, 9, 183
MM, 6, 9, 9
MC, 1, 71
MM, 7, 10, 24
MM, 11, 13, 9
MM, 17, 16, 7
MM, 22, 19, 8
MM, 25, 21, 8
MM, 26, 21, 8
MM, 26, 22, 112
MM, 26, 23, 8
MM, 27, 24, 8
MM, 28, 25, 8
MM, 29, 26, 8
MM, 30, 27, 8
MM, 642, 589, 32
MM, 644, 591, 8
MM, 645, 592, 8
MM, 646, 593, 8
MM, 646, 594, 8
MM, 646, 596, 8
MM, 28, 0, 8
MM, 29, 0, 8
MM, 30, 1, 8
MM, 30, 2, 8
MM, 31, 3, 8
MM, 32, 4, 8
MM, 652, 601, 129
MM, 654, 601, 8
MM, 657, 603, 8
MM, 0, 7, 8
MM, 1, 7, 8
MM, 3, 7, 8
MM, 5, 7, 8
MM, 5, 8, 8
MM, 5, 9, 8
MC, 1, 327
MM, 4, 10, 32
MM, 1, 12, 9
MM, 652, 610, 7
MM, 28, 16, 8
MM, 21, 20, 8
MM, 15, 23, 8
MM, 8, 26, 8
MM, 4, 28, 8
MM, 1, 29, 8
MM, 616, 627, 8
MM, 613, 629, 8
MM, 611, 630, 9
MM, 608, 632, 7
MM, 605, 633, 8
MM, 32, 0, 8
MM, 30, 2, 9
MM, 27, 2, 7
MM, 26, 2, 8
MM, 25, 2, 16
MM, 24, 3, 8
MM, 24, 4, 8
MM, 23, 4, 8
MM, 20, 5, 8
MM, 19, 6, 8
MM, 18, 7, 8
MM, 15, 10, 8
MM, 14, 13, 8
MM, 13, 15, 8
MM, 10, 18, 8
MM, 7, 20, 8
MM, 6, 21, 8
MM, 3, 23, 10
MM, 569, 660, 6
MM, 566, 662, 8
MM, 34, 29, 8
MM, 32, 30, 8
MM, 29, 30, 8
MM, 28, 30, 8
MM, 27, 30, 8
MM, 26, 30, 8
MM, 554, 666, 16
MM, 552, 667, 8
MM, 551, 667, 80
MM, 550, 667, 8
MM, 549, 667, 16
MM, 548, 667, 8
MM, 547, 667, 8
MM, 546, 667, 8
MM, 544, 667, 8
MM, 543, 667, 8
MM, 542, 668, 65
MM, 540, 669, 8
MM, 137, 0, 8
MM, 134, 1, 8
MM, 131, 2, 8
MM, 129, 5, 8
MM, 127, 6, 8
MM, 126, 7, 128
MM, 125, 9, 7
MC, 1, 160
MM, 124, 8, 32
MM, 123, 4, 8
MM, 521, 667, 8
MM, 29, 22, 8
MM, 27, 8, 8
MM, 513, 631, 8
MM, 11, 22, 8
MM, 7, 11, 8
MM, 5, 2, 10
MM, 8, 30, 6
MM, 5, 24, 8
MM, 3, 19, 8
MM, 3, 17, 8
MM, 3, 16, 8
MM, 3, 14, 40
MM, 3, 13, 8
MM, 3, 11, 8
MM, 3, 8, 8
MM, 3, 6, 8
MM, 3, 3, 8
MM, 3, 2, 16
MM, 3, 1, 8
MM, 4, 1, 208
MM, 5, 1, 9
MM, 6, 4, 8
MM, 9, 6, 8
MM, 10, 9, 8
MM, 12, 12, 8
MM, 13, 13, 8
MM, 13, 14, 16
MM, 13, 15, 8
MM, 13, 16, 8
MM, 13, 18, 8
MC, 1, 287
MM, 14, 18, 40
MM, 15, 18, 8
MM, 16, 19, 8
MM, 19, 20, 8
MM, 20, 20, 8
MM, 21, 20, 8
MM, 22, 20, 8
MM, 23, 21, 16
MM, 26, 22, 8
MM, 28, 24, 8
MM, 527, 585, 8
MM, 0, 27, 8
MM, 3, 30, 8
MM, 537, 592, 8
MM, 540, 594, 8
MM, 541, 594, 8
MM, 541, 595, 128
MM, 542, 596, 8
MM, 3, 0, 9
MM, 4, 3, 8
MM, 6, 5, 8
MM, 7, 8, 8
MM, 8, 11, 8
MM, 10, 15, 8
MM, 11, 18, 8
MM, 13, 21, 8
MM, 14, 23, 8
MM, 14, 25, 8
MM, 14, 26, 8
MM, 14, 24, 200
MM, 14, 23, 8
MM, 14, 21, 8
MM, 14, 20, 8
MM, 13, 19, 7
MM, 11, 16, 9
MM, 10, 13, 8
MM, 10, 11, 8
MM, 10, 10, 7
MM, 10, 9, 9
MM, 10, 7, 7
MC, 1, 176
MM, 6, 5, 16
MM, 2, 5, 9
MM, 536, 602, 7
MM, 33, 5, 8
MM, 30, 5, 8
MM, 26, 5, 8
MM, 24, 5, 8
MM, 22, 5, 8
MM, 20, 4, 8
MM, 19, 3, 8
MM, 18, 3, 16
MM, 16, 2, 8
MM, 16, 0, 8
MM, 15, 0, 32
MM, 512, 596, 8
MM, 509, 595, 8
MM, 507, 595, 8
MM, 504, 595, 8
MM, 503, 595, 8
MM, 502, 594, 8
MM, 501, 592, 8
MM, 499, 592, 40
MM, 497, 592, 8
MM, 494, 591, 8
MM, 490, 590, 8
MM, 28, 28, 8
MM, 21, 25, 8
MM, 15, 23, 8
MM, 11, 22, 8
MM, 8, 20, 8
MM, 5, 20, 8
MM, 4, 20, 8
MM, 3, 20, 32
MM, 2, 20, 8
MM, 455, 580, 81
MM, 451, 580, 8
MM, 34, 20, 8
MM, 29, 20, 8
MM, 27, 20, 8
MM, 26, 20, 8
MM, 25, 20, 8
MC, 1, 343
MM, 26, 20, 24
MM, 32, 20, 8
MM, 453, 580, 8
MM, 3, 19, 8
MM, 9, 17, 8
MM, 13, 17, 8
MM, 18, 16, 8
MM, 21, 15, 8
MM, 23, 13, 8
MM, 26, 12, 8
MM, 27, 12, 8
MM, 28, 12, 8
MM, 31, 12, 88
MM, 489, 572, 8
MM, 492, 572, 8
MM, 0, 12, 8
MM, 2, 12, 48
MM, 3, 12, 8
MM, 7, 12, 8
MM, 11, 12, 8
MM, 12, 12, 8
MM, 13, 12, 8
MM, 16, 12, 16
MM, 20, 12, 8
MM, 22, 12, 8
MM, 27, 12, 8
MM, 527, 572, 8
MM, 2, 14, 8
MM, 4, 14, 8
MM, 6, 14, 8
MM, 7, 14, 8
MC, 1, 400
MM, 7, 15, 49
MM, 7, 16, 7
MM, 7, 17, 8
MM, 7, 20, 8
MM, 7, 24, 8
MM, 6, 30, 8
MM, 534, 597, 8
MM, 29, 9, 8
MM, 23, 21, 8
MM, 521, 629, 8
MM, 31, 6, 8
MM, 29, 15, 8
MM, 27, 21, 9
MM, 26, 26, 7
MM, 26, 28, 8
MM, 513, 665, 8
MM, 511, 668, 8
MM, 510, 670, 8
MM, 109, 0, 8
MM, 109, 2, 8
MM, 109, 3, 8
MM, 109, 4, 64
MM, 109, 5, 8
MM, 108, 5, 8
MM, 106, 6, 8
MM, 106, 9, 8
MM, 106, 11, 8
MM, 106, 12, 8
MM, 106, 13, 8
MM, 106, 15, 8
MC, 1, 313
MM, 100, 14, 16
MM, 93, 11, 8
MM, 84, 5, 8
MM, 474, 669, 8
MM, 13, 27, 8
MM, 1, 19, 8
MM, 29, 10, 8
MM, 17, 5, 8
MM, 417, 633, 8
MM, 410, 628, 8
MM, 23, 27, 8
MM, 21, 26, 8
MM, 18, 25, 8
MM, 15, 23, 8
MM, 14, 22, 80
MM, 13, 21, 7
MM, 12, 21, 8
MM, 11, 21, 8
MM, 10, 20, 32
MM, 8, 19, 8
MM, 7, 18, 8
MM, 6, 15, 8
MM, 6, 14, 8
MM, 5, 14, 88
MM, 3, 14, 8
MM, 0, 14, 8
MM, 377, 611, 8
MM, 376, 611, 8
MM, 375, 611, 8
MM, 374, 612, 8
MM, 34, 16, 24
MM, 33, 18, 8
MC, 1, 440
MM, 374, 615, 32
MM, 379, 614, 8
MM, 5, 14, 8
MM, 9, 12, 8
MM, 16, 9, 8
MM, 25, 4, 8
MM, 31, 2, 8
MM, 418, 598, 8
MM, 424, 594, 8
MM, 429, 593, 9
MM, 431, 591, 7
MM, 17, 30, 8
MM, 19, 29, 8
MM, 21, 28, 8
MM, 22, 28, 8
MM, 23, 27, 8
MM, 26, 26, 8
MM, 27, 26, 9
MM, 28, 24, 7
MM, 32, 23, 8
MM, 450, 583, 8
MM, 452, 582, 8
MM, 1, 20, 8
MM, 2, 20, 8
MM, 4, 20, 8
MM, 7, 20, 8
MM, 7, 19, 112
MM, 8, 18, 8
MM, 10, 17, 8
MM, 13, 15, 8
MM, 14, 15, 8
MC, 1, 184
MM, 12, 15, 24
MM, 7, 15, 8
MM, 3, 15, 8
MM, 455, 575, 8
MM, 34, 15, 8
MM, 28, 14, 8
MM, 23, 12, 8
MM, 22, 12, 8
MC, 1, 361
MM, 22, 13, 31
MM, 24, 15, 8
MM, 28, 18, 8
MM, 31, 21, 8
MM, 451, 586, 9
MM, 455, 590, 7
MM, 458, 595, 8
MM, 1, 4, 8
MM, 7, 11, 8
MM, 10, 18, 9
MM, 11, 24, 7
MM, 13, 30, 8
MM, 29, 0, 8
MM, 31, 4, 8
MM, 32, 9, 8
MM, 483, 647, 8
MM, 484, 651, 8
MM, 486, 656, 8
MM, 487, 658, 8
MM, 0, 26, 8
MM, 0, 27, 104
MM, 0, 29, 8
MM, 488, 666, 8
MM, 488, 668, 8
MM, 489, 669, 8
MM, 490, 669, 8
MM, 90, 0, 64
MM, 90, 1, 8
MM, 90, 2, 8
MM, 90, 4, 8
MM, 90, 7, 8
MM, 90, 9, 8
MM, 92, 12, 8
MM, 93, 13, 8
MM, 93, 14, 8
MM, 93, 15, 8
MM, 94, 17, 16
MM, 95, 18, 8
MC, 1, 257
MM, 96, 15, 48
MM, 99, 12, 8
MM, 102, 9, 8
MM, 105, 7, 8
MM, 108, 4, 8
MM, 111, 1, 8
MM, 112, 0, 8
MM, 513, 670, 7
MM, 517, 667, 8
MM, 523, 664, 9
MM, 1, 26, 8
MM, 10, 23, 8
MM, 19, 19, 8
MM, 28, 16, 7
MM, 568, 646, 9
MM, 7, 8, 7
MM, 14, 5, 8
MM, 20, 3, 9
MM, 26, 2, 8
MM, 35, 0, 8
MM, 611, 634, 7
MM, 616, 633, 8
MM, 618, 631, 8
MM, 623, 630, 8
MM, 627, 628, 9
MM, 15, 30, 7
MM, 21, 28, 8
MM, 28, 27, 9
MM, 654, 622, 7
MM, 657, 622, 9
MM, 1, 24, 7
MM, 3, 22, 9
MM, 4, 22, 71
MM, 5, 21, 8
MM, 6, 20, 8
MM, 7, 19, 8
MM, 7, 17, 8
MM, 8, 15, 8
MM, 9, 14, 8
MM, 11, 12, 8
MM, 12, 9, 8
MM, 12, 7, 8
MM, 12, 5, 8
MM, 12, 4, 16
MM, 12, 3, 8
MM, 13, 2, 8
MM, 14, 1, 8
MM, 14, 0, 8
MM, 673, 596, 8
MM, 675, 593, 8
MM, 28, 30, 8
MM, 29, 30, 8
MM, 30, 29, 8
MM, 32, 28, 8
MM, 33, 27, 8
MM, 34, 26, 8
MM, 683, 585, 8
MM, 684, 583, 8
MM, 685, 583, 16
MM, 686, 583, 8
MM, 686, 582, 8
MM, 686, 581, 8
MM, 687, 581, 16
MM, 0, 21, 8
MM, 1, 21, 8
MM, 3, 21, 8
MM, 4, 21, 8
MM, 5, 21, 8
MM, 7, 21, 8
MM, 8, 21, 8
MM, 9, 21, 8
MM, 10, 21, 8
MM, 11, 21, 8
MM, 12, 21, 8
MM, 13, 21, 9
MC, 1, 248
MM, 9, 21, 24
MM, 7, 21, 8
MM, 4, 21, 8
MM, 687, 581, 7
MM, 33, 21, 9
MM, 29, 21, 8
MM, 25, 20, 8
MM, 20, 18, 7
MM, 16, 18, 9
MM, 12, 17, 8
MM, 7, 15, 7
MM, 5, 15, 8
MM, 4, 15, 9
MM, 1, 15, 8
MM, 0, 15, 7
MM, 647, 574, 8
MM, 644, 573, 9
MM, 643, 573, 7
MM, 30, 13, 8
MM, 27, 13, 8
MM, 25, 13, 9
MM, 20, 13, 7
MM, 18, 13, 8
MM, 17, 13, 8
MM, 16, 13, 64
MM, 13, 13, 8
MM, 11, 13, 8
MM, 9, 13, 8
MM, 8, 13, 8
MM, 7, 13, 8
MC, 1, 224
MM, 6, 13, 64
MM, 5, 13, 8
MM, 4, 13, 8
MM, 1, 16, 8
MM, 609, 580, 8
MM, 605, 585, 8
MM, 30, 29, 8
MM, 595, 594, 10
MM, 10, 2, 6
MM, 5, 6, 8
MM, 579, 607, 8
MM, 33, 13, 8
MM, 26, 16, 8
MM, 20, 18, 8
MM, 14, 19, 8
MM, 7, 23, 8
MM, 1, 24, 8
MM, 537, 623, 8
MM, 33, 27, 8
MM, 29, 27, 8
MM, 27, 27, 8
MM, 25, 27, 8
MM, 24, 27, 8
MM, 23, 27, 8
MM, 22, 27, 9
MM, 21, 27, 8
MM, 20, 27, 8
MM, 19, 27, 8
MM, 17, 27, 8
MM, 15, 27, 8
MM, 14, 27, 8
MM, 13, 27, 8
MM, 12, 27, 8
MM, 10, 28, 64
MM, 8, 29, 8
MM, 4, 29, 8
MM, 498, 628, 8
MM, 494, 629, 8
MM, 489, 631, 8
MM, 487, 632, 8
MM, 486, 632, 8
MM, 484, 632, 24
MM, 483, 632, 8
MM, 483, 633, 8
MM, 482, 634, 8
MM, 31, 0, 8
MM, 28, 0, 8
MM, 25, 2, 8
MM, 23, 3, 8
MM, 20, 3, 8
MM, 17, 5, 8
MM, 16, 6, 8
MM, 14, 6, 111
MM, 10, 6, 8
MM, 7, 6, 9
MM, 1, 6, 8
MM, 446, 640, 7
MM, 445, 640, 8
MM, 444, 640, 8
MM, 33, 6, 112
MM, 32, 6, 10
MM, 31, 7, 6
MM, 30, 8, 8
MM, 29, 8, 8
MM, 28, 8, 8
MM, 28, 9, 64
MM, 28, 10, 8
MM, 27, 10, 8
MM, 25, 10, 8
MM, 25, 11, 49
MM, 25, 13, 8
MM, 24, 13, 8
MM, 23, 13, 8
MM, 22, 13, 8
MM, 21, 13, 8
MC, 1, 168
MM, 25, 13, 24
MM, 31, 13, 8
MM, 448, 646, 7
MM, 11, 6, 9
MM, 23, 0, 7
MM, 483, 630, 9
MM, 495, 626, 7
MM, 5, 26, 9
MM, 11, 22, 7
MM, 18, 21, 8
MM, 20, 21, 8
MM, 23, 20, 9
MM, 27, 17, 7
MM, 32, 15, 8
MM, 535, 611, 8
MM, 536, 610, 8
MM, 539, 610, 8
MM, 1, 13, 8
MM, 4, 13, 8
MM, 6, 13, 8
MM, 8, 13, 224
MM, 10, 13, 8
MM, 12, 13, 8
MM, 15, 13, 8
MM, 18, 13, 8
MM, 20, 13, 8
MM, 23, 13, 8
MM, 27, 13, 8
MM, 30, 13, 8
MM, 31, 13, 8
MM, 32, 13, 8
MM, 33, 13, 73
MM, 34, 13, 8
MM, 578, 610, 8
MM, 1, 13, 8
MM, 2, 13, 8
MM, 3, 13, 8
MM, 5, 13, 48
MM, 7, 13, 8
MM, 11, 11, 8
MM, 16, 10, 8
MM, 18, 10, 8
MM, 21, 10, 8
MM, 22, 10, 8
MM, 23, 10, 176
MM, 24, 10, 8
MM, 28, 10, 8
MM, 613, 607, 8
MM, 616, 607, 8
MM, 1, 10, 8
MM, 2, 10, 8
MM, 3, 10, 8
MM, 4, 10, 95
MM, 5, 10, 8
MM, 6, 10, 96
MM, 7, 10, 8
MM, 613, 608, 240
MM, 27, 11, 32
MM, 11, 10, 8
MM, 537, 605, 8
MM, 25, 6, 8
MM, 11, 2, 8
MM, 498, 595, 8
MM, 487, 593, 8
MM, 476, 591, 8
MM, 8, 29, 8
MM, 454, 589, 8
MM, 30, 29, 8
MM, 22, 28, 8
MM, 13, 26, 8
MM, 7, 26, 8
MM, 3, 26, 8
MM, 413, 586, 8
MM, 411, 586, 8
MM, 36, 26, 8
MM, 34, 26, 8
MM, 33, 26, 16
MM, 31, 26, 8
MM, 31, 25, 120
MM, 31, 24, 8
MM, 31, 23, 16
MM, 32, 21, 8
MM, 34, 21, 9
MM, 409, 580, 8
MM, 411, 579, 8
MM, 414, 579, 8
MM, 2, 19, 8
MM, 4, 17, 8
MM, 5, 16, 8
MM, 7, 16, 8
MM, 8, 16, 10
MM, 9, 15, 6
MM, 11, 14, 8
MM, 14, 14, 8
MM, 17, 14, 8
MM, 19, 14, 8
MM, 22, 14, 8
MM, 24, 14, 8
MM, 27, 12, 8
MM, 30, 11, 8
MM, 31, 11, 8
MM, 32, 11, 8
MM, 33, 11, 8
MM, 34, 11, 16
MM, 450, 571, 8
MP, 1, 104
MR, 1, 87
MC, 1, 0
MM, 450, 572, 64
MM, 450, 573, 8
MM, 34, 15, 8
MM, 33, 15, 120
MM, 32, 15, 8
MM, 31, 15, 80
MM, 30, 15, 8
MM, 28, 15, 48
MM, 27, 15, 8
MM, 26, 15, 8
MM, 25, 15, 8
MC, 1, 281
MM, 25, 16, 56
MM, 25, 18, 8
MM, 25, 19, 8
MM, 25, 20, 8
MM, 25, 23, 8
MM, 25, 24, 8
MM, 25, 25, 8
MM, 25, 26, 7
MM, 24, 26, 17
MM, 23, 27, 8
MM, 23, 29, 7
MM, 23, 30, 25
MM, 438, 591, 7
MM, 438, 592, 8
MM, 438, 593, 9
MM, 438, 594, 23
MM, 438, 595, 9
MM, 438, 596, 8
MM, 16, 1, 8
MM, 14, 2, 8
MM, 14, 3, 8
MC, 1, 183
MM, 14, 4, 72
MM, 14, 5, 8
MM, 15, 5, 8
MM, 16, 5, 8
MM, 18, 5, 8
MM, 22, 7, 8
MM, 29, 10, 8
MM, 461, 611, 8
MM, 11, 18, 8
MM, 22, 21, 8
MM, 496, 620, 8
MM, 3, 25, 8
MM, 7, 26, 8
MM, 10, 26, 8
MM, 11, 26, 8
MM, 12, 26, 8
MM, 13, 26, 8
MM, 14, 26, 8
MM, 15, 26, 40
MM, 18, 26, 8
MM, 20, 26, 8
MM, 23, 28, 8
MM, 26, 29, 8
MM, 30, 30, 8
MM, 535, 629, 8
MM, 542, 631, 8
MM, 546, 632, 8
MM, 550, 633, 8
MM, 26, 1, 8
MM, 28, 1, 8
MM, 30, 1, 8
MM, 31, 1, 65
MM, 32, 1, 8
MM, 32, 2, 64
MM, 32, 3, 8
MM, 34, 4, 8
MM, 568, 640, 8
MM, 4, 9, 8
MM, 13, 13, 8
MM, 22, 14, 8
MM, 28, 16, 8
MM, 31, 16, 8
MM, 32, 16, 8
MM, 33, 16, 8
MM, 34, 16, 8
MM, 35, 16, 8
MM, 37, 16, 8
MM, 609, 650, 8
MM, 610, 650, 8
MM, 611, 650, 8
MM, 612, 649, 8
MM, 613, 649, 8
MM, 614, 648, 151
MM, 0, 12, 8
MM, 2, 12, 9
MM, 3, 12, 8
MM, 4, 12, 7
MM, 5, 12, 8
MM, 6, 12, 8
MM, 7, 12, 9
MM, 8, 12, 7
MM, 10, 12, 8
MM, 11, 12, 41
MM, 15, 12, 7
MM, 21, 12, 8
MM, 27, 12, 8
MM, 649, 646, 9
MM, 8, 12, 7
MM, 17, 11, 8
MM, 24, 5, 8
MM, 681, 633, 8
MM, 26, 29, 8
MM, 28, 26, 8
MM, 24, 26, 232
MM, 19, 27, 8
MM, 17, 28, 8
MM, 12, 28, 8
MM, 8, 28, 8
MM, 7, 28, 8
MM, 7, 29, 265
MM, 7, 30, 8
MM, 665, 628, 8
MM, 665, 630, 8
MM, 665, 631, 8
MM, 665, 632, 8
MM, 665, 633, 375
MM, 13, 0, 8
MM, 13, 1, 8
MM, 13, 4, 8
MM, 13, 5, 8
MM, 13, 6, 8
MM, 13, 8, 8
MM, 13, 10, 8
MM, 13, 11, 8
MM, 13, 12, 8
MM, 13, 13, 89
MM, 12, 14, 8
MM, 11, 15, 8
MM, 11, 16, 8
MM, 11, 17, 8
MM, 10, 19, 8
MM, 8, 19, 8
MC, 1, 223
MM, 8, 18, 72
MM, 8, 17, 8
MM, 9, 17, 16
MM, 10, 17, 8
MM, 11, 16, 105
MM, 12, 15, 8
MM, 13, 15, 16
MM, 16, 14, 8
MM, 20, 12, 8
MM, 28, 12, 8
MM, 689, 645, 8
MM, 697, 643, 8
MM, 708, 643, 8
MM, 722, 643, 8
MM, 738, 643, 8
MM, 751, 643, 8
MM, 759, 643, 8
MM, 768, 643, 8
MM, 3, 31, 8
MM, 5, 31, 8
MM, 6, 31, 8
MM, 8, 31, 87
MM, 9, 31, 9
MM, 9, 30, 32
MM, 10, 29, 7
MM, 11, 29, 8
MM, 12, 29, 8
MM, 13, 27, 9
MM, 14, 26, 7
MM, 17, 26, 8
MM, 18, 26, 8
MM, 19, 26, 9
MM, 20, 26, 7
MM, 20, 28, 425
