********************************************************************************
LOGGING TIME: 20181027_204019
CLIENT IP: 127.0.0.1
USERNAME: dell
OS: Windows 8.1
**********************************Emotional database********************************************************************************
MM, 30, 10, 1541893259940
MM, 30, 9, 264
MM, 30, 7, 8
MM, 29, 4, 8
MM, 682, 596, 8
MM, 27, 29, 8
MM, 20, 20, 8
MM, 9, 7, 8
MM, 647, 555, 8
MM, 17, 20, 8
MM, 2, 7, 8
MM, 605, 517, 8
MM, 336, 89, 9
MM, 321, 76, 7
MM, 311, 64, 9
MM, 303, 50, 6
MM, 297, 35, 9
MM, 295, 24, 7
MM, 293, 15, 9
MM, 292, 9, 7
MM, 290, 5, 9
MM, 289, 2, 8
MM, 540, 414, 8
MM, 538, 412, 8
MM, 537, 411, 7
MM, 537, 409, 9
MM, 536, 407, 7
MM, 535, 406, 8
MM, 534, 405, 8
MM, 533, 402, 9
MM, 533, 401, 8
MM, 533, 400, 9
MM, 531, 397, 6
MM, 530, 396, 8
MM, 530, 395, 9
MM, 530, 394, 7
MM, 530, 392, 8
MM, 530, 389, 8
MM, 530, 388, 9
MM, 530, 385, 8
MM, 529, 384, 7
MM, 528, 383, 8
MM, 528, 382, 10
MM, 528, 380, 6
MM, 528, 377, 8
MM, 527, 374, 8
MM, 525, 370, 8
MM, 273, 80, 8
MM, 270, 75, 8
MM, 268, 72, 9
MM, 267, 70, 9
MM, 266, 68, 7
MM, 266, 67, 7
MM, 266, 66, 10
MM, 266, 65, 6
MM, 266, 64, 9
MM, 934, 139, 40649
MM, 914, 154, 7
MM, 894, 170, 8
MM, 787, 253, 50
MM, 760, 272, 8
MM, 486, 5, 6
MM, 466, 21, 9
MM, 448, 38, 7
MM, 433, 53, 9
MM, 421, 66, 7
MM, 408, 81, 11
MM, 646, 379, 5
MM, 639, 389, 10
MM, 629, 398, 8
MM, 619, 406, 6
MM, 610, 412, 8
MM, 347, 3, 8
MM, 338, 8, 8
MM, 328, 14, 8
MM, 319, 21, 7
MM, 312, 27, 8
MM, 305, 32, 8
MM, 302, 35, 8
MM, 298, 38, 8
MM, 293, 41, 8
MM, 290, 44, 9
MM, 287, 46, 7
MM, 283, 48, 8
MM, 275, 51, 8
MM, 270, 53, 8
MM, 262, 54, 8
MM, 256, 56, 8
MM, 251, 57, 9
MM, 247, 59, 7
MM, 244, 59, 8
MM, 242, 59, 8
MM, 241, 59, 32
MM, 238, 59, 9
MM, 235, 54, 8
MM, 230, 45, 7
MM, 223, 38, 8
MM, 215, 29, 8
MM, 207, 19, 8
MM, 200, 9, 8
MM, 445, 413, 8
MM, 439, 401, 8
MM, 433, 387, 8
MM, 429, 375, 8
MM, 174, 77, 8
MM, 172, 66, 8
MM, 171, 60, 8
MM, 169, 51, 8
MM, 169, 41, 8
MM, 169, 35, 8
MM, 169, 27, 8
MM, 169, 16, 8
MM, 170, 5, 8
MM, 423, 282, 8
MM, 423, 276, 8
MM, 423, 272, 8
MM, 423, 270, 8
MM, 423, 269, 8
MM, 423, 267, 8
MM, 423, 264, 8
MM, 424, 260, 8
MM, 427, 254, 8
MM, 430, 249, 8
MM, 453, 172, 169
MM, 453, 168, 8
MM, 453, 164, 8
MM, 453, 160, 8
MM, 453, 155, 8
MM, 453, 151, 8
MM, 453, 149, 8
MM, 453, 147, 8
MM, 453, 146, 8
MM, 453, 144, 8
MM, 453, 140, 8
MM, 453, 135, 8
MM, 453, 131, 8
MM, 453, 127, 8
MM, 453, 124, 8
MM, 453, 122, 8
MM, 453, 119, 8
MM, 453, 115, 8
MM, 452, 94, 32
MM, 451, 90, 8
MM, 451, 87, 8
MM, 451, 86, 8
MM, 451, 89, 208
MM, 451, 91, 8
MM, 451, 95, 8
MM, 446, 120, 632
MM, 444, 134, 8
MM, 442, 153, 8
MM, 424, 252, 32
MM, 420, 272, 8
MM, 167, 4, 8
MM, 165, 18, 8
MM, 163, 27, 8
MM, 163, 31, 8
MM, 163, 32, 8
MC, 1, 303
MM, 163, 31, 88
MM, 163, 30, 8
MM, 163, 29, 8
MM, 170, 19, 13633
MM, 456, 262, 8
MM, 535, 153, 8
MM, 933, 275, 424
MM, 924, 323, 8
MM, 918, 369, 8
MM, 915, 419, 8
MM, 912, 464, 8
MM, 910, 491, 8
MM, 910, 507, 8
MM, 910, 511, 8
MM, 911, 511, 48
MM, 914, 513, 8
MM, 916, 514, 8
MM, 916, 515, 64
MM, 916, 516, 8
MM, 916, 517, 7
MM, 916, 518, 8
MM, 916, 520, 9
MM, 916, 521, 8
MM, 918, 522, 8
MM, 918, 527, 7
MM, 915, 540, 9
MM, 904, 559, 7
MM, 875, 591, 8
MM, 58, 22, 8
MM, 764, 678, 9
MM, 690, 715, 7
MM, 104, 726, 138
MM, 101, 721, 6
MM, 98, 719, 8
MM, 97, 717, 8
MM, 97, 715, 8
MM, 97, 711, 8
MM, 97, 708, 8
MM, 97, 704, 8
MM, 103, 695, 8
MM, 108, 686, 8
MM, 114, 677, 8
MM, 120, 665, 8
MM, 124, 653, 8
MM, 125, 645, 8
MM, 127, 633, 8
MM, 131, 622, 8
MM, 135, 610, 8
MM, 137, 599, 8
MM, 138, 590, 8
MM, 142, 579, 8
MM, 144, 570, 8
MM, 144, 566, 8
MM, 144, 563, 8
MM, 144, 562, 8
MM, 144, 561, 9
MM, 147, 558, 8
MM, 151, 554, 8
MM, 160, 548, 8
MM, 177, 540, 8
MM, 197, 529, 8
MM, 222, 520, 8
MM, 249, 511, 8
MM, 23, 89, 8
MM, 45, 82, 8
MM, 59, 78, 8
MM, 67, 77, 8
MM, 77, 73, 8
MM, 81, 72, 8
MM, 83, 72, 8
MM, 85, 72, 8
MM, 87, 72, 32
MM, 95, 72, 8
MM, 112, 76, 8
MM, 131, 81, 8
MM, 155, 87, 8
MM, 431, 507, 8
MM, 447, 507, 8
MM, 458, 507, 8
MM, 462, 507, 10
MM, 463, 507, 6
MM, 463, 508, 48
MM, 462, 509, 8
MM, 462, 510, 8
MM, 460, 513, 8
MM, 459, 515, 8
MM, 458, 518, 8
MM, 455, 521, 8
MM, 452, 522, 8
MM, 451, 522, 8
MM, 451, 523, 8
MM, 451, 525, 8
MM, 450, 525, 207
MM, 32, 3, 8
MM, 23, 6, 8
MM, 12, 10, 8
MM, 0, 14, 8
MM, 408, 540, 8
MM, 32, 20, 8
MM, 29, 21, 8
MM, 28, 21, 8
MM, 31, 21, 209
MM, 408, 541, 8
MM, 1, 15, 8
MM, 7, 12, 8
MM, 12, 10, 8
MM, 14, 9, 8
MM, 15, 8, 8
MM, 14, 8, 384
MM, 6, 8, 8
MM, 412, 531, 7
MM, 31, 8, 8
MM, 25, 8, 9
MM, 20, 8, 7
MM, 16, 10, 8
MM, 15, 10, 8
MM, 12, 10, 56
MM, 6, 10, 8
MM, 371, 533, 8
MM, 331, 537, 49
MM, 329, 539, 7
MM, 327, 539, 8
MM, 326, 539, 8
MM, 328, 538, 212
MM, 329, 538, 5
MM, 330, 538, 8
MM, 331, 538, 80
MM, 332, 538, 8
MM, 335, 536, 8
MM, 6, 9, 344
MM, 17, 10, 8
MM, 28, 14, 7
MM, 413, 541, 9
MM, 10, 22, 8
MM, 24, 26, 8
MM, 452, 553, 8
MM, 464, 556, 7
MM, 470, 558, 8
MM, 20, 0, 8
MM, 25, 1, 9
MM, 27, 1, 7
MM, 30, 1, 8
MM, 490, 562, 8
MM, 1, 4, 8
MM, 5, 5, 8
MM, 13, 9, 8
MM, 28, 15, 8
MM, 8, 21, 9
MM, 24, 28, 7
MM, 575, 596, 8
MM, 16, 6, 8
MM, 614, 609, 8
MM, 13, 21, 8
MM, 29, 27, 8
MM, 654, 627, 8
MM, 658, 630, 8
MM, 661, 632, 8
MM, 661, 633, 120
MM, 9, 0, 8
MM, 9, 1, 48
MM, 9, 2, 8
MM, 9, 3, 8
MM, 7, 4, 8
MM, 2, 6, 8
MM, 650, 643, 8
MM, 647, 646, 8
MM, 646, 647, 8
MM, 30, 14, 8
MM, 28, 15, 8
MM, 29, 15, 337
MM, 647, 649, 8
MM, 0, 15, 8
MM, 4, 15, 8
MM, 7, 13, 8
MM, 8, 12, 8
MM, 10, 11, 8
MM, 12, 11, 8
MM, 13, 10, 7
MM, 14, 9, 8
MM, 15, 8, 9
MM, 16, 6, 7
MC, 1, 264
MM, 15, 5, 97
MM, 4, 0, 8
MM, 21, 24, 8
MM, 1, 8, 8
MM, 29, 30, 8
MM, 16, 17, 8
MM, 11, 10, 8
MM, 10, 8, 8
MM, 569, 570, 248
MM, 16, 14, 8
MM, 21, 27, 8
MM, 458, 614, 8
MM, 3, 1, 7
MM, 11, 17, 9
MM, 28, 26, 7
MM, 14, 27, 8
MM, 10, 27, 8
MM, 9, 27, 216
MM, 6, 27, 16
MM, 2, 27, 8
MM, 0, 27, 8
MM, 328, 661, 8
MM, 324, 662, 8
MM, 319, 663, 8
MM, 316, 665, 8
MM, 313, 669, 8
MM, 309, 674, 8
MM, 306, 678, 8
MM, 304, 683, 8
MM, 303, 685, 8
MM, 303, 686, 8
MM, 303, 688, 8
MM, 303, 689, 8
MM, 303, 690, 40
MM, 307, 691, 8
MM, 315, 691, 8
MM, 329, 691, 8
MM, 345, 691, 8
MM, 363, 690, 8
MM, 385, 684, 8
MM, 7, 4, 8
MM, 24, 0, 9
MM, 435, 669, 8
MM, 440, 667, 8
MM, 441, 667, 24
MM, 442, 667, 8
MM, 439, 667, 80
MM, 435, 667, 8
MM, 429, 667, 8
MM, 423, 667, 8
MM, 417, 668, 8
MM, 411, 669, 8
MM, 408, 669, 8
MM, 407, 669, 40
MM, 410, 669, 32
MM, 414, 666, 8
MM, 8, 28, 8
MM, 13, 23, 8
MM, 20, 20, 8
MM, 26, 16, 8
MM, 33, 13, 8
MM, 448, 644, 8
MM, 6, 6, 8
MM, 12, 5, 8
MM, 18, 3, 8
MM, 23, 2, 8
MM, 25, 2, 8
MM, 28, 2, 8
MM, 31, 1, 8
MM, 482, 633, 7
MM, 483, 633, 9
MM, 485, 633, 7
MM, 487, 632, 10
MM, 488, 631, 7
MM, 489, 631, 63
MM, 491, 631, 8
MM, 492, 631, 8
MM, 494, 632, 8
MM, 498, 632, 9
MM, 501, 632, 8
MM, 504, 632, 7
MM, 508, 632, 8
MM, 510, 632, 8
MM, 515, 632, 8
MM, 521, 632, 8
MM, 527, 630, 8
MM, 533, 629, 8
MM, 2, 28, 8
MM, 11, 24, 8
MM, 18, 21, 8
MM, 27, 17, 8
MM, 33, 14, 8
MM, 576, 610, 8
MM, 577, 610, 9
MM, 576, 610, 183
MM, 575, 610, 233
MM, 34, 13, 8
MM, 33, 13, 88
MM, 32, 13, 8
MM, 29, 13, 10
MM, 25, 13, 6
MM, 24, 13, 8
MC, 1, 216
MM, 23, 13, 15
MM, 19, 13, 8
MM, 13, 13, 9
MM, 5, 13, 7
MM, 534, 611, 8
MM, 21, 18, 8
MM, 7, 20, 8
MM, 495, 618, 8
MM, 24, 23, 8
MM, 18, 23, 8
MM, 14, 23, 9
MM, 9, 25, 7
MM, 5, 26, 8
MM, 4, 26, 8
MM, 3, 26, 9
MM, 1, 26, 7
MM, 0, 26, 57
MM, 461, 623, 8
MM, 459, 623, 8
MM, 456, 623, 7
MM, 34, 26, 8
MM, 33, 26, 8
MM, 32, 26, 48
MM, 29, 26, 8
MM, 25, 26, 8
MM, 19, 24, 9
MM, 13, 24, 7
MM, 7, 23, 8
MM, 2, 21, 8
MM, 0, 21, 8
MM, 420, 618, 8
MM, 418, 618, 104
MM, 416, 618, 8
MM, 415, 618, 8
MM, 34, 21, 8
MM, 33, 21, 8
MM, 31, 21, 40
MM, 28, 21, 8
MM, 23, 21, 8
MM, 19, 21, 8
MM, 15, 21, 8
MM, 11, 21, 8
MM, 8, 21, 8
MM, 8, 20, 32
MM, 8, 19, 9
MM, 8, 18, 16
MM, 8, 17, 8
MM, 7, 17, 40
MM, 6, 17, 8
MM, 3, 15, 8
MM, 379, 611, 8
MM, 375, 611, 8
MM, 31, 14, 8
MM, 29, 14, 8
MM, 28, 14, 8
MM, 28, 13, 56
MM, 28, 12, 8
MM, 26, 12, 16
MM, 25, 10, 8
MM, 24, 9, 8
MM, 23, 9, 8
MC, 1, 263
MM, 23, 8, 64
MM, 23, 6, 9
MM, 23, 5, 7
MM, 23, 3, 8
MM, 23, 2, 8
MM, 24, 1, 9
MM, 24, 0, 7
MM, 25, 0, 8
MM, 27, 0, 8
MM, 366, 596, 9
MM, 366, 595, 7
MM, 367, 594, 33
MM, 368, 592, 7
MM, 368, 591, 136
MM, 368, 590, 8
MM, 368, 589, 8
MM, 369, 588, 8
MM, 370, 587, 8
MM, 371, 584, 8
MM, 2, 21, 8
MM, 5, 19, 8
MM, 6, 17, 8
MM, 7, 16, 8
MM, 8, 15, 8
MM, 8, 15, 305
MM, 5, 16, 7
MM, 2, 20, 8
MM, 371, 585, 8
MM, 370, 587, 8
MM, 369, 588, 9
MM, 368, 590, 7
MM, 368, 591, 8
MM, 368, 592, 8
MM, 367, 593, 9
MM, 366, 593, 7
MM, 364, 594, 8
MM, 363, 595, 8
MM, 363, 596, 160
MM, 24, 0, 8
MM, 23, 0, 72
MM, 22, 0, 8
MM, 22, 2, 8
MM, 22, 3, 8
MM, 22, 4, 9
MM, 22, 5, 8
MM, 24, 5, 344
MM, 27, 5, 8
MM, 30, 3, 7
MM, 34, 3, 8
MM, 379, 599, 8
MM, 3, 0, 8
MM, 8, 0, 8
MM, 12, 0, 8
MM, 395, 596, 8
MM, 397, 595, 9
MM, 402, 595, 8
MM, 406, 595, 7
MM, 412, 595, 8
MM, 420, 593, 8
MM, 429, 591, 8
MM, 25, 29, 8
MM, 451, 588, 8
MM, 6, 28, 8
MM, 15, 26, 8
MM, 21, 24, 8
MM, 24, 24, 8
MM, 25, 24, 8
MM, 27, 24, 8
MM, 30, 24, 8
MM, 488, 584, 11
MM, 0, 24, 5
MM, 8, 24, 8
MM, 14, 24, 9
MM, 20, 24, 8
MM, 24, 24, 8
MM, 27, 23, 8
MM, 28, 22, 8
MM, 29, 22, 8
MM, 525, 582, 8
MM, 526, 582, 16
MM, 528, 582, 8
MM, 0, 22, 8
MM, 6, 22, 8
MM, 14, 20, 8
MM, 18, 19, 8
MM, 21, 19, 8
MM, 22, 19, 8
MM, 23, 19, 72
MM, 24, 19, 8
MM, 25, 19, 8
MM, 28, 19, 8
MM, 30, 19, 8
MM, 566, 579, 8
MM, 0, 19, 8
MM, 3, 19, 8
MM, 5, 19, 8
MM, 6, 19, 8
MM, 7, 19, 8
MM, 8, 19, 8
MM, 10, 19, 32
MM, 12, 19, 8
MM, 15, 19, 8
MM, 17, 19, 8
MM, 21, 19, 8
MM, 26, 19, 8
MM, 30, 19, 8
MM, 34, 19, 8
MM, 605, 579, 8
MM, 607, 579, 8
MM, 609, 579, 8
MM, 610, 579, 8
MM, 0, 19, 8
MM, 3, 19, 8
MM, 5, 19, 8
MM, 8, 19, 8
MM, 9, 19, 8
MM, 10, 18, 8
MM, 11, 16, 8
MM, 12, 16, 79
MM, 13, 16, 8
MM, 15, 16, 8
MM, 16, 16, 9
MM, 17, 16, 8
MM, 18, 16, 7
MC, 2, 360
MM, 16, 16, 49
MM, 12, 16, 8
MM, 9, 17, 8
MM, 6, 20, 8
MM, 2, 23, 8
MM, 607, 586, 8
MM, 32, 30, 8
MM, 16, 0, 8
MM, 11, 5, 8
MM, 6, 10, 8
MM, 580, 614, 8
MM, 33, 22, 8
MM, 26, 27, 8
MM, 559, 630, 8
MM, 26, 0, 8
MM, 23, 5, 8
MM, 18, 8, 8
MM, 14, 11, 8
MM, 11, 13, 8
MM, 8, 15, 8
MM, 5, 16, 8
MM, 3, 19, 8
MM, 1, 22, 8
MM, 0, 25, 8
MM, 526, 661, 8
MM, 523, 664, 8
MM, 520, 666, 8
MM, 519, 667, 8
MM, 518, 668, 8
MM, 517, 668, 8
MM, 517, 669, 8
MM, 516, 670, 8
MM, 515, 670, 8
MM, 114, 0, 16
MM, 113, 1, 8
MM, 111, 1, 160
MM, 110, 3, 8
MM, 109, 4, 8
MM, 107, 5, 8
MM, 104, 8, 8
MM, 101, 9, 8
MM, 98, 11, 8
MM, 95, 13, 7
MM, 93, 16, 8
MM, 90, 18, 8
MM, 89, 18, 9
MC, 1, 191
MM, 89, 17, 16
MM, 90, 15, 8
MM, 95, 10, 8
MM, 100, 6, 9
MM, 106, 0, 7
MM, 511, 667, 8
MM, 26, 30, 8
MM, 31, 25, 8
MM, 34, 21, 8
MM, 523, 652, 8
MM, 526, 649, 8
MM, 528, 648, 8
MM, 1, 14, 8
MM, 1, 13, 8
MM, 2, 12, 8
MM, 4, 12, 8
MM, 7, 10, 8
MM, 10, 9, 8
MM, 12, 9, 9
MM, 13, 9, 8
MM, 13, 8, 144
MM, 13, 5, 8
MM, 15, 3, 7
MM, 16, 0, 9
MM, 546, 631, 8
MM, 548, 628, 8
MM, 8, 29, 7
MM, 8, 26, 9
MM, 8, 24, 8
MM, 8, 23, 7
MM, 8, 21, 64
MM, 8, 20, 8
MM, 8, 19, 16
MM, 8, 18, 8
MC, 1, 160
MM, 4, 18, 48
MM, 536, 615, 8
MM, 26, 18, 8
MM, 17, 19, 8
MM, 11, 20, 8
MM, 5, 20, 8
MM, 3, 20, 8
MM, 0, 20, 8
MM, 493, 619, 8
MM, 28, 23, 8
MM, 22, 23, 8
MM, 14, 23, 9
MM, 8, 25, 7
MM, 459, 624, 8
MM, 30, 27, 8
MM, 21, 27, 8
MM, 15, 27, 8
MM, 13, 27, 8
MM, 12, 27, 8
MM, 9, 27, 8
MM, 7, 27, 8
MM, 4, 27, 9
MM, 0, 27, 8
MM, 417, 624, 8
MM, 29, 27, 8
MM, 20, 27, 8
MM, 14, 28, 8
MM, 10, 30, 8
MM, 7, 30, 8
MM, 6, 30, 8
MM, 5, 30, 8
MM, 4, 30, 8
MM, 1, 30, 8
MM, 377, 627, 8
MM, 375, 627, 8
MM, 33, 30, 8
MM, 32, 30, 8
MM, 31, 30, 8
MM, 30, 30, 8
MM, 28, 30, 48
MM, 27, 30, 8
MM, 26, 30, 8
MM, 25, 30, 8
MM, 24, 30, 48
MM, 23, 30, 8
MM, 22, 30, 16
MM, 20, 28, 8
MM, 19, 28, 8
MM, 18, 28, 8
MM, 18, 27, 8
MM, 18, 26, 8
MC, 1, 223
MM, 20, 26, 41
MM, 24, 26, 7
MM, 26, 26, 8
MM, 29, 26, 8
MM, 32, 26, 8
MM, 34, 26, 9
MM, 376, 623, 7
MM, 377, 623, 8
MM, 378, 623, 8
MM, 0, 26, 8
MM, 3, 26, 8
MM, 5, 26, 8
MM, 7, 26, 8
MM, 8, 26, 8
MM, 9, 26, 8
MM, 10, 26, 8
MM, 11, 26, 8
MM, 12, 26, 8
MM, 13, 26, 8
MM, 13, 25, 8
MM, 15, 24, 8
MM, 16, 24, 8
MM, 17, 24, 144
MM, 19, 24, 137
MM, 20, 24, 8
MM, 21, 24, 8
MM, 24, 25, 8
MM, 25, 26, 8
MM, 26, 29, 8
MM, 409, 629, 8
MM, 410, 630, 8
MM, 411, 631, 8
MM, 5, 1, 8
MM, 7, 5, 8
MM, 8, 10, 8
MM, 11, 14, 8
MM, 14, 17, 8
MM, 17, 20, 8
MM, 19, 21, 8
MM, 21, 22, 8
MM, 22, 24, 7
MM, 23, 24, 9
MM, 24, 24, 136
MM, 26, 25, 8
MM, 28, 26, 7
MM, 29, 26, 16
MM, 30, 26, 8
MM, 30, 27, 40
MM, 31, 28, 8
MM, 444, 664, 8
MM, 448, 667, 9
MM, 451, 669, 7
MM, 54, 0, 8
MM, 57, 1, 8
MM, 60, 4, 9
MM, 61, 5, 7
MM, 61, 6, 8
MM, 62, 7, 8
MM, 63, 7, 9
MM, 64, 8, 7
MM, 65, 10, 8
MM, 66, 10, 104
MM, 68, 10, 8
MC, 1, 153
MM, 68, 9, 24
MM, 69, 6, 8
MM, 470, 670, 8
MM, 21, 28, 8
MM, 21, 22, 8
MM, 21, 18, 8
MM, 21, 12, 8
MM, 21, 6, 8
MM, 21, 0, 8
MM, 470, 630, 8
MM, 8, 28, 8
MM, 8, 26, 8
MM, 8, 25, 8
MM, 8, 22, 8
MM, 8, 20, 8
MM, 8, 17, 8
MM, 8, 16, 8
MM, 8, 15, 8
MM, 8, 14, 8
MM, 8, 13, 16
MM, 8, 12, 8
MM, 8, 10, 8
MM, 8, 8, 8
MM, 8, 5, 8
MM, 8, 3, 8
MM, 8, 0, 8
MM, 470, 595, 8
MM, 470, 592, 8
MM, 470, 591, 8
MM, 14, 30, 24
MM, 14, 29, 9
MM, 16, 28, 15
MM, 17, 26, 8
MM, 18, 25, 16
MM, 20, 24, 8
MM, 23, 24, 8
MM, 26, 23, 8
MM, 28, 21, 8
MM, 489, 581, 7
MM, 491, 581, 8
MM, 492, 580, 8
MM, 493, 579, 9
MP, 1, 231
MR, 1, 64
MC, 1, 0
MM, 1, 19, 8
MM, 2, 19, 8
MM, 4, 19, 8
MM, 7, 19, 8
MM, 8, 18, 8
MM, 9, 17, 8
MM, 10, 17, 264
MM, 11, 17, 8
MM, 14, 18, 129
MM, 15, 18, 40
MM, 16, 18, 8
MM, 17, 19, 8
MM, 19, 20, 8
MM, 22, 22, 8
MM, 24, 25, 8
MM, 25, 27, 8
MM, 28, 30, 8
MM, 525, 593, 8
MM, 526, 594, 8
MM, 527, 595, 8
MM, 528, 596, 8
MM, 30, 1, 8
MM, 31, 3, 8
MM, 33, 4, 8
MM, 534, 601, 8
MM, 535, 601, 8
MM, 535, 602, 96
MM, 535, 603, 8
MM, 536, 605, 8
MM, 537, 606, 8
MM, 538, 606, 32
MM, 0, 9, 8
MM, 0, 10, 8
MM, 0, 11, 8
MM, 1, 12, 128
MM, 3, 13, 7
MM, 6, 13, 9
MM, 7, 15, 7
MM, 7, 16, 9
MM, 8, 16, 8
MM, 9, 16, 8
MC, 1, 239
MM, 4, 16, 32
MM, 536, 613, 8
MM, 26, 16, 8
MM, 12, 15, 8
MM, 1, 11, 8
MM, 24, 7, 8
MM, 10, 3, 8
MM, 460, 596, 8
MM, 451, 592, 8
MM, 29, 29, 8
MM, 25, 28, 8
MM, 21, 28, 8
MM, 18, 26, 9
MM, 17, 25, 7
MM, 14, 24, 8
MM, 12, 23, 8
MM, 7, 23, 8
MM, 5, 21, 8
MM, 2, 20, 8
MM, 414, 580, 8
MM, 413, 580, 9
MM, 412, 580, 7
MM, 411, 580, 8
MM, 410, 580, 8
MM, 411, 580, 201
MM, 414, 580, 8
MM, 1, 20, 8
MM, 2, 20, 240
MM, 3, 20, 8
MM, 9, 21, 120
MM, 12, 22, 8
MM, 14, 24, 7
MM, 15, 25, 9
MM, 17, 27, 7
MM, 18, 30, 8
MM, 434, 593, 9
MM, 15, 0, 8
MM, 15, 4, 8
MM, 15, 7, 7
MM, 16, 11, 8
MM, 18, 18, 8
MM, 18, 22, 9
MM, 18, 24, 7
MM, 18, 27, 8
MM, 18, 29, 8
MM, 439, 629, 8
MM, 440, 630, 8
MM, 441, 631, 8
MM, 441, 632, 8
MM, 32, 0, 9
MM, 32, 1, 7
MM, 33, 2, 8
MM, 444, 638, 8
MM, 444, 641, 8
MM, 444, 642, 8
MM, 444, 643, 8
MM, 444, 646, 8
MM, 445, 647, 8
MM, 446, 648, 8
MM, 446, 649, 8
MM, 446, 650, 8
MM, 447, 651, 8
MM, 448, 652, 8
MM, 448, 654, 8
MM, 448, 655, 8
MM, 448, 657, 8
MM, 0, 26, 8
MM, 2, 29, 8
MM, 451, 665, 8
MM, 452, 668, 8
MM, 55, 0, 8
MM, 56, 2, 8
MM, 58, 5, 8
MM, 59, 6, 8
MM, 60, 7, 8
MM, 61, 9, 8
MM, 61, 10, 24
MM, 62, 11, 8
MM, 63, 11, 8
MC, 1, 241
MM, 72, 9, 16
MM, 80, 1, 8
MM, 489, 667, 8
MM, 10, 27, 8
MM, 17, 20, 8
MM, 25, 13, 8
MM, 29, 8, 8
MM, 33, 2, 8
MM, 27, 29, 8
MM, 32, 22, 8
MM, 537, 612, 8
MM, 1, 11, 8
MM, 4, 8, 7
MM, 7, 5, 8
MM, 10, 4, 8
MM, 12, 2, 9
MM, 559, 596, 7
MM, 568, 592, 8
MM, 4, 29, 8
MM, 11, 26, 9
MM, 18, 23, 7
MM, 22, 20, 8
MM, 27, 17, 8
MM, 29, 15, 9
MM, 31, 12, 7
MM, 32, 10, 9
MM, 33, 9, 7
MM, 34, 7, 8
MM, 605, 567, 104
MM, 608, 567, 8
MM, 1, 8, 8
MM, 6, 9, 8
MM, 14, 11, 8
MM, 20, 13, 8
MM, 23, 14, 8
MM, 27, 17, 8
MM, 28, 18, 8
MM, 642, 578, 8
MM, 644, 578, 8
MM, 646, 578, 128
MM, 647, 578, 8
MM, 0, 18, 49
MM, 1, 18, 8
MM, 2, 18, 8
MM, 5, 18, 8
MM, 6, 18, 8
MM, 7, 18, 8
MM, 8, 18, 8
MM, 9, 18, 8
MM, 10, 18, 8
MM, 11, 18, 8
MM, 12, 18, 8
MM, 14, 18, 8
MM, 15, 18, 8
MM, 2, 25, 208
MM, 25, 29, 8
MM, 622, 593, 8
MM, 29, 2, 8
MM, 18, 8, 8
MM, 9, 11, 8
MM, 0, 15, 7
MM, 34, 17, 8
MM, 30, 18, 9
MM, 24, 21, 8
MM, 19, 23, 7
MM, 15, 24, 9
MM, 10, 27, 8
MM, 7, 30, 8
MM, 546, 630, 8
MM, 546, 632, 7
MM, 546, 633, 8
MM, 545, 633, 17
MM, 544, 633, 7
MM, 14, 1, 8
MM, 13, 2, 8
MM, 13, 3, 8
MM, 13, 4, 8
MM, 13, 5, 80
MM, 13, 6, 8
MC, 1, 257
MM, 14, 6, 8
MM, 32, 0, 16
MM, 567, 629, 8
MM, 34, 29, 8
MM, 0, 25, 8
MM, 6, 22, 8
MM, 11, 19, 8
MM, 13, 18, 8
MM, 16, 16, 8
MM, 19, 15, 8
MM, 23, 13, 8
MM, 28, 10, 8
MM, 613, 606, 8
MM, 0, 7, 8
MM, 2, 6, 8
MM, 5, 6, 7
MM, 7, 6, 9
MM, 10, 6, 8
MM, 13, 6, 8
MM, 17, 5, 8
MM, 21, 3, 8
MM, 26, 3, 7
MM, 32, 3, 8
MM, 654, 600, 8
MM, 656, 600, 9
MM, 1, 3, 7
MM, 4, 3, 8
MM, 5, 3, 8
MM, 6, 3, 8
MM, 7, 3, 8
MM, 8, 3, 120
MM, 9, 3, 8
MM, 9, 4, 80
MM, 9, 6, 8
MM, 9, 7, 8
MM, 9, 8, 24
MM, 9, 9, 8
MM, 22, 9, 193
MM, 6, 8, 8
MM, 29, 4, 8
MM, 15, 0, 8
MM, 589, 594, 8
MM, 585, 591, 8
MM, 10, 28, 8
MM, 8, 26, 8
MM, 5, 25, 8
MM, 2, 22, 8
MM, 569, 581, 8
MM, 568, 581, 8
MM, 568, 580, 8
MM, 568, 578, 8
MM, 567, 578, 40
MM, 566, 578, 8
MM, 564, 578, 8
MM, 28, 18, 8
MM, 26, 18, 8
MM, 23, 18, 8
MM, 22, 18, 8
MM, 21, 17, 72
MM, 18, 16, 8
MM, 17, 15, 8
MM, 16, 12, 8
MM, 13, 11, 8
MM, 12, 11, 8
MM, 11, 10, 8
MM, 10, 9, 8
MC, 1, 208
MM, 10, 11, 64
MM, 11, 14, 8
MM, 11, 17, 8
MM, 13, 19, 8
MM, 14, 22, 10
MM, 14, 25, 6
MM, 14, 27, 8
MM, 545, 592, 7
MM, 5, 1, 8
MM, 5, 7, 8
MM, 5, 13, 8
MM, 3, 21, 8
MM, 539, 627, 8
MM, 7, 0, 8
MM, 4, 7, 8
MM, 0, 13, 8
MM, 526, 652, 8
MM, 34, 22, 8
MM, 31, 27, 8
MM, 28, 28, 8
MM, 27, 29, 8
MM, 27, 30, 8
MM, 514, 666, 16
MM, 513, 667, 8
MM, 513, 668, 16
MM, 513, 669, 8
MM, 513, 670, 8
MM, 111, 2, 8
MM, 110, 5, 16
MC, 1, 345
MM, 110, 1, 24
MM, 509, 666, 8
MM, 19, 26, 8
MM, 19, 22, 8
MM, 19, 19, 8
MM, 19, 15, 8
MM, 19, 11, 8
MM, 19, 8, 8
MM, 21, 5, 8
MM, 21, 3, 8
MM, 22, 0, 8
MM, 511, 631, 8
MM, 511, 630, 8
MM, 513, 630, 40
MM, 514, 629, 8
MM, 16, 30, 8
MM, 17, 27, 8
MM, 19, 26, 8
MM, 20, 25, 8
MM, 20, 23, 8
MM, 21, 22, 16
MM, 23, 21, 8
MM, 26, 20, 8
MM, 30, 18, 8
MM, 535, 615, 8
MM, 0, 18, 8
MM, 4, 17, 8
MM, 7, 15, 8
MM, 9, 15, 8
MM, 12, 15, 8
MM, 13, 14, 8
MM, 14, 13, 8
MM, 14, 12, 48
MM, 14, 9, 8
MM, 14, 5, 8
MM, 551, 596, 8
MM, 16, 29, 8
MM, 11, 22, 8
MM, 6, 18, 8
MM, 4, 15, 8
MM, 1, 13, 8
MM, 529, 572, 8
MM, 528, 571, 7
MM, 527, 571, 9
MM, 29, 10, 7
MM, 26, 8, 9
MM, 22, 8, 8
MM, 14, 8, 8
MM, 10, 8, 7
MM, 4, 8, 9
MM, 493, 568, 8
MM, 492, 568, 7
MM, 488, 568, 8
MM, 30, 8, 8
MM, 29, 8, 9
MM, 28, 8, 7
MM, 26, 8, 144
MM, 25, 8, 8
MM, 24, 8, 8
MM, 23, 9, 8
MM, 7, 12, 249
MM, 23, 12, 8
MM, 2, 12, 8
MM, 19, 12, 8
MM, 29, 12, 8
MM, 4, 12, 8
MM, 17, 12, 8
MM, 28, 12, 8
MM, 606, 572, 8
MM, 4, 12, 8
MM, 8, 12, 8
MM, 11, 12, 8
MM, 13, 10, 8
MM, 16, 10, 8
MM, 20, 10, 8
MM, 21, 10, 8
MM, 24, 10, 8
MM, 26, 10, 8
MM, 27, 10, 288
MM, 29, 10, 7
MM, 642, 570, 9
MM, 645, 570, 7
MM, 646, 570, 41
MM, 0, 10, 7
MM, 3, 10, 9
MM, 5, 10, 7
MM, 6, 10, 8
MM, 7, 10, 9
MM, 10, 10, 7
MM, 11, 10, 8
MM, 12, 10, 192
MM, 13, 10, 8
MM, 14, 10, 16
MM, 15, 10, 88
MM, 13, 10, 8
MM, 5, 10, 8
MM, 645, 570, 8
MM, 26, 10, 8
MM, 10, 10, 8
MM, 607, 570, 8
MM, 29, 10, 8
MM, 21, 10, 8
MM, 16, 10, 8
MM, 14, 10, 8
MM, 11, 10, 8
MM, 7, 10, 8
MM, 3, 10, 8
MM, 1, 10, 9
MM, 0, 10, 8
MM, 569, 570, 8
MM, 568, 570, 8
MM, 564, 570, 8
MM, 29, 10, 8
MM, 25, 10, 8
MM, 20, 10, 8
MM, 16, 10, 8
MM, 12, 10, 8
MM, 9, 10, 8
MM, 5, 10, 8
MM, 4, 10, 8
MM, 3, 10, 8
MM, 2, 10, 8
MC, 1, 192
MM, 1, 10, 72
MM, 528, 570, 8
MM, 27, 12, 8
MM, 19, 14, 8
MM, 5, 20, 8
MM, 28, 26, 8
MM, 17, 30, 8
MM, 461, 594, 8
MM, 29, 0, 8
MM, 20, 4, 8
MM, 8, 8, 8
MM, 418, 607, 8
MM, 30, 10, 8
MM, 21, 12, 8
MM, 12, 13, 8
MM, 6, 13, 8
MM, 2, 13, 8
MM, 378, 610, 8
MM, 33, 13, 8
MM, 25, 13, 8
MM, 17, 13, 8
MM, 8, 13, 8
MM, 2, 15, 8
MM, 337, 613, 8
MM, 334, 613, 8
MM, 333, 613, 8
MM, 57, 16, 48
MM, 53, 16, 8
MM, 49, 16, 8
MM, 46, 16, 8
MM, 45, 16, 7
MM, 46, 16, 136
MM, 52, 16, 8
MM, 335, 613, 8
MM, 7, 16, 8
MM, 13, 16, 8
MM, 18, 16, 8
MM, 20, 16, 8
MM, 21, 16, 16
MM, 22, 15, 8
MM, 29, 15, 328
MM, 4, 15, 16
MM, 12, 15, 8
MM, 21, 15, 8
MM, 29, 15, 8
MM, 417, 612, 8
MM, 10, 15, 8
MM, 23, 15, 8
MM, 457, 612, 8
MM, 9, 15, 8
MM, 20, 13, 8
MM, 496, 608, 8
MM, 10, 11, 8
MM, 24, 11, 8
MM, 1, 11, 8
MM, 20, 11, 8
MM, 1, 12, 8
MM, 25, 15, 8
MM, 12, 17, 8
MM, 33, 21, 8
MM, 5, 23, 8
MM, 9, 23, 8
MM, 10, 23, 8
MM, 11, 23, 73
MM, 12, 23, 8
MM, 13, 22, 16
MM, 15, 20, 8
MM, 15, 19, 8
MM, 16, 19, 8
MM, 17, 19, 8
MM, 17, 18, 16
MM, 17, 17, 8
MM, 18, 16, 8
MM, 20, 15, 8
MM, 22, 14, 8
MM, 23, 12, 8
MM, 24, 12, 8
MC, 1, 208
MM, 13, 16, 16
MM, 32, 24, 16
MM, 20, 27, 8
MM, 627, 628, 8
MM, 620, 632, 8
MM, 614, 633, 8
MM, 35, 1, 8
MM, 29, 2, 8
MM, 23, 4, 8
MM, 17, 7, 8
MM, 12, 10, 8
MM, 9, 13, 8
MM, 6, 16, 8
MM, 4, 17, 8
MM, 1, 19, 8
MM, 568, 655, 8
MM, 567, 657, 8
MM, 567, 658, 175
MM, 567, 659, 9
MM, 566, 660, 7
MM, 564, 663, 9
MM, 563, 665, 7
MM, 560, 668, 8
MM, 159, 0, 8
MM, 158, 1, 8
MM, 155, 2, 8
MM, 154, 3, 9
MM, 153, 5, 31
MM, 152, 6, 8
MM, 151, 7, 8
MM, 148, 8, 8
MM, 145, 9, 8
MM, 143, 11, 8
MM, 140, 12, 8
MM, 137, 15, 8
MM, 136, 18, 8
MM, 134, 20, 8
MM, 133, 22, 8
MC, 1, 192
MM, 135, 21, 8
MM, 148, 15, 16
MM, 155, 10, 8
MM, 161, 6, 8
MM, 568, 676, 8
MM, 572, 673, 8
MM, 575, 670, 8
MM, 579, 667, 8
MM, 14, 30, 10
MM, 18, 27, 6
MM, 25, 22, 8
MM, 32, 17, 8
MM, 38, 14, 8
MM, 0, 12, 8
MM, 6, 10, 8
MM, 10, 7, 8
MM, 15, 4, 8
MM, 19, 3, 8
MM, 24, 2, 8
MM, 645, 632, 8
MM, 649, 629, 8
MM, 654, 626, 8
MM, 2, 28, 8
MM, 8, 26, 8
MM, 15, 23, 8
MM, 19, 20, 8
MM, 22, 19, 8
MM, 23, 19, 8
MM, 24, 17, 8
MM, 25, 16, 8
MM, 28, 16, 24
MM, 690, 613, 8
MM, 693, 612, 8
MM, 697, 611, 8
MM, 700, 609, 8
MM, 703, 608, 8
MM, 705, 608, 8
MM, 706, 607, 8
MM, 708, 606, 8
MM, 709, 606, 9
MM, 711, 604, 8
MM, 713, 602, 8
MM, 714, 600, 8
MM, 716, 599, 8
MM, 717, 598, 8
MM, 718, 597, 8
MM, 721, 596, 8
MM, 722, 596, 8
MM, 722, 594, 16
MM, 722, 593, 8
MM, 722, 592, 16
MM, 33, 30, 8
MM, 33, 29, 8
MM, 33, 28, 8
MM, 33, 25, 8
MM, 33, 23, 8
MM, 33, 20, 8
MM, 32, 19, 8
MM, 32, 18, 8
MM, 32, 16, 8
MM, 30, 15, 8
MM, 29, 14, 8
MC, 1, 312
MM, 28, 14, 96
MM, 27, 14, 8
MM, 26, 14, 8
MM, 24, 14, 8
MM, 21, 14, 8
MM, 18, 14, 8
MM, 17, 14, 8
MM, 16, 14, 8
MM, 15, 14, 7
MM, 14, 14, 8
MM, 13, 14, 8
MM, 12, 14, 8
MM, 8, 16, 8
MM, 3, 16, 9
MM, 686, 577, 7
MM, 29, 21, 8
MM, 20, 24, 8
MM, 11, 28, 8
MM, 5, 29, 8
MM, 647, 591, 8
MM, 640, 594, 8
MM, 631, 596, 8
MM, 5, 1, 8
MM, 30, 5, 8
MM, 19, 6, 8
MM, 8, 8, 8
MM, 575, 609, 8
MM, 23, 16, 8
MM, 15, 18, 9
MM, 8, 20, 7
MM, 2, 21, 8
MM, 536, 618, 8
MM, 33, 21, 8
MM, 29, 21, 8
MM, 23, 23, 8
MM, 16, 24, 8
MM, 10, 24, 8
MM, 6, 24, 8
MM, 2, 26, 8
MM, 496, 624, 8
MM, 30, 27, 8
MM, 26, 29, 8
MM, 21, 30, 8
MM, 19, 30, 8
MM, 480, 628, 8
MM, 477, 629, 8
MM, 475, 629, 8
MM, 472, 629, 8
MM, 468, 629, 8
MM, 463, 629, 8
MM, 459, 629, 8
MM, 455, 631, 8
MM, 452, 632, 8
MM, 451, 632, 8
MM, 450, 632, 16
MM, 447, 632, 8
MM, 445, 632, 8
MM, 441, 632, 8
MM, 436, 632, 8
MM, 434, 632, 8
MM, 429, 632, 8
MM, 427, 632, 8
MM, 426, 632, 8
MM, 425, 632, 8
MM, 423, 632, 48
MM, 422, 632, 8
MM, 421, 632, 8
MM, 420, 632, 8
MM, 419, 632, 40
MM, 418, 630, 8
MM, 417, 628, 8
MM, 415, 627, 8
MM, 415, 626, 8
MM, 34, 29, 40
MM, 32, 29, 8
MM, 28, 29, 8
MM, 20, 29, 8
MM, 11, 29, 8
MM, 5, 29, 8
MM, 1, 29, 8
MM, 379, 626, 8
MM, 377, 626, 8
MM, 376, 626, 121
MM, 375, 626, 8
MM, 374, 626, 200
MM, 34, 29, 8
MM, 33, 28, 8
MM, 32, 27, 8
MM, 30, 27, 96
MM, 29, 27, 8
MM, 28, 24, 8
MM, 27, 22, 8
MM, 25, 19, 8
MM, 22, 14, 8
MM, 19, 12, 8
MM, 18, 9, 10
MM, 17, 8, 6
MM, 16, 7, 8
MM, 16, 5, 8
MM, 15, 4, 279
MM, 14, 3, 8
MC, 1, 232
MM, 15, 3, 152
MM, 16, 3, 24
MM, 18, 3, 8
MM, 19, 3, 8
MM, 21, 3, 8
MM, 23, 3, 8
MM, 24, 5, 8
MM, 25, 5, 10
MM, 27, 5, 6
MM, 29, 6, 104
MM, 33, 7, 8
MM, 377, 604, 8
MM, 3, 7, 8
MM, 7, 9, 8
MM, 8, 10, 8
MM, 11, 10, 8
MM, 13, 10, 8
MM, 14, 10, 8
MM, 18, 11, 9
MM, 26, 13, 8
MM, 418, 612, 8
MM, 8, 17, 8
MM, 19, 18, 8
MM, 28, 20, 8
MM, 457, 617, 8
MM, 1, 20, 8
MM, 5, 20, 8
MM, 16, 22, 8
MM, 27, 24, 8
MM, 1, 24, 8
MM, 14, 26, 8
MM, 23, 27, 8
MM, 31, 27, 8
MM, 1, 27, 8
MM, 15, 27, 8
MM, 28, 27, 8
MM, 1, 27, 8
MM, 14, 27, 8
MM, 22, 27, 8
MM, 28, 27, 8
MM, 615, 624, 8
MM, 3, 27, 8
MM, 6, 27, 8
MM, 8, 27, 8
MM, 13, 27, 8
MM, 15, 27, 8
MM, 19, 27, 8
MM, 24, 27, 8
MM, 26, 27, 8
MM, 31, 27, 8
MM, 33, 27, 8
MM, 654, 624, 8
MM, 0, 27, 8
MM, 1, 27, 8
MM, 5, 27, 8
MM, 9, 27, 8
MM, 14, 27, 8
MM, 18, 27, 8
MM, 20, 27, 8
MM, 23, 27, 8
MM, 25, 27, 8
MM, 28, 27, 8
MM, 25, 27, 367
MM, 23, 27, 8
MM, 18, 24, 8
MM, 14, 21, 8
MM, 11, 18, 8
MM, 10, 17, 8
MM, 9, 17, 8
MM, 7, 17, 8
MC, 1, 225
MM, 6, 17, 48
MM, 3, 17, 8
MM, 655, 614, 8
MM, 26, 17, 8
MM, 10, 17, 8
MM, 612, 615, 8
MM, 12, 20, 8
MM, 32, 22, 8
MM, 10, 27, 8
MM, 32, 29, 8
MM, 512, 628, 8
MM, 493, 630, 8
MM, 474, 632, 8
MM, 6, 0, 8
MM, 28, 0, 8
MM, 12, 0, 8
MM, 407, 634, 8
MM, 26, 0, 8
MM, 20, 0, 8
MM, 16, 0, 8
MM, 15, 0, 8
MM, 13, 0, 80
MM, 10, 0, 8
MM, 9, 0, 7
MM, 8, 0, 8
MM, 7, 0, 112
MM, 6, 0, 8
MM, 376, 633, 8
MM, 374, 628, 8
MM, 34, 29, 8
MM, 33, 28, 8
MM, 31, 28, 8
MM, 31, 26, 80
MM, 31, 25, 8
MC, 1, 808
MM, 32, 25, 145
MM, 374, 623, 7
MM, 379, 626, 8
MM, 3, 30, 8
MM, 390, 629, 8
MM, 394, 630, 8
MM, 398, 631, 8
MM, 401, 633, 8
MM, 402, 633, 8
MM, 403, 633, 8
MM, 404, 633, 8
MM, 406, 633, 8
MM, 407, 634, 8
MM, 408, 635, 8
MM, 0, 1, 8
MM, 2, 1, 8
MM, 4, 1, 8
MM, 6, 2, 8
MM, 9, 4, 8
MM, 12, 5, 8
MM, 14, 6, 8
MM, 15, 6, 8
MM, 17, 6, 8
MM, 19, 6, 96
MM, 21, 6, 8
MM, 24, 6, 8
MM, 27, 6, 8
MM, 27, 8, 249
MM, 27, 9, 8
MC, 1, 311
MM, 26, 5, 49
MM, 432, 630, 8
MM, 7, 24, 8
MM, 6, 18, 8
MM, 4, 12, 9
MM, 3, 7, 7
MM, 3, 5, 8
MM, 3, 4, 8
MM, 3, 3, 8
MM, 3, 2, 8
MM, 3, 0, 8
MM, 424, 596, 8
MM, 424, 595, 72
MM, 424, 594, 8
MM, 424, 593, 72
MM, 9, 30, 8
MM, 9, 28, 8
MM, 9, 27, 8
MC, 1, 487
MM, 11, 27, 137
MM, 14, 30, 8
MM, 432, 593, 8
MM, 433, 595, 8
MM, 14, 1, 8
MM, 15, 4, 8
MM, 16, 5, 8
MM, 17, 5, 8
MM, 19, 5, 48
MM, 20, 6, 8
MM, 21, 9, 8
MM, 24, 11, 8
MM, 27, 14, 8
MM, 28, 17, 8
MM, 28, 20, 8
MM, 30, 24, 8
MM, 31, 28, 8
MM, 452, 630, 8
MM, 3, 2, 8
MM, 3, 8, 8
MM, 5, 16, 8
MM, 6, 25, 8
MM, 455, 665, 8
MM, 57, 0, 8
MM, 58, 4, 8
MM, 60, 7, 8
MM, 61, 11, 8
MM, 63, 14, 8
MM, 64, 15, 8
MM, 64, 17, 8
MM, 64, 19, 8
MM, 65, 20, 8
MM, 66, 22, 8
MM, 66, 23, 8
MM, 66, 25, 8
MM, 66, 26, 8
MM, 67, 27, 24
MM, 68, 28, 7
MM, 70, 29, 8
MM, 71, 30, 9
MM, 471, 702, 7
MM, 471, 704, 8
MM, 472, 705, 8
MM, 473, 706, 9
MM, 473, 707, 7
MM, 473, 708, 8
MM, 474, 708, 145
MM, 475, 708, 8
MM, 475, 704, 232
MM, 77, 29, 7
MM, 78, 26, 9
MM, 78, 25, 8
MM, 78, 24, 15
MM, 78, 23, 8
MM, 78, 21, 17
MM, 78, 20, 7
MC, 1, 272
MM, 82, 17, 16
MM, 85, 14, 8
MM, 89, 9, 8
MM, 94, 2, 8
MM, 499, 669, 8
MM, 18, 29, 8
MM, 23, 25, 8
MM, 26, 20, 8
MM, 30, 16, 8
MM, 523, 645, 8
MM, 527, 640, 8
MM, 5, 1, 8
MM, 539, 631, 8
MM, 6, 28, 8
MM, 15, 23, 8
MM, 22, 19, 8
MM, 29, 14, 8
MM, 576, 606, 9
MM, 1, 6, 8
MM, 6, 3, 8
MM, 10, 0, 8
MM, 596, 594, 8
MM, 597, 591, 8
MM, 28, 30, 8
MM, 31, 29, 8
MM, 32, 27, 8
MM, 33, 27, 8
MM, 34, 27, 8
MM, 34, 26, 48
MM, 34, 25, 8
MM, 605, 585, 8
MM, 607, 585, 8
MM, 608, 584, 207
MM, 609, 582, 9
MM, 609, 580, 7
MM, 610, 579, 8
MM, 0, 18, 8
MM, 0, 17, 121
MM, 1, 16, 8
MM, 4, 15, 8
MM, 5, 13, 8
MC, 1, 240
MM, 4, 14, 24
MM, 610, 575, 8
MM, 34, 18, 8
MM, 27, 24, 8
MM, 24, 26, 8
MM, 21, 29, 8
MM, 588, 592, 8
MM, 587, 595, 8
MM, 5, 1, 8
MM, 3, 5, 8
MM, 2, 11, 8
MM, 579, 615, 8
MM, 578, 619, 8
MM, 576, 623, 8
MM, 575, 628, 8
MM, 573, 631, 8
MM, 572, 632, 8
MM, 572, 633, 7
MM, 2, 0, 9
MM, 1, 1, 8
MM, 0, 2, 8
MM, 569, 637, 143
MM, 568, 639, 8
MM, 567, 640, 8
MM, 564, 641, 9
MM, 34, 7, 8
MM, 33, 8, 7
MM, 32, 9, 8
MM, 31, 9, 8
MM, 29, 9, 8
MM, 28, 10, 57
MM, 27, 12, 8
MM, 25, 12, 8
MM, 22, 12, 8
MM, 21, 12, 8
MM, 20, 12, 8
MC, 1, 160
MM, 19, 13, 40
MM, 18, 14, 8
MM, 15, 16, 8
MM, 10, 21, 8
MM, 6, 24, 8
MM, 1, 29, 8
MM, 526, 667, 8
MM, 119, 1, 8
MM, 114, 6, 8
MM, 111, 10, 8
MM, 106, 17, 8
MM, 103, 22, 8
MM, 102, 24, 8
MM, 101, 25, 8
MM, 101, 27, 8
MM, 101, 28, 8
MM, 101, 26, 175
MM, 101, 25, 8
MM, 100, 24, 8
MM, 98, 24, 8
MM, 98, 23, 8
MM, 98, 22, 8
MM, 98, 21, 16
MM, 98, 18, 8
MM, 98, 16, 8
MM, 98, 15, 8
MM, 98, 13, 8
MM, 98, 12, 8
MM, 98, 11, 8
MM, 98, 10, 9
MC, 1, 248
MM, 98, 9, 32
MM, 98, 7, 8
MM, 98, 2, 8
MM, 498, 665, 8
MM, 9, 23, 8
MM, 7, 14, 8
MM, 7, 6, 8
MM, 493, 631, 8
MM, 30, 25, 8
MM, 28, 21, 8
MM, 27, 18, 8
MM, 27, 16, 8
MM, 27, 14, 8
MM, 27, 13, 8
MM, 27, 12, 8
MM, 27, 11, 8
MM, 27, 10, 8
MM, 27, 9, 8
MM, 27, 8, 7
MM, 27, 7, 33
MM, 27, 4, 8
MM, 27, 3, 7
MM, 27, 0, 8
MM, 490, 595, 8
MM, 490, 594, 9
MM, 490, 591, 7
MM, 490, 590, 8
MM, 491, 589, 8
MM, 493, 588, 9
MM, 493, 587, 7
MM, 493, 585, 9
MM, 493, 584, 16
MM, 493, 583, 8
MM, 0, 22, 24
MM, 1, 21, 8
MC, 1, 360
MM, 2, 21, 16
MM, 3, 21, 8
MM, 4, 21, 8
MM, 7, 21, 8
MM, 10, 23, 8
MM, 14, 23, 8
MM, 20, 24, 8
MM, 27, 27, 8
MM, 527, 589, 8
MM, 2, 30, 8
MM, 537, 592, 8
MM, 540, 592, 8
MM, 543, 593, 8
MM, 544, 594, 8
MM, 545, 594, 8
MM, 547, 594, 8
MM, 550, 596, 8
MM, 11, 0, 8
MM, 12, 0, 8
MM, 13, 0, 8
MM, 13, 1, 8
MM, 15, 2, 8
MM, 16, 2, 8
MM, 16, 3, 16
MM, 16, 4, 8
MM, 17, 4, 24
MM, 18, 6, 8
MM, 19, 8, 8
MM, 20, 9, 8
MM, 21, 10, 8
MM, 23, 12, 8
MM, 24, 12, 8
MM, 25, 12, 7
MC, 1, 272
MM, 21, 12, 24
MM, 15, 12, 8
MM, 2, 9, 8
MM, 29, 3, 9
MM, 516, 594, 7
MM, 10, 28, 8
MM, 1, 24, 8
MM, 30, 21, 9
MM, 26, 18, 8
MM, 23, 16, 8
MM, 22, 16, 8
MM, 21, 16, 48
MM, 20, 15, 8
MM, 19, 14, 8
MM, 16, 13, 8
MM, 15, 12, 8
MM, 14, 12, 8
MM, 13, 12, 8
MM, 12, 12, 159
MM, 10, 12, 8
MM, 9, 12, 9
MM, 8, 12, 7
MM, 6, 12, 56
MM, 3, 12, 8
MM, 1, 12, 8
MM, 454, 572, 8
MM, 451, 572, 9
MM, 34, 12, 7
MM, 33, 12, 8
MM, 32, 12, 8
MM, 30, 12, 96
MM, 29, 12, 8
MM, 28, 12, 8
MM, 27, 12, 8
MM, 27, 14, 280
MM, 27, 15, 9
MM, 27, 16, 7
MM, 30, 19, 9
MM, 33, 23, 7
MM, 453, 590, 9
MM, 458, 597, 7
MM, 1, 7, 8
MM, 6, 14, 8
MM, 10, 21, 9
MM, 13, 25, 7
MM, 16, 29, 8
MM, 479, 629, 8
MM, 480, 630, 8
MM, 483, 634, 8
MM, 484, 637, 8
MM, 485, 638, 8
MM, 0, 7, 8
MM, 1, 9, 8
MM, 3, 12, 8
MM, 4, 13, 8
MM, 4, 14, 96
MM, 5, 16, 8
MM, 6, 17, 8
MM, 6, 18, 8
MM, 7, 19, 8
MM, 8, 20, 8
MM, 8, 21, 16
MM, 8, 22, 8
MM, 9, 24, 8
MM, 10, 25, 8
MM, 10, 26, 17
MM, 10, 27, 8
MM, 10, 28, 8
MM, 10, 29, 8
MM, 10, 30, 40
MM, 500, 667, 8
MM, 501, 668, 8
MM, 501, 669, 8
MM, 101, 1, 8
MM, 101, 2, 8
MM, 101, 3, 72
MM, 101, 4, 8
MM, 101, 5, 16
MM, 101, 6, 8
MM, 101, 7, 112
MM, 101, 9, 8
MM, 110, 9, 207
MM, 119, 2, 16
MM, 524, 668, 8
MM, 528, 664, 8
MM, 2, 25, 8
MM, 7, 19, 9
MM, 12, 12, 7
MM, 15, 7, 8
MM, 18, 3, 8
MM, 551, 630, 9
MM, 14, 27, 7
MM, 19, 20, 8
MM, 22, 15, 8
MM, 25, 12, 9
MM, 28, 10, 7
MM, 29, 7, 8
MM, 32, 4, 8
MM, 33, 1, 8
MM, 575, 596, 8
MM, 576, 594, 8
MM, 577, 593, 8
MM, 578, 591, 8
MM, 8, 30, 8
MM, 8, 29, 8
MM, 8, 27, 8
MM, 8, 25, 16
MM, 8, 22, 8
MM, 8, 21, 8
MM, 8, 20, 8
MM, 7, 19, 8
MM, 6, 18, 8
MM, 5, 18, 8
MM, 5, 17, 24
MM, 5, 16, 9
MM, 5, 14, 56
MM, 5, 13, 8
MC, 1, 191
MM, 5, 15, 80
MM, 5, 17, 8
MM, 5, 21, 8
MM, 3, 26, 8
MM, 0, 30, 8
MM, 569, 591, 8
MM, 568, 592, 8
MM, 567, 594, 8
MM, 567, 595, 8
MM, 27, 0, 8
MM, 25, 3, 8
MM, 24, 6, 9
MM, 23, 8, 7
MM, 21, 11, 8
MM, 20, 14, 8
MM, 19, 17, 8
MM, 19, 19, 8
MM, 17, 22, 8
MM, 16, 25, 8
MM, 14, 27, 8
MM, 553, 629, 8
MM, 552, 633, 8
MM, 21, 0, 8
MM, 21, 1, 8
MM, 21, 4, 8
MM, 21, 5, 8
MC, 1, 361
MM, 22, 3, 32
MM, 554, 633, 8
MM, 556, 630, 8
MM, 21, 30, 8
MM, 25, 27, 8
MM, 28, 24, 8
MM, 31, 20, 8
MM, 34, 15, 8
MM, 576, 610, 8
MM, 577, 607, 8
MM, 580, 604, 8
MM, 2, 4, 8
MM, 5, 1, 8
MM, 588, 595, 8
MM, 590, 594, 8
MM, 591, 593, 8
MM, 592, 592, 8
MM, 24, 29, 8
MM, 27, 27, 8
MM, 27, 24, 8
MM, 27, 21, 8
MM, 28, 21, 207
MM, 30, 21, 8
MM, 32, 21, 8
MM, 34, 21, 8
MM, 609, 581, 9
MM, 2, 21, 7
MM, 3, 21, 8
MM, 4, 21, 8
MM, 5, 21, 48
MM, 8, 21, 8
MM, 10, 21, 8
MM, 13, 21, 8
MM, 17, 21, 8
MM, 20, 21, 8
MM, 21, 21, 8
MM, 22, 21, 8
MC, 1, 281
MM, 17, 21, 16
MM, 13, 21, 8
MM, 7, 21, 8
MM, 1, 21, 8
MM, 606, 581, 8
MM, 30, 21, 8
MM, 24, 21, 8
MM, 18, 21, 8
MM, 15, 21, 8
MM, 13, 21, 8
MM, 10, 21, 88
MM, 8, 21, 7
MM, 5, 21, 9
MM, 2, 21, 7
MM, 0, 21, 224
MM, 567, 581, 8
MM, 566, 581, 8
MM, 31, 21, 9
MM, 29, 21, 7
MM, 23, 21, 8
MM, 17, 21, 8
MM, 16, 21, 8
MM, 15, 21, 8
MM, 12, 21, 281
MM, 10, 21, 8
MM, 4, 21, 8
MM, 529, 581, 8
MM, 527, 581, 8
MM, 526, 581, 8
MM, 30, 21, 391
MM, 27, 21, 8
MM, 21, 21, 8
MM, 15, 21, 9
MM, 13, 21, 7
MM, 10, 21, 8
MC, 1, 336
MM, 9, 21, 56
MM, 7, 21, 8
MM, 4, 20, 8
MM, 0, 19, 8
MM, 489, 579, 8
MM, 29, 19, 8
MM, 25, 19, 9
MM, 22, 19, 7
MM, 18, 19, 8
MM, 14, 19, 8
MM, 11, 19, 8
MM, 7, 19, 8
MM, 1, 19, 8
MM, 451, 579, 8
MM, 32, 19, 8
MM, 30, 19, 8
MM, 29, 19, 8
MM, 28, 19, 8
MM, 27, 19, 80
MM, 26, 19, 8
MM, 25, 19, 8
MM, 24, 19, 8
MC, 1, 241
MM, 24, 23, 48
MM, 24, 25, 8
MM, 24, 28, 8
MM, 440, 591, 8
MM, 440, 592, 112
MM, 440, 593, 8
MM, 440, 594, 8
MM, 440, 596, 8
MM, 19, 1, 8
MM, 19, 2, 8
MM, 19, 3, 8
MC, 1, 376
MM, 22, 5, 24
MM, 22, 6, 8
MM, 23, 7, 8
MM, 24, 9, 8
MM, 24, 11, 8
MM, 25, 14, 8
MM, 28, 17, 8
MM, 30, 21, 8
MM, 31, 25, 8
MM, 34, 28, 8
MM, 458, 632, 8
MM, 11, 4, 8
MM, 12, 10, 8
MM, 16, 19, 8
MM, 17, 25, 8
MM, 468, 665, 7
MM, 469, 670, 9
MM, 71, 1, 8
MM, 72, 6, 8
MM, 72, 8, 8
MM, 72, 10, 8
MM, 72, 11, 7
MM, 73, 12, 8
MM, 75, 14, 9
MM, 75, 15, 7
MC, 1, 424
MM, 75, 13, 32
MM, 74, 9, 8
MM, 71, 4, 9
MM, 68, 0, 8
MM, 465, 666, 8
MM, 13, 29, 8
MM, 12, 26, 8
MM, 11, 24, 8
MM, 8, 21, 8
MM, 5, 18, 8
MM, 2, 14, 8
MM, 0, 11, 8
MM, 445, 643, 8
MM, 32, 8, 8
MM, 30, 5, 8
MM, 29, 2, 8
MM, 28, 1, 8
MM, 434, 633, 8
MM, 431, 630, 8
MM, 6, 30, 8
MM, 1, 27, 8
MM, 420, 621, 8
MM, 418, 620, 8
MM, 417, 620, 8
MM, 416, 620, 8
MM, 416, 619, 64
MM, 415, 618, 8
MM, 34, 19, 8
MM, 33, 17, 8
MM, 32, 16, 7
MC, 1, 481
MM, 33, 15, 48
MM, 0, 13, 8
MM, 9, 9, 8
MM, 16, 6, 8
MM, 22, 4, 8
MM, 26, 3, 8
MM, 29, 2, 8
MM, 457, 595, 8
MM, 461, 594, 8
MM, 465, 593, 8
MM, 470, 591, 8
MM, 472, 591, 8
MM, 477, 591, 8
MM, 478, 591, 7
MM, 23, 30, 8
MM, 25, 29, 9
MM, 27, 29, 8
MM, 30, 27, 8
MM, 491, 586, 7
MM, 1, 26, 9
MM, 5, 26, 8
MM, 6, 25, 7
MM, 8, 24, 8
MC, 1, 296
MM, 6, 24, 56
MM, 492, 584, 8
MM, 25, 24, 8
MM, 17, 24, 8
MM, 8, 26, 8
MM, 4, 26, 8
MM, 1, 27, 9
MM, 454, 589, 8
MM, 450, 590, 8
MM, 445, 592, 8
MM, 444, 592, 8
MM, 442, 593, 8
MM, 441, 594, 8
MM, 438, 594, 8
MM, 436, 594, 8
MM, 433, 596, 152
MM, 9, 0, 8
MM, 8, 0, 8
MM, 7, 0, 8
MM, 4, 1, 80
MM, 0, 3, 8
MM, 417, 601, 8
MM, 28, 7, 8
MM, 20, 9, 8
MM, 15, 11, 8
MM, 11, 12, 8
MM, 8, 12, 8
MM, 7, 12, 8
MM, 6, 12, 8
MM, 5, 13, 64
MM, 4, 14, 8
MM, 1, 14, 8
MM, 377, 613, 8
MM, 374, 614, 8
MM, 34, 18, 8
MM, 33, 20, 8
MM, 32, 20, 8
MM, 31, 20, 96
MM, 28, 20, 7
MM, 27, 20, 8
MM, 26, 20, 8
MM, 25, 20, 9
MC, 1, 248
MM, 26, 20, 48
MM, 30, 20, 8
MM, 376, 616, 8
MM, 4, 17, 8
MM, 10, 16, 8
MM, 17, 12, 8
MM, 23, 11, 8
MM, 29, 9, 8
MM, 416, 605, 8
MM, 3, 6, 8
MM, 14, 4, 8
MM, 25, 4, 8
MM, 458, 599, 8
MM, 4, 1, 8
MM, 472, 596, 8
MM, 479, 594, 8
MM, 483, 594, 8
MM, 485, 594, 8
MM, 488, 594, 8
MM, 491, 593, 8
MM, 493, 592, 8
MM, 496, 592, 7
MM, 6, 30, 9
MM, 9, 29, 8
MM, 10, 29, 8
MM, 13, 29, 8
MM, 14, 28, 8
MM, 14, 27, 8
MM, 15, 27, 16
MM, 16, 27, 8
MM, 17, 27, 16
MM, 18, 25, 7
MM, 19, 24, 9
MM, 22, 24, 8
MM, 24, 24, 8
MM, 27, 23, 7
MM, 30, 22, 9
MM, 525, 582, 8
MM, 526, 582, 8
MM, 527, 582, 8
MM, 528, 582, 24
MM, 530, 582, 8
MM, 529, 580, 80
MM, 527, 579, 7
MM, 30, 19, 9
MM, 28, 18, 7
MM, 27, 17, 9
MM, 25, 17, 55
MM, 24, 17, 9
MM, 23, 17, 23
MM, 21, 17, 8
MM, 20, 17, 8
MM, 18, 17, 8
MM, 17, 17, 8
MC, 1, 200
MM, 16, 17, 32
MM, 14, 17, 8
MM, 11, 17, 8
MM, 5, 17, 8
MM, 489, 577, 8
MM, 25, 17, 8
MM, 16, 15, 8
MM, 5, 13, 8
MM, 453, 573, 8
MM, 32, 13, 8
MM, 26, 13, 8
MM, 21, 14, 8
MM, 19, 15, 8
MM, 16, 15, 8
MM, 15, 15, 8
MM, 14, 15, 8
MM, 13, 15, 8
MM, 14, 21, 337
MM, 14, 22, 8
MM, 11, 23, 8
MM, 7, 26, 8
MM, 2, 29, 8
MM, 0, 30, 8
MM, 410, 593, 8
MM, 25, 1, 8
MM, 23, 4, 8
MM, 20, 7, 8
MM, 19, 8, 8
MM, 19, 9, 8
MM, 19, 10, 8
MM, 19, 11, 112
MM, 19, 12, 8
MM, 19, 13, 15
MM, 19, 15, 9
MM, 19, 16, 88
MM, 19, 17, 8
MC, 1, 64
MM, 20, 17, 104
MM, 21, 17, 8
MM, 25, 18, 7
MM, 29, 20, 8
MM, 34, 21, 9
MM, 418, 620, 8
MM, 0, 23, 8
MM, 2, 23, 8
MM, 7, 23, 8
MM, 11, 23, 8
MM, 13, 23, 8
MM, 18, 23, 7
MM, 24, 23, 9
MM, 30, 23, 8
MM, 457, 620, 8
MM, 1, 23, 8
MM, 7, 23, 8
MM, 13, 23, 7
MM, 19, 23, 9
MM, 26, 23, 7
MM, 497, 620, 9
MM, 4, 23, 7
MM, 10, 23, 8
MM, 14, 23, 8
MM, 18, 23, 8
MM, 24, 23, 8
MM, 30, 23, 8
MM, 34, 23, 9
MM, 538, 620, 7
MM, 4, 23, 8
MM, 8, 23, 8
MM, 11, 23, 9
MM, 13, 23, 7
MM, 16, 24, 8
MM, 20, 25, 8
MM, 23, 25, 9
MM, 24, 25, 7
MM, 26, 25, 8
MM, 29, 27, 8
MM, 32, 28, 8
MM, 34, 28, 8
MM, 579, 627, 8
MM, 582, 628, 8
MM, 584, 628, 9
MM, 588, 628, 7
MM, 591, 629, 8
MM, 595, 631, 8
MM, 598, 631, 9
MM, 599, 632, 7
MM, 602, 633, 8
MM, 603, 633, 8
MM, 604, 633, 8
MM, 605, 633, 8
MM, 606, 633, 16
MM, 607, 633, 8
MM, 608, 633, 48
MM, 612, 633, 8
MM, 617, 633, 8
MM, 619, 633, 8
MM, 622, 633, 8
MM, 623, 633, 8
MM, 624, 633, 16
MM, 625, 633, 8
MM, 11, 0, 49
MM, 14, 3, 8
MM, 17, 4, 8
MM, 18, 5, 8
MM, 19, 7, 8
MM, 20, 7, 8
MM, 20, 8, 8
MM, 21, 9, 8
MM, 24, 9, 8
MM, 25, 10, 8
MM, 27, 11, 8
MM, 646, 645, 8
MM, 649, 645, 8
MM, 650, 645, 8
MM, 651, 645, 8
MM, 0, 11, 8
MM, 2, 11, 40
MM, 3, 11, 8
MM, 4, 11, 8
MM, 6, 11, 11
MM, 9, 11, 5
MM, 11, 11, 8
MM, 13, 11, 8
MC, 1, 223
MM, 14, 11, 16
MM, 15, 11, 8
MM, 17, 11, 8
MM, 22, 8, 8
MM, 25, 5, 8
MM, 27, 2, 8
MM, 682, 633, 8
MM, 684, 631, 8
MM, 685, 628, 9
MM, 30, 28, 7
MM, 691, 621, 8
MM, 697, 616, 8
MM, 707, 610, 9
MM, 716, 604, 7
MM, 725, 601, 8
MM, 730, 599, 8
MM, 734, 598, 8
MM, 738, 595, 8
MM, 741, 594, 8
MM, 744, 592, 8
MM, 745, 589, 8
MM, 747, 587, 8
MM, 749, 585, 8
MM, 752, 584, 8
MM, 755, 581, 8
MM, 758, 578, 8
MM, 762, 575, 8
MM, 765, 574, 8
MM, 766, 574, 9
MM, 769, 573, 7
MM, 770, 572, 8
MM, 771, 572, 8
MM, 772, 572, 8
MM, 773, 570, 48
MM, 774, 569, 8
MM, 776, 568, 8
MM, 777, 567, 8
MM, 778, 567, 8
MM, 779, 567, 9
MM, 780, 567, 24
MM, 783, 567, 8
MM, 785, 569, 8
MM, 790, 575, 8
MM, 798, 583, 8
MM, 803, 592, 11
MM, 807, 604, 5
MM, 40, 1, 8
MM, 43, 7, 8
MM, 46, 14, 8
MM, 48, 17, 8
MM, 49, 19, 8
MM, 50, 22, 8
