********************************************************************************
LOGGING TIME: 20181027_160943
CLIENT IP: 127.0.0.1
USERNAME: dell
OS: Windows 8.1
**********************************Emotional database********************************************************************************
MM, 442, 260, 1541893259789
MM, 440, 259, 134
MM, 439, 258, 8
MM, 438, 257, 8
MM, 437, 256, 8
MM, 435, 254, 8
MM, 432, 253, 9
MM, 429, 250, 8
MM, 426, 247, 8
MM, 426, 246, 8
MM, 394, 174, 480
MM, 393, 173, 8
MM, 393, 172, 32
MM, 393, 170, 8
MM, 393, 167, 8
MM, 393, 163, 8
MM, 393, 160, 8
MM, 393, 159, 8
MM, 393, 158, 8
MM, 393, 157, 8
MM, 393, 156, 8
MM, 392, 156, 48
MM, 391, 155, 8
MM, 391, 154, 8
MM, 389, 151, 8
MM, 388, 148, 8
MM, 387, 147, 8
MM, 386, 146, 11
MM, 385, 145, 13
MM, 383, 144, 8
MM, 383, 143, 56
MM, 383, 141, 8
MM, 383, 140, 8
MM, 383, 138, 8
MM, 383, 137, 8
MM, 383, 136, 23
MM, 383, 134, 9
MM, 381, 133, 32
MM, 376, 130, 8
MM, 372, 126, 7
MM, 362, 118, 8
MM, 350, 112, 8
MM, 341, 108, 9
MM, 330, 105, 8
MM, 302, 94, 31
MM, 299, 93, 8
MM, 298, 92, 8
MM, 297, 91, 9
MP, 1, 167
MR, 1, 72
MC, 1, 0
MM, 297, 93, 233
MM, 297, 94, 8
MM, 297, 95, 232
MP, 1, 0
MR, 1, 88
MM, 299, 114, 39
MM, 299, 117, 8
MM, 299, 119, 8
MM, 299, 120, 8
MM, 299, 122, 8
MM, 299, 123, 8
MM, 299, 120, 209
MM, 299, 118, 8
MM, 299, 115, 8
MM, 299, 114, 8
MM, 299, 114, 351
MM, 299, 120, 8
MM, 299, 126, 8
MM, 299, 134, 9
MM, 301, 142, 7
MM, 303, 154, 8
MM, 305, 170, 8
MM, 318, 248, 65
MM, 319, 250, 8
MM, 320, 255, 8
MM, 320, 257, 8
MM, 322, 260, 8
MM, 323, 263, 8
MM, 324, 265, 8
MM, 326, 267, 8
MM, 326, 269, 80
MM, 326, 272, 8
MM, 326, 273, 104
MM, 326, 275, 8
MM, 326, 279, 8
MM, 327, 285, 8
MM, 78, 8, 8
MM, 78, 14, 8
MM, 78, 18, 8
MM, 79, 23, 8
MM, 81, 26, 8
MM, 81, 28, 8
MM, 81, 29, 8
MM, 81, 30, 112
MM, 81, 32, 8
MM, 81, 33, 7
MM, 81, 34, 9
MC, 1, 103
MM, 81, 31, 145
MM, 81, 27, 8
MM, 80, 21, 8
MM, 79, 15, 8
MM, 79, 9, 8
MM, 79, 4, 8
MM, 79, 2, 8
MM, 330, 285, 8
MM, 330, 284, 8
MM, 84, 0, 10608
MM, 102, 11, 8
MM, 125, 29, 8
MM, 152, 59, 8
MM, 432, 380, 8
MM, 217, 15, 8
MM, 255, 69, 8
MM, 4, 11, 8
MM, 4, 18, 8
MM, 18, 15, 8
MM, 5, 6, 8
MM, 9, 25, 8
MM, 623, 678, 8
MM, 609, 698, 8
MM, 580, 712, 8
MM, 552, 722, 7
MM, 382, 714, 274
MM, 377, 692, 7
MM, 375, 668, 8
MM, 5, 10, 8
MM, 375, 621, 8
MM, 375, 602, 8
MM, 4, 28, 8
MM, 8, 19, 8
MM, 11, 10, 8
MM, 13, 4, 8
MM, 16, 1, 8
MM, 391, 558, 8
MM, 392, 556, 8
MM, 20, 30, 8
MM, 22, 30, 72
MM, 23, 30, 8
MM, 25, 30, 8
MM, 28, 30, 8
MM, 26, 28, 56
MM, 22, 27, 8
MM, 11, 22, 8
MM, 349, 522, 40
MM, 84, 78, 1024
MM, 71, 20, 8
MM, 305, 375, 8
MM, 40, 45, 8
MM, 33, 25, 8
MM, 30, 19, 8
MM, 29, 17, 8
MM, 30, 17, 79
MM, 39, 20, 8
MM, 53, 26, 8
MM, 67, 30, 8
MM, 76, 34, 8
MM, 87, 35, 8
MM, 101, 37, 8
MM, 115, 39, 8
MM, 136, 42, 8
MM, 158, 44, 8
MM, 179, 44, 8
MM, 203, 44, 8
MM, 227, 44, 8
MM, 248, 44, 8
MM, 267, 44, 8
MM, 283, 44, 8
MM, 296, 44, 8
MM, 309, 44, 8
MM, 320, 44, 8
MM, 331, 44, 8
MM, 342, 46, 8
MM, 356, 50, 8
MM, 370, 54, 8
MM, 385, 60, 8
MM, 397, 68, 8
MM, 409, 76, 8
MM, 672, 370, 8
MM, 680, 379, 9
MM, 687, 387, 7
MM, 690, 389, 9
MM, 691, 392, 8
MM, 692, 393, 8
MM, 692, 394, 24
MM, 692, 398, 8
MM, 692, 404, 8
MM, 692, 410, 8
MM, 443, 1, 8
MM, 445, 13, 8
MM, 445, 23, 8
MM, 445, 34, 8
MM, 445, 48, 8
MM, 445, 61, 8
MM, 445, 75, 8
MM, 445, 88, 8
MM, 696, 517, 8
MM, 696, 530, 8
MM, 696, 538, 8
MM, 34, 24, 8
MM, 693, 556, 8
MM, 3, 0, 8
MM, 1, 6, 8
MM, 1, 12, 8
MM, 0, 15, 8
MM, 687, 578, 8
MM, 687, 582, 8
MM, 687, 586, 8
MM, 687, 592, 8
MM, 29, 1, 8
MM, 29, 7, 8
MM, 29, 11, 8
MM, 29, 13, 8
MM, 29, 14, 160
MM, 29, 16, 8
MM, 29, 19, 8
MM, 28, 21, 8
MM, 27, 24, 8
MM, 27, 27, 8
MM, 27, 28, 8
MM, 25, 29, 8
MM, 24, 30, 8
MM, 681, 628, 120
MM, 680, 631, 8
MM, 680, 632, 8
MM, 680, 633, 8
MM, 28, 0, 8
MM, 27, 1, 95
MM, 26, 2, 9
MM, 26, 4, 8
MM, 26, 5, 8
MM, 25, 6, 47
MM, 23, 7, 8
MM, 23, 8, 8
MM, 23, 9, 8
MC, 1, 233
MM, 20, 9, 15
MM, 16, 9, 9
MM, 7, 9, 8
MM, 648, 639, 8
MM, 24, 1, 7
MM, 630, 632, 8
MM, 625, 630, 8
MM, 623, 629, 9
MM, 2, 30, 8
MM, 617, 626, 8
MM, 613, 623, 8
MM, 29, 23, 8
MM, 26, 20, 8
MM, 21, 17, 7
MM, 17, 14, 8
MM, 14, 11, 9
MM, 10, 8, 8
MM, 7, 7, 8
MM, 6, 6, 8
MM, 3, 5, 8
MM, 1, 5, 7
MM, 579, 600, 8
MM, 33, 0, 8
MM, 561, 593, 9
MM, 19, 29, 8
MM, 4, 25, 8
MM, 27, 21, 7
MM, 13, 17, 8
MM, 5, 16, 9
MM, 493, 574, 7
MM, 488, 573, 8
MM, 31, 12, 8
MM, 30, 10, 8
MM, 30, 11, 305
MM, 31, 12, 8
MM, 491, 573, 8
MM, 3, 15, 8
MM, 8, 16, 8
MM, 16, 18, 8
MM, 22, 18, 8
MM, 24, 18, 8
MM, 25, 18, 8
MC, 1, 335
MM, 25, 19, 32
MM, 25, 20, 8
MM, 27, 22, 9
MM, 28, 25, 8
MM, 29, 26, 8
MM, 30, 27, 8
MM, 526, 587, 8
MM, 527, 587, 8
MM, 527, 589, 40
MM, 528, 590, 8
MM, 532, 591, 8
MM, 536, 596, 8
MM, 1, 3, 8
MM, 8, 7, 8
MM, 12, 9, 8
MM, 19, 14, 8
MM, 23, 17, 8
MM, 24, 17, 8
MM, 25, 17, 8
MC, 1, 287
MM, 2, 17, 24
MM, 26, 17, 8
MM, 13, 17, 9
MM, 5, 17, 7
MM, 495, 614, 8
MM, 29, 15, 8
MM, 24, 14, 8
MM, 22, 12, 8
MM, 20, 11, 9
MM, 18, 10, 8
MM, 17, 10, 8
MM, 16, 7, 7
MM, 14, 5, 8
MM, 13, 2, 8
MM, 473, 596, 8
MM, 472, 595, 8
MM, 470, 593, 9
MM, 11, 30, 7
MM, 10, 27, 8
MM, 10, 26, 8
MM, 7, 26, 248
MM, 5, 26, 8
MM, 0, 24, 9
MM, 450, 583, 8
MM, 32, 23, 8
MM, 26, 21, 8
MM, 22, 20, 8
MM, 19, 20, 8
MM, 17, 20, 9
MM, 16, 20, 7
MM, 15, 20, 8
MC, 1, 312
MM, 15, 21, 40
MM, 15, 26, 7
MM, 433, 592, 9
MM, 16, 7, 8
MM, 20, 16, 8
MM, 23, 25, 8
MM, 446, 628, 8
MM, 447, 632, 8
MM, 1, 5, 8
MM, 3, 9, 8
MM, 4, 12, 8
MM, 6, 15, 8
MM, 6, 16, 8
MM, 6, 17, 16
MM, 6, 18, 8
MM, 7, 19, 7
MM, 8, 22, 8
MM, 8, 24, 8
MM, 9, 27, 9
MM, 12, 30, 8
MM, 462, 665, 8
MM, 464, 667, 8
MM, 65, 1, 8
MM, 66, 2, 8
MM, 67, 3, 7
MM, 67, 5, 8
MM, 67, 7, 9
MM, 69, 8, 7
MM, 70, 9, 9
MM, 70, 10, 55
MM, 70, 11, 9
MM, 70, 12, 7
MM, 71, 13, 8
MM, 72, 13, 8
MM, 72, 15, 8
MM, 72, 16, 8
MC, 1, 216
MM, 71, 16, 16
MM, 66, 15, 8
MM, 62, 11, 8
MM, 52, 3, 8
MM, 33, 30, 8
MM, 25, 18, 9
MM, 17, 8, 8
MM, 12, 1, 8
MM, 418, 629, 8
MM, 417, 626, 8
MM, 415, 625, 8
MM, 34, 27, 8
MM, 34, 26, 8
MM, 34, 25, 8
MM, 34, 23, 8
MM, 34, 22, 8
MM, 33, 22, 16
MM, 32, 22, 8
MM, 32, 21, 8
MM, 32, 20, 8
MM, 31, 20, 8
MM, 28, 20, 8
MM, 27, 19, 8
MM, 27, 18, 8
MM, 26, 17, 8
MM, 25, 16, 8
MM, 25, 14, 16
MM, 25, 13, 8
MC, 1, 232
MM, 30, 13, 64
MM, 2, 11, 7
MM, 18, 7, 8
MM, 456, 600, 9
MM, 473, 596, 7
MM, 487, 592, 8
MM, 4, 28, 8
MM, 16, 24, 8
MM, 25, 21, 9
MM, 29, 18, 7
MM, 530, 575, 9
MM, 3, 13, 7
MM, 4, 13, 8
MM, 5, 13, 8
MM, 6, 13, 8
MM, 8, 13, 8
MM, 10, 12, 9
MM, 13, 10, 8
MM, 14, 9, 7
MM, 16, 8, 8
MM, 18, 8, 8
MM, 20, 7, 8
MM, 23, 5, 8
MM, 24, 5, 8
MM, 25, 5, 8
MM, 26, 5, 169
MM, 29, 5, 8
MM, 31, 5, 8
MM, 565, 565, 8
MM, 566, 565, 8
MM, 567, 565, 8
MM, 568, 565, 8
MM, 569, 565, 56
MM, 0, 5, 8
MM, 2, 5, 16
MM, 3, 5, 8
MM, 4, 5, 8
MM, 5, 5, 8
MM, 5, 6, 8
MM, 5, 7, 8
MC, 1, 280
MM, 5, 8, 25
MM, 5, 9, 6
MM, 5, 11, 8
MM, 5, 16, 9
MM, 5, 18, 7
MM, 5, 23, 9
MM, 5, 27, 8
MM, 572, 591, 8
MM, 30, 1, 7
MM, 29, 5, 8
MM, 27, 9, 8
MM, 27, 12, 8
MM, 26, 15, 8
MM, 24, 19, 9
MM, 24, 20, 8
MM, 24, 21, 7
MM, 24, 22, 8
MM, 23, 24, 160
MM, 22, 26, 8
MM, 22, 27, 9
MM, 21, 28, 7
MM, 559, 628, 8
MM, 558, 629, 8
MM, 557, 629, 8
MM, 557, 630, 8
MM, 557, 631, 8
MM, 557, 632, 8
MM, 28, 0, 9
MM, 27, 1, 16
MM, 26, 2, 8
MM, 26, 3, 48
MM, 25, 5, 7
MM, 23, 8, 9
MM, 22, 11, 8
MM, 21, 12, 8
MM, 21, 13, 15
MM, 21, 14, 8
MC, 1, 209
MM, 20, 15, 24
MM, 18, 18, 8
MM, 17, 21, 8
MM, 14, 24, 8
MM, 11, 26, 8
MM, 10, 29, 8
MM, 10, 30, 8
MM, 538, 667, 8
MM, 536, 669, 8
MM, 136, 0, 88
MM, 136, 1, 8
MM, 136, 2, 8
MM, 136, 4, 8
MM, 136, 5, 8
MC, 1, 200
MM, 135, 7, 23
MM, 134, 8, 8
MM, 133, 8, 8
MM, 132, 8, 8
MM, 129, 8, 65
MM, 127, 8, 8
MM, 122, 7, 8
MM, 116, 4, 8
MM, 112, 1, 8
MM, 505, 667, 8
MM, 7, 25, 8
MM, 486, 652, 8
MM, 32, 11, 8
MM, 29, 6, 8
MM, 26, 3, 8
MM, 25, 2, 8
MM, 25, 0, 8
MM, 474, 631, 8
MM, 474, 629, 8
MM, 10, 27, 8
MM, 9, 26, 8
MM, 9, 25, 8
MM, 9, 21, 8
MM, 9, 19, 8
MM, 9, 16, 8
MM, 9, 14, 8
MM, 9, 11, 8
MM, 9, 7, 8
MM, 9, 4, 8
MM, 8, 2, 8
MM, 468, 596, 7
MM, 468, 595, 9
MM, 468, 594, 80
MM, 468, 591, 8
MM, 12, 29, 7
MM, 12, 24, 8
MM, 12, 20, 8
MM, 12, 17, 8
MM, 12, 15, 9
MM, 12, 14, 8
MC, 1, 183
MM, 15, 14, 41
MM, 21, 14, 8
MM, 30, 18, 8
MM, 4, 22, 8
MM, 17, 24, 8
MM, 28, 24, 8
MM, 5, 24, 8
MM, 15, 24, 8
MM, 24, 24, 8
MM, 32, 24, 8
MM, 569, 584, 8
MM, 3, 24, 8
MM, 8, 23, 8
MM, 10, 22, 8
MM, 13, 20, 8
MM, 16, 19, 7
MM, 17, 19, 9
MM, 19, 19, 8
MM, 20, 19, 8
MM, 23, 18, 8
MM, 27, 16, 8
MM, 30, 16, 8
MM, 606, 576, 8
MM, 610, 576, 8
MM, 3, 16, 8
MM, 8, 16, 8
MM, 9, 16, 8
MM, 10, 16, 7
MM, 10, 22, 313
MM, 23, 24, 8
MM, 30, 26, 8
MM, 1, 28, 8
MM, 13, 28, 8
MM, 450, 588, 8
MM, 27, 28, 8
MM, 18, 30, 8
MM, 429, 592, 8
MM, 428, 592, 8
MM, 427, 592, 8
MM, 425, 592, 56
MM, 423, 592, 8
MM, 419, 592, 8
MM, 414, 592, 8
MM, 412, 592, 8
MM, 411, 592, 8
MM, 410, 593, 104
MM, 407, 594, 8
MM, 403, 594, 8
MM, 398, 595, 7
MM, 14, 1, 9
MM, 10, 3, 8
MM, 7, 3, 8
MM, 6, 3, 8
MM, 10, 13, 272
MM, 11, 13, 72
MM, 12, 13, 8
MM, 16, 10, 8
MM, 23, 3, 8
MM, 406, 595, 8
MM, 410, 589, 8
MM, 411, 586, 8
MM, 412, 583, 8
MM, 414, 581, 8
MM, 0, 20, 8
MM, 1, 18, 8
MM, 1, 16, 88
MM, 1, 13, 8
MM, 1, 12, 8
MM, 2, 8, 7
MM, 4, 4, 8
MM, 4, 3, 9
MM, 4, 2, 7
MM, 4, 1, 8
MC, 1, 272
MM, 6, 3, 16
MM, 6, 4, 8
MM, 6, 6, 8
MM, 6, 7, 8
MM, 6, 8, 16
MM, 6, 9, 8
MM, 6, 10, 120
MM, 6, 11, 8
MM, 5, 14, 8
MM, 2, 17, 8
MM, 1, 18, 16
MM, 0, 19, 8
MM, 413, 580, 8
MM, 412, 581, 8
MM, 411, 582, 8
MM, 410, 583, 8
MM, 409, 587, 8
MM, 407, 592, 8
MM, 407, 593, 8
MM, 406, 595, 8
MM, 25, 0, 8
MM, 25, 1, 8
MM, 25, 3, 8
MM, 25, 4, 8
MM, 25, 5, 8
MM, 24, 8, 8
MM, 22, 9, 8
MM, 22, 10, 8
MM, 22, 11, 8
MM, 21, 12, 8
MM, 20, 14, 8
MM, 20, 15, 8
MM, 20, 16, 8
MM, 19, 17, 49
MM, 18, 18, 8
MM, 18, 21, 8
MM, 18, 23, 8
MM, 18, 24, 8
MM, 18, 25, 8
MC, 1, 175
MM, 18, 28, 184
MM, 399, 628, 8
MM, 404, 631, 8
MM, 1, 0, 8
MM, 8, 3, 8
MM, 13, 8, 8
MM, 14, 9, 8
MM, 18, 10, 8
MM, 20, 12, 8
MM, 23, 14, 8
MM, 26, 17, 8
MM, 27, 17, 8
MM, 30, 18, 8
MM, 31, 20, 8
MM, 32, 21, 8
MM, 444, 657, 8
MM, 445, 658, 8
MM, 446, 660, 8
MM, 447, 661, 8
MM, 0, 28, 8
MM, 3, 29, 8
MM, 453, 665, 8
MM, 454, 666, 8
MM, 456, 666, 8
MM, 457, 666, 8
MM, 458, 667, 9
MM, 459, 668, 8
MM, 459, 669, 191
MM, 460, 670, 8
MM, 63, 0, 8
MM, 65, 2, 8
MM, 67, 2, 9
MC, 1, 320
MM, 68, 2, 56
MM, 72, 2, 8
MM, 78, 1, 8
MM, 487, 667, 8
MM, 11, 25, 8
MM, 20, 19, 8
MM, 32, 11, 8
MM, 1, 3, 8
MM, 8, 0, 8
MM, 541, 631, 8
MM, 544, 628, 8
MM, 7, 30, 8
MM, 8, 29, 8
MM, 9, 28, 8
MM, 10, 26, 8
MM, 11, 25, 8
MM, 14, 24, 8
MM, 20, 21, 8
MM, 27, 16, 8
MM, 576, 607, 8
MM, 4, 6, 8
MM, 9, 3, 8
MM, 13, 0, 8
MM, 597, 596, 8
MM, 598, 595, 8
MM, 601, 594, 8
MM, 602, 594, 8
MM, 603, 593, 8
MM, 604, 591, 8
MM, 605, 590, 80
MM, 606, 589, 8
MM, 609, 588, 8
MM, 2, 26, 8
MM, 7, 25, 8
MM, 11, 22, 8
MM, 14, 19, 8
MM, 17, 16, 8
MM, 18, 15, 8
MC, 1, 247
MM, 10, 26, 16
MM, 611, 594, 8
MM, 18, 7, 8
MM, 8, 17, 8
MM, 1, 22, 8
MM, 575, 624, 8
MM, 32, 30, 9
MM, 571, 628, 8
MM, 570, 629, 8
MM, 569, 630, 8
MM, 568, 631, 8
MM, 567, 633, 120
MM, 565, 634, 8
MM, 564, 635, 151
MM, 34, 2, 8
MM, 33, 3, 8
MM, 32, 4, 8
MC, 1, 305
MM, 30, 7, 15
MM, 28, 7, 8
MM, 26, 8, 8
MM, 25, 9, 8
MM, 24, 10, 8
MM, 23, 11, 9
MM, 23, 12, 120
MM, 23, 14, 8
MM, 21, 15, 8
MM, 20, 16, 8
MM, 20, 17, 8
MM, 20, 18, 8
MM, 20, 19, 8
MM, 20, 20, 8
MM, 20, 21, 16
MM, 20, 23, 8
MM, 20, 24, 8
MM, 20, 26, 8
MM, 19, 29, 8
MM, 547, 666, 8
MM, 547, 670, 8
MM, 147, 1, 8
MM, 145, 4, 8
MM, 144, 7, 8
MM, 144, 8, 8
MM, 143, 12, 8
MM, 140, 15, 8
MM, 137, 18, 8
MM, 135, 20, 8
MM, 134, 22, 8
MM, 133, 23, 8
MM, 133, 24, 8
MM, 133, 25, 8
MM, 127, 25, 263
MM, 125, 25, 8
MM, 123, 22, 9
MM, 122, 19, 7
MM, 121, 16, 8
MM, 119, 14, 8
MM, 118, 9, 8
MM, 118, 5, 8
MM, 116, 1, 9
MM, 515, 667, 8
MM, 27, 29, 7
MM, 27, 26, 8
MM, 27, 25, 8
MM, 27, 23, 8
MM, 27, 20, 8
MM, 26, 19, 8
MM, 24, 18, 8
MM, 24, 16, 8
MM, 23, 13, 8
MM, 22, 10, 8
MM, 22, 8, 8
MM, 22, 5, 8
MM, 22, 2, 8
MM, 22, 0, 8
MM, 510, 630, 8
MM, 11, 28, 8
MM, 11, 24, 8
MM, 11, 20, 9
MM, 11, 17, 8
MM, 11, 15, 8
MM, 11, 12, 8
MM, 11, 11, 8
MM, 11, 9, 8
MM, 11, 6, 8
MM, 11, 5, 8
MM, 11, 2, 8
MM, 11, 0, 8
MM, 510, 594, 8
MM, 510, 593, 8
MM, 510, 592, 16
MM, 510, 591, 8
MM, 16, 30, 39
MM, 16, 29, 8
MM, 16, 27, 9
MM, 16, 26, 7
MM, 16, 25, 120
MM, 16, 23, 8
MM, 16, 22, 9
MC, 1, 200
MM, 16, 26, 24
MM, 515, 592, 8
MM, 21, 2, 8
MM, 24, 7, 7
MM, 25, 8, 8
MM, 27, 10, 8
MM, 28, 13, 9
MM, 29, 13, 8
MM, 30, 13, 8
MM, 31, 14, 79
MM, 33, 15, 8
MM, 34, 15, 8
MM, 535, 614, 8
MM, 536, 615, 9
MM, 539, 615, 8
MM, 1, 18, 8
MM, 2, 18, 112
MM, 5, 18, 8
MM, 6, 18, 8
MM, 6, 16, 8
MC, 1, 256
MM, 5, 16, 64
MM, 4, 15, 48
MM, 1, 14, 7
MM, 537, 610, 9
MM, 31, 9, 7
MM, 27, 8, 8
MM, 22, 7, 8
MM, 20, 5, 8
MM, 15, 5, 8
MM, 11, 5, 8
MM, 10, 5, 8
MM, 6, 4, 8
MM, 3, 2, 8
MM, 2, 2, 8
MM, 1, 2, 8
MM, 498, 599, 40
MM, 495, 599, 8
MM, 494, 599, 8
MM, 30, 1, 8
MM, 28, 0, 8
MM, 488, 596, 8
MM, 484, 594, 8
MM, 481, 593, 8
MM, 20, 30, 8
MM, 18, 29, 8
MM, 16, 29, 8
MM, 15, 29, 8
MM, 14, 28, 49
MM, 13, 26, 8
MM, 12, 26, 8
MM, 9, 25, 8
MM, 7, 24, 8
MM, 4, 24, 8
MM, 0, 22, 8
MM, 453, 581, 8
MM, 452, 581, 8
MM, 451, 581, 8
MP, 1, 295
MR, 1, 56
MC, 1, 0
MM, 450, 580, 265
MM, 33, 19, 8
MM, 31, 19, 8
MM, 28, 19, 8
MM, 27, 19, 112
MM, 25, 17, 8
MM, 19, 16, 8
MM, 13, 16, 7
MM, 10, 14, 8
MM, 9, 13, 8
MC, 1, 249
MM, 9, 16, 56
MM, 9, 20, 8
MM, 11, 25, 8
MM, 12, 27, 8
MM, 430, 592, 8
MM, 432, 596, 8
MM, 11, 2, 8
MM, 12, 5, 8
MM, 13, 9, 8
MM, 15, 15, 8
MM, 18, 20, 8
MM, 21, 24, 8
MM, 22, 28, 8
MM, 445, 628, 8
MM, 448, 631, 8
MM, 0, 1, 8
MM, 1, 6, 8
MM, 3, 10, 8
MM, 3, 13, 8
MM, 4, 14, 8
MM, 5, 15, 8
MM, 5, 18, 8
MM, 5, 20, 8
MM, 7, 23, 8
MM, 8, 26, 8
MM, 8, 28, 8
MM, 457, 665, 8
MM, 457, 666, 8
MM, 457, 667, 8
MM, 458, 668, 24
MM, 459, 669, 8
MM, 459, 670, 56
MM, 59, 0, 8
MM, 59, 2, 8
MM, 59, 3, 8
MM, 62, 10, 199
MM, 61, 6, 177
MM, 60, 1, 7
MM, 460, 666, 8
MM, 9, 24, 8
MM, 8, 18, 8
MM, 6, 9, 8
MM, 451, 632, 8
MM, 28, 26, 8
MM, 27, 20, 8
MM, 25, 16, 8
MM, 25, 13, 8
MM, 25, 10, 8
MM, 25, 8, 8
MM, 25, 5, 8
MM, 25, 4, 8
MM, 25, 2, 8
MM, 446, 596, 8
MM, 446, 595, 8
MM, 446, 593, 8
MM, 31, 30, 8
MM, 31, 29, 8
MM, 31, 28, 8
MM, 31, 27, 8
MM, 31, 26, 145
MM, 31, 24, 8
MM, 30, 24, 8
MM, 29, 24, 8
MM, 28, 23, 16
MM, 27, 22, 8
MM, 26, 21, 8
MM, 23, 20, 8
MM, 22, 20, 8
MM, 21, 19, 8
MM, 20, 17, 8
MM, 19, 16, 24
MM, 17, 15, 8
MM, 16, 15, 8
MM, 15, 14, 8
MM, 14, 13, 8
MM, 13, 12, 8
MM, 13, 11, 8
MM, 14, 13, 199
MM, 4, 14, 49
MM, 1, 17, 7
MM, 0, 17, 9
MM, 379, 614, 8
MM, 378, 615, 7
MM, 377, 616, 8
MM, 375, 616, 8
MM, 374, 616, 8
MM, 34, 19, 345
MM, 33, 19, 8
MM, 32, 19, 8
MM, 31, 19, 7
MC, 1, 361
MM, 33, 19, 112
MM, 378, 616, 8
MM, 3, 19, 8
MM, 4, 19, 8
MM, 5, 19, 8
MC, 1, 456
MM, 6, 19, 72
MM, 7, 18, 8
MM, 8, 15, 8
MM, 10, 12, 8
MM, 14, 9, 8
MM, 21, 6, 8
MM, 27, 5, 8
MM, 416, 598, 8
MM, 424, 596, 8
MM, 429, 596, 8
MM, 431, 595, 8
MM, 434, 593, 8
MM, 439, 592, 8
MM, 443, 591, 8
MM, 31, 28, 8
MM, 34, 25, 8
MM, 450, 584, 8
MM, 454, 582, 8
MM, 4, 21, 8
MM, 13, 17, 8
MM, 27, 15, 8
MM, 491, 574, 8
MM, 2, 12, 8
MM, 8, 12, 8
MM, 10, 12, 8
MM, 13, 12, 8
MM, 17, 11, 8
MM, 18, 9, 8
MM, 21, 9, 8
MM, 23, 9, 8
MC, 1, 400
MM, 23, 11, 16
MM, 23, 12, 72
MM, 23, 13, 8
MM, 23, 14, 8
MM, 23, 18, 8
MM, 23, 22, 8
MM, 23, 27, 8
MM, 517, 593, 8
MM, 18, 2, 8
MM, 18, 6, 8
MM, 18, 8, 8
MM, 18, 11, 8
MM, 18, 13, 8
MM, 18, 18, 8
MM, 18, 22, 8
MM, 18, 25, 8
MM, 18, 26, 8
MM, 18, 27, 8
MM, 18, 28, 8
MM, 18, 29, 8
MM, 18, 30, 8
MM, 517, 628, 8
MM, 517, 630, 8
MM, 517, 631, 7
MM, 517, 633, 8
MM, 29, 2, 8
MM, 29, 4, 8
MM, 29, 7, 8
MM, 29, 9, 9
MM, 29, 12, 7
MM, 29, 14, 8
MM, 29, 16, 8
MM, 29, 17, 8
MM, 29, 18, 8
MM, 29, 19, 8
MM, 29, 20, 8
MM, 29, 21, 8
MM, 29, 22, 8
MM, 29, 24, 8
MM, 29, 26, 8
MM, 29, 27, 8
MM, 29, 28, 8
MM, 517, 665, 9
MM, 517, 666, 7
MM, 517, 667, 8
MM, 517, 669, 8
MM, 117, 0, 9
MM, 116, 0, 8
MM, 116, 1, 95
MM, 116, 2, 8
MM, 102, 2, 408
MM, 94, 2, 8
MM, 83, 2, 8
MM, 69, 1, 9
MM, 455, 666, 8
MM, 31, 23, 7
MM, 20, 18, 8
MM, 10, 12, 8
MM, 3, 7, 8
MM, 0, 4, 8
MM, 407, 635, 8
MM, 405, 634, 8
MM, 404, 633, 9
MM, 403, 630, 8
MM, 403, 629, 7
MM, 403, 628, 16
MM, 20, 30, 8
MM, 18, 28, 8
MM, 16, 26, 8
MM, 14, 24, 8
MM, 11, 23, 8
MM, 8, 21, 8
MM, 6, 21, 8
MM, 4, 21, 8
MM, 4, 20, 8
MM, 4, 19, 8
MM, 2, 19, 153
MM, 0, 19, 8
MM, 378, 616, 8
MM, 377, 616, 8
MM, 375, 616, 88
MM, 33, 19, 8
MM, 32, 19, 8
MM, 31, 19, 8
MC, 1, 376
MM, 32, 19, 59
MM, 376, 616, 5
MM, 2, 19, 8
MM, 8, 19, 8
MM, 14, 19, 8
MM, 24, 19, 8
MM, 32, 19, 8
MM, 2, 19, 8
MM, 13, 20, 8
MM, 19, 22, 8
MM, 25, 22, 7
MM, 31, 23, 9
MM, 457, 622, 8
MM, 459, 622, 8
MM, 3, 26, 8
MM, 12, 30, 8
MM, 484, 630, 8
MM, 7, 0, 8
MM, 18, 2, 8
MM, 27, 4, 8
MM, 524, 641, 8
MM, 1, 9, 8
MM, 4, 9, 8
MM, 5, 9, 8
MM, 5, 10, 184
MM, 5, 11, 8
MM, 6, 11, 8
MM, 7, 11, 8
MM, 8, 12, 103
MM, 11, 14, 8
MM, 15, 14, 8
MM, 19, 14, 8
MM, 22, 14, 8
MM, 23, 14, 8
MC, 1, 161
MM, 12, 14, 16
MM, 1, 14, 8
MM, 26, 13, 7
MM, 7, 8, 9
MM, 24, 4, 8
MM, 454, 632, 8
MM, 16, 28, 8
MM, 2, 24, 8
MM, 34, 23, 8
MM, 32, 23, 8
MM, 31, 21, 8
MM, 30, 20, 8
MM, 30, 19, 216
MM, 30, 18, 7
MM, 32, 17, 8
MM, 34, 14, 8
MM, 416, 610, 9
MM, 0, 11, 8
MM, 2, 10, 8
MM, 5, 10, 7
MM, 6, 9, 8
MM, 6, 8, 8
MM, 7, 8, 8
MM, 10, 8, 8
MM, 12, 8, 9
MM, 13, 8, 7
MM, 14, 8, 9
MM, 16, 8, 7
MM, 17, 8, 16
MM, 18, 8, 8
MC, 1, 313
MM, 18, 12, 32
MM, 18, 18, 8
MM, 18, 22, 8
MM, 18, 24, 8
MM, 18, 27, 8
MM, 18, 28, 7
MM, 18, 29, 8
MM, 439, 630, 9
MM, 439, 633, 8
MM, 31, 1, 8
MM, 33, 4, 8
MM, 443, 638, 8
MM, 444, 638, 8
MM, 444, 639, 159
MM, 444, 640, 8
MM, 444, 641, 8
MM, 445, 644, 8
MM, 447, 647, 8
MM, 447, 649, 9
MM, 447, 650, 7
MM, 447, 652, 8
MM, 447, 653, 8
MM, 448, 654, 8
MM, 0, 21, 8
MM, 0, 22, 9
MM, 0, 23, 7
MM, 1, 24, 16
MM, 2, 27, 8
MM, 2, 28, 8
MM, 2, 29, 16
MM, 2, 30, 8
MM, 452, 665, 185
MM, 453, 667, 8
MM, 455, 668, 16
MM, 456, 669, 8
MM, 456, 670, 8
MM, 56, 0, 8
MM, 56, 1, 127
MM, 56, 2, 8
MM, 55, 2, 280
MM, 53, 2, 9
MM, 48, 0, 8
MM, 444, 668, 8
MM, 441, 666, 8
MM, 29, 27, 8
MM, 26, 24, 7
MM, 23, 21, 8
MM, 21, 19, 8
MM, 18, 14, 9
MM, 15, 10, 8
MM, 12, 7, 8
MM, 10, 4, 8
MM, 9, 1, 8
MM, 417, 632, 7
MM, 415, 630, 8
MM, 34, 30, 8
MM, 33, 29, 8
MM, 32, 28, 8
MM, 32, 27, 9
MM, 32, 25, 16
MM, 30, 24, 7
MM, 29, 24, 8
MM, 29, 23, 8
MM, 29, 22, 9
MM, 29, 21, 47
MM, 29, 20, 8
MM, 28, 19, 8
MM, 27, 18, 8
MM, 27, 16, 24
MM, 27, 15, 9
MM, 26, 15, 87
MM, 25, 15, 8
MM, 24, 14, 8
MM, 23, 13, 8
MM, 25, 13, 185
MM, 27, 12, 8
MM, 32, 9, 8
MM, 416, 603, 8
MM, 0, 1, 8
MM, 428, 593, 8
MM, 17, 30, 8
MM, 20, 27, 8
MM, 22, 24, 8
MM, 23, 22, 8
MM, 24, 19, 8
MM, 24, 18, 8
MM, 26, 18, 8
MM, 27, 18, 8
MM, 30, 18, 335
MM, 32, 18, 8
MM, 452, 578, 8
MM, 2, 18, 8
MM, 8, 18, 8
MM, 14, 18, 8
MM, 18, 18, 8
MM, 21, 18, 8
MM, 27, 16, 9
MM, 31, 15, 7
MM, 488, 575, 9
MM, 489, 575, 7
MM, 490, 575, 129
MM, 492, 575, 8
MM, 0, 15, 8
MM, 3, 15, 8
MM, 4, 15, 8
MM, 5, 15, 8
MM, 6, 15, 80
MM, 7, 15, 8
MM, 8, 15, 8
MM, 9, 15, 8
MM, 27, 16, 207
MM, 13, 20, 9
MM, 454, 586, 8
MM, 443, 592, 8
MM, 429, 596, 8
MM, 417, 600, 10
MM, 28, 6, 5
MM, 22, 8, 8
MM, 19, 8, 9
MM, 18, 8, 7
MM, 17, 8, 72
MM, 15, 8, 8
MM, 12, 8, 8
MM, 10, 8, 8
MM, 7, 8, 8
MM, 4, 8, 8
MM, 3, 8, 8
MC, 1, 232
MM, 3, 9, 16
MM, 3, 10, 8
MM, 5, 10, 16
MM, 6, 11, 8
MM, 8, 12, 8
MM, 9, 12, 8
MM, 10, 12, 9
MM, 12, 12, 8
MM, 12, 13, 72
MM, 12, 15, 8
MM, 13, 15, 8
MM, 14, 15, 8
MM, 14, 16, 8
MM, 14, 17, 8
MM, 15, 17, 8
MM, 16, 17, 8
MM, 16, 18, 72
MM, 16, 19, 8
MM, 17, 20, 8
MM, 19, 23, 8
MM, 20, 26, 8
MM, 23, 28, 8
MM, 406, 628, 8
MM, 408, 631, 8
MM, 2, 2, 8
MM, 6, 8, 7
MM, 13, 18, 9
MM, 23, 27, 7
MM, 441, 667, 8
MM, 53, 2, 9
MM, 65, 8, 8
MM, 72, 11, 7
MM, 76, 16, 8
MM, 81, 19, 8
MM, 84, 20, 8
MM, 85, 21, 8
MM, 86, 21, 8
MM, 87, 21, 8
MM, 86, 19, 193
MM, 86, 16, 8
MM, 86, 15, 8
MM, 86, 14, 32
MM, 86, 13, 8
MC, 1, 120
MM, 86, 11, 15
MM, 86, 9, 9
MM, 86, 8, 7
MM, 86, 7, 8
MM, 88, 4, 8
MM, 91, 1, 8
MM, 494, 668, 8
MM, 9, 29, 8
MM, 12, 25, 8
MM, 15, 20, 8
MM, 20, 16, 8
MM, 27, 11, 8
MM, 524, 639, 8
MM, 533, 633, 8
MM, 543, 628, 8
MM, 12, 25, 8
MM, 18, 24, 8
MM, 24, 22, 8
MM, 29, 19, 8
MM, 32, 16, 8
MM, 575, 610, 8
MM, 577, 608, 8
MM, 580, 606, 8
MM, 2, 8, 8
MM, 5, 6, 8
MM, 7, 5, 8
MM, 8, 4, 9
MM, 10, 4, 7
MM, 12, 3, 8
MM, 15, 1, 8
MM, 16, 1, 8
MM, 17, 0, 40
MM, 599, 596, 8
MM, 602, 596, 8
MM, 604, 596, 8
MM, 607, 595, 8
MM, 610, 593, 8
MM, 612, 592, 8
MM, 615, 591, 8
MM, 9, 28, 8
MM, 13, 25, 8
MM, 14, 25, 8
MM, 17, 23, 9
MM, 18, 22, 7
MM, 20, 21, 8
MM, 23, 20, 8
MM, 24, 18, 8
MM, 25, 17, 8
MM, 20, 22, 257
MM, 15, 25, 8
MM, 9, 29, 8
MM, 615, 592, 8
MM, 611, 595, 8
MM, 25, 1, 8
MM, 24, 2, 8
MM, 22, 3, 8
MM, 19, 6, 8
MM, 18, 7, 8
MM, 15, 8, 7
MM, 14, 9, 8
MM, 13, 11, 9
MM, 12, 12, 8
MM, 11, 12, 7
MM, 8, 13, 8
MM, 7, 14, 9
MM, 6, 17, 7
MM, 4, 19, 8
MM, 3, 20, 8
MM, 2, 22, 8
MM, 1, 24, 8
MM, 579, 626, 8
MM, 574, 629, 8
MM, 570, 632, 8
MM, 565, 635, 8
MM, 34, 2, 8
MM, 32, 3, 8
MM, 31, 4, 8
MM, 30, 5, 265
MM, 29, 6, 8
MM, 29, 8, 24
MM, 29, 9, 8
MM, 26, 10, 111
MM, 23, 11, 8
MM, 19, 13, 8
MM, 16, 15, 8
MM, 14, 18, 8
MM, 13, 19, 8
MM, 12, 20, 8
MM, 11, 22, 8
MM, 10, 22, 16
MM, 9, 22, 8
MM, 9, 23, 16
MM, 9, 24, 8
MM, 8, 24, 8
MM, 6, 25, 8
MM, 5, 27, 8
MM, 4, 30, 8
MM, 532, 667, 8
MM, 529, 670, 8
MM, 126, 2, 8
MM, 125, 3, 8
MM, 124, 4, 8
MM, 122, 5, 8
MM, 122, 6, 8
MM, 122, 7, 8
MM, 121, 7, 241
MM, 120, 7, 8
MM, 120, 8, 8
MM, 120, 10, 8
MC, 1, 152
MM, 117, 10, 15
MM, 114, 9, 8
MM, 112, 5, 8
MM, 511, 668, 8
MM, 19, 22, 8
MM, 15, 13, 8
MM, 14, 4, 9
MM, 502, 632, 8
MM, 502, 630, 7
MM, 502, 629, 8
MM, 502, 628, 8
MM, 3, 29, 8
MM, 3, 28, 8
MM, 3, 26, 9
MM, 3, 23, 7
MM, 3, 21, 9
MM, 3, 20, 7
MM, 3, 18, 8
MM, 3, 16, 8
MM, 1, 15, 8
MM, 0, 14, 8
MM, 0, 13, 8
MM, 498, 608, 8
MM, 497, 607, 8
MM, 497, 606, 8
MM, 497, 605, 8
MM, 497, 604, 8
MM, 497, 603, 8
MM, 497, 602, 16
MM, 497, 601, 8
MM, 497, 599, 8
MM, 497, 598, 8
MM, 497, 597, 24
MM, 497, 596, 8
MM, 497, 595, 24
MM, 497, 594, 8
MM, 500, 592, 9
MM, 8, 30, 8
MM, 11, 28, 8
MM, 14, 27, 8
MM, 17, 25, 8
MM, 18, 24, 8
MM, 19, 23, 8
MM, 20, 23, 8
MM, 20, 22, 8
MM, 20, 21, 8
MC, 1, 208
MM, 21, 21, 104
MM, 22, 21, 8
MM, 24, 24, 8
MM, 26, 26, 7
MM, 29, 29, 9
MM, 526, 592, 8
MM, 527, 593, 8
MM, 528, 594, 8
MM, 531, 596, 8
MM, 33, 0, 8
MM, 34, 1, 8
MM, 536, 599, 7
MM, 537, 600, 9
MM, 539, 602, 7
MM, 2, 6, 8
MM, 3, 7, 9
MM, 6, 8, 8
MM, 7, 8, 8
MM, 8, 8, 15
MM, 9, 8, 8
MM, 10, 8, 8
MM, 11, 8, 8
MM, 13, 8, 9
MM, 14, 8, 7
MM, 8, 11, 289
MM, 4, 11, 8
MM, 536, 608, 8
MM, 31, 11, 8
MM, 25, 11, 8
MM, 17, 10, 8
MM, 10, 8, 8
MM, 6, 7, 8
MM, 3, 6, 8
MM, 2, 6, 8
MM, 1, 4, 40
MM, 497, 600, 8
MM, 495, 600, 8
MM, 30, 3, 8
MM, 26, 2, 8
MM, 22, 0, 8
MM, 17, 0, 7
MM, 13, 0, 8
MM, 10, 0, 8
MM, 470, 596, 8
MM, 469, 595, 8
MM, 467, 595, 25
MM, 466, 595, 7
MM, 465, 595, 17
MM, 464, 594, 8
MM, 463, 592, 8
MM, 462, 591, 8
MM, 5, 30, 8
MM, 3, 30, 7
MM, 3, 29, 8
MM, 3, 28, 8
MM, 2, 28, 89
MM, 1, 28, 8
MM, 1, 27, 8
MM, 0, 26, 7
MM, 455, 586, 8
MM, 454, 586, 8
MM, 453, 585, 8
MM, 452, 583, 8
MM, 450, 583, 9
MM, 34, 22, 7
MM, 33, 21, 9
MM, 32, 21, 7
MM, 29, 20, 8
MM, 27, 17, 8
MM, 24, 16, 8
MM, 21, 16, 8
MM, 20, 15, 8
MM, 19, 13, 8
MM, 18, 13, 8
MM, 17, 12, 8
MM, 16, 11, 8
MM, 15, 11, 8
MM, 13, 11, 8
MM, 12, 11, 8
MM, 11, 11, 8
MM, 10, 11, 16
MM, 9, 11, 8
MM, 11, 12, 336
MM, 11, 14, 9
MM, 11, 16, 7
MM, 11, 18, 8
MM, 11, 21, 8
MM, 11, 25, 8
MM, 426, 591, 9
MM, 5, 0, 7
MM, 5, 6, 9
MM, 6, 11, 8
MM, 7, 15, 7
MM, 7, 18, 8
MM, 8, 19, 8
MM, 9, 21, 9
MM, 9, 24, 8
MM, 9, 26, 8
MM, 9, 29, 8
MM, 430, 628, 7
MM, 430, 633, 8
MM, 21, 3, 8
MM, 23, 6, 8
MM, 24, 7, 8
MM, 24, 8, 8
MM, 24, 9, 8
MM, 24, 10, 8
MM, 24, 13, 8
MM, 24, 14, 8
MM, 25, 15, 8
MM, 26, 16, 8
MM, 26, 17, 16
MM, 26, 18, 8
MM, 27, 20, 8
MM, 28, 21, 8
MM, 30, 21, 8
MM, 31, 21, 8
MM, 32, 22, 8
MM, 33, 23, 9
MM, 443, 658, 7
MM, 444, 659, 8
MM, 445, 660, 17
MM, 447, 662, 8
MM, 447, 663, 56
MM, 448, 664, 8
MM, 449, 665, 8
MM, 450, 666, 8
MM, 451, 667, 8
MM, 451, 670, 8
MM, 51, 0, 8
MM, 52, 0, 8
MM, 53, 0, 8
MM, 52, 2, 303
MM, 47, 2, 8
MM, 443, 670, 8
MM, 438, 667, 8
MM, 436, 665, 8
MM, 24, 28, 8
MM, 21, 24, 8
MM, 18, 19, 8
MM, 15, 15, 8
MM, 12, 10, 8
MM, 9, 6, 8
MM, 7, 3, 8
MM, 415, 633, 9
MM, 414, 630, 7
MM, 32, 30, 9
MM, 29, 26, 8
MM, 28, 21, 8
MM, 26, 17, 8
MM, 25, 14, 8
MM, 25, 10, 8
MM, 23, 6, 8
MM, 22, 3, 8
MM, 21, 0, 8
MM, 400, 596, 8
MM, 398, 595, 8
MM, 397, 594, 8
MM, 397, 591, 8
MM, 25, 29, 8
MM, 24, 28, 16
MM, 23, 27, 8
MM, 23, 25, 8
MM, 23, 24, 8
MM, 23, 23, 8
MM, 23, 22, 8
MM, 22, 22, 48
MM, 21, 22, 8
MM, 21, 20, 8
MM, 21, 17, 8
MM, 21, 16, 8
MM, 21, 15, 8
MM, 23, 15, 264
MM, 24, 15, 7
MM, 27, 15, 8
MM, 29, 15, 8
MM, 32, 15, 8
MM, 34, 15, 8
MM, 409, 575, 9
MM, 412, 575, 8
MM, 414, 575, 8
MM, 2, 15, 8
MM, 3, 15, 71
MM, 4, 15, 8
MM, 5, 15, 8
MM, 6, 15, 8
MC, 1, 361
MM, 6, 16, 159
MM, 6, 18, 8
MM, 6, 23, 8
MM, 6, 25, 8
MM, 6, 28, 8
MM, 421, 592, 8
MM, 419, 595, 8
MM, 418, 596, 8
MM, 417, 599, 8
MM, 417, 600, 8
MM, 34, 5, 8
MM, 32, 8, 8
MM, 30, 9, 8
MM, 29, 10, 8
MM, 28, 13, 8
MM, 27, 16, 8
MM, 26, 17, 8
MM, 24, 18, 8
MC, 1, 296
MM, 25, 17, 64
MM, 27, 15, 8
MM, 28, 14, 8
MM, 29, 13, 8
MM, 32, 12, 8
MM, 416, 607, 8
MM, 2, 7, 8
MM, 8, 6, 8
MM, 12, 6, 8
MM, 16, 4, 8
MM, 21, 3, 8
MM, 25, 1, 8
MM, 30, 0, 8
MM, 455, 595, 8
MM, 460, 592, 8
MM, 462, 591, 8
MM, 9, 30, 8
MM, 12, 28, 8
MM, 13, 28, 8
MM, 15, 27, 8
MM, 20, 26, 8
MM, 22, 26, 8
MM, 25, 26, 8
MM, 27, 26, 8
MM, 29, 26, 8
MM, 30, 24, 8
MM, 31, 23, 8
MM, 488, 582, 209
MM, 490, 581, 8
MM, 492, 581, 8
MM, 493, 580, 8
MM, 0, 19, 8
MM, 1, 19, 24
MM, 2, 19, 8
MM, 3, 19, 16
MM, 4, 17, 8
MM, 7, 16, 8
MM, 10, 16, 8
MM, 11, 16, 8
MM, 12, 16, 8
MM, 13, 16, 95
MM, 14, 16, 8
MC, 1, 128
MM, 16, 16, 89
MM, 21, 16, 8
MM, 23, 17, 8
MM, 30, 18, 8
MM, 530, 580, 8
MM, 2, 21, 8
MM, 6, 22, 8
MM, 9, 24, 8
MM, 10, 24, 8
MM, 11, 24, 8
MM, 13, 25, 48
MM, 16, 26, 8
MM, 17, 26, 8
MM, 20, 28, 8
MM, 21, 29, 8
MM, 25, 30, 8
MM, 560, 592, 8
MM, 563, 593, 8
MM, 566, 594, 8
MM, 567, 596, 112
MM, 28, 0, 8
MM, 29, 1, 8
MM, 32, 3, 8
MM, 33, 4, 8
MM, 34, 4, 7
MM, 575, 601, 8
MM, 576, 603, 8
MM, 577, 604, 8
MM, 579, 606, 9
MM, 580, 609, 8
MM, 0, 15, 8
MM, 2, 19, 8
MM, 3, 20, 7
MM, 5, 22, 8
MM, 8, 24, 8
MM, 9, 25, 8
MM, 11, 27, 8
MM, 12, 28, 8
MM, 13, 29, 64
MM, 14, 30, 9
MM, 599, 628, 8
MM, 603, 630, 8
MM, 609, 631, 8
MM, 616, 633, 8
MM, 3, 0, 8
MM, 6, 2, 8
MM, 7, 2, 128
MM, 8, 2, 8
MM, 11, 2, 8
MM, 15, 2, 8
MM, 21, 3, 8
MM, 648, 641, 8
MM, 4, 9, 8
MM, 9, 9, 7
MM, 15, 10, 9
MM, 19, 12, 8
MM, 20, 12, 8
MM, 21, 12, 8
MC, 1, 352
MM, 23, 12, 80
MM, 24, 12, 8
MM, 28, 12, 8
MM, 686, 647, 8
MM, 688, 649, 8
MM, 694, 649, 8
MM, 700, 649, 7
MM, 703, 650, 8
MM, 708, 651, 8
MM, 713, 651, 8
MM, 718, 653, 8
MM, 721, 654, 9
MM, 725, 654, 8
MM, 729, 654, 8
MM, 733, 654, 8
MM, 738, 654, 8
MM, 740, 654, 8
MM, 741, 654, 7
MM, 743, 654, 8
MM, 744, 654, 8
MM, 746, 654, 8
MM, 749, 654, 8
MM, 750, 654, 9
MM, 751, 654, 8
MM, 752, 654, 7
MM, 754, 654, 8
MM, 757, 654, 8
MM, 760, 654, 8
MM, 761, 653, 8
MM, 762, 653, 8
MM, 763, 653, 8
MM, 764, 653, 16
MM, 765, 653, 8
MM, 767, 652, 8
MM, 769, 649, 8
MM, 1, 36, 8
MM, 2, 35, 8
MM, 3, 32, 9
MM, 6, 29, 8
MM, 9, 28, 8
MM, 10, 28, 8
MM, 11, 28, 8
MM, 12, 27, 8
MM, 13, 26, 8
MM, 15, 26, 8
MM, 15, 24, 8
MM, 16, 23, 8
MM, 17, 22, 8
MM, 18, 21, 8
MM, 20, 20, 8
MM, 22, 19, 8
MM, 23, 18, 8
MM, 24, 16, 8
MM, 25, 16, 16
MM, 26, 16, 8
MM, 27, 16, 24
MM, 28, 16, 8
MM, 30, 16, 16
