********************************************************************************
LOGGING TIME: 20181023_232145
CLIENT IP: 10.109.56.70
USERNAME: dell
OS: Windows 8.1
**********************************Emotional database********************************************************************************
MM, 10, 6, 1541893259422
MM, 10, 16, 15
MM, 0, 1, 8
MM, 607, 512, 9
MM, 346, 84, 7
MM, 338, 72, 9
MM, 328, 60, 7
MM, 317, 45, 10
MM, 309, 33, 6
MM, 299, 19, 10
MM, 289, 6, 7
MM, 529, 409, 9
MM, 519, 394, 7
MM, 511, 385, 9
MM, 503, 373, 7
MM, 246, 75, 15
MM, 240, 63, 1
MM, 232, 51, 8
MM, 227, 42, 8
MM, 221, 30, 8
MM, 215, 21, 8
MM, 210, 14, 8
MM, 205, 7, 8
MM, 202, 2, 7
MM, 450, 285, 9
MM, 449, 283, 8
MM, 447, 280, 8
MM, 444, 277, 7
MM, 441, 273, 9
MM, 437, 266, 7
MM, 431, 259, 9
MM, 428, 253, 8
MM, 423, 246, 8
MM, 372, 170, 64
MM, 368, 163, 8
MM, 367, 159, 8
MM, 366, 158, 8
MM, 365, 158, 8
MM, 365, 157, 8
MM, 365, 156, 8
MM, 364, 157, 72
MM, 362, 159, 8
MM, 362, 164, 8
MM, 362, 166, 8
MM, 362, 170, 8
MM, 362, 175, 9
MM, 359, 171, 159
MM, 359, 166, 8
MM, 359, 162, 8
MM, 359, 158, 8
MM, 359, 154, 8
MM, 359, 149, 8
MM, 359, 147, 8
MM, 359, 146, 8
MM, 358, 145, 8
MM, 357, 143, 8
MM, 357, 142, 9
MM, 357, 140, 8
MM, 357, 139, 7
MM, 357, 138, 16
MM, 357, 136, 9
MM, 357, 135, 7
MM, 357, 134, 8
MM, 357, 133, 64
MM, 360, 132, 8
MM, 362, 130, 8
MM, 367, 126, 8
MM, 372, 121, 8
MM, 374, 118, 8
MM, 377, 115, 8
MM, 380, 113, 8
MM, 381, 110, 8
MM, 383, 107, 8
MM, 387, 104, 9
MM, 392, 101, 6
MM, 407, 94, 17
MM, 413, 93, 8
MM, 420, 91, 8
MM, 426, 90, 8
MM, 432, 90, 8
MM, 436, 90, 8
MM, 439, 88, 8
MM, 440, 87, 8
MM, 441, 87, 8
MM, 442, 87, 7
MM, 443, 87, 8
MM, 444, 87, 9
MM, 446, 87, 160
MM, 447, 87, 8
MM, 448, 90, 8
MM, 449, 94, 8
MM, 449, 114, 400
MM, 449, 120, 8
MM, 449, 130, 8
MM, 449, 136, 8
MM, 449, 146, 8
MM, 448, 163, 8
MM, 435, 249, 56
MM, 435, 283, 56
MM, 435, 285, 8
MM, 184, 2, 8
MM, 184, 4, 8
MM, 184, 7, 8
MM, 184, 9, 8
MM, 184, 12, 8
MM, 184, 14, 8
MM, 184, 16, 7
MM, 184, 17, 17
MM, 184, 18, 8
MC, 1, 240
MM, 183, 18, 191
MM, 183, 20, 9
MM, 183, 25, 8
MM, 184, 27, 8
MM, 189, 30, 8
MM, 192, 32, 8
MM, 192, 33, 8
MM, 192, 34, 7
MM, 193, 35, 8
MM, 194, 36, 10
MM, 194, 37, 17879
MM, 194, 40, 7
MM, 194, 42, 9
MM, 194, 44, 8
MM, 188, 43, 40
MM, 163, 39, 8
MM, 134, 36, 8
MM, 113, 40, 8
MM, 103, 47, 8
MM, 101, 56, 8
MM, 102, 62, 8
MM, 102, 63, 8
MM, 103, 66, 440
MM, 104, 70, 8
MM, 106, 75, 8
MM, 111, 81, 8
MM, 367, 374, 8
MM, 370, 381, 8
MM, 374, 387, 8
MM, 377, 392, 8
MM, 378, 395, 8
MM, 379, 397, 8
MM, 381, 399, 8
MM, 381, 400, 95
MM, 381, 402, 8
MM, 381, 406, 9
MM, 381, 412, 8
MM, 130, 3, 8
MM, 130, 9, 8
MM, 130, 12, 8
MM, 130, 13, 8
MM, 130, 14, 7
MM, 129, 14, 265
MM, 128, 14, 8
MC, 1, 112
MM, 128, 15, 152
MM, 128, 18, 8
MM, 128, 20, 8
MM, 128, 23, 8
MM, 128, 24, 8
MM, 128, 25, 48
MM, 128, 28, 8
MM, 128, 30, 8
MM, 128, 33, 8
MM, 128, 35, 8
MM, 128, 36, 8
MM, 128, 38, 8
MM, 128, 39, 8
MM, 128, 40, 192
MM, 128, 44, 8
MM, 128, 54, 8
MM, 128, 67, 8
MM, 128, 81, 8
MM, 379, 509, 8
MM, 379, 520, 8
MM, 6, 5, 8
MM, 6, 13, 8
MM, 6, 19, 8
MM, 6, 24, 8
MM, 6, 26, 7
MM, 6, 29, 81
MM, 379, 556, 7
MM, 7, 0, 8
MM, 7, 6, 9
MM, 7, 11, 8
MM, 7, 17, 8
MM, 7, 21, 8
MM, 7, 22, 8
MM, 7, 23, 8
MM, 7, 19, 96
MM, 8, 11, 8
MM, 10, 2, 8
MM, 382, 556, 8
MM, 10, 25, 8
MM, 12, 19, 8
MM, 12, 16, 8
MM, 12, 14, 8
MM, 12, 11, 8
MM, 12, 9, 8
MM, 12, 8, 8
MM, 12, 6, 72
MM, 12, 5, 8
MM, 12, 4, 8
MM, 12, 3, 8
MM, 12, 4, 239
MM, 13, 7, 8
MM, 14, 9, 9
MM, 14, 11, 8
MM, 14, 12, 8
MM, 16, 12, 224
MM, 19, 12, 8
MM, 26, 11, 8
MM, 34, 9, 8
MM, 2, 8, 8
MM, 16, 6, 8
MM, 32, 4, 8
MM, 4, 2, 8
MM, 20, 0, 8
MM, 490, 521, 7
MM, 504, 519, 8
MM, 520, 517, 9
MM, 536, 517, 9
MM, 552, 517, 7
MM, 563, 517, 8
MM, 574, 515, 8
MM, 585, 513, 8
MM, 596, 513, 8
MM, 607, 511, 8
MM, 619, 509, 8
MM, 629, 509, 8
MM, 640, 509, 9
MM, 652, 507, 8
MM, 660, 506, 8
MM, 664, 506, 7
MM, 670, 506, 8
MM, 676, 506, 8
MM, 679, 506, 8
MM, 682, 506, 9
MM, 683, 507, 191
MM, 686, 514, 8
MM, 689, 520, 8
MM, 30, 2, 8
MM, 30, 6, 8
MM, 30, 9, 8
MM, 31, 11, 8
MM, 33, 14, 8
MM, 33, 15, 8
MM, 33, 16, 8
MM, 33, 17, 407
MM, 33, 19, 9
MM, 33, 21, 8
MM, 32, 25, 8
MM, 31, 30, 8
MM, 690, 559, 8
MM, 0, 2, 8
MM, 0, 6, 8
MM, 0, 14, 8
MM, 0, 18, 8
MM, 687, 589, 8
MM, 29, 2, 8
MM, 29, 11, 8
MM, 29, 24, 8
MM, 687, 629, 8
MM, 687, 634, 8
MM, 687, 635, 9
MM, 686, 635, 215
MM, 685, 635, 10
MM, 30, 1, 6
MM, 26, 1, 8
MM, 24, 1, 8
MM, 22, 1, 8
MM, 21, 1, 8
MM, 20, 1, 112
MM, 19, 1, 8
MM, 19, 3, 8
MM, 19, 6, 8
MM, 18, 7, 8
MM, 17, 8, 8
MM, 16, 9, 64
MM, 14, 10, 8
MC, 1, 239
MM, 13, 10, 49
MM, 12, 10, 8
MM, 11, 10, 8
MM, 9, 10, 8
MM, 6, 7, 7
MM, 1, 4, 8
MM, 649, 637, 9
MM, 29, 1, 8
MM, 640, 632, 8
MM, 635, 629, 8
MM, 631, 628, 8
MM, 9, 29, 8
MM, 3, 28, 8
MM, 612, 623, 8
MM, 22, 22, 8
MM, 16, 21, 8
MM, 10, 21, 7
MM, 2, 21, 8
MM, 577, 618, 9
MM, 31, 19, 8
MM, 24, 18, 8
MM, 16, 18, 16
MM, 10, 18, 8
MM, 4, 18, 8
MM, 534, 615, 8
MM, 24, 18, 8
MM, 10, 18, 8
MM, 493, 615, 8
MM, 18, 16, 8
MM, 6, 14, 8
MM, 458, 611, 8
MM, 28, 14, 8
MM, 22, 14, 8
MM, 16, 14, 8
MM, 12, 14, 8
MM, 10, 14, 8
MM, 7, 14, 8
MM, 4, 14, 9
MM, 3, 14, 7
MM, 2, 13, 8
MM, 1, 12, 8
MM, 0, 12, 8
MM, 420, 609, 8
MM, 419, 608, 8
MM, 417, 606, 8
MM, 416, 605, 8
MM, 415, 604, 7
MM, 34, 7, 8
MM, 33, 6, 9
MM, 32, 5, 7
MM, 31, 5, 8
MM, 29, 5, 25
MM, 28, 4, 8
MM, 28, 3, 8
MM, 28, 1, 8
MM, 27, 0, 8
MM, 406, 596, 8
MM, 406, 594, 8
MM, 406, 591, 8
MM, 34, 30, 8
MM, 34, 29, 8
MM, 34, 27, 8
MM, 34, 24, 8
MM, 34, 23, 8
MM, 34, 22, 8
MM, 34, 19, 8
MM, 34, 18, 8
MM, 34, 17, 8
MM, 34, 16, 8
MM, 34, 15, 24
MM, 34, 14, 8
MM, 35, 14, 16
MM, 36, 14, 40
MM, 411, 574, 9
MM, 413, 574, 7
MM, 1, 14, 8
MM, 5, 14, 8
MM, 11, 14, 9
MM, 17, 14, 7
MM, 23, 14, 8
MM, 29, 14, 8
MM, 450, 574, 8
MM, 454, 574, 8
MM, 1, 14, 8
MM, 4, 14, 8
MM, 6, 14, 8
MM, 10, 14, 8
MM, 13, 14, 9
MM, 16, 14, 8
MM, 18, 14, 7
MM, 19, 14, 8
MM, 20, 14, 8
MM, 21, 14, 256
MM, 24, 14, 8
MM, 28, 14, 8
MM, 488, 574, 8
MM, 491, 574, 8
MM, 492, 574, 8
MM, 493, 574, 104
MM, 0, 14, 8
MM, 3, 14, 8
MM, 7, 14, 8
MM, 8, 14, 8
MM, 9, 14, 7
MM, 11, 14, 9
MC, 1, 320
MM, 12, 14, 24
MM, 13, 14, 8
MM, 14, 16, 8
MM, 17, 19, 8
MM, 20, 22, 8
MM, 23, 25, 8
MM, 24, 26, 8
MM, 25, 27, 8
MM, 26, 28, 8
MM, 29, 29, 7
MM, 525, 591, 9
MM, 528, 591, 8
MM, 530, 591, 8
MM, 533, 592, 8
MM, 536, 594, 8
MM, 537, 594, 8
MM, 539, 594, 8
MM, 541, 594, 8
MM, 543, 595, 8
MM, 546, 596, 7
MM, 547, 596, 9
MM, 9, 0, 9
MM, 11, 2, 7
MM, 12, 2, 8
MM, 13, 2, 8
MC, 1, 360
MM, 11, 2, 24
MM, 5, 2, 8
MM, 535, 599, 8
MM, 23, 2, 8
MM, 12, 2, 9
MM, 1, 2, 7
MM, 30, 2, 8
MM, 24, 1, 8
MM, 480, 596, 8
MM, 475, 596, 7
MM, 473, 595, 9
MM, 470, 594, 8
MM, 467, 592, 8
MM, 466, 591, 7
MM, 9, 30, 10
MM, 8, 29, 7
MM, 5, 28, 8
MM, 2, 26, 8
MM, 1, 26, 8
MM, 0, 26, 8
MM, 455, 585, 8
MM, 452, 584, 8
MM, 451, 584, 8
MM, 450, 584, 8
MM, 34, 24, 8
MM, 33, 23, 65
MM, 32, 22, 7
MM, 31, 22, 80
MM, 30, 22, 8
MM, 28, 21, 9
MM, 27, 19, 7
MC, 1, 184
MM, 27, 20, 47
MM, 27, 22, 9
MM, 27, 25, 8
MM, 27, 27, 8
MM, 442, 591, 9
MM, 442, 596, 8
MM, 22, 3, 8
MM, 23, 7, 7
MM, 25, 12, 8
MM, 28, 16, 8
MM, 29, 21, 8
MM, 31, 27, 8
MM, 455, 630, 8
MM, 9, 1, 8
MM, 10, 5, 8
MM, 12, 11, 8
MM, 15, 16, 8
MM, 16, 19, 7
MM, 18, 21, 10
MM, 21, 26, 7
MM, 22, 30, 8
MM, 471, 665, 8
MM, 472, 668, 8
MM, 74, 0, 8
MM, 74, 1, 8
MM, 75, 5, 8
MM, 76, 7, 9
MM, 76, 9, 16
MM, 76, 10, 8
MM, 76, 12, 7
MM, 76, 15, 8
MM, 78, 17, 8
MM, 79, 20, 8
MC, 1, 640
MM, 79, 18, 40
MM, 79, 12, 8
MM, 79, 4, 8
MM, 479, 669, 8
MM, 30, 27, 8
MM, 30, 21, 8
MM, 30, 16, 8
MM, 30, 12, 8
MM, 30, 10, 7
MM, 30, 7, 9
MM, 30, 4, 8
MM, 30, 2, 8
MM, 30, 1, 8
MM, 30, 0, 8
MM, 479, 632, 8
MM, 479, 631, 16
MM, 479, 630, 8
MM, 479, 628, 7
MM, 16, 28, 9
MM, 16, 27, 8
MM, 16, 26, 8
MM, 16, 25, 8
MM, 16, 23, 8
MM, 16, 21, 8
MM, 16, 18, 8
MM, 16, 17, 8
MM, 16, 16, 8
MM, 16, 15, 8
MM, 16, 14, 8
MM, 16, 13, 8
MM, 16, 10, 8
MM, 16, 8, 7
MM, 16, 5, 9
MM, 16, 3, 8
MM, 16, 0, 9
MM, 478, 593, 8
MM, 22, 30, 8
MM, 22, 29, 8
MM, 22, 27, 7
MM, 22, 26, 8
MM, 22, 24, 8
MM, 22, 23, 8
MM, 22, 22, 16
MM, 22, 21, 8
MM, 23, 21, 240
MM, 28, 21, 17
MM, 29, 20, 55
MM, 30, 19, 8
MM, 491, 579, 8
MM, 3, 19, 8
MM, 4, 18, 8
MM, 6, 16, 8
MC, 1, 352
MM, 7, 16, 32
MM, 8, 16, 7
MM, 12, 16, 8
MM, 16, 16, 8
MM, 20, 15, 9
MM, 25, 14, 8
MM, 27, 14, 8
MM, 527, 574, 8
MM, 530, 574, 8
MM, 2, 12, 8
MM, 4, 11, 8
MC, 1, 392
MM, 5, 11, 16
MM, 7, 11, 8
MM, 9, 11, 8
MM, 12, 11, 8
MM, 18, 11, 8
MM, 26, 11, 8
MM, 565, 571, 7
MM, 8, 11, 9
MM, 19, 11, 7
MM, 33, 11, 9
MM, 2, 11, 9
MM, 13, 11, 8
MM, 24, 11, 8
MM, 30, 11, 8
MM, 1, 9, 7
MM, 6, 8, 8
MM, 8, 8, 8
MM, 11, 8, 8
MM, 15, 8, 8
MM, 19, 8, 8
MM, 24, 8, 8
MM, 30, 8, 8
MM, 34, 8, 8
MM, 1, 8, 8
MM, 7, 8, 8
MM, 13, 6, 8
MM, 24, 4, 7
MM, 724, 564, 8
MM, 732, 564, 9
MM, 737, 564, 8
MM, 738, 564, 8
MM, 736, 564, 233
MM, 732, 565, 8
MM, 731, 566, 8
MM, 728, 567, 8
MM, 725, 569, 8
MP, 1, 255
MR, 1, 55
MM, 30, 13, 9
MM, 27, 14, 8
MM, 26, 14, 8
MC, 1, 352
MM, 24, 14, 48
MM, 21, 14, 8
MM, 20, 14, 8
MM, 16, 15, 8
MM, 13, 17, 8
MM, 12, 17, 8
MM, 11, 17, 8
MM, 9, 17, 48
MM, 4, 17, 7
MM, 2, 17, 8
MM, 683, 577, 8
MM, 29, 17, 9
MM, 25, 17, 7
MM, 20, 17, 8
MM, 19, 17, 8
MM, 17, 17, 8
MM, 16, 17, 8
MM, 13, 17, 8
MM, 11, 17, 8
MM, 10, 17, 145
MM, 8, 17, 8
MM, 5, 17, 8
MM, 0, 17, 8
MM, 647, 577, 8
MM, 646, 577, 8
MM, 645, 577, 704
MM, 644, 577, 8
MM, 643, 577, 8
MM, 30, 17, 8
MM, 28, 17, 96
MM, 25, 17, 8
MM, 24, 17, 8
MM, 23, 17, 8
MC, 1, 264
MM, 22, 17, 48
MM, 18, 18, 8
MM, 12, 21, 8
MM, 5, 24, 8
MM, 610, 588, 7
MM, 600, 593, 10
MM, 7, 2, 8
MM, 577, 603, 8
MM, 28, 10, 7
MM, 21, 13, 8
MM, 15, 16, 8
MM, 10, 19, 8
MM, 6, 22, 8
MM, 539, 622, 8
MM, 535, 625, 8
MM, 530, 628, 8
MM, 524, 632, 8
MM, 521, 633, 8
MM, 31, 0, 8
MM, 28, 2, 8
MM, 23, 3, 8
MM, 19, 5, 8
MM, 18, 5, 8
MM, 15, 6, 8
MM, 14, 7, 8
MM, 13, 7, 8
MM, 11, 8, 7
MM, 9, 9, 9
MM, 8, 9, 9
MM, 4, 11, 8
MM, 2, 12, 9
MM, 1, 13, 6
MM, 487, 648, 8
MM, 486, 648, 248
MM, 482, 648, 8
MM, 25, 16, 8
MM, 14, 18, 8
MM, 3, 20, 8
MM, 443, 656, 8
MM, 30, 22, 8
MM, 29, 22, 8
MM, 28, 22, 159
MM, 25, 22, 9
MM, 23, 22, 8
MM, 20, 22, 8
MM, 19, 22, 8
MM, 18, 22, 8
MM, 17, 22, 8
MC, 1, 256
MM, 15, 22, 16
MM, 14, 22, 8
MM, 13, 22, 8
MM, 11, 21, 8
MM, 8, 18, 8
MM, 5, 16, 8
MM, 407, 645, 8
MM, 30, 5, 8
MM, 26, 2, 8
MM, 22, 1, 8
MM, 20, 1, 8
MM, 19, 0, 8
MM, 388, 633, 8
MM, 387, 633, 64
MM, 386, 633, 8
MM, 385, 633, 8
MM, 382, 633, 9
MM, 381, 633, 7
MM, 380, 632, 8
MM, 379, 630, 8
MM, 376, 630, 8
MM, 374, 629, 8
MM, 373, 628, 8
MM, 30, 30, 8
MM, 25, 28, 8
MM, 24, 27, 8
MM, 23, 26, 8
MM, 22, 26, 8
MC, 1, 304
MM, 27, 25, 40
MM, 375, 620, 8
MM, 6, 23, 7
MM, 19, 23, 8
MM, 415, 620, 10
MM, 10, 23, 8
MM, 24, 23, 8
MM, 461, 620, 7
MM, 10, 23, 8
MM, 21, 23, 8
MM, 496, 620, 8
MM, 5, 23, 8
MM, 14, 23, 8
MM, 27, 23, 8
MM, 537, 620, 8
MM, 8, 23, 8
MM, 19, 24, 8
MM, 28, 25, 8
MM, 0, 25, 8
MM, 11, 25, 7
MM, 22, 25, 8
MM, 614, 622, 9
MM, 4, 25, 8
MM, 12, 25, 10
MM, 18, 25, 6
MM, 22, 25, 8
MM, 27, 25, 8
MM, 29, 25, 8
MM, 32, 25, 8
MM, 652, 622, 8
MM, 653, 622, 320
MM, 655, 622, 8
MM, 656, 622, 304
MM, 657, 621, 8
MM, 0, 24, 8
MM, 1, 24, 8
MM, 2, 23, 55
MM, 3, 22, 8
MM, 5, 21, 9
MM, 6, 20, 9
MC, 1, 223
MM, 4, 20, 48
MM, 1, 20, 8
MM, 32, 22, 8
MM, 21, 25, 9
MM, 625, 628, 7
MM, 0, 0, 8
MM, 36, 6, 8
MM, 26, 11, 8
MM, 20, 17, 8
MM, 13, 20, 8
MM, 4, 23, 8
MM, 565, 661, 8
MM, 558, 666, 8
MM, 151, 0, 8
MM, 147, 2, 8
MM, 142, 5, 7
MM, 139, 8, 8
MM, 138, 8, 8
MM, 136, 9, 8
MM, 134, 10, 9
MM, 133, 10, 8
MM, 131, 11, 8
MM, 130, 13, 8
MM, 126, 14, 8
MM, 121, 15, 8
MM, 117, 17, 9
MM, 113, 18, 7
MM, 111, 18, 8
MM, 110, 18, 8
MM, 109, 18, 88
MM, 108, 18, 7
MC, 1, 193
MM, 107, 18, 24
MM, 104, 16, 8
MM, 100, 11, 8
MM, 90, 1, 8
MM, 29, 28, 8
MM, 11, 15, 7
MM, 29, 2, 9
MM, 418, 625, 8
MM, 26, 20, 8
MM, 22, 17, 8
MM, 21, 15, 8
MM, 21, 17, 280
MM, 25, 20, 8
MM, 416, 620, 8
MM, 14, 26, 8
MM, 33, 22, 8
MM, 11, 18, 8
MM, 495, 611, 8
MM, 15, 9, 8
MM, 29, 5, 7
MM, 534, 601, 9
MM, 537, 601, 7
MM, 538, 600, 8
MM, 538, 599, 9
MM, 538, 597, 8
MM, 538, 596, 8
MM, 536, 595, 8
MM, 530, 592, 8
MM, 27, 28, 8
MM, 18, 25, 8
MM, 13, 23, 8
MM, 12, 23, 8
MM, 14, 23, 216
MM, 16, 23, 8
MM, 20, 23, 8
MM, 24, 23, 8
MM, 29, 23, 8
MM, 527, 584, 8
MM, 1, 25, 8
MM, 5, 25, 8
MM, 9, 27, 8
MM, 12, 28, 8
MM, 15, 28, 8
MM, 17, 29, 8
MM, 553, 591, 8
MM, 557, 591, 10
MM, 559, 591, 6
MM, 562, 591, 8
MM, 565, 591, 8
MM, 567, 591, 8
MM, 570, 592, 8
MM, 573, 594, 7
MM, 574, 594, 9
MM, 575, 594, 7
MM, 577, 595, 8
MM, 580, 596, 10
MM, 583, 596, 7
MM, 6, 1, 8
MM, 10, 2, 8
MM, 15, 2, 24
MM, 18, 2, 8
MM, 20, 2, 8
MM, 25, 4, 8
MM, 29, 5, 7
MM, 614, 602, 9
MM, 2, 7, 8
MM, 7, 8, 8
MM, 11, 8, 8
MM, 17, 8, 8
MM, 21, 8, 8
MM, 26, 8, 8
MM, 30, 8, 8
MM, 33, 8, 8
MM, 655, 605, 8
MM, 657, 605, 8
MM, 0, 8, 7
MM, 2, 8, 9
MM, 3, 8, 80
MM, 4, 8, 8
MM, 5, 8, 8
MM, 6, 8, 8
MM, 7, 8, 8
MM, 8, 8, 8
MM, 8, 9, 16
MM, 8, 10, 8
MM, 10, 10, 15
MM, 11, 11, 8
MM, 12, 13, 9
MM, 13, 13, 8
MM, 14, 14, 8
MM, 15, 15, 8
MM, 16, 15, 8
MM, 18, 15, 8
MM, 19, 15, 47
MM, 20, 15, 8
MM, 21, 16, 17
MM, 22, 17, 8
MC, 1, 88
MM, 22, 18, 32
MM, 22, 19, 8
MM, 21, 19, 8
MM, 16, 19, 8
MM, 12, 19, 8
MM, 8, 19, 8
MM, 4, 19, 8
MM, 656, 616, 8
MM, 32, 19, 8
MM, 26, 19, 8
MM, 20, 19, 9
MM, 14, 19, 8
MM, 9, 19, 7
MM, 5, 19, 8
MM, 617, 616, 9
MM, 30, 19, 7
MM, 24, 19, 8
MM, 16, 19, 8
MM, 8, 19, 8
MM, 578, 616, 8
MM, 27, 19, 8
MM, 19, 19, 8
MM, 11, 19, 8
MM, 6, 19, 8
MM, 4, 19, 8
MM, 1, 19, 8
MM, 539, 616, 8
MM, 538, 616, 8
MM, 537, 616, 8
MM, 535, 616, 8
MM, 534, 616, 15
MM, 34, 19, 9
MM, 32, 19, 8
MM, 29, 19, 8
MM, 28, 19, 8
MM, 26, 19, 8
MM, 23, 19, 8
MM, 20, 19, 8
MM, 18, 19, 8
MM, 17, 19, 8
MM, 16, 19, 8
MM, 13, 19, 8
MM, 11, 19, 8
MM, 8, 19, 8
MM, 6, 19, 8
MM, 4, 19, 8
MM, 3, 19, 8
MM, 2, 19, 8
MM, 1, 19, 7
MM, 0, 19, 8
MM, 498, 616, 9
MM, 495, 614, 8
MM, 494, 611, 8
MM, 30, 11, 8
MM, 28, 10, 8
MM, 27, 9, 8
MM, 24, 7, 8
MM, 21, 7, 8
MM, 19, 6, 8
MM, 14, 5, 8
MM, 12, 5, 7
MM, 9, 5, 8
MM, 8, 3, 9
MM, 7, 2, 8
MM, 6, 2, 8
MM, 5, 2, 176
MM, 2, 2, 8
MM, 1, 1, 8
MM, 461, 597, 8
MM, 458, 597, 8
MM, 458, 596, 8
MM, 457, 595, 8
MM, 456, 595, 8
MM, 455, 595, 8
MM, 454, 595, 9
MM, 452, 594, 7
MM, 451, 592, 8
MM, 450, 592, 8
MM, 448, 591, 8
MM, 31, 30, 8
MM, 31, 29, 9
MM, 31, 28, 7
MM, 30, 28, 8
MM, 29, 28, 8
MM, 29, 27, 8
MM, 29, 25, 10
MM, 28, 24, 6
MM, 27, 23, 8
MM, 26, 23, 217
MM, 23, 23, 79
MM, 22, 23, 8
MM, 21, 23, 9
MM, 19, 23, 7
MM, 18, 23, 8
MM, 17, 23, 8
MM, 14, 26, 8
MM, 11, 27, 8
MM, 10, 28, 8
MM, 424, 591, 8
MM, 419, 594, 8
MM, 417, 597, 7
MM, 34, 3, 9
MM, 31, 5, 8
MM, 30, 7, 9
MM, 27, 7, 7
MM, 25, 7, 9
MM, 24, 7, 8
MM, 22, 7, 360
MM, 21, 7, 8
MM, 19, 7, 8
MM, 16, 7, 9
MM, 14, 7, 6
MM, 9, 8, 8
MM, 7, 9, 8
MM, 5, 9, 8
MM, 4, 9, 8
MM, 2, 9, 8
MM, 1, 9, 8
MM, 0, 9, 8
MM, 377, 606, 8
MM, 375, 606, 8
MM, 33, 11, 8
MM, 30, 12, 8
MM, 28, 12, 8
MM, 25, 12, 8
MM, 23, 12, 8
MM, 21, 12, 8
MC, 1, 296
MM, 22, 12, 48
MM, 24, 12, 8
MM, 28, 12, 8
MM, 31, 12, 8
MM, 33, 12, 8
MM, 377, 609, 8
MM, 379, 609, 8
MM, 3, 12, 8
MM, 8, 12, 8
MM, 12, 12, 8
MM, 16, 12, 8
MM, 19, 12, 8
MM, 23, 12, 8
MM, 26, 12, 9
MM, 28, 12, 8
MM, 32, 12, 7
MM, 415, 609, 9
MM, 419, 609, 8
MM, 3, 12, 8
MM, 4, 12, 8
MM, 5, 12, 223
MM, 6, 12, 8
MM, 7, 12, 72
MM, 8, 12, 8
MM, 11, 13, 135
MM, 11, 16, 8
MM, 11, 17, 8
MM, 12, 18, 8
MM, 13, 20, 8
MM, 14, 23, 8
MM, 16, 26, 9
MM, 17, 29, 8
MM, 439, 630, 8
MM, 32, 0, 8
MM, 33, 3, 8
MM, 444, 642, 8
MM, 447, 648, 8
MM, 1, 18, 8
MM, 2, 23, 8
MM, 4, 26, 8
MM, 5, 27, 8
MM, 5, 29, 8
MM, 5, 30, 8
MM, 6, 30, 7
MM, 456, 665, 8
MM, 456, 667, 9
MM, 456, 668, 224
MM, 456, 669, 8
MM, 457, 670, 8
MM, 58, 0, 8
MM, 58, 1, 16
MM, 58, 2, 8
MC, 1, 239
MM, 60, 2, 25
MM, 61, 2, 8
MM, 63, 2, 8
MM, 67, 2, 8
MM, 69, 2, 8
MM, 70, 2, 8
MM, 72, 2, 8
MM, 73, 2, 8
MM, 74, 2, 8
MM, 77, 2, 8
MM, 80, 2, 8
MM, 82, 1, 8
MM, 87, 1, 7
MM, 91, 1, 10
MM, 99, 1, 7
MM, 513, 670, 8
MM, 524, 668, 8
MM, 530, 666, 8
MM, 534, 665, 8
MM, 12, 29, 8
MM, 18, 26, 8
MM, 24, 24, 8
MM, 33, 23, 8
MM, 569, 653, 8
MM, 5, 18, 8
MM, 11, 16, 8
MM, 14, 15, 8
MM, 16, 14, 8
MM, 19, 11, 8
MM, 22, 9, 8
MM, 25, 8, 8
MM, 28, 5, 8
MM, 29, 4, 7
MM, 30, 4, 9
MM, 31, 4, 8
MM, 32, 4, 16
MM, 35, 4, 8
MM, 37, 3, 8
MM, 610, 635, 8
MM, 613, 634, 8
MM, 615, 633, 8
MM, 618, 633, 8
MM, 621, 631, 8
MM, 622, 630, 8
MM, 623, 629, 16
MM, 624, 628, 8
MM, 7, 30, 81
MM, 9, 27, 7
MM, 10, 24, 8
MM, 13, 22, 8
MM, 14, 19, 8
MM, 15, 16, 8
MM, 17, 13, 8
MM, 18, 12, 8
MM, 19, 12, 8
MM, 19, 11, 16
MM, 19, 10, 8
MM, 20, 10, 40
MM, 23, 10, 9
MM, 27, 8, 6
MM, 33, 5, 9
MM, 2, 2, 8
MM, 670, 595, 8
MM, 676, 592, 8
MM, 33, 29, 8
MM, 683, 587, 8
MM, 684, 587, 8
MM, 686, 587, 8
MM, 687, 587, 8
MM, 687, 586, 8
MM, 687, 585, 7
MM, 688, 585, 33
MM, 1, 25, 8
MM, 4, 25, 8
MM, 6, 25, 8
MM, 9, 25, 8
MM, 13, 24, 8
MM, 18, 22, 8
MM, 20, 22, 8
MM, 21, 22, 8
MM, 23, 21, 8
MM, 24, 20, 8
MC, 1, 208
MM, 20, 20, 32
MM, 12, 20, 8
MM, 1, 21, 8
MM, 28, 25, 8
MM, 11, 27, 8
MM, 27, 29, 8
MM, 616, 591, 8
MM, 595, 591, 8
MM, 574, 591, 8
MM, 558, 591, 8
MM, 542, 591, 8
MM, 528, 591, 8
MM, 520, 591, 8
MM, 509, 591, 8
MM, 498, 591, 8
MM, 492, 591, 8
MM, 488, 591, 8
MM, 484, 591, 8
MM, 481, 591, 8
MM, 477, 591, 8
MM, 471, 591, 8
MM, 467, 591, 8
MM, 461, 591, 8
MM, 455, 591, 8
MM, 450, 591, 8
MM, 444, 591, 8
MM, 440, 591, 8
MM, 436, 591, 8
MM, 430, 591, 8
MM, 427, 591, 8
MM, 426, 591, 8
MM, 425, 591, 8
MM, 9, 30, 8
MM, 9, 29, 111
MM, 9, 28, 9
MM, 9, 26, 32
MM, 9, 25, 7
MM, 9, 24, 10
MM, 9, 23, 8
MM, 9, 22, 15
MM, 9, 21, 8
MM, 9, 20, 48
MM, 9, 18, 8
MM, 9, 17, 8
MM, 9, 16, 8
MM, 9, 15, 32
MM, 9, 14, 8
MM, 10, 14, 72
MM, 16, 14, 88
MM, 17, 14, 8
MM, 18, 14, 8
MM, 21, 14, 8
MM, 23, 14, 8
MM, 28, 17, 8
MM, 451, 581, 8
MM, 7, 24, 7
MM, 16, 30, 9
MM, 484, 596, 8
MM, 498, 600, 8
MM, 11, 9, 8
MM, 23, 15, 8
MM, 32, 20, 8
MM, 0, 26, 8
MM, 6, 28, 8
MM, 11, 29, 8
MM, 15, 30, 7
MM, 16, 30, 10
MM, 18, 30, 7
MM, 19, 30, 8
MM, 559, 629, 32
MM, 559, 630, 8
MM, 560, 630, 8
MM, 561, 630, 8
MM, 562, 630, 8
MM, 563, 630, 8
MM, 564, 630, 8
MM, 565, 630, 8
MM, 567, 631, 113
MM, 568, 632, 8
MM, 569, 632, 7
MM, 570, 633, 8
MM, 0, 0, 10
MM, 1, 1, 6
MM, 1, 3, 8
MM, 0, 4, 128
MM, 569, 639, 8
MM, 568, 639, 8
MM, 566, 639, 8
MM, 565, 639, 55
MM, 34, 5, 8
MM, 31, 5, 9
MM, 27, 6, 8
MM, 24, 8, 8
MM, 23, 8, 8
MM, 22, 8, 8
MM, 21, 8, 8
MM, 20, 8, 8
MM, 19, 8, 8
MM, 17, 8, 8
MC, 1, 240
MM, 15, 9, 24
MM, 11, 10, 8
MM, 5, 10, 8
MM, 525, 646, 8
MM, 31, 14, 8
MM, 23, 14, 8
MM, 19, 14, 8
MM, 16, 15, 8
MM, 13, 16, 8
MM, 11, 16, 8
MM, 8, 16, 8
MM, 7, 16, 41
MM, 6, 16, 7
MM, 5, 16, 8
MM, 3, 16, 8
MM, 2, 16, 8
MM, 486, 650, 8
MM, 482, 650, 8
MM, 31, 16, 8
MM, 28, 16, 8
MM, 26, 16, 8
MM, 24, 16, 8
MM, 24, 15, 16
MM, 23, 15, 18
MM, 22, 15, 6
MM, 21, 15, 16
MM, 19, 15, 8
MM, 16, 15, 8
MM, 15, 15, 8
MM, 14, 15, 8
MM, 11, 15, 8
MM, 9, 15, 8
MM, 6, 15, 8
MM, 5, 15, 8
MM, 5, 14, 8
MM, 4, 13, 7
MM, 3, 13, 10
MM, 2, 13, 31
MM, 448, 647, 8
MM, 446, 647, 8
MM, 445, 647, 8
MM, 443, 647, 8
MM, 33, 13, 8
MM, 32, 13, 8
MM, 30, 13, 8
MM, 27, 13, 8
MM, 23, 13, 7
MM, 19, 13, 8
MM, 14, 13, 9
MM, 12, 13, 7
MM, 11, 13, 8
MM, 9, 13, 9
MC, 1, 256
MM, 9, 14, 15
MM, 10, 14, 9
MM, 12, 14, 8
MM, 16, 14, 8
MM, 22, 14, 8
MM, 28, 14, 8
MM, 443, 648, 8
MM, 1, 10, 8
MM, 10, 8, 8
MM, 18, 7, 8
MM, 27, 5, 8
MM, 485, 637, 8
MM, 5, 2, 8
MM, 14, 0, 8
MM, 508, 632, 8
MM, 517, 631, 8
MM, 523, 629, 9
MM, 527, 629, 7
MM, 534, 627, 8
MM, 538, 626, 8
MM, 539, 625, 8
MM, 0, 27, 8
MM, 1, 27, 8
MM, 1, 26, 104
MM, 2, 24, 8
MM, 4, 23, 9
MM, 4, 22, 7
MM, 5, 22, 8
MM, 6, 22, 8
MM, 7, 21, 8
MM, 10, 20, 8
MM, 11, 20, 8
MM, 12, 19, 8
MM, 13, 17, 8
MM, 15, 16, 8
MM, 20, 15, 8
MM, 24, 13, 8
MM, 29, 12, 8
MM, 33, 10, 8
MM, 577, 606, 8
MM, 1, 9, 8
MM, 5, 7, 8
MM, 8, 6, 8
MM, 10, 6, 8
MM, 13, 5, 8
MM, 18, 3, 8
MM, 22, 3, 8
MM, 25, 2, 8
MM, 27, 1, 7
MM, 28, 1, 10
MM, 30, 1, 15
MM, 612, 598, 8
MM, 612, 596, 88
MM, 612, 595, 8
MM, 612, 594, 88
MM, 612, 593, 8
MM, 612, 592, 7
MM, 1, 29, 9
MM, 1, 28, 8
MM, 2, 27, 8
MM, 3, 26, 8
MM, 3, 25, 81
MM, 3, 24, 6
MM, 4, 24, 25
MM, 5, 23, 7
MM, 5, 21, 9
MM, 5, 20, 8
MM, 5, 19, 8
MM, 6, 19, 8
MM, 7, 18, 8
MM, 7, 17, 8
MC, 1, 176
MM, 9, 17, 15
MM, 10, 17, 9
MM, 11, 17, 8
MM, 13, 17, 8
MM, 16, 17, 8
MM, 20, 17, 8
MM, 25, 20, 8
MM, 29, 23, 8
MM, 646, 585, 8
MM, 3, 26, 8
MM, 6, 29, 8
MM, 658, 592, 8
MM, 661, 594, 8
MM, 662, 595, 9
MM, 663, 596, 7
MM, 6, 0, 8
MM, 7, 1, 8
MM, 9, 1, 24
MM, 10, 1, 8
MM, 11, 2, 112
MM, 12, 3, 8
MM, 12, 5, 8
MM, 12, 6, 8
MM, 13, 6, 16
MM, 14, 6, 8
MM, 14, 7, 119
MM, 14, 8, 10
MM, 15, 8, 23
MM, 16, 8, 8
MM, 16, 10, 273
MM, 14, 10, 7
MM, 13, 10, 8
MM, 11, 10, 8
MM, 9, 11, 8
MM, 6, 13, 8
MM, 4, 13, 8
MM, 657, 611, 8
MM, 654, 613, 8
MM, 32, 19, 8
MM, 26, 22, 8
MM, 19, 23, 8
MM, 13, 27, 8
MM, 6, 30, 9
MM, 613, 631, 7
MM, 34, 0, 9
MM, 25, 4, 7
MM, 16, 8, 8
MM, 11, 9, 8
MM, 7, 11, 8
MM, 1, 12, 8
MM, 566, 646, 8
MM, 564, 646, 8
MM, 34, 12, 8
MM, 33, 13, 96
MM, 30, 15, 8
MM, 27, 16, 8
MM, 24, 19, 8
MM, 22, 20, 8
MM, 17, 22, 7
MM, 13, 25, 9
MM, 10, 27, 8
MM, 6, 30, 8
MM, 530, 666, 8
MM, 527, 667, 8
MM, 526, 668, 8
MM, 525, 669, 329
MM, 124, 0, 8
MM, 123, 1, 23
MM, 122, 2, 8
MM, 121, 3, 16
MM, 119, 4, 8
MM, 118, 5, 8
MM, 117, 6, 8
MM, 116, 8, 10
MM, 115, 9, 6
MM, 114, 10, 16
MM, 113, 11, 8
MC, 1, 240
MM, 111, 12, 16
MM, 110, 13, 8
MM, 108, 13, 8
MM, 104, 13, 8
MM, 99, 13, 8
MM, 93, 13, 8
MM, 87, 13, 8
MM, 81, 13, 8
MM, 77, 13, 8
MM, 74, 11, 8
MM, 72, 11, 8
MM, 69, 11, 8
MM, 68, 10, 8
MM, 67, 9, 8
MM, 66, 9, 8
MM, 65, 9, 9
MM, 63, 8, 8
MM, 63, 7, 8
MM, 62, 7, 7
MM, 61, 6, 8
MM, 60, 5, 8
MM, 58, 5, 9
MM, 56, 5, 8
MM, 55, 5, 7
MM, 54, 5, 8
MM, 53, 3, 8
MM, 52, 2, 8
MM, 51, 2, 8
MM, 50, 2, 8
MM, 49, 2, 8
MM, 46, 2, 7
MM, 45, 2, 8
MM, 44, 2, 10
MM, 41, 2, 7
MM, 40, 2, 8
MM, 39, 2, 48
MM, 38, 1, 8
MM, 37, 0, 8
MM, 36, 0, 8
MM, 435, 670, 9
MM, 433, 669, 7
MM, 433, 668, 104
MM, 432, 667, 8
MM, 431, 667, 8
MM, 431, 665, 8
MM, 22, 29, 8
MM, 22, 28, 8
MM, 22, 27, 10
MM, 22, 26, 6
MC, 1, 328
MM, 21, 26, 32
MM, 17, 24, 8
MM, 9, 19, 8
MM, 2, 16, 8
MM, 404, 646, 7
MM, 30, 9, 8
MM, 27, 8, 8
MM, 24, 7, 8
MM, 22, 4, 8
MM, 19, 1, 8
MM, 18, 1, 8
MM, 16, 1, 8
MM, 15, 1, 193
MM, 13, 1, 7
MM, 12, 1, 9
MM, 11, 0, 8
MM, 379, 633, 8
MM, 377, 633, 8
MM, 374, 633, 8
MM, 373, 633, 7
MM, 372, 633, 9
MM, 371, 632, 8
MM, 370, 631, 8
MM, 369, 631, 8
MM, 368, 631, 8
MM, 368, 629, 95
MM, 368, 628, 9
MM, 29, 30, 921
MM, 29, 29, 8
MM, 29, 28, 71
MM, 29, 27, 8
MM, 27, 26, 16
MM, 26, 24, 8
MM, 26, 23, 8
MM, 26, 22, 8
MM, 26, 21, 7
MM, 25, 20, 9
MM, 24, 19, 8
MM, 23, 16, 8
MM, 21, 13, 8
MM, 21, 12, 8
MM, 21, 11, 8
MM, 21, 10, 8
MC, 1, 256
MM, 22, 10, 48
MM, 24, 10, 8
MM, 30, 10, 8
MM, 377, 607, 8
MM, 6, 11, 8
MM, 17, 15, 8
MM, 29, 18, 8
MM, 418, 619, 8
MM, 6, 26, 8
MM, 14, 27, 8
MM, 19, 29, 8
MM, 23, 30, 7
MM, 449, 629, 8
MM, 453, 630, 8
MM, 457, 632, 9
MM, 460, 633, 8
MM, 463, 633, 8
MM, 18, 1, 8
MM, 23, 2, 8
MM, 27, 4, 8
MM, 482, 639, 8
MM, 486, 641, 7
MM, 3, 8, 9
MM, 7, 8, 8
MM, 8, 8, 8
MM, 9, 8, 8
MM, 11, 8, 8
MM, 11, 9, 128
MM, 12, 10, 9
MM, 16, 10, 7
MM, 21, 10, 8
MM, 26, 10, 8
MM, 30, 10, 9
MM, 524, 644, 7
MM, 528, 644, 8
MM, 2, 10, 8
MM, 4, 10, 8
MM, 6, 10, 8
MM, 7, 10, 8
MM, 8, 10, 8
MM, 9, 10, 8
MM, 10, 10, 8
MM, 11, 10, 8
MM, 12, 10, 8
MM, 14, 10, 8
MM, 16, 10, 8
MM, 17, 10, 8
MM, 18, 10, 8
MM, 19, 10, 8
MM, 20, 10, 8
MM, 22, 10, 8
MM, 23, 10, 8
MM, 25, 10, 8
MM, 26, 10, 7
MM, 27, 10, 17
MM, 29, 10, 8
MC, 1, 200
MM, 28, 11, 32
MM, 26, 13, 8
MM, 22, 14, 8
MM, 17, 17, 8
MM, 12, 22, 8
MM, 6, 27, 7
MM, 1, 30, 10
MM, 527, 667, 7
MM, 524, 668, 8
MM, 522, 670, 8
MM, 121, 0, 8
MM, 119, 1, 8
MM, 118, 2, 8
MM, 117, 2, 17
MM, 115, 3, 7
MM, 112, 6, 9
MM, 109, 9, 7
MM, 106, 10, 8
MM, 105, 11, 8
MM, 104, 13, 8
MM, 101, 14, 8
MM, 99, 17, 8
MM, 97, 18, 8
MC, 1, 256
MM, 96, 18, 8
MM, 94, 18, 8
MM, 90, 18, 8
MM, 83, 16, 8
MM, 74, 10, 8
MM, 65, 4, 8
MM, 455, 670, 8
MM, 446, 664, 8
MM, 32, 25, 8
MM, 28, 23, 8
MM, 25, 20, 8
MM, 24, 17, 8
MM, 22, 14, 8
MM, 21, 13, 8
MM, 20, 12, 9
MM, 19, 9, 7
MM, 18, 8, 8
MM, 16, 7, 24
MM, 15, 6, 8
MM, 15, 5, 8
MM, 14, 4, 8
MM, 13, 3, 8
MM, 12, 0, 8
MM, 419, 631, 8
MM, 418, 630, 8
MM, 417, 629, 8
MM, 417, 628, 8
MM, 417, 627, 8
MM, 417, 626, 8
MM, 417, 625, 16
MM, 417, 623, 8
MM, 416, 623, 9
MM, 415, 623, 7
MM, 415, 622, 8
MM, 415, 621, 8
MM, 415, 620, 16
MM, 415, 619, 8
MM, 415, 618, 17
MM, 415, 617, 7
MM, 416, 617, 24
MM, 416, 615, 8
MM, 417, 614, 8
MM, 418, 614, 8
MM, 419, 614, 16
MM, 0, 17, 8
MM, 1, 17, 7
MM, 2, 17, 8
MM, 3, 17, 145
MM, 5, 17, 8
MM, 7, 17, 8
MM, 8, 17, 8
MM, 9, 17, 8
MC, 1, 152
MM, 9, 16, 32
MM, 9, 15, 8
MM, 10, 14, 8
MM, 13, 11, 8
MM, 15, 8, 7
MM, 18, 6, 9
MM, 21, 3, 8
MM, 24, 1, 8
MM, 28, 0, 8
MM, 452, 594, 8
MM, 455, 591, 8
MM, 3, 30, 8
MM, 4, 30, 8
MM, 7, 29, 8
MM, 10, 27, 8
MM, 11, 27, 8
MM, 13, 26, 7
MM, 14, 25, 9
MM, 14, 24, 8
MM, 16, 22, 8
MM, 17, 22, 8
MM, 18, 21, 8
MM, 19, 20, 8
MM, 20, 20, 7
MM, 21, 20, 9
MM, 21, 19, 72
MM, 21, 18, 8
MC, 1, 152
MM, 19, 19, 56
MM, 16, 21, 8
MM, 13, 22, 8
MM, 9, 22, 8
MM, 5, 24, 9
MM, 0, 27, 7
MM, 452, 588, 8
MM, 32, 29, 8
MM, 443, 592, 10
MM, 440, 595, 6
MM, 16, 0, 8
MM, 15, 0, 8
MM, 13, 1, 8
MM, 10, 2, 9
MM, 7, 4, 7
MM, 3, 5, 8
MM, 419, 604, 8
MM, 415, 605, 8
MM, 34, 8, 8
MM, 31, 9, 8
MM, 29, 11, 8
MM, 26, 11, 9
MM, 23, 11, 7
MM, 21, 12, 8
MM, 18, 13, 8
MM, 17, 13, 8
MM, 16, 13, 8
MM, 15, 13, 88
MM, 13, 13, 9
MM, 12, 13, 7
MM, 11, 13, 8
MM, 9, 15, 8
MM, 6, 16, 8
MM, 5, 16, 8
MM, 4, 16, 8
MM, 2, 16, 112
MM, 1, 16, 8
MM, 379, 613, 8
MM, 376, 613, 8
MM, 375, 613, 8
MM, 374, 613, 8
MM, 34, 16, 64
MM, 33, 16, 8
MM, 32, 16, 8
MM, 29, 17, 8
MM, 28, 18, 8
MM, 27, 18, 8
MM, 26, 18, 8
MC, 1, 271
MM, 26, 16, 65
MM, 26, 13, 8
MM, 26, 11, 8
MM, 26, 8, 7
MM, 27, 7, 9
MM, 28, 6, 8
MM, 30, 5, 9
MM, 31, 2, 7
MM, 371, 596, 8
MM, 372, 595, 9
MM, 373, 594, 7
MM, 373, 593, 8
MM, 375, 592, 8
MM, 376, 592, 8
MM, 376, 591, 8
MM, 5, 30, 8
MM, 6, 28, 8
MM, 7, 27, 8
MM, 8, 27, 9
MM, 8, 26, 7
MM, 9, 25, 8
MM, 11, 25, 8
MM, 12, 25, 25
MM, 13, 25, 7
MM, 14, 24, 48
MM, 15, 23, 8
MM, 16, 23, 24
MM, 17, 23, 8
MM, 17, 22, 153
MM, 17, 20, 8
MM, 17, 19, 8
MM, 17, 18, 7
MM, 18, 18, 8
MM, 20, 17, 8
MM, 20, 16, 8
MM, 20, 15, 24
MM, 20, 14, 8
MC, 1, 136
MM, 21, 14, 80
MM, 22, 14, 8
MM, 23, 14, 8
MM, 24, 14, 8
MM, 24, 15, 8
MM, 13, 10, 168
MM, 14, 10, 8
MM, 15, 11, 8
MM, 15, 12, 8
MM, 15, 13, 7
MM, 17, 15, 8
MM, 18, 15, 9
MM, 19, 16, 8
MM, 20, 18, 8
MM, 21, 19, 8
MM, 22, 20, 8
MM, 24, 22, 8
MM, 25, 23, 8
MM, 25, 24, 8
MM, 25, 25, 8
MM, 26, 28, 8
MM, 27, 30, 7
MM, 448, 628, 9
MM, 448, 630, 8
MM, 448, 631, 8
MM, 449, 632, 16
MM, 451, 633, 8
MM, 2, 0, 8
MM, 2, 1, 8
MM, 2, 2, 8
MM, 2, 4, 8
MM, 3, 5, 7
MM, 4, 6, 8
MM, 4, 7, 25
MM, 4, 8, 8
MM, 5, 8, 48
MM, 6, 8, 8
MM, 6, 9, 7
MM, 6, 10, 10
MM, 7, 10, 7
MM, 8, 11, 8
MM, 10, 13, 8
MM, 11, 14, 8
MM, 11, 15, 8
MM, 12, 16, 8
MM, 13, 17, 8
MM, 14, 17, 8
MM, 15, 17, 8
MM, 15, 18, 8
MM, 15, 19, 8
MM, 15, 21, 8
MM, 15, 22, 8
MM, 16, 23, 16
MM, 17, 24, 8
MM, 17, 25, 40
MM, 17, 26, 8
MM, 19, 26, 8
MM, 20, 26, 8
MM, 20, 27, 96
MM, 20, 29, 8
MM, 20, 30, 8
MM, 469, 665, 8
MM, 469, 666, 8
MM, 470, 667, 8
MM, 471, 668, 8
MM, 471, 669, 7
MM, 472, 669, 33
MM, 73, 0, 8
MM, 73, 1, 8
MM, 73, 2, 16
MM, 73, 3, 8
MM, 73, 4, 32
MM, 73, 5, 7
MC, 1, 265
MM, 72, 4, 32
MM, 69, 1, 8
MM, 463, 667, 8
MM, 9, 30, 8
MM, 5, 26, 8
MM, 0, 21, 8
MM, 445, 652, 8
MM, 33, 15, 8
MM, 30, 13, 8
MM, 27, 10, 8
MM, 26, 7, 8
MM, 23, 6, 8
MM, 20, 4, 8
MM, 17, 1, 8
MM, 15, 0, 8
MM, 421, 633, 8
MM, 418, 630, 8
MM, 415, 627, 8
MM, 33, 29, 8
MM, 31, 27, 8
MM, 30, 26, 8
MM, 29, 26, 8
MM, 28, 25, 72
MM, 27, 24, 8
MM, 26, 23, 8
MM, 23, 22, 8
MM, 22, 22, 8
MM, 21, 22, 8
MM, 20, 22, 8
MM, 19, 22, 31
MM, 16, 22, 9
MM, 14, 22, 8
MM, 9, 22, 8
MM, 5, 22, 8
MM, 3, 22, 8
MM, 0, 22, 8
MM, 377, 619, 8
MM, 376, 619, 8
MM, 375, 619, 8
MM, 374, 619, 8
MM, 33, 22, 40
MM, 30, 22, 8
MM, 28, 22, 8
MM, 25, 22, 8
MC, 1, 296
MM, 25, 23, 415
MM, 28, 24, 9
MM, 32, 26, 8
MM, 377, 623, 9
MM, 3, 27, 8
MM, 9, 29, 8
MM, 14, 30, 7
MM, 398, 630, 9
MM, 405, 633, 8
MM, 2, 1, 7
MM, 8, 4, 8
MM, 15, 9, 8
MM, 20, 12, 8
MM, 24, 15, 8
MM, 29, 18, 8
MM, 33, 21, 8
MM, 445, 658, 8
MM, 448, 663, 8
MM, 453, 667, 8
MM, 457, 670, 8
MM, 62, 2, 7
MM, 63, 5, 9
MM, 64, 6, 8
MM, 65, 7, 8
MM, 66, 8, 9
MM, 69, 10, 7
MM, 70, 11, 8
MM, 70, 12, 8
MM, 70, 13, 8
MM, 71, 13, 8
MM, 72, 13, 8
MC, 1, 280
MM, 75, 13, 48
MM, 79, 13, 8
MM, 84, 10, 8
MM, 90, 6, 8
MM, 99, 3, 8
MM, 511, 670, 7
MM, 520, 666, 9
MM, 2, 29, 7
MM, 16, 25, 8
MM, 28, 21, 8
MM, 568, 651, 9
MM, 7, 15, 8
MM, 13, 15, 8
MM, 19, 14, 8
MM, 25, 12, 8
MM, 30, 12, 8
MM, 34, 11, 8
MM, 610, 643, 7
MM, 1, 7, 8
MM, 6, 6, 9
MM, 10, 6, 9
MM, 14, 5, 9
MM, 19, 3, 6
MM, 23, 2, 8
MM, 24, 0, 8
MM, 640, 633, 8
MM, 643, 632, 8
MM, 644, 632, 8
MM, 645, 632, 15
MM, 646, 631, 9
MM, 647, 630, 7
MM, 650, 630, 8
MM, 652, 630, 8
MM, 655, 628, 8
MM, 0, 30, 8
MM, 3, 29, 8
MM, 5, 27, 8
MM, 6, 27, 8
MM, 8, 27, 10
MM, 9, 27, 7
MM, 9, 26, 81
MM, 9, 25, 8
MM, 9, 24, 8
MM, 9, 22, 8
MM, 9, 20, 8
MM, 9, 19, 7
MM, 9, 18, 8
MC, 1, 215
MM, 7, 18, 17
MM, 6, 17, 8
MM, 2, 14, 8
MM, 656, 608, 8
MM, 33, 8, 8
MM, 29, 5, 8
MM, 26, 3, 8
MM, 23, 0, 8
MM, 640, 594, 8
MM, 638, 591, 8
MM, 26, 28, 7
MM, 25, 26, 8
MM, 22, 23, 9
MM, 21, 22, 8
MM, 20, 21, 8
MM, 18, 19, 8
MM, 17, 18, 8
MM, 16, 17, 8
MM, 15, 16, 8
MM, 14, 15, 8
MM, 13, 14, 16
MM, 12, 13, 8
MM, 12, 12, 9
MM, 11, 10, 7
MM, 9, 10, 8
MM, 9, 9, 16
MM, 9, 8, 8
MC, 1, 184
MM, 9, 9, 16
MM, 9, 12, 8
MM, 8, 16, 8
MM, 6, 21, 8
MM, 3, 25, 8
MM, 610, 590, 8
MM, 607, 594, 8
MM, 23, 2, 7
MM, 20, 6, 9
MM, 19, 9, 8
MM, 17, 12, 8
MM, 16, 14, 8
MM, 14, 19, 8
MM, 11, 22, 8
MM, 9, 24, 8
MM, 7, 27, 7
MM, 4, 30, 9
MM, 582, 631, 8
MM, 10, 0, 8
MM, 7, 3, 8
MM, 6, 4, 8
MM, 3, 6, 8
MM, 0, 7, 8
MM, 568, 642, 8
MM, 566, 645, 8
MM, 34, 14, 8
MM, 32, 15, 8
MM, 31, 15, 8
MM, 27, 17, 8
MM, 24, 18, 7
MM, 23, 18, 8
MM, 20, 18, 9
MM, 18, 18, 8
MM, 15, 18, 8
MM, 14, 18, 8
MM, 13, 18, 8
MM, 12, 18, 8
MM, 11, 18, 8
MM, 8, 18, 8
MM, 4, 18, 8
MM, 1, 18, 8
MM, 528, 652, 7
MM, 525, 652, 8
MP, 1, 114
MR, 1, 103
MC, 1, 0
MM, 524, 652, 40
MM, 523, 652, 8
MM, 523, 649, 8
MM, 34, 13, 8
MM, 33, 11, 8
MM, 33, 10, 8
MM, 33, 8, 8
MM, 31, 7, 8
MM, 30, 6, 8
MM, 30, 5, 8
MM, 29, 3, 8
MM, 28, 2, 8
MM, 27, 1, 40
MM, 26, 0, 8
MM, 27, 1, 144
MM, 28, 2, 8
MM, 31, 4, 8
MM, 33, 4, 8
MM, 524, 638, 8
MM, 526, 638, 8
MM, 0, 5, 8
MM, 1, 6, 8
MM, 2, 6, 7
MM, 3, 6, 9
MM, 5, 7, 16
MM, 7, 9, 8
MM, 8, 9, 9
MM, 9, 9, 7
MM, 12, 10, 8
MM, 13, 11, 8
MM, 14, 11, 8
MM, 15, 11, 8
MM, 16, 11, 128
MM, 17, 11, 144
MM, 15, 11, 8
MM, 11, 11, 8
MM, 6, 10, 8
MM, 4, 9, 8
MM, 528, 642, 8
MM, 524, 640, 7
MM, 33, 6, 9
MM, 31, 6, 8
MM, 28, 5, 8
MM, 27, 4, 8
MM, 26, 4, 8
MM, 23, 2, 8
MM, 20, 1, 8
MM, 18, 1, 8
MM, 15, 1, 8
MM, 13, 0, 8
MM, 498, 632, 8
MM, 495, 632, 8
MM, 494, 631, 8
MM, 493, 630, 8
MM, 492, 630, 8
MM, 491, 630, 8
MM, 490, 630, 8
MM, 488, 630, 7
MM, 486, 630, 10
MM, 483, 629, 8
MM, 19, 30, 8
MM, 17, 29, 8
MM, 16, 28, 7
MM, 14, 27, 8
MM, 11, 25, 8
MM, 7, 24, 8
MM, 2, 22, 9
MM, 0, 21, 7
MM, 459, 617, 8
MM, 458, 617, 8
MM, 458, 616, 80
MM, 458, 614, 8
MM, 457, 614, 56
MM, 34, 17, 8
MM, 34, 16, 7
MM, 34, 15, 9
MM, 34, 14, 8
MM, 34, 13, 8
MM, 33, 12, 8
MM, 32, 11, 8
MM, 31, 9, 8
MM, 30, 8, 8
MM, 29, 7, 8
MM, 26, 5, 8
MM, 23, 2, 8
MM, 441, 596, 9
MM, 438, 591, 8
MM, 20, 27, 8
MM, 18, 26, 8
MM, 17, 24, 8
MM, 17, 23, 8
MM, 15, 23, 8
MM, 14, 23, 8
MM, 14, 22, 8
MM, 14, 21, 7
MM, 13, 20, 32
MM, 12, 19, 8
MC, 1, 247
MM, 12, 21, 49
MM, 12, 24, 8
MM, 12, 26, 8
MM, 12, 29, 7
MM, 428, 595, 9
MM, 10, 5, 8
MM, 13, 11, 8
MM, 16, 18, 8
MM, 18, 24, 8
MM, 20, 30, 8
MM, 442, 632, 8
MM, 443, 634, 8
MM, 445, 637, 8
MM, 445, 640, 8
MM, 446, 642, 8
MM, 448, 645, 8
MM, 448, 646, 8
MM, 0, 13, 8
MM, 1, 15, 8
MM, 1, 16, 8
MM, 1, 17, 40
MM, 2, 18, 8
MM, 3, 18, 8
MM, 3, 19, 16
MM, 3, 20, 8
MM, 4, 20, 8
MM, 5, 21, 9
MM, 5, 23, 8
MM, 5, 24, 15
MM, 6, 25, 8
MM, 8, 25, 8
MM, 8, 26, 9
MM, 8, 27, 7
MM, 8, 28, 104
MM, 8, 29, 8
MM, 458, 665, 32
MM, 459, 666, 9
MM, 460, 667, 15
MM, 461, 668, 9
MM, 462, 668, 15
MM, 463, 669, 8
MM, 463, 670, 8
MM, 465, 670, 15
MM, 66, 0, 9
MM, 67, 1, 8
MM, 68, 1, 9
MM, 69, 3, 16
MM, 70, 4, 8
MM, 70, 5, 7
MM, 70, 7, 8
MM, 70, 8, 8
MM, 71, 8, 8
MM, 73, 8, 8
MC, 1, 375
MM, 73, 4, 129
MM, 474, 669, 8
MM, 27, 29, 8
MM, 28, 23, 8
MM, 30, 17, 8
MM, 31, 12, 8
MM, 482, 642, 7
MM, 482, 636, 8
MM, 482, 632, 9
MM, 482, 629, 8
MM, 21, 29, 8
MM, 22, 28, 8
MM, 22, 27, 8
MM, 22, 26, 8
MM, 22, 25, 16
MM, 22, 24, 8
MM, 22, 23, 8
MM, 22, 22, 8
MM, 23, 20, 8
MM, 24, 19, 9
MM, 26, 18, 7
MM, 28, 16, 8
MM, 29, 14, 8
MM, 30, 13, 8
MM, 494, 609, 8
MM, 495, 609, 16
MM, 496, 609, 8
MM, 496, 608, 16
MM, 496, 607, 8
MM, 497, 607, 15
MM, 0, 9, 8
MM, 3, 7, 9
MM, 6, 6, 8
MM, 9, 5, 8
MM, 10, 5, 8
MM, 11, 5, 8
MM, 12, 5, 8
MM, 12, 3, 8
MM, 13, 2, 8
MM, 14, 2, 8
MM, 15, 2, 8
MM, 17, 1, 8
MM, 17, 0, 8
MM, 18, 0, 24
MM, 19, 0, 8
MM, 518, 596, 8
MM, 518, 595, 9
MM, 518, 594, 7
MM, 518, 591, 8
MM, 24, 29, 9
MM, 24, 27, 7
MM, 24, 26, 8
MM, 21, 25, 8
MM, 20, 24, 8
MM, 19, 23, 8
MM, 18, 23, 8
MM, 18, 22, 16
MM, 18, 20, 8
MC, 1, 192
MM, 22, 20, 56
MM, 26, 21, 8
MM, 525, 586, 9
MM, 0, 29, 8
MM, 538, 592, 8
MM, 542, 595, 8
MM, 5, 0, 7
MM, 8, 2, 8
MM, 11, 4, 8
MM, 14, 5, 8
MM, 16, 6, 8
MM, 17, 8, 8
MM, 19, 9, 8
MM, 21, 9, 8
MM, 22, 9, 9
MM, 22, 10, 8
MM, 22, 11, 8
MM, 23, 11, 8
MM, 24, 11, 8
MM, 24, 12, 7
MM, 25, 13, 8
MM, 27, 13, 8
MM, 28, 13, 8
MM, 29, 13, 8
MC, 1, 184
MM, 27, 13, 32
MM, 22, 13, 8
MM, 16, 13, 8
MM, 8, 13, 8
MM, 539, 610, 8
MM, 32, 13, 8
MM, 24, 13, 8
MM, 16, 13, 8
MM, 7, 13, 8
MM, 3, 13, 7
MM, 498, 610, 8
MM, 493, 610, 8
MM, 29, 13, 9
MM, 25, 13, 8
MM, 19, 13, 8
MM, 11, 13, 8
MM, 0, 13, 8
MM, 33, 13, 8
MM, 24, 13, 8
MM, 16, 13, 8
MM, 9, 11, 8
MM, 4, 11, 8
MM, 420, 608, 8
MM, 416, 608, 7
MM, 32, 11, 9
MM, 29, 11, 8
MM, 25, 11, 8
MM, 19, 11, 9
MM, 13, 11, 8
MM, 10, 11, 7
MM, 8, 10, 9
MM, 5, 8, 7
MM, 4, 8, 8
MM, 3, 8, 8
MM, 1, 8, 168
MM, 0, 8, 8
MM, 379, 605, 8
MM, 378, 605, 8
MM, 377, 605, 8
MM, 376, 605, 8
MM, 375, 605, 72
MM, 374, 605, 8
MM, 33, 8, 8
MM, 31, 9, 8
MM, 30, 10, 8
MM, 29, 11, 8
MM, 27, 12, 8
MC, 1, 208
MM, 29, 12, 96
MM, 376, 609, 8
MM, 4, 12, 8
MM, 15, 12, 8
MM, 24, 11, 8
MM, 30, 10, 8
MM, 418, 607, 8
MM, 6, 8, 8
MM, 12, 6, 8
MM, 18, 6, 8
MM, 24, 6, 8
MM, 26, 6, 8
MM, 29, 6, 7
MM, 30, 6, 9
MM, 31, 5, 9
MM, 34, 4, 7
MM, 457, 601, 8
MM, 460, 601, 8
MM, 1, 3, 8
MM, 3, 1, 8
MM, 8, 1, 8
MM, 10, 1, 8
MM, 13, 0, 8
MM, 479, 595, 8
MM, 480, 595, 7
MM, 482, 594, 8
MM, 483, 593, 9
MM, 484, 593, 8
MM, 485, 593, 8
MM, 486, 593, 40
MM, 489, 592, 8
MM, 491, 591, 8
MM, 0, 29, 8
MM, 3, 28, 8
MM, 4, 28, 8
MM, 4, 27, 8
MM, 4, 26, 9
MM, 5, 26, 128
MM, 6, 26, 8
MM, 6, 24, 23
MM, 6, 23, 8
MM, 12, 23, 176
MM, 13, 23, 8
MM, 13, 26, 8
MM, 13, 28, 8
MM, 508, 591, 8
MM, 510, 594, 8
MM, 11, 1, 8
MM, 11, 5, 8
MM, 11, 8, 9
MM, 11, 10, 7
MM, 12, 13, 8
MM, 14, 16, 8
MM, 14, 19, 8
MM, 14, 21, 8
MM, 14, 24, 7
MM, 14, 26, 9
MM, 15, 29, 8
MM, 515, 629, 8
MM, 515, 631, 9
MM, 27, 1, 7
MM, 27, 4, 8
MM, 27, 7, 8
MM, 27, 11, 8
MM, 27, 12, 8
MM, 27, 13, 7
MM, 27, 16, 8
MM, 27, 17, 9
MM, 27, 18, 8
MM, 27, 19, 8
MM, 27, 20, 8
MM, 27, 21, 8
MM, 27, 22, 16
MM, 27, 24, 8
MM, 27, 25, 40
MM, 27, 26, 9
MM, 27, 27, 95
MM, 27, 29, 8
MM, 515, 666, 9
MM, 515, 668, 7
MM, 115, 0, 8
MM, 115, 1, 9
MM, 115, 2, 88
MM, 115, 3, 7
MM, 114, 3, 8
MM, 114, 5, 16
MM, 114, 6, 8
MM, 112, 3, 248
MM, 112, 1, 8
MM, 512, 669, 8
MM, 512, 667, 8
MM, 27, 30, 8
MM, 30, 27, 9
MM, 33, 24, 7
MM, 523, 655, 8
MM, 526, 652, 8
MM, 0, 17, 8
MM, 4, 16, 8
MM, 9, 14, 8
MM, 12, 13, 8
MM, 14, 10, 7
MM, 19, 7, 9
MM, 23, 5, 8
MM, 28, 4, 9
MM, 32, 1, 7
MM, 566, 632, 8
MM, 573, 628, 16
MM, 577, 626, 8
MM, 580, 625, 8
MM, 0, 27, 8
MM, 3, 24, 8
MM, 16, 12, 80
MM, 17, 11, 8
MM, 18, 10, 8
MM, 20, 7, 8
MM, 21, 6, 8
MM, 21, 5, 8
MM, 22, 4, 8
MM, 23, 3, 8
MM, 24, 0, 8
MM, 606, 596, 8
MM, 606, 595, 8
MM, 606, 594, 8
MM, 606, 593, 8
MM, 608, 592, 9
MM, 609, 591, 8
MM, 609, 589, 7
MM, 610, 588, 8
MM, 0, 27, 8
MC, 1, 423
MM, 608, 587, 33
MM, 34, 27, 8
MM, 28, 27, 8
MM, 20, 27, 8
MM, 12, 28, 8
MM, 3, 30, 8
MM, 565, 590, 8
MM, 558, 591, 9
MM, 550, 593, 7
MM, 542, 593, 8
MM, 535, 594, 8
MM, 529, 596, 8
MM, 24, 1, 8
MM, 15, 2, 8
MM, 9, 2, 8
MM, 3, 4, 9
MM, 29, 6, 7
MM, 20, 7, 8
MM, 12, 9, 8
MM, 3, 9, 8
MM, 459, 608, 8
MM, 32, 12, 8
MM, 26, 12, 8
MM, 22, 12, 8
MM, 17, 14, 8
MM, 15, 15, 8
MM, 12, 15, 8
MM, 8, 15, 8
MM, 5, 15, 9
MM, 4, 15, 7
MM, 3, 15, 8
MM, 2, 15, 8
MM, 420, 612, 8
MM, 418, 612, 8
MM, 415, 612, 8
MM, 29, 15, 8
MM, 25, 15, 8
MM, 22, 16, 7
MM, 18, 18, 8
MM, 14, 18, 9
MM, 11, 18, 8
MM, 8, 19, 8
MM, 7, 20, 8
MM, 6, 20, 8
MM, 5, 20, 8
MC, 1, 296
MM, 5, 22, 72
MM, 8, 24, 8
MM, 10, 27, 8
MM, 15, 30, 8
MM, 399, 630, 8
MM, 404, 635, 8
MM, 0, 5, 8
MM, 4, 8, 8
MM, 9, 11, 8
MM, 12, 16, 8
MM, 15, 20, 9
MM, 17, 21, 7
MM, 20, 23, 8
MM, 21, 26, 8
MM, 23, 28, 8
MM, 26, 30, 8
MM, 436, 665, 8
MM, 437, 667, 8
MM, 438, 668, 8
MM, 439, 670, 8
MM, 40, 1, 8
MM, 42, 2, 8
MM, 43, 3, 8
MM, 43, 5, 8
MM, 44, 6, 8
MM, 45, 7, 8
MM, 45, 8, 15
MM, 45, 9, 8
MM, 46, 9, 201
MM, 50, 8, 120
MM, 50, 7, 8
MM, 51, 4, 8
MM, 51, 2, 9
MM, 451, 670, 7
MM, 451, 667, 8
MM, 1, 29, 8
MM, 1, 25, 8
MM, 1, 22, 8
MM, 1, 20, 8
MM, 1, 17, 8
MM, 1, 15, 8
MM, 1, 12, 8
MM, 1, 11, 7
MM, 1, 10, 9
MM, 1, 9, 7
MM, 1, 7, 9
MM, 1, 6, 8
MM, 1, 5, 8
MM, 2, 3, 8
MM, 3, 2, 8
MM, 4, 0, 8
MM, 454, 632, 8
MM, 454, 629, 8
MM, 456, 627, 7
MM, 457, 624, 8
MM, 458, 621, 10
MM, 459, 620, 7
MM, 459, 619, 19
MM, 461, 618, 5
MM, 1, 21, 8
MM, 4, 19, 9
MM, 7, 17, 7
MM, 9, 14, 8
MM, 14, 12, 8
MM, 18, 11, 8
MM, 21, 8, 8
MM, 24, 7, 8
MM, 26, 5, 8
MM, 29, 4, 8
MM, 494, 601, 9
MM, 497, 599, 8
MM, 0, 1, 7
MM, 3, 0, 8
MM, 506, 594, 8
MM, 509, 592, 8
MM, 510, 591, 8
MM, 17, 30, 8
MM, 19, 30, 8
MM, 20, 30, 8
MM, 20, 29, 64
MM, 21, 28, 8
MM, 22, 28, 7
MM, 22, 27, 9
MM, 22, 26, 8
MC, 1, 264
MM, 23, 26, 32
MM, 24, 26, 8
MM, 25, 26, 16
MM, 28, 26, 8
MM, 525, 587, 7
MM, 527, 587, 8
MM, 530, 589, 8
MM, 2, 30, 9
MM, 535, 591, 8
MM, 538, 593, 8
MM, 541, 593, 8
MM, 542, 593, 8
MM, 543, 594, 8
MM, 544, 595, 8
MM, 545, 595, 8
MM, 548, 596, 8
MM, 9, 0, 8
MM, 11, 2, 8
MM, 14, 3, 8
MM, 15, 4, 8
MM, 16, 5, 8
MM, 18, 6, 7
MM, 19, 7, 8
MM, 19, 9, 17
MM, 20, 10, 9
MM, 21, 10, 7
MM, 22, 10, 8
MM, 23, 11, 8
MM, 23, 12, 8
MM, 24, 13, 31
MM, 26, 14, 9
MM, 29, 14, 304
MM, 30, 13, 8
MM, 31, 13, 8
MM, 32, 12, 8
MM, 33, 11, 8
MM, 575, 607, 8
MM, 576, 604, 8
MM, 579, 603, 7
MM, 580, 602, 9
MM, 0, 3, 8
MM, 1, 2, 8
MM, 2, 1, 8
MM, 5, 1, 9
MM, 7, 0, 7
MM, 591, 595, 8
MM, 594, 594, 8
MM, 597, 593, 8
MM, 598, 592, 8
MM, 30, 30, 8
MM, 33, 30, 8
MM, 605, 589, 8
MM, 610, 587, 8
MM, 2, 26, 7
MM, 4, 25, 8
MM, 7, 25, 8
MM, 8, 25, 8
MM, 9, 25, 8
MM, 10, 24, 8
MM, 10, 22, 9
MM, 11, 22, 8
MM, 13, 22, 8
MM, 14, 21, 16
MM, 15, 20, 7
MC, 1, 257
MM, 11, 20, 8
MM, 5, 21, 7
MM, 610, 582, 9
MM, 31, 24, 8
MM, 22, 26, 8
MM, 14, 26, 8
MM, 6, 26, 8
MM, 0, 26, 8
MM, 565, 586, 8
MM, 30, 27, 8
MM, 24, 29, 8
MM, 18, 29, 8
MM, 14, 29, 8
MM, 9, 29, 8
MM, 3, 29, 8
MM, 530, 589, 8
MM, 526, 589, 8
MM, 29, 29, 8
MM, 27, 29, 8
MM, 22, 29, 8
MM, 20, 29, 8
MM, 17, 29, 7
MM, 15, 29, 8
MM, 12, 29, 9
MM, 11, 29, 8
MM, 10, 29, 8
MM, 8, 29, 8
MM, 6, 29, 8
MM, 5, 29, 8
MM, 4, 29, 7
MM, 3, 29, 65
MM, 2, 29, 8
MM, 1, 29, 16
MM, 492, 589, 8
MM, 490, 589, 9
MM, 489, 589, 8
MM, 31, 27, 7
MM, 29, 27, 8
MM, 26, 27, 8
MM, 24, 26, 8
MM, 21, 25, 8
MM, 18, 25, 8
MM, 17, 25, 8
MM, 16, 25, 8
MM, 15, 25, 8
MM, 14, 25, 73
MM, 13, 25, 7
MC, 1, 184
MM, 13, 24, 55
MM, 13, 22, 10
MM, 15, 22, 15
MM, 18, 22, 9
MM, 20, 22, 7
MM, 22, 22, 8
MM, 23, 22, 9
MM, 25, 21, 8
MM, 28, 20, 7
MM, 31, 20, 8
MM, 488, 580, 8
MM, 489, 580, 9
MM, 490, 580, 7
MM, 491, 580, 8
MM, 493, 580, 8
MM, 2, 20, 8
MM, 3, 20, 8
MM, 4, 20, 8
MM, 5, 20, 8
MM, 7, 20, 8
MM, 8, 20, 8
MM, 9, 20, 8
MM, 10, 20, 8
MM, 11, 20, 8
MM, 14, 20, 8
MM, 15, 20, 8
MM, 16, 20, 8
MM, 17, 20, 9
MM, 18, 20, 7
MM, 19, 20, 8
MM, 20, 20, 8
MM, 22, 20, 8
MC, 1, 232
MM, 23, 20, 1520
MM, 24, 20, 8
MM, 28, 20, 8
MM, 526, 580, 8
MM, 528, 580, 8
MM, 0, 20, 8
MM, 1, 20, 120
MM, 4, 20, 8
MM, 6, 20, 8
MM, 7, 20, 8
MC, 1, 264
MM, 7, 21, 47
MM, 7, 24, 9
MM, 7, 28, 9
MM, 538, 592, 7
MM, 34, 2, 8
MM, 29, 9, 8
MM, 23, 18, 8
MM, 17, 30, 8
MM, 23, 2, 7
MM, 17, 12, 9
MM, 13, 21, 9
MM, 10, 30, 7
MM, 94, 2, 8
MM, 93, 8, 8
MM, 93, 12, 8
MM, 93, 13, 8
MM, 93, 14, 64
MM, 93, 16, 8
MC, 1, 344
MM, 91, 16, 7
MM, 90, 16, 8
MM, 90, 14, 8
MM, 90, 8, 8
MM, 89, 0, 10
MM, 487, 660, 7
MM, 485, 648, 8
MM, 32, 5, 8
MM, 478, 630, 8
MM, 14, 25, 8
MM, 14, 19, 7
MM, 14, 13, 9
MM, 14, 8, 8
MM, 14, 7, 8
MM, 14, 6, 8
MM, 14, 4, 8
MM, 14, 1, 8
MM, 14, 0, 8
MM, 476, 596, 8
MM, 476, 594, 8
MM, 476, 592, 8
MM, 476, 591, 16
MM, 20, 30, 8
MM, 20, 29, 8
MM, 20, 28, 8
MM, 20, 27, 8
MM, 20, 26, 8
MM, 20, 27, 168
MM, 20, 28, 8
MM, 20, 30, 8
MM, 476, 593, 8
MM, 476, 596, 8
MM, 14, 1, 8
MM, 14, 4, 8
MM, 14, 6, 9
MM, 14, 9, 7
MM, 14, 10, 8
MM, 14, 11, 8
MM, 14, 12, 8
MM, 14, 13, 32
MM, 14, 14, 7
MM, 14, 16, 49
MM, 14, 17, 8
MM, 14, 18, 8
MM, 14, 19, 8
MC, 1, 224
MM, 16, 19, 48
MM, 21, 19, 8
MM, 25, 17, 8
MM, 28, 17, 8
MM, 494, 613, 8
MM, 0, 14, 8
MM, 6, 14, 8
MM, 14, 12, 7
MM, 20, 11, 9
MM, 28, 11, 8
MM, 536, 608, 8
MM, 2, 9, 9
MM, 10, 8, 7
MM, 16, 8, 8
MM, 21, 8, 8
MM, 25, 6, 8
MM, 29, 5, 8
MM, 32, 5, 7
MM, 575, 602, 9
MM, 579, 602, 8
MM, 2, 3, 8
MM, 10, 2, 8
MM, 21, 2, 8
MM, 613, 597, 8
MM, 625, 595, 8
MM, 633, 595, 7
MM, 637, 595, 9
MM, 643, 593, 8
MM, 648, 592, 8
MM, 649, 592, 8
MM, 650, 592, 8
MM, 650, 591, 177
MM, 1, 30, 8
MM, 646, 588, 8
MM, 642, 587, 7
MM, 28, 27, 8
MM, 26, 26, 8
MM, 23, 24, 8
MM, 20, 23, 8
MM, 19, 22, 8
MM, 18, 21, 8
MM, 17, 19, 8
MM, 16, 19, 56
MM, 14, 18, 8
MM, 13, 17, 8
MM, 12, 17, 8
MM, 11, 17, 9
MM, 8, 16, 7
MM, 7, 15, 8
MC, 1, 176
MM, 6, 15, 24
MM, 2, 15, 7
MM, 605, 575, 9
MM, 24, 19, 8
MM, 10, 23, 8
MM, 566, 587, 8
MM, 554, 593, 8
MM, 539, 599, 8
MM, 29, 4, 8
MM, 21, 6, 8
MM, 12, 9, 8
MM, 5, 13, 7
MM, 495, 613, 8
MM, 24, 20, 8
MM, 19, 23, 9
MM, 16, 26, 8
MM, 14, 27, 8
MM, 13, 27, 8
MM, 13, 28, 8
MM, 473, 628, 8
MM, 472, 629, 8
MM, 471, 630, 7
MM, 470, 633, 9
MM, 19, 1, 7
MM, 17, 4, 9
MM, 14, 6, 8
MM, 11, 7, 9
MM, 8, 10, 8
MM, 7, 13, 8
MM, 7, 14, 7
MM, 6, 15, 8
MM, 5, 16, 8
MM, 4, 17, 9
MM, 2, 18, 7
MM, 2, 19, 8
MM, 2, 20, 8
MM, 2, 19, 281
MM, 3, 18, 15
MM, 4, 17, 8
MC, 1, 392
MM, 4, 16, 40
MM, 4, 13, 8
MM, 4, 9, 8
MM, 4, 5, 8
MM, 3, 2, 8
MM, 451, 632, 8
MM, 30, 30, 8
MM, 30, 28, 8
MM, 28, 25, 8
MM, 27, 22, 8
MM, 27, 20, 8
MM, 27, 19, 8
MM, 27, 18, 8
MM, 26, 15, 7
MM, 24, 12, 8
MM, 24, 11, 9
MM, 24, 10, 7
MM, 24, 9, 8
MM, 23, 8, 8
MM, 22, 7, 9
MM, 21, 6, 8
MM, 20, 3, 8
MM, 20, 2, 8
MM, 20, 1, 8
MM, 441, 595, 8
MM, 440, 594, 8
MM, 439, 593, 8
MM, 439, 592, 8
MM, 439, 591, 8
MM, 24, 30, 8
MM, 24, 28, 8
MM, 24, 26, 7
MM, 24, 24, 8
MM, 24, 22, 9
MM, 22, 21, 16
MM, 21, 20, 8
MC, 1, 272
MM, 21, 22, 55
MM, 21, 26, 9
MM, 21, 30, 8
MM, 436, 594, 8
MM, 15, 3, 8
MM, 16, 14, 8
MM, 18, 25, 8
MM, 441, 633, 8
MM, 445, 645, 8
MM, 448, 654, 8
MM, 1, 26, 8
MM, 451, 666, 7
MM, 54, 0, 8
MM, 56, 4, 8
MM, 57, 8, 9
MM, 60, 13, 9
MM, 62, 17, 8
MM, 63, 20, 7
MM, 66, 23, 8
MM, 67, 24, 8
MM, 67, 25, 9
MM, 68, 26, 7
MM, 69, 27, 8
MM, 69, 30, 8
MM, 469, 702, 8
MM, 470, 702, 7
MM, 472, 702, 8
MM, 72, 28, 225
MM, 74, 15, 56
MM, 74, 14, 8
MC, 1, 336
MM, 75, 13, 72
MM, 76, 12, 8
MM, 77, 11, 15
MM, 79, 10, 8
MM, 80, 10, 10
MM, 81, 9, 7
MM, 81, 7, 8
MM, 83, 6, 8
MM, 86, 5, 8
MM, 89, 3, 8
MM, 92, 2, 8
MM, 94, 1, 8
MM, 499, 670, 8
MM, 503, 669, 8
MM, 512, 665, 8
MM, 523, 663, 8
MM, 0, 29, 8
MM, 6, 28, 8
MM, 10, 26, 8
MM, 13, 25, 8
MM, 17, 24, 8
MM, 22, 24, 8
MM, 26, 22, 8
MM, 29, 21, 8
MM, 30, 21, 8
MM, 31, 21, 8
MM, 33, 21, 8
MM, 565, 655, 7
MM, 569, 655, 8
MM, 2, 21, 10
MM, 3, 20, 7
MM, 4, 19, 8
MM, 5, 19, 8
MM, 6, 19, 8
MC, 1, 528
MM, 6, 17, 16
MM, 8, 15, 7
MM, 9, 12, 8
MM, 11, 8, 8
MM, 584, 633, 8
MM, 6, 30, 8
MM, 9, 23, 8
MM, 11, 14, 8
MM, 13, 6, 9
MM, 597, 596, 8
MM, 600, 593, 8
MM, 601, 591, 8
MM, 33, 28, 8
MM, 34, 27, 8
MM, 34, 26, 8
MM, 34, 24, 8
MM, 605, 583, 16
MM, 606, 581, 7
MM, 606, 580, 9
MM, 608, 579, 7
MM, 609, 577, 9
MM, 0, 16, 8
MM, 3, 15, 8
MM, 4, 14, 8
MM, 5, 12, 8
MM, 6, 10, 8
MM, 8, 7, 8
MM, 9, 6, 17
MM, 10, 5, 7
MM, 10, 4, 8
MM, 10, 3, 8
MM, 11, 3, 9
MM, 12, 3, 7
MC, 1, 336
MM, 12, 4, 8
MM, 12, 5, 8
MM, 12, 8, 8
MM, 12, 9, 8
MM, 12, 10, 8
MM, 12, 11, 8
MM, 12, 12, 8
MM, 12, 13, 8
MM, 12, 14, 8
MM, 13, 16, 8
MM, 15, 17, 8
MM, 15, 18, 8
MM, 16, 19, 8
MM, 17, 21, 8
MM, 18, 26, 8
MM, 21, 29, 7
MM, 24, 30, 9
MM, 636, 593, 8
MM, 638, 595, 8
MM, 23, 0, 8
MM, 25, 1, 8
MM, 26, 2, 8
MM, 28, 4, 8
MM, 29, 6, 8
MM, 29, 7, 8
MM, 30, 8, 7
MM, 31, 9, 8
MM, 32, 11, 161
MM, 33, 12, 8
MM, 652, 609, 504
MM, 654, 609, 8
MM, 656, 609, 8
MM, 1, 12, 8
MC, 1, 440
MM, 657, 609, 56
MM, 653, 609, 8
MM, 29, 11, 8
MM, 15, 7, 8
MM, 1, 5, 9
MM, 21, 3, 8
MM, 3, 1, 8
MM, 567, 596, 8
MM, 551, 594, 7
MM, 535, 592, 8
MM, 19, 28, 8
MM, 0, 25, 8
MM, 24, 24, 8
MM, 10, 22, 8
MM, 0, 22, 8
MM, 29, 20, 8
MM, 16, 18, 7
MM, 414, 576, 8
MM, 29, 14, 9
MM, 18, 14, 8
MM, 6, 12, 8
MM, 370, 570, 8
MM, 366, 570, 8
MM, 32, 10, 8
MM, 29, 10, 8
MM, 28, 10, 8
MM, 31, 11, 231
MM, 366, 573, 8
MM, 369, 574, 8
MM, 0, 16, 8
MM, 3, 17, 8
MM, 4, 17, 8
MM, 5, 17, 8
MM, 7, 18, 8
MM, 10, 20, 8
MM, 13, 20, 9
MM, 15, 20, 8
MM, 16, 20, 424
MM, 17, 20, 8
MM, 20, 20, 7
MM, 22, 20, 8
MM, 24, 20, 42
MM, 25, 20, 7
MM, 26, 20, 8
MM, 28, 21, 8
MM, 29, 22, 8
MM, 32, 23, 8
MM, 35, 25, 8
MM, 409, 585, 7
MM, 412, 585, 9
MM, 413, 585, 7
MM, 414, 585, 9
MM, 0, 25, 144
MM, 1, 25, 8
MM, 2, 25, 8
MM, 4, 25, 7
MM, 5, 25, 17
MM, 6, 25, 8
MM, 7, 25, 56
MM, 8, 25, 8
MC, 1, 264
MM, 4, 26, 32
MM, 413, 589, 8
MM, 408, 592, 8
MM, 404, 595, 8
MM, 19, 0, 8
MM, 15, 1, 8
MM, 12, 2, 8
MM, 12, 4, 7
MM, 12, 5, 9
MM, 11, 6, 48
MM, 10, 7, 8
MM, 9, 8, 8
MM, 8, 9, 8
MM, 7, 10, 8
MM, 4, 13, 7
MM, 1, 16, 9
MM, 0, 19, 8
MM, 379, 617, 8
MM, 378, 618, 8
MM, 378, 619, 8
MP, 1, 80
MR, 1, 120
MC, 1, 0
MM, 0, 19, 1120
MM, 5, 15, 8
MM, 8, 12, 8
MM, 9, 12, 8
MM, 10, 12, 8
MM, 11, 11, 48
MM, 12, 10, 7
MM, 15, 8, 9
MM, 17, 7, 9
MM, 20, 6, 8
MM, 23, 4, 7
MM, 27, 4, 8
MM, 31, 4, 8
MM, 33, 3, 9
MM, 34, 2, 7
MM, 33, 3, 232
MM, 32, 6, 8
MM, 31, 7, 8
MM, 30, 10, 7
MM, 30, 11, 9
MM, 29, 11, 8
MM, 27, 11, 8
MC, 1, 311
MM, 27, 12, 153
MM, 27, 14, 8
MM, 29, 19, 8
MM, 34, 24, 8
MM, 419, 625, 8
MM, 423, 630, 8
MM, 426, 633, 8
MM, 20, 2, 7
MM, 23, 4, 8
MM, 26, 7, 9
MM, 27, 8, 8
MM, 29, 10, 8
MM, 32, 11, 8
MM, 33, 12, 8
MM, 443, 647, 8
MM, 443, 648, 168
MM, 444, 650, 8
MM, 447, 652, 8
MM, 1, 23, 8
MM, 2, 24, 8
MM, 3, 25, 8
MM, 4, 26, 8
MM, 4, 27, 72
MM, 457, 666, 26
MM, 458, 667, 6
MM, 459, 668, 73
MM, 460, 669, 8
MM, 460, 670, 7
MM, 60, 1, 8
MM, 62, 2, 8
MM, 63, 3, 8
MM, 63, 4, 80
MM, 63, 5, 8
MM, 64, 6, 8
MM, 65, 7, 8
MC, 1, 232
MM, 66, 7, 56
MM, 72, 3, 9
MM, 479, 669, 7
MM, 485, 665, 8
MM, 4, 28, 8
MM, 13, 23, 8
MM, 25, 17, 8
MM, 527, 647, 8
MM, 15, 9, 8
MM, 24, 5, 8
MM, 564, 635, 8
MM, 576, 633, 8
MM, 584, 633, 8
MM, 590, 632, 8
MM, 594, 630, 7
MM, 599, 630, 8
MM, 607, 629, 9
MM, 616, 627, 8
MM, 4, 28, 8
MM, 15, 26, 8
MM, 26, 25, 8
MM, 655, 620, 8
MM, 14, 21, 8
MM, 30, 16, 8
MM, 707, 609, 8
MM, 724, 607, 8
MM, 732, 607, 8
MM, 741, 605, 8
MM, 743, 604, 8
MM, 745, 603, 8
MM, 746, 602, 8
MM, 744, 602, 216
MM, 742, 602, 8
MM, 739, 602, 9
MM, 735, 604, 8
MM, 732, 604, 8
MM, 729, 604, 8
MM, 728, 604, 8
MM, 726, 604, 8
MM, 723, 604, 7
MM, 722, 604, 8
MM, 721, 604, 8
MM, 720, 605, 40
MM, 717, 607, 8
MM, 715, 609, 7
MM, 710, 612, 8
MM, 707, 615, 9
MM, 703, 616, 8
MM, 698, 617, 8
MM, 697, 617, 8
MM, 696, 617, 8
MM, 694, 619, 104
MM, 691, 620, 8
MM, 690, 620, 8
MM, 689, 620, 8
MM, 30, 23, 143
MM, 28, 23, 8
MM, 27, 23, 8
MM, 26, 22, 8
MM, 25, 21, 8
MM, 24, 20, 9
MM, 24, 18, 159
MM, 24, 17, 9
MC, 1, 144
MM, 23, 15, 40
MM, 21, 10, 8
MM, 21, 6, 8
MM, 21, 2, 8
MM, 678, 596, 8
MM, 676, 593, 8
MM, 28, 29, 8
MM, 28, 27, 8
MM, 28, 25, 8
MM, 28, 24, 8
MM, 28, 23, 7
MM, 28, 22, 8
MM, 28, 21, 9
MM, 28, 20, 8
MM, 27, 19, 8
MM, 26, 17, 8
MM, 26, 16, 8
MM, 26, 14, 8
MM, 26, 11, 8
MM, 26, 9, 8
MM, 26, 6, 8
MM, 26, 5, 8
MM, 26, 3, 8
MM, 26, 0, 7
MM, 674, 559, 8
MM, 674, 558, 8
MM, 674, 555, 8
MM, 13, 30, 8
MM, 13, 29, 8
MM, 13, 26, 9
MM, 13, 25, 8
MM, 26, 8, 208
MM, 26, 9, 8
MM, 25, 10, 8
MM, 24, 11, 8
MM, 24, 12, 8
MM, 24, 13, 8
MM, 24, 15, 31
MM, 24, 16, 8
MM, 24, 17, 8
MM, 24, 18, 9
MM, 24, 19, 7
MM, 24, 20, 8
MM, 25, 22, 473
MM, 34, 23, 8
MM, 1, 23, 8
MM, 9, 23, 8
MM, 17, 23, 8
MM, 26, 23, 8
MM, 725, 583, 8
MM, 736, 583, 8
MM, 742, 583, 8
MM, 748, 583, 8
MM, 754, 583, 8
MM, 757, 583, 8
MM, 759, 583, 8
MM, 760, 583, 8
MM, 758, 583, 185
MM, 749, 583, 8
MM, 738, 581, 8
MM, 725, 581, 7
MM, 30, 21, 8
MM, 22, 21, 8
MM, 16, 21, 8
MM, 15, 21, 8
MM, 12, 21, 8
MM, 11, 21, 8
MM, 9, 21, 8
MM, 6, 21, 9
MM, 5, 21, 9
MM, 4, 21, 6
MM, 4, 20, 8
MM, 4, 18, 9
MM, 3, 18, 39
MM, 2, 18, 8
MM, 0, 17, 8
MM, 687, 576, 8
MM, 686, 576, 8
MM, 685, 575, 7
MM, 684, 574, 9
MM, 34, 14, 32
MM, 33, 14, 8
MM, 32, 13, 8
MM, 31, 11, 8
MM, 30, 10, 8
MM, 29, 9, 8
MC, 1, 264
MM, 28, 9, 16
MM, 26, 9, 8
MM, 24, 12, 8
MM, 17, 17, 8
MM, 10, 22, 8
MM, 3, 27, 8
MM, 642, 595, 8
MM, 17, 3, 7
MM, 10, 8, 8
MM, 1, 14, 8
MM, 30, 21, 8
MM, 23, 28, 9
MM, 600, 628, 8
MM, 597, 630, 8
MM, 594, 633, 8
MM, 23, 1, 8
MM, 22, 2, 8
MM, 20, 4, 8
MM, 19, 5, 8
MM, 18, 6, 8
MM, 18, 7, 96
MM, 18, 8, 8
MM, 17, 8, 8
MM, 14, 9, 8
MM, 13, 11, 8
MM, 13, 12, 8
MM, 13, 13, 8
MM, 12, 13, 288
MM, 8, 13, 9
MM, 2, 13, 7
MM, 568, 647, 8
MM, 564, 647, 8
MM, 31, 13, 8
MM, 25, 13, 8
MM, 19, 13, 8
MM, 12, 14, 8
MM, 8, 16, 8
MM, 7, 16, 8
MM, 6, 16, 8
MC, 1, 288
MM, 5, 16, 88
MM, 3, 13, 8
MM, 2, 9, 8
MM, 1, 6, 8
MM, 1, 3, 8
MM, 1, 1, 9
MM, 528, 632, 8
MM, 527, 629, 7
MM, 527, 628, 8
MM, 28, 30, 8
MM, 28, 29, 16
MM, 28, 28, 8
MM, 27, 27, 80
MM, 26, 26, 8
MM, 26, 25, 8
MM, 26, 23, 8
MM, 24, 22, 8
MM, 23, 20, 8
MM, 23, 19, 8
MC, 1, 208
MM, 24, 19, 72
MM, 28, 19, 8
MM, 34, 19, 8
MM, 538, 616, 8
MM, 6, 22, 8
MM, 18, 26, 8
MM, 572, 629, 8
MM, 19, 2, 8
MM, 35, 6, 8
MM, 7, 10, 8
MM, 21, 14, 7
MM, 647, 650, 8
MM, 4, 18, 10
MM, 8, 19, 7
MM, 11, 19, 8
MM, 12, 19, 8
MM, 13, 19, 40
MM, 14, 19, 7
MM, 15, 20, 8
MM, 16, 21, 8
MM, 19, 23, 8
MM, 22, 24, 9
MM, 23, 24, 8
MM, 24, 24, 8
MM, 26, 25, 80
MM, 29, 27, 8
MM, 30, 27, 8
MM, 683, 661, 7
MM, 683, 659, 145
MM, 30, 21, 8
MM, 29, 20, 8
MM, 28, 18, 8
MM, 28, 17, 8
MM, 26, 16, 7
MM, 25, 15, 9
MC, 1, 256
MM, 25, 14, 88
MM, 25, 13, 8
MM, 29, 13, 8
MM, 687, 647, 8
MM, 693, 647, 8
MM, 699, 647, 8
MM, 707, 647, 9
MM, 713, 647, 7
MM, 719, 647, 8
MM, 727, 647, 8
MM, 733, 647, 8
MM, 737, 647, 7
MM, 742, 647, 8
MM, 744, 647, 8
MM, 747, 647, 10
MM, 751, 647, 7
MM, 752, 647, 8
MM, 755, 645, 8
MM, 759, 644, 8
MM, 763, 643, 8
MM, 768, 641, 8
MM, 5, 27, 8
MM, 14, 26, 8
MM, 20, 24, 8
MM, 29, 22, 8
MM, 35, 22, 8
MM, 41, 21, 8
MM, 45, 19, 8
MM, 49, 19, 8
MM, 54, 19, 8
MM, 58, 18, 8
MM, 61, 17, 8
MM, 62, 17, 8
MM, 63, 17, 8
