********************************************************************************
LOGGING TIME: 20180908_191956
CLIENT IP: 127.0.0.1
USERNAME: dell
OS: Windows 8.1
**********************************Emotional database********************************************************************************
MM, 428, 374, 1537598292576
MM, 143, 56, 40
MM, 138, 53, 10
MM, 135, 50, 10
MM, 131, 45, 11
MM, 128, 44, 10
MM, 127, 43, 10
MM, 126, 43, 10
MM, 125, 42, 10
MM, 124, 41, 20
MM, 122, 40, 31
MM, 121, 40, 10
MM, 120, 38, 10
MM, 120, 37, 10
MM, 119, 37, 11
MM, 118, 36, 9
MM, 117, 36, 10
MM, 116, 35, 10
MM, 114, 34, 11
MM, 114, 33, 20
MM, 113, 33, 10
MM, 113, 32, 31
MM, 112, 32, 40
MM, 111, 32, 52
MM, 111, 30, 9
MM, 110, 30, 10
MM, 110, 29, 10
MM, 109, 28, 11
MM, 108, 27, 10
MM, 106, 26, 20
MM, 105, 26, 20
MM, 104, 25, 21
MM, 103, 25, 50
MM, 102, 25, 62
MC, 1, 161
MM, 101, 25, 2405
MM, 99, 24, 10
MM, 95, 14, 10
MM, 339, 273, 10
MM, 331, 137, 20
MM, 325, 85, 11
MM, 322, 61, 10
MM, 320, 45, 10
MM, 318, 31, 10
MM, 300, 26, 244
MM, 300, 29, 10
MM, 298, 33, 10
MM, 297, 38, 10
MM, 297, 45, 10
MM, 295, 59, 10
MM, 295, 65, 10
MM, 295, 71, 10
MM, 295, 74, 11
MM, 295, 76, 11
MM, 295, 77, 9
MM, 295, 79, 10
MM, 295, 80, 20
MM, 295, 81, 10
MM, 295, 82, 112
MM, 295, 83, 203
MM, 295, 84, 30
MM, 295, 87, 10
MM, 295, 89, 10
MM, 295, 92, 10
MM, 295, 93, 11
MM, 295, 95, 10
MM, 303, 121, 2099
MM, 310, 138, 10
MM, 314, 159, 10
MM, 330, 250, 112
MM, 330, 259, 10
MM, 330, 267, 10
MM, 330, 275, 10
MM, 330, 281, 10
MM, 330, 284, 10
MM, 79, 0, 10
MM, 79, 3, 11
MM, 79, 4, 11
MM, 79, 6, 9
MM, 79, 8, 10
MM, 79, 9, 10
MM, 79, 10, 10
MM, 79, 11, 10
MM, 79, 12, 21
MM, 79, 13, 20
MM, 79, 14, 10
MM, 79, 17, 10
MM, 79, 21, 11
MM, 79, 24, 9
MM, 77, 25, 11
MM, 77, 27, 10
MM, 77, 28, 10
MM, 76, 28, 11
MM, 76, 29, 10
MM, 76, 31, 20
MM, 76, 32, 11
MM, 75, 32, 20
MM, 75, 33, 10
MM, 75, 34, 41
MC, 1, 132
MM, 75, 35, 19152
MM, 72, 41, 10
MM, 71, 45, 10
MM, 66, 54, 10
MM, 57, 73, 10
MM, 53, 82, 10
MM, 301, 373, 10
MM, 296, 381, 10
MM, 293, 388, 11
MM, 290, 391, 10
MM, 287, 394, 10
MM, 286, 396, 9
MM, 285, 398, 11
MM, 284, 399, 20
MM, 284, 400, 10
MM, 283, 400, 20
MM, 283, 401, 10
MM, 281, 401, 31
MM, 281, 402, 61
MM, 281, 403, 30
MM, 281, 404, 20
MM, 281, 407, 11
MM, 281, 409, 10
MM, 281, 414, 10
MM, 30, 7, 10
MM, 30, 11, 10
MM, 31, 14, 10
MM, 31, 16, 10
MM, 31, 17, 11
MM, 32, 18, 10
MM, 32, 20, 10
MM, 32, 21, 10
MM, 32, 22, 30
MM, 32, 23, 42
MC, 1, 141
MM, 32, 22, 62
MM, 32, 19, 20
MM, 33, 19, 264
MM, 34, 24, 10
MM, 36, 33, 10
MM, 36, 41, 10
MM, 38, 50, 10
MM, 39, 56, 10
MM, 39, 61, 11
MM, 41, 65, 11
MM, 41, 67, 9
MM, 41, 69, 10
MM, 41, 70, 10
MM, 41, 71, 10
MM, 42, 72, 10
MM, 42, 73, 10
MM, 42, 74, 10
MM, 43, 75, 11
MM, 44, 77, 10
MM, 44, 79, 10
MM, 46, 83, 10
MM, 47, 88, 10
MM, 48, 89, 10
MM, 300, 505, 10
MM, 300, 507, 11
MM, 302, 509, 9
MM, 303, 510, 11
MM, 305, 511, 10
MM, 310, 514, 10
MM, 313, 517, 10
MM, 315, 520, 10
MM, 318, 521, 10
MM, 29, 1, 10
MM, 30, 2, 10
MM, 325, 526, 11
MM, 326, 527, 10
MM, 327, 527, 11
MM, 328, 529, 9
MM, 331, 530, 10
MM, 332, 530, 10
MM, 335, 531, 10
MM, 5, 17, 873
MM, 13, 17, 10
MM, 21, 17, 11
MM, 27, 17, 10
MM, 31, 17, 10
MM, 409, 540, 10
MM, 413, 540, 11
MM, 2, 17, 9
MM, 4, 17, 11
MM, 7, 17, 9
MM, 9, 17, 10
MM, 13, 17, 11
MM, 16, 17, 10
MM, 20, 17, 10
MM, 23, 17, 10
MM, 25, 17, 10
MM, 28, 17, 10
MM, 31, 17, 10
MM, 32, 17, 10
MM, 33, 17, 10
MM, 34, 17, 11
MM, 449, 539, 10
MM, 452, 539, 10
MM, 453, 539, 10
MM, 454, 539, 10
MM, 455, 539, 11
MM, 0, 16, 9
MM, 2, 16, 10
MM, 4, 16, 11
MM, 7, 16, 10
MM, 12, 16, 10
MM, 16, 16, 10
MM, 22, 16, 10
MM, 26, 16, 10
MM, 29, 15, 10
MM, 32, 15, 11
MM, 34, 15, 10
MM, 493, 538, 10
MM, 495, 538, 10
MM, 496, 537, 10
MM, 1, 14, 11
MM, 3, 14, 9
MM, 4, 14, 10
MM, 5, 13, 11
MM, 8, 13, 10
MM, 9, 13, 10
MM, 11, 13, 10
MM, 12, 12, 11
MM, 13, 12, 9
MM, 15, 12, 22
MM, 16, 12, 19
MM, 17, 12, 31
MM, 18, 12, 51
MM, 18, 13, 396
MM, 19, 17, 9
MM, 21, 22, 10
MM, 22, 25, 10
MM, 27, 29, 10
MM, 529, 557, 11
MM, 3, 4, 9
MM, 10, 9, 11
MM, 20, 19, 10
MM, 561, 591, 10
MM, 31, 6, 10
MM, 579, 615, 11
MM, 5, 26, 10
MM, 593, 630, 11
MM, 28, 0, 10
MM, 35, 6, 10
MM, 609, 643, 10
MM, 614, 647, 10
MM, 4, 16, 10
MM, 8, 18, 10
MM, 11, 19, 10
MM, 15, 22, 10
MM, 18, 23, 10
MM, 19, 25, 11
MM, 22, 26, 10
MM, 23, 27, 10
MM, 25, 27, 10
MM, 26, 28, 10
MM, 27, 28, 10
MM, 30, 29, 10
MM, 646, 663, 10
MM, 649, 665, 11
MM, 650, 665, 10
MM, 651, 666, 10
MM, 652, 666, 10
MM, 653, 667, 11
MM, 654, 667, 9
MM, 655, 667, 21
MM, 657, 667, 30
MM, 658, 667, 40
MM, 659, 667, 92
MM, 660, 667, 81
MM, 660, 666, 20
MM, 9, 30, 11
MM, 10, 30, 10
MM, 10, 29, 10
MM, 11, 28, 10
MM, 12, 28, 10
MM, 12, 27, 10
MM, 14, 27, 10
MM, 14, 26, 10
MM, 15, 25, 21
MM, 16, 24, 51
MC, 1, 334
MM, 12, 24, 243
MM, 8, 24, 10
MM, 3, 24, 11
MM, 649, 658, 11
MM, 28, 22, 9
MM, 22, 22, 10
MM, 18, 21, 10
MM, 14, 21, 11
MM, 9, 21, 10
MM, 5, 21, 10
MM, 2, 21, 10
MM, 613, 655, 10
MM, 611, 655, 11
MM, 35, 19, 9
MM, 29, 19, 11
MM, 23, 19, 11
MM, 15, 19, 10
MM, 9, 19, 9
MM, 3, 19, 10
MM, 567, 653, 10
MM, 33, 19, 10
MM, 29, 19, 11
MM, 23, 19, 10
MM, 19, 19, 10
MM, 15, 19, 10
MM, 10, 19, 10
MM, 6, 19, 10
MM, 0, 19, 10
MM, 526, 653, 11
MM, 524, 653, 9
MM, 32, 19, 11
MM, 29, 19, 10
MM, 28, 19, 10
MM, 26, 19, 10
MM, 24, 19, 10
MM, 22, 19, 10
MM, 19, 19, 11
MM, 15, 19, 10
MM, 13, 19, 10
MM, 8, 19, 10
MM, 6, 19, 10
MM, 1, 19, 11
MM, 485, 653, 10
MM, 32, 19, 9
MM, 29, 19, 11
MM, 27, 19, 10
MM, 24, 19, 10
MM, 23, 19, 10
MM, 22, 19, 10
MM, 21, 19, 10
MM, 18, 19, 10
MM, 17, 18, 11
MM, 15, 18, 10
MM, 12, 17, 10
MM, 10, 17, 10
MM, 5, 15, 10
MM, 1, 14, 10
MM, 444, 646, 10
MM, 30, 11, 11
MM, 24, 9, 10
MM, 20, 8, 10
MM, 14, 6, 10
MM, 7, 5, 10
MM, 408, 637, 10
MM, 396, 633, 11
MM, 4, 30, 9
MM, 375, 623, 11
MM, 30, 23, 10
MM, 25, 20, 10
MM, 23, 19, 10
MM, 20, 17, 10
MM, 19, 16, 10
MM, 19, 15, 10
MM, 18, 15, 10
MM, 16, 14, 11
MM, 16, 13, 30
MM, 15, 13, 10
MM, 15, 12, 31
MM, 15, 11, 30
MM, 15, 9, 31
MM, 15, 8, 20
MM, 17, 8, 10
MM, 18, 8, 10
MM, 19, 8, 10
MM, 20, 7, 10
MM, 22, 7, 10
MM, 24, 7, 11
MM, 25, 7, 10
MM, 27, 7, 10
MM, 28, 7, 10
MM, 31, 7, 10
MM, 32, 7, 10
MM, 33, 7, 11
MM, 34, 7, 9
MM, 374, 604, 10
MM, 375, 604, 11
MM, 376, 604, 20
MM, 378, 604, 10
MM, 379, 605, 10
MM, 0, 10, 20
MM, 1, 11, 11
MM, 2, 11, 10
MM, 3, 12, 10
MM, 4, 13, 10
MM, 6, 13, 20
MM, 6, 14, 20
MM, 7, 14, 31
MM, 7, 15, 10
MM, 8, 15, 42
MC, 1, 253
MM, 9, 18, 111
MM, 14, 22, 10
MM, 17, 27, 11
MM, 20, 30, 9
MM, 401, 629, 11
MM, 404, 631, 10
MM, 405, 634, 10
MM, 406, 635, 10
MM, 407, 635, 11
MM, 408, 636, 9
MM, 408, 637, 10
MM, 1, 3, 11
MM, 1, 4, 10
MM, 2, 4, 10
MM, 3, 5, 10
MM, 4, 5, 31
MM, 4, 6, 9
MM, 5, 6, 21
MM, 5, 8, 10
MM, 6, 8, 10
MM, 6, 9, 31
MM, 7, 9, 10
MM, 9, 9, 40
MC, 1, 234
MM, 11, 9, 80
MM, 15, 9, 10
MM, 23, 9, 11
MM, 29, 9, 10
MM, 444, 643, 11
MM, 448, 643, 10
MM, 5, 9, 10
MM, 11, 9, 10
MM, 20, 8, 10
MM, 28, 6, 10
MM, 486, 639, 10
MM, 6, 5, 11
MM, 12, 3, 10
MM, 17, 2, 10
MM, 511, 632, 10
MM, 516, 631, 11
MM, 520, 629, 10
MM, 27, 29, 9
MM, 34, 26, 10
MM, 537, 620, 11
MM, 4, 20, 10
MM, 8, 17, 10
MM, 15, 12, 10
MM, 19, 9, 11
MM, 24, 6, 9
MM, 28, 3, 10
MM, 31, 1, 11
MM, 576, 595, 9
MM, 578, 594, 11
MM, 581, 593, 10
MM, 14, 30, 10
MM, 17, 29, 10
MM, 19, 27, 11
MM, 20, 26, 9
MM, 24, 25, 11
MM, 27, 23, 10
MM, 30, 22, 10
MM, 33, 21, 10
MM, 605, 581, 10
MM, 608, 579, 10
MM, 609, 578, 10
MM, 610, 578, 10
MM, 2, 17, 11
MM, 3, 16, 10
MM, 4, 16, 10
MM, 5, 16, 11
MM, 8, 14, 9
MM, 9, 14, 10
MM, 10, 14, 11
MM, 11, 13, 9
MM, 12, 13, 21
MM, 13, 13, 10
MM, 13, 12, 10
MM, 14, 12, 11
MM, 16, 12, 20
MM, 17, 12, 40
MC, 1, 173
MM, 11, 12, 100
MM, 3, 12, 10
MM, 33, 13, 11
MM, 25, 13, 10
MM, 14, 13, 10
MM, 568, 573, 10
MM, 23, 13, 10
MM, 7, 13, 11
MM, 528, 573, 10
MM, 28, 13, 10
MM, 22, 13, 11
MM, 16, 13, 10
MM, 8, 13, 10
MM, 2, 13, 10
MM, 488, 573, 10
MM, 26, 13, 10
MM, 20, 15, 11
MM, 14, 15, 10
MM, 8, 15, 10
MM, 2, 16, 10
MM, 453, 576, 10
MM, 34, 18, 10
MM, 31, 18, 10
MM, 27, 18, 10
MM, 21, 18, 11
MM, 18, 18, 10
MM, 16, 18, 10
MM, 15, 18, 10
MM, 14, 18, 10
MM, 12, 18, 31
MC, 1, 304
MM, 14, 18, 70
MM, 15, 18, 10
MM, 17, 18, 11
MM, 20, 19, 10
MM, 23, 22, 10
MM, 28, 25, 11
MM, 34, 28, 9
MM, 456, 593, 10
MM, 1, 1, 11
MM, 7, 5, 10
MM, 14, 10, 10
MM, 17, 13, 10
MM, 22, 16, 10
MM, 26, 17, 10
MM, 29, 20, 11
MM, 495, 620, 9
MM, 1, 25, 10
MM, 5, 28, 11
MM, 509, 628, 11
MM, 513, 629, 10
MM, 518, 630, 9
MM, 522, 630, 11
MM, 526, 633, 10
MM, 529, 633, 9
MM, 3, 1, 10
MM, 5, 2, 11
MM, 6, 2, 10
MM, 8, 3, 10
MM, 10, 3, 10
MM, 11, 4, 10
MM, 12, 4, 10
MM, 15, 6, 20
MM, 16, 6, 11
MM, 17, 6, 10
MM, 18, 6, 10
MM, 19, 7, 10
MM, 21, 7, 10
MM, 22, 8, 23
MM, 23, 8, 8
MM, 24, 8, 20
MM, 25, 8, 50
MC, 1, 306
MM, 24, 8, 101
MM, 23, 8, 10
MM, 20, 7, 10
MM, 19, 4, 10
MM, 18, 3, 11
MM, 17, 2, 10
MM, 543, 633, 10
MM, 542, 630, 10
MM, 540, 629, 10
MM, 539, 627, 10
MM, 538, 626, 11
MM, 537, 623, 10
MM, 536, 622, 10
MM, 536, 621, 10
MM, 535, 620, 10
MM, 535, 618, 10
MM, 34, 19, 11
MM, 33, 18, 9
MM, 32, 15, 11
MM, 32, 14, 10
MM, 31, 13, 10
MM, 29, 11, 10
MM, 28, 9, 10
MM, 27, 8, 10
MM, 26, 6, 10
MM, 26, 5, 10
MM, 25, 2, 10
MM, 24, 1, 11
MM, 521, 595, 11
MM, 521, 594, 9
MM, 520, 592, 10
MM, 520, 591, 10
MM, 25, 28, 11
MM, 25, 27, 20
MM, 25, 26, 10
MM, 24, 26, 10
MM, 24, 25, 30
MM, 24, 24, 41
MM, 23, 24, 81
MM, 23, 23, 41
MC, 1, 141
MM, 27, 23, 91
MM, 29, 23, 10
MM, 527, 583, 10
MM, 2, 23, 11
MM, 7, 23, 10
MM, 11, 23, 10
MM, 15, 23, 10
MM, 21, 23, 10
MM, 27, 23, 10
MM, 31, 23, 10
MM, 568, 583, 10
MM, 3, 23, 11
MM, 7, 23, 10
MM, 11, 23, 10
MM, 14, 23, 10
MM, 16, 23, 10
MM, 17, 23, 10
MM, 20, 23, 10
MM, 21, 23, 11
MM, 22, 23, 20
MM, 23, 23, 10
MM, 24, 23, 10
MM, 26, 23, 10
MM, 28, 23, 10
MM, 29, 23, 11
MM, 30, 23, 10
MM, 31, 23, 10
MM, 33, 23, 21
MM, 33, 21, 10
MM, 34, 21, 10
MM, 605, 581, 21
MM, 606, 580, 10
MM, 607, 580, 10
MM, 608, 580, 10
MM, 609, 580, 10
MM, 609, 579, 10
MM, 610, 579, 11
MM, 1, 18, 30
MM, 2, 18, 10
MM, 3, 18, 10
MM, 4, 17, 10
MM, 5, 17, 10
MM, 6, 16, 11
MM, 7, 16, 9
MM, 9, 16, 11
MM, 9, 15, 20
MM, 10, 15, 10
MM, 10, 13, 31
MM, 11, 13, 10
MC, 1, 182
MM, 9, 13, 71
MM, 3, 13, 10
MM, 608, 573, 10
MM, 32, 13, 11
MM, 26, 14, 10
MM, 18, 16, 10
MM, 9, 17, 10
MM, 568, 579, 10
MM, 26, 21, 10
MM, 14, 25, 10
MM, 5, 27, 11
MM, 528, 588, 10
MM, 519, 592, 10
MM, 510, 594, 10
MM, 504, 595, 10
MM, 498, 597, 10
MM, 29, 1, 10
MM, 21, 1, 10
MM, 15, 5, 11
MM, 9, 5, 10
MM, 2, 6, 10
MM, 460, 605, 10
MM, 31, 9, 10
MM, 24, 13, 10
MM, 16, 14, 10
MM, 7, 16, 10
MM, 419, 617, 10
MM, 33, 20, 10
MM, 27, 21, 11
MM, 24, 23, 10
MM, 20, 23, 10
MM, 17, 23, 10
MM, 15, 23, 10
MM, 13, 23, 10
MM, 12, 23, 10
MM, 11, 23, 11
MM, 10, 23, 10
MM, 9, 23, 30
MM, 8, 23, 41
MC, 1, 295
MM, 9, 23, 80
MM, 10, 23, 10
MM, 13, 23, 10
MM, 15, 21, 11
MM, 18, 20, 10
MM, 23, 18, 10
MM, 27, 17, 10
MM, 31, 14, 10
MM, 418, 609, 10
MM, 420, 608, 11
MM, 4, 10, 10
MM, 6, 8, 10
MM, 13, 5, 10
MM, 16, 4, 10
MM, 20, 2, 10
MM, 24, 1, 10
MM, 448, 596, 12
MM, 453, 595, 9
MM, 457, 593, 10
MM, 460, 592, 10
MM, 464, 591, 10
MM, 11, 29, 10
MM, 13, 29, 10
MM, 14, 28, 10
MM, 17, 27, 10
MM, 18, 27, 10
MM, 19, 26, 10
MM, 20, 26, 11
MM, 22, 25, 10
MM, 23, 25, 10
MM, 25, 25, 10
MM, 25, 23, 11
MM, 27, 23, 9
MM, 29, 22, 11
MM, 30, 22, 10
MM, 31, 22, 10
MM, 488, 581, 10
MM, 489, 580, 11
MM, 492, 580, 9
MM, 493, 580, 11
MM, 0, 20, 10
MM, 1, 19, 10
MM, 2, 19, 10
MM, 3, 19, 10
MM, 4, 19, 10
MM, 6, 19, 10
MM, 7, 19, 10
MM, 8, 19, 11
MM, 9, 19, 10
MM, 10, 18, 10
MC, 1, 263
MM, 9, 18, 52
MM, 4, 18, 31
MM, 0, 18, 9
MM, 490, 578, 10
MM, 28, 18, 10
MM, 22, 20, 11
MM, 15, 21, 10
MM, 9, 23, 10
MM, 3, 23, 10
MM, 455, 584, 10
MM, 450, 586, 10
MM, 33, 26, 10
MM, 30, 29, 11
MM, 27, 30, 10
MM, 438, 591, 10
MM, 435, 594, 10
MM, 431, 596, 10
MM, 7, 2, 10
MM, 4, 3, 11
MM, 0, 4, 9
MM, 418, 603, 11
MM, 417, 603, 10
MM, 34, 7, 10
MM, 33, 7, 10
MM, 31, 7, 10
MM, 30, 8, 10
MM, 27, 9, 10
MM, 26, 9, 10
MM, 23, 11, 11
MM, 21, 12, 10
MM, 20, 12, 10
MM, 17, 13, 10
MM, 16, 13, 10
MM, 15, 13, 10
MM, 15, 14, 10
MM, 14, 14, 10
MM, 13, 14, 21
MM, 11, 14, 40
MC, 1, 142
MM, 12, 16, 92
MM, 13, 17, 9
MM, 15, 18, 11
MM, 20, 21, 10
MM, 23, 24, 10
MM, 27, 27, 10
MM, 32, 30, 10
MM, 416, 630, 10
MM, 419, 631, 10
MM, 14, 0, 10
MM, 17, 2, 10
MM, 20, 3, 11
MM, 23, 6, 10
MM, 25, 7, 10
MM, 26, 8, 10
MM, 28, 9, 10
MM, 30, 11, 10
MM, 31, 12, 10
MM, 32, 13, 10
MM, 33, 13, 11
MM, 444, 648, 10
MM, 445, 649, 10
MM, 446, 649, 10
MM, 447, 649, 10
MM, 448, 650, 21
MM, 0, 16, 10
MM, 1, 17, 10
MM, 3, 17, 10
MM, 4, 17, 10
MM, 5, 19, 10
MM, 6, 19, 10
MM, 7, 20, 10
MM, 8, 21, 11
MM, 9, 21, 10
MM, 11, 22, 20
MM, 12, 22, 11
MM, 12, 23, 10
MM, 13, 23, 10
MM, 14, 24, 10
MM, 14, 25, 10
MM, 15, 25, 10
MM, 16, 25, 21
MM, 16, 27, 10
MM, 17, 27, 31
MM, 17, 28, 10
MM, 18, 28, 20
MM, 18, 29, 10
MM, 20, 29, 10
MM, 20, 30, 10
MM, 21, 30, 10
MM, 470, 665, 10
MM, 471, 666, 11
MM, 471, 667, 10
MM, 472, 667, 10
MM, 472, 669, 10
MM, 473, 670, 10
MM, 73, 0, 20
MM, 74, 0, 21
MM, 74, 1, 10
MM, 75, 2, 30
MM, 75, 3, 31
MC, 1, 315
MM, 77, 3, 90
MM, 78, 3, 10
MM, 79, 2, 10
MM, 80, 1, 10
MM, 483, 669, 11
MM, 484, 668, 10
MM, 486, 666, 10
MM, 0, 29, 10
MM, 2, 26, 10
MM, 4, 22, 10
MM, 7, 19, 10
MM, 10, 16, 10
MM, 13, 11, 11
MM, 15, 9, 10
MM, 18, 6, 10
MM, 23, 1, 10
MM, 514, 632, 10
MM, 518, 629, 10
MM, 521, 628, 10
MM, 23, 30, 11
MM, 26, 29, 9
MM, 27, 27, 11
MM, 28, 26, 10
MM, 29, 25, 10
MM, 30, 25, 10
MM, 31, 24, 10
MM, 32, 23, 11
MM, 34, 23, 10
MM, 534, 620, 10
MM, 535, 619, 10
MM, 536, 619, 31
MM, 536, 618, 9
MM, 537, 618, 10
MM, 538, 618, 11
MM, 539, 618, 10
MM, 1, 21, 10
MM, 2, 21, 10
MM, 3, 21, 10
MM, 4, 21, 10
MM, 5, 21, 21
MM, 6, 21, 31
MM, 7, 19, 10
MM, 9, 19, 20
MM, 10, 19, 10
MM, 11, 19, 31
MC, 1, 172
MM, 5, 19, 71
MM, 537, 616, 10
MM, 28, 19, 10
MM, 14, 19, 10
MM, 6, 19, 10
MM, 0, 19, 11
MM, 493, 616, 9
MM, 25, 19, 11
MM, 19, 19, 10
MM, 13, 19, 10
MM, 9, 19, 10
MM, 3, 19, 10
MM, 459, 616, 10
MM, 32, 19, 10
MM, 27, 19, 10
MM, 23, 19, 10
MM, 19, 19, 11
MM, 11, 19, 10
MM, 5, 19, 10
MM, 418, 616, 10
MM, 32, 19, 10
MM, 26, 19, 10
MM, 20, 19, 11
MM, 17, 19, 10
MM, 15, 19, 10
MM, 12, 19, 10
MM, 10, 19, 10
MM, 9, 18, 11
MM, 8, 18, 9
MM, 6, 18, 11
MM, 5, 18, 10
MM, 4, 18, 20
MM, 3, 18, 10
MM, 2, 18, 10
MM, 1, 18, 10
MM, 378, 615, 11
MM, 377, 615, 10
MM, 375, 615, 10
MM, 33, 18, 10
MM, 29, 18, 10
MM, 25, 18, 10
MM, 22, 18, 10
MM, 21, 18, 10
MM, 20, 18, 11
MM, 19, 17, 10
MM, 18, 17, 10
MM, 16, 17, 10
MM, 16, 16, 10
MM, 15, 16, 30
MC, 1, 153
MM, 17, 16, 40
MM, 19, 16, 10
MM, 22, 16, 30
MM, 26, 16, 10
MM, 29, 16, 11
MM, 33, 16, 10
MM, 0, 18, 10
MM, 6, 20, 10
MM, 15, 21, 10
MM, 21, 23, 10
MM, 27, 24, 11
MM, 32, 26, 10
MM, 34, 26, 10
MM, 419, 624, 10
MM, 0, 27, 10
MM, 1, 27, 10
MM, 4, 29, 10
MM, 5, 29, 10
MM, 6, 29, 10
MM, 7, 30, 10
MM, 9, 30, 11
MM, 10, 30, 10
MM, 11, 30, 10
MM, 433, 628, 10
MM, 434, 628, 10
MM, 435, 628, 11
MM, 436, 628, 10
MM, 438, 629, 11
MM, 439, 629, 20
MM, 440, 629, 10
MM, 441, 630, 10
MM, 442, 630, 10
MM, 443, 630, 10
MM, 443, 631, 11
MM, 444, 631, 10
MM, 445, 632, 10
MM, 447, 632, 10
MM, 448, 634, 10
MM, 0, 1, 10
MM, 1, 2, 10
MM, 2, 3, 10
MM, 3, 4, 21
MM, 4, 5, 10
MM, 6, 5, 10
MM, 6, 8, 10
MM, 7, 8, 10
MM, 8, 9, 11
MM, 8, 10, 10
MM, 9, 11, 10
MM, 10, 12, 20
MM, 10, 13, 20
MM, 11, 13, 11
MM, 11, 15, 20
MC, 1, 192
MM, 11, 13, 91
MM, 11, 12, 11
MM, 10, 11, 10
MM, 9, 10, 10
MM, 8, 9, 10
MM, 7, 7, 10
MM, 5, 6, 10
MM, 4, 4, 10
MM, 3, 3, 11
MM, 2, 2, 10
MM, 1, 0, 10
MM, 449, 632, 10
MM, 447, 631, 10
MM, 446, 628, 10
MM, 22, 28, 10
MM, 21, 24, 10
MM, 18, 18, 10
MM, 16, 13, 10
MM, 15, 9, 11
MM, 13, 4, 10
MM, 12, 2, 10
MM, 12, 1, 10
MM, 432, 595, 10
MM, 432, 594, 10
MM, 432, 593, 10
MM, 430, 592, 11
MM, 430, 591, 10
MM, 15, 29, 10
MM, 15, 28, 10
MM, 15, 27, 20
MM, 14, 27, 10
MM, 14, 26, 10
MM, 14, 25, 21
MM, 14, 24, 20
MM, 13, 23, 11
MM, 13, 21, 19
MM, 13, 20, 10
MM, 13, 19, 21
MM, 13, 18, 20
MM, 13, 17, 51
MC, 1, 162
MM, 13, 18, 82
MM, 13, 21, 10
MM, 13, 23, 10
MM, 13, 28, 11
MM, 428, 594, 9
MM, 8, 1, 10
MM, 8, 9, 11
MM, 11, 16, 10
MM, 12, 20, 10
MM, 14, 24, 10
MM, 15, 29, 11
MM, 438, 629, 9
MM, 439, 631, 10
MM, 439, 632, 11
MM, 31, 1, 10
MM, 32, 2, 10
MM, 32, 3, 10
MM, 443, 640, 10
MM, 443, 641, 10
MM, 444, 643, 11
MM, 444, 644, 9
MM, 445, 646, 11
MM, 445, 648, 10
MM, 446, 649, 10
MM, 447, 650, 10
MM, 447, 651, 10
MM, 0, 20, 10
MM, 0, 21, 11
MM, 1, 22, 9
MM, 2, 23, 11
MM, 2, 26, 9
MM, 3, 26, 11
MM, 3, 27, 10
MM, 4, 29, 10
MM, 453, 665, 10
MM, 454, 666, 11
MM, 454, 667, 10
MM, 456, 668, 10
MM, 456, 669, 20
MM, 457, 670, 30
MM, 57, 0, 41
MM, 58, 0, 20
MM, 58, 2, 21
MM, 59, 2, 29
MM, 59, 3, 21
MM, 59, 4, 20
MM, 60, 5, 10
MM, 60, 6, 11
MM, 60, 7, 10
MM, 60, 8, 10
MM, 61, 8, 11
MM, 61, 9, 9
MM, 61, 11, 30
MC, 1, 223
MM, 61, 10, 123
MM, 61, 9, 20
MM, 61, 8, 20
MM, 61, 7, 10
MM, 61, 6, 20
MM, 61, 4, 11
MM, 61, 2, 10
MM, 61, 0, 10
MM, 461, 667, 11
MM, 12, 28, 9
MM, 12, 24, 10
MM, 12, 20, 11
MM, 12, 16, 10
MM, 12, 13, 9
MM, 12, 9, 11
MM, 12, 6, 10
MM, 12, 0, 10
MM, 461, 630, 10
MM, 461, 626, 11
MM, 461, 620, 10
MM, 461, 614, 10
MM, 461, 611, 10
MM, 461, 609, 10
MM, 461, 606, 10
MM, 461, 605, 10
MM, 461, 604, 11
MM, 461, 603, 10
MM, 461, 601, 20
MM, 461, 600, 30
MM, 461, 599, 41
MM, 0, 2, 182
MM, 2, 2, 20
MM, 4, 2, 11
MM, 5, 2, 10
MM, 6, 2, 10
MM, 7, 1, 10
MM, 10, 0, 10
MM, 473, 596, 10
MM, 476, 594, 10
MM, 477, 593, 10
MM, 478, 592, 10
MM, 479, 591, 10
MM, 23, 30, 11
MM, 24, 29, 10
MM, 24, 28, 11
MM, 25, 28, 9
MM, 25, 26, 10
MM, 26, 26, 11
MM, 26, 25, 10
MM, 27, 25, 30
MM, 27, 24, 10
MM, 29, 24, 31
MM, 30, 23, 151
MM, 31, 23, 11
MM, 489, 582, 10
MM, 491, 582, 10
MM, 493, 581, 10
MM, 2, 19, 11
MM, 4, 19, 10
MM, 5, 18, 10
MM, 8, 17, 10
MM, 9, 17, 10
MC, 1, 304
MM, 8, 17, 81
MM, 5, 17, 10
MM, 3, 17, 11
MM, 1, 17, 10
MM, 493, 577, 10
MM, 492, 577, 10
MM, 491, 577, 10
MM, 488, 576, 10
MM, 31, 16, 10
MM, 29, 14, 11
MM, 27, 14, 9
MM, 26, 14, 11
MM, 24, 13, 10
MM, 23, 13, 10
MC, 1, 274
MM, 19, 13, 70
MM, 15, 13, 10
MM, 10, 13, 11
MM, 6, 15, 10
MM, 1, 18, 10
MM, 451, 579, 10
MM, 32, 21, 10
MM, 24, 23, 10
MM, 19, 24, 11
MM, 11, 27, 10
MM, 5, 29, 10
MM, 0, 30, 10
MM, 411, 590, 10
MM, 408, 592, 10
MM, 406, 592, 10
MM, 404, 593, 10
MM, 403, 593, 10
MM, 402, 593, 10
MM, 401, 594, 41
MM, 399, 595, 10
MM, 16, 0, 10
MM, 11, 1, 10
MM, 9, 1, 10
MM, 4, 4, 11
MM, 0, 6, 11
MM, 377, 604, 10
MM, 374, 605, 10
MM, 33, 10, 10
MM, 30, 10, 10
MM, 29, 10, 11
MM, 28, 10, 10
MM, 27, 10, 10
MM, 26, 10, 10
MM, 25, 10, 20
MM, 23, 10, 20
MM, 22, 10, 41
MM, 21, 10, 41
MC, 1, 192
MM, 24, 12, 71
MM, 29, 15, 10
MM, 33, 18, 10
MM, 377, 618, 10
MM, 379, 620, 11
MM, 2, 24, 10
MM, 5, 25, 10
MM, 7, 27, 10
MM, 9, 28, 10
MM, 10, 29, 10
MM, 11, 29, 11
MM, 12, 30, 9
MM, 13, 30, 11
MM, 394, 628, 10
MM, 395, 628, 10
MM, 397, 628, 10
MM, 398, 628, 10
MM, 399, 629, 10
MM, 400, 629, 20
MM, 402, 631, 11
MM, 404, 632, 20
MM, 405, 632, 10
MM, 406, 633, 20
MM, 407, 633, 10
MM, 408, 634, 11
MM, 0, 1, 10
MM, 1, 1, 9
MM, 4, 3, 11
MM, 5, 3, 10
MM, 6, 3, 10
MM, 7, 4, 10
MM, 8, 4, 10
MM, 10, 4, 10
MM, 11, 5, 10
MM, 12, 5, 11
MM, 13, 6, 20
MM, 14, 6, 10
MM, 15, 7, 20
MM, 16, 7, 21
MM, 18, 7, 40
MC, 1, 183
MM, 19, 7, 41
MM, 23, 7, 29
MM, 27, 7, 12
MM, 31, 7, 9
MM, 446, 641, 11
MM, 5, 7, 10
MM, 13, 7, 10
MM, 22, 7, 10
MM, 28, 7, 11
MM, 483, 641, 9
MM, 487, 641, 10
MM, 3, 7, 11
MM, 9, 5, 10
MM, 14, 5, 10
MM, 20, 3, 11
MM, 28, 3, 9
MM, 524, 637, 10
MM, 1, 2, 11
MM, 6, 2, 9
MM, 10, 0, 11
MM, 13, 0, 10
MM, 17, 0, 10
MM, 549, 633, 10
MM, 551, 633, 10
MM, 556, 632, 10
MM, 558, 630, 11
MM, 561, 629, 9
MM, 565, 629, 11
MM, 30, 30, 10
MM, 34, 29, 10
MM, 580, 624, 11
MM, 4, 26, 9
MM, 8, 26, 10
MM, 11, 25, 11
MM, 13, 23, 10
MM, 16, 22, 10
MM, 19, 22, 10
MM, 20, 22, 10
MM, 21, 21, 11
MM, 22, 21, 9
MM, 23, 21, 10
MM, 24, 21, 11
MM, 26, 21, 9
MM, 27, 21, 11
MM, 28, 20, 20
MM, 30, 20, 10
MM, 612, 617, 20
MM, 613, 615, 11
MM, 615, 615, 9
MM, 616, 615, 21
MM, 617, 615, 40
MM, 0, 18, 31
MM, 1, 17, 20
MM, 2, 17, 20
MM, 3, 17, 20
MC, 1, 254
MM, 0, 15, 91
MM, 612, 609, 10
MM, 22, 6, 10
MM, 583, 596, 11
MM, 559, 592, 10
MM, 7, 28, 11
MM, 27, 26, 10
MM, 11, 24, 10
MM, 27, 22, 10
MM, 11, 19, 10
MM, 453, 577, 11
MM, 25, 16, 9
MM, 18, 14, 10
MM, 12, 14, 10
MM, 8, 14, 11
MM, 5, 13, 10
MM, 3, 13, 10
MM, 0, 11, 10
MM, 413, 571, 11
MM, 411, 570, 9
MM, 410, 570, 10
MM, 409, 570, 21
MM, 36, 10, 30
MM, 409, 570, 153
MM, 412, 570, 9
MM, 414, 570, 10
MM, 1, 10, 11
MM, 2, 10, 9
MM, 3, 10, 10
MM, 4, 10, 11
MM, 5, 10, 20
MM, 6, 10, 51
MC, 1, 172
MM, 6, 13, 81
MM, 6, 17, 10
MM, 6, 20, 10
MM, 6, 22, 11
MM, 8, 25, 9
MM, 8, 27, 10
MM, 9, 28, 10
MM, 424, 591, 11
MM, 425, 592, 10
MM, 425, 594, 10
MM, 426, 596, 21
MM, 5, 0, 20
MM, 5, 1, 11
MM, 6, 1, 20
MM, 6, 2, 10
MM, 6, 3, 20
MM, 7, 3, 10
MM, 7, 4, 21
MC, 1, 203
MM, 9, 5, 273
MM, 10, 8, 10
MM, 11, 9, 10
MM, 13, 12, 10
MM, 15, 14, 10
MM, 18, 17, 12
MM, 19, 22, 9
MM, 22, 24, 10
MM, 23, 27, 10
MM, 25, 30, 10
MM, 447, 630, 10
MM, 448, 632, 10
MM, 1, 1, 10
MM, 2, 4, 11
MM, 5, 7, 10
MM, 6, 9, 10
MM, 8, 11, 11
MM, 8, 12, 9
MM, 9, 13, 10
MM, 10, 14, 10
MM, 11, 15, 10
MM, 11, 16, 11
MM, 12, 17, 10
MM, 12, 19, 10
MM, 13, 20, 10
MM, 13, 21, 10
MM, 14, 22, 10
MM, 15, 23, 10
MM, 17, 24, 10
MM, 17, 25, 10
MM, 18, 28, 11
MM, 19, 29, 10
MM, 19, 30, 10
MM, 469, 665, 10
MM, 469, 666, 21
MM, 470, 666, 9
MM, 470, 668, 21
MM, 471, 669, 30
MM, 471, 670, 20
MM, 73, 0, 10
MM, 74, 1, 10
MM, 74, 2, 10
MM, 75, 3, 11
MM, 76, 5, 10
MM, 77, 7, 10
MM, 78, 8, 10
MM, 78, 9, 10
MM, 80, 10, 10
MM, 80, 12, 22
MM, 81, 12, 10
MM, 81, 13, 30
MM, 82, 13, 10
MM, 82, 14, 10
MM, 83, 14, 31
MM, 83, 15, 10
MM, 84, 15, 51
MC, 1, 172
MM, 85, 15, 223
MM, 86, 14, 20
MM, 87, 13, 10
MM, 89, 11, 10
MM, 90, 9, 10
MM, 91, 8, 10
MM, 94, 5, 11
MM, 95, 2, 10
MM, 98, 1, 10
MM, 501, 669, 10
MM, 503, 666, 10
MM, 505, 665, 10
MM, 19, 30, 11
MM, 20, 29, 9
MM, 21, 28, 10
MM, 22, 28, 12
MM, 24, 27, 9
MM, 24, 25, 10
MM, 25, 25, 10
MM, 26, 25, 21
MM, 26, 24, 9
MM, 27, 24, 11
MM, 28, 23, 30
MM, 28, 22, 30
MM, 29, 22, 11
MM, 30, 22, 40
MM, 30, 21, 162
MM, 32, 21, 31
MM, 32, 20, 10
MM, 33, 19, 10
MM, 34, 18, 10
MM, 524, 652, 10
MM, 525, 650, 11
MM, 525, 649, 10
MM, 526, 649, 20
MM, 528, 649, 30
MM, 526, 649, 112
MM, 525, 649, 10
MM, 524, 649, 10
MM, 523, 649, 10
MM, 34, 15, 10
MM, 31, 15, 10
MM, 30, 15, 10
MM, 29, 15, 11
MM, 28, 15, 10
MM, 27, 15, 21
MM, 26, 15, 20
MM, 24, 15, 61
MC, 1, 173
MM, 26, 13, 60
MM, 31, 6, 10
MM, 524, 635, 10
MM, 528, 631, 10
MM, 34, 27, 11
MM, 1, 20, 10
MM, 10, 12, 10
MM, 17, 7, 10
MM, 24, 2, 10
MM, 567, 596, 10
MM, 570, 594, 11
MM, 571, 593, 9
MM, 572, 592, 10
MM, 573, 591, 11
MM, 574, 591, 9
MM, 5, 30, 41
MM, 7, 29, 10
MM, 8, 28, 10
MM, 9, 26, 11
MM, 10, 25, 10
MM, 10, 24, 10
MM, 11, 22, 60
MM, 12, 20, 11
MM, 13, 19, 10
MM, 15, 18, 10
MC, 1, 264
MM, 10, 18, 70
MM, 2, 18, 10
MM, 566, 578, 11
MM, 29, 18, 10
MM, 25, 18, 10
MM, 19, 18, 10
MM, 13, 18, 10
MM, 7, 18, 10
MM, 3, 18, 10
MM, 0, 18, 10
MM, 530, 577, 11
MM, 528, 577, 10
MM, 527, 577, 10
MM, 526, 577, 173
MM, 30, 17, 20
MM, 29, 17, 10
MM, 28, 17, 21
MM, 27, 17, 10
MM, 26, 17, 20
MM, 25, 17, 30
MM, 24, 17, 21
MM, 22, 17, 50
MC, 1, 193
MC, 1, 263
MM, 20, 17, 244
MM, 17, 17, 11
MM, 13, 17, 10
MM, 7, 17, 10
MM, 1, 17, 11
MM, 31, 17, 10
MM, 25, 17, 9
MM, 21, 17, 11
MM, 18, 17, 10
MM, 16, 17, 10
MM, 13, 17, 10
MM, 12, 17, 10
MM, 10, 17, 11
MM, 7, 17, 9
MM, 4, 16, 11
MM, 2, 16, 10
MM, 455, 576, 10
MM, 454, 575, 10
MM, 452, 575, 10
MM, 34, 15, 10
MM, 33, 15, 10
MM, 31, 13, 10
MM, 28, 13, 11
MM, 27, 13, 60
MM, 26, 13, 10
MC, 1, 244
MM, 27, 13, 131
MM, 31, 13, 11
MM, 34, 13, 9
MM, 452, 573, 10
MM, 453, 573, 10
MM, 454, 573, 11
MM, 0, 13, 10
MM, 1, 13, 10
MM, 3, 13, 111
MM, 4, 13, 51
MC, 1, 192
MM, 4, 16, 112
MM, 4, 18, 10
MM, 4, 23, 10
MM, 5, 27, 11
MM, 463, 591, 9
MM, 4, 1, 11
MM, 5, 5, 11
MM, 7, 8, 10
MM, 8, 11, 10
MM, 8, 13, 10
MM, 9, 14, 10
MM, 9, 16, 10
MM, 10, 16, 10
MM, 11, 17, 11
MM, 11, 18, 20
MM, 13, 19, 10
MM, 13, 20, 21
MM, 14, 20, 9
MM, 14, 21, 11
MM, 15, 21, 30
MM, 15, 22, 10
MM, 16, 22, 10
MC, 1, 274
MM, 18, 22, 222
MM, 26, 22, 11
MM, 0, 22, 10
MM, 11, 22, 10
MM, 22, 22, 10
MM, 33, 22, 10
MM, 8, 22, 10
MM, 24, 22, 10
MM, 575, 619, 11
MM, 2, 22, 9
MM, 10, 22, 10
MM, 18, 22, 11
MM, 29, 22, 10
MM, 1, 22, 11
MM, 9, 22, 9
MM, 15, 22, 10
MM, 21, 22, 10
MM, 27, 22, 10
MM, 31, 22, 11
MM, 652, 619, 10
MM, 656, 617, 10
MM, 1, 20, 10
MM, 3, 20, 10
MM, 4, 20, 10
MM, 5, 20, 10
MM, 7, 20, 11
MM, 8, 20, 20
MM, 9, 20, 10
MM, 10, 20, 20
MM, 11, 20, 10
MM, 12, 20, 21
MM, 13, 20, 20
MM, 15, 20, 31
MC, 1, 192
MM, 13, 20, 30
MM, 12, 19, 11
MM, 11, 18, 10
MM, 8, 16, 30
MM, 4, 13, 10
MM, 657, 605, 10
MM, 653, 602, 12
MM, 30, 2, 9
MM, 645, 596, 10
MM, 643, 595, 11
MM, 642, 594, 10
MM, 639, 592, 10
MM, 638, 592, 10
MM, 638, 591, 10
MM, 637, 591, 10
MM, 26, 30, 11
MM, 25, 30, 30
MM, 25, 29, 10
MM, 23, 28, 31
MM, 23, 27, 30
MM, 22, 27, 10
MM, 22, 26, 10
MM, 21, 26, 10
MM, 20, 24, 31
MM, 20, 23, 9
MM, 19, 22, 11
MC, 1, 162
MM, 15, 22, 71
MM, 11, 22, 10
MM, 5, 22, 11
MM, 608, 582, 9
MM, 30, 22, 11
MM, 18, 20, 10
MM, 5, 18, 9
MM, 564, 578, 11
MM, 22, 18, 10
MM, 11, 18, 10
MM, 3, 18, 10
MM, 29, 18, 10
MM, 21, 18, 10
MM, 12, 18, 10
MM, 4, 18, 10
MM, 0, 18, 11
MM, 490, 578, 10
MM, 29, 18, 12
MM, 25, 18, 9
MM, 23, 18, 10
MM, 18, 18, 9
MM, 14, 19, 10
MM, 8, 19, 11
MM, 4, 19, 10
MM, 455, 579, 10
MM, 453, 579, 10
MM, 452, 579, 11
MM, 451, 579, 9
MM, 34, 19, 11
MM, 33, 19, 10
MM, 31, 19, 30
MM, 28, 19, 10
MM, 27, 19, 11
MM, 25, 19, 9
MM, 22, 19, 11
MM, 20, 19, 10
MM, 18, 19, 10
MM, 16, 19, 10
MM, 13, 18, 10
MM, 11, 18, 10
MM, 10, 18, 10
MC, 1, 193
MM, 9, 19, 143
MM, 7, 21, 10
MM, 4, 24, 10
MM, 0, 27, 10
MM, 412, 588, 10
MM, 409, 591, 10
MM, 407, 593, 10
MM, 405, 595, 10
MM, 404, 595, 10
MM, 403, 596, 11
MM, 22, 1, 10
MM, 22, 2, 10
MM, 21, 3, 30
MM, 20, 4, 20
MM, 18, 5, 10
MM, 17, 6, 11
MM, 15, 7, 10
MM, 15, 9, 10
MM, 14, 10, 10
MM, 12, 10, 11
MM, 12, 11, 20
MM, 11, 11, 10
MC, 1, 131
MM, 11, 12, 91
MM, 14, 15, 10
MM, 20, 18, 11
MM, 25, 21, 10
MM, 31, 24, 10
MM, 418, 626, 10
MM, 425, 629, 10
MM, 431, 633, 10
MM, 27, 2, 11
MM, 31, 5, 9
MM, 443, 642, 11
MM, 446, 643, 10
MM, 0, 13, 10
MM, 3, 16, 10
MM, 7, 19, 11
MM, 9, 22, 10
MM, 11, 23, 10
MM, 13, 25, 9
MM, 14, 27, 10
MM, 15, 28, 11
MM, 16, 29, 11
MM, 17, 30, 10
MM, 466, 666, 10
MM, 467, 668, 10
MM, 469, 669, 11
MM, 470, 670, 10
MM, 71, 0, 10
MM, 72, 2, 10
MM, 72, 3, 10
MM, 73, 4, 10
MM, 74, 5, 10
MM, 75, 6, 10
MM, 77, 7, 11
MM, 78, 10, 9
MM, 79, 11, 11
MM, 79, 12, 10
MM, 81, 13, 10
MM, 83, 14, 10
MM, 84, 16, 11
MM, 85, 17, 9
MM, 86, 18, 10
MM, 87, 19, 11
MM, 88, 20, 20
MM, 89, 21, 30
MM, 91, 21, 41
MC, 1, 172
MM, 91, 20, 182
MM, 91, 19, 21
MM, 91, 16, 9
MM, 92, 10, 10
MM, 494, 670, 11
MM, 6, 28, 10
MM, 8, 22, 10
MM, 9, 17, 10
MM, 9, 13, 11
MM, 10, 10, 10
MM, 12, 8, 9
MM, 12, 3, 11
MM, 501, 633, 11
MM, 4, 28, 9
MM, 6, 16, 10
MM, 9, 7, 11
MM, 510, 596, 9
MM, 18, 30, 10
MM, 20, 27, 11
MM, 20, 22, 10
MM, 22, 20, 10
MM, 22, 19, 10
MM, 23, 17, 20
MM, 23, 16, 10
MM, 23, 15, 21
MM, 23, 14, 30
MM, 23, 13, 41
MM, 24, 12, 22
MM, 24, 11, 8
MM, 24, 9, 11
MM, 24, 8, 9
MM, 24, 7, 11
MC, 1, 264
MM, 25, 9, 51
MM, 28, 12, 10
MM, 529, 576, 10
MM, 2, 21, 10
MM, 9, 26, 10
MM, 10, 26, 40
MM, 12, 27, 10
MM, 14, 29, 11
MM, 15, 30, 10
MM, 16, 30, 10
MM, 549, 591, 10
MM, 550, 591, 10
MM, 551, 592, 10
MM, 552, 593, 20
MM, 553, 593, 21
MM, 553, 594, 20
MM, 554, 594, 20
MM, 555, 594, 41
MM, 555, 596, 91
MM, 17, 0, 41
MM, 17, 1, 10
MM, 17, 2, 10
MM, 18, 2, 10
MM, 18, 3, 10
MC, 1, 244
MM, 16, 3, 91
MM, 10, 3, 10
MM, 2, 3, 11
MM, 534, 600, 9
MM, 24, 2, 11
MM, 10, 2, 10
MM, 28, 0, 10
MM, 5, 0, 10
MM, 30, 0, 10
MM, 11, 0, 10
MM, 33, 0, 10
MM, 20, 0, 10
MM, 6, 0, 11
MM, 376, 597, 10
MM, 28, 0, 10
MM, 22, 0, 10
MM, 20, 0, 10
MM, 15, 0, 10
MM, 13, 0, 11
MM, 12, 0, 10
MM, 9, 0, 10
MM, 347, 596, 10
MM, 346, 596, 20
MM, 345, 596, 20
MM, 344, 596, 21
MM, 343, 596, 20
MM, 342, 596, 31
MM, 343, 596, 182
MM, 6, 0, 10
MM, 7, 2, 10
MM, 9, 3, 11
MM, 10, 3, 9
MM, 11, 4, 10
MM, 12, 4, 20
MM, 13, 4, 31
MC, 1, 244
MM, 16, 4, 90
MM, 20, 4, 11
MM, 24, 4, 9
MM, 30, 4, 10
MM, 375, 601, 11
MM, 1, 4, 10
MM, 7, 4, 10
MM, 11, 4, 10
MM, 16, 3, 10
MM, 20, 3, 11
MM, 24, 2, 9
MM, 30, 2, 11
MM, 415, 597, 10
MM, 423, 596, 10
MM, 429, 596, 10
MM, 435, 594, 11
MM, 439, 594, 9
MM, 444, 594, 10
MM, 448, 593, 11
MM, 451, 593, 10
MM, 452, 593, 10
MM, 454, 592, 10
MM, 455, 592, 12
MM, 458, 592, 8
MM, 6, 30, 11
MM, 9, 30, 9
MM, 11, 29, 10
MM, 14, 27, 11
MM, 17, 26, 10
MM, 18, 26, 10
MM, 19, 26, 10
MM, 20, 25, 12
MM, 21, 25, 19
MM, 23, 25, 51
MM, 23, 24, 10
MM, 24, 24, 11
MM, 25, 23, 9
MM, 26, 23, 11
MM, 29, 21, 10
MM, 31, 21, 10
MM, 490, 580, 10
MM, 491, 580, 10
MM, 492, 580, 10
MM, 493, 579, 11
MM, 0, 19, 9
MM, 1, 19, 11
MM, 3, 18, 10
MM, 4, 18, 10
MM, 5, 18, 10
MM, 5, 16, 11
MM, 7, 16, 9
MM, 7, 15, 10
MM, 8, 15, 10
MM, 10, 15, 11
MM, 11, 14, 10
MM, 12, 14, 30
MC, 1, 193
MM, 12, 17, 51
MM, 12, 18, 10
MM, 12, 19, 40
MM, 12, 22, 10
MM, 10, 24, 10
MM, 9, 27, 11
MM, 500, 593, 9
MM, 496, 602, 10
MM, 30, 19, 11
MM, 490, 628, 11
MM, 487, 634, 9
MM, 484, 641, 10
MM, 482, 644, 10
MM, 32, 14, 11
MM, 32, 17, 10
MM, 31, 18, 9
MM, 29, 20, 11
MM, 28, 21, 10
MM, 28, 24, 10
MM, 27, 25, 10
MM, 26, 27, 11
MM, 26, 29, 10
MM, 474, 665, 9
MM, 474, 666, 11
MM, 472, 667, 10
MM, 471, 668, 10
MM, 471, 670, 10
MM, 71, 0, 20
MM, 70, 0, 20
MM, 70, 1, 11
MM, 70, 2, 10
MM, 69, 2, 20
MM, 69, 3, 20
MM, 69, 4, 31
MC, 1, 285
MM, 69, 3, 90
MM, 69, 2, 11
MM, 469, 670, 10
MM, 469, 666, 10
MM, 20, 26, 10
MM, 21, 22, 10
MM, 21, 16, 10
MM, 22, 10, 11
MM, 24, 4, 9
MM, 476, 628, 11
MM, 16, 25, 10
MM, 19, 16, 10
MM, 21, 12, 10
MM, 22, 7, 10
MM, 24, 5, 10
MM, 24, 4, 10
MM, 25, 1, 11
MM, 26, 0, 10
MM, 488, 596, 10
MM, 489, 593, 10
MM, 491, 591, 10
MM, 491, 588, 10
MM, 492, 584, 10
MM, 493, 581, 10
MM, 1, 17, 10
MM, 2, 14, 11
MM, 2, 11, 10
MM, 3, 10, 10
MM, 5, 9, 10
MM, 5, 8, 10
MM, 6, 7, 11
MM, 6, 6, 9
MM, 7, 4, 10
MM, 7, 3, 12
MM, 8, 3, 9
MM, 8, 2, 10
MM, 9, 2, 11
MM, 10, 1, 10
MM, 11, 1, 19
MM, 11, 0, 11
MM, 13, 0, 20
MC, 1, 152
MM, 12, 0, 96
MM, 11, 1, 15
MM, 10, 2, 10
MM, 9, 3, 10
MM, 8, 5, 11
MM, 7, 6, 10
MM, 6, 7, 10
MM, 4, 8, 10
MM, 3, 9, 10
MM, 1, 10, 11
MM, 0, 11, 9
MM, 493, 573, 10
MM, 491, 574, 11
MM, 490, 574, 10
MM, 488, 575, 10
MM, 31, 15, 10
MM, 28, 16, 10
MM, 27, 16, 10
MM, 26, 17, 10
MM, 23, 17, 11
MM, 22, 17, 10
MM, 21, 17, 10
MM, 20, 19, 10
MM, 19, 19, 20
MM, 18, 20, 10
MM, 17, 20, 21
MM, 15, 20, 21
MM, 14, 20, 20
MM, 13, 20, 20
MM, 12, 20, 21
MC, 1, 152
MM, 11, 20, 81
MM, 9, 20, 10
MM, 4, 20, 10
MM, 0, 20, 10
MM, 453, 580, 10
MM, 34, 20, 10
MM, 32, 20, 10
MM, 27, 20, 11
MM, 23, 21, 10
MM, 17, 21, 10
MM, 13, 23, 10
MM, 8, 23, 10
MM, 4, 23, 10
MM, 1, 24, 10
MM, 414, 584, 11
MM, 411, 584, 9
MM, 36, 25, 10
MM, 34, 25, 11
MM, 33, 25, 10
MM, 32, 26, 10
MM, 29, 26, 10
MM, 28, 26, 10
MM, 27, 26, 10
MM, 26, 28, 11
MM, 25, 28, 10
MM, 23, 28, 10
MM, 22, 29, 10
MM, 21, 29, 10
MM, 20, 29, 10
MM, 19, 29, 10
MM, 18, 30, 11
MM, 17, 30, 9
MM, 386, 591, 10
MM, 385, 591, 14
MM, 382, 592, 7
MM, 380, 594, 10
MM, 377, 595, 10
MM, 374, 596, 11
MM, 33, 1, 9
MM, 31, 2, 10
MM, 29, 3, 11
MM, 28, 3, 10
MM, 28, 4, 10
MM, 27, 4, 10
MM, 26, 6, 10
MM, 24, 7, 20
MM, 24, 8, 11
MM, 23, 8, 10
MM, 23, 9, 10
MM, 22, 9, 10
MM, 22, 10, 20
MM, 21, 10, 10
MM, 20, 10, 41
MC, 1, 142
MM, 21, 10, 71
MM, 26, 12, 10
MM, 32, 15, 11
MM, 374, 612, 29
MM, 376, 612, 11
MM, 379, 612, 10
MM, 1, 16, 10
MM, 4, 17, 10
MM, 7, 17, 11
MM, 9, 19, 10
MM, 12, 19, 10
MM, 15, 20, 10
MM, 17, 20, 10
MM, 20, 22, 11
MM, 23, 22, 10
MM, 25, 22, 10
MM, 28, 23, 10
MM, 29, 23, 10
MM, 31, 23, 10
MM, 33, 23, 10
MM, 34, 24, 10
MM, 416, 621, 11
MM, 417, 621, 10
MM, 418, 621, 10
MM, 420, 622, 10
MM, 0, 25, 10
MM, 1, 25, 20
MM, 2, 25, 21
MM, 3, 26, 11
MM, 4, 26, 19
MM, 7, 28, 11
MM, 8, 28, 9
MM, 10, 29, 10
MM, 13, 29, 11
MM, 14, 29, 10
MM, 15, 29, 10
MM, 16, 30, 10
MM, 17, 30, 10
MM, 19, 30, 10
MM, 441, 628, 10
MM, 442, 628, 11
MM, 443, 628, 19
MM, 444, 629, 11
MM, 445, 629, 20
MM, 446, 629, 21
MM, 446, 630, 9
MM, 448, 630, 11
MM, 449, 632, 21
MM, 450, 633, 19
MM, 451, 633, 10
MM, 3, 0, 10
MM, 4, 1, 10
MM, 4, 2, 11
MM, 5, 3, 10
MM, 7, 4, 10
MM, 8, 4, 10
MM, 8, 5, 10
MM, 9, 7, 11
MM, 10, 8, 19
MM, 11, 8, 21
MM, 11, 9, 10
MM, 12, 9, 20
MM, 12, 10, 11
MM, 13, 10, 40
MC, 1, 152
MM, 12, 9, 91
MM, 11, 8, 10
MM, 10, 6, 11
MM, 7, 4, 9
MM, 6, 3, 10
MM, 5, 2, 10
MM, 2, 0, 11
MM, 450, 632, 10
MM, 447, 630, 10
MM, 446, 629, 10
MM, 23, 30, 11
MM, 21, 27, 9
MM, 19, 26, 10
MM, 17, 23, 11
MM, 14, 20, 10
MM, 13, 16, 10
MM, 12, 13, 10
MM, 10, 10, 10
MM, 10, 8, 10
MM, 9, 5, 10
MM, 9, 2, 11
MM, 9, 0, 10
MM, 429, 596, 10
MM, 429, 593, 10
MM, 429, 592, 10
MM, 429, 591, 10
MM, 14, 28, 10
MM, 14, 27, 10
MM, 14, 26, 10
MM, 14, 25, 11
MM, 14, 24, 10
MM, 14, 23, 20
MM, 14, 22, 11
MM, 14, 20, 20
MM, 14, 19, 20
MM, 14, 18, 10
MM, 14, 17, 31
MC, 1, 264
MM, 15, 17, 30
MM, 21, 17, 31
MM, 32, 20, 9
MM, 9, 22, 11
MM, 24, 26, 10
MM, 493, 588, 10
MM, 13, 30, 10
MM, 526, 594, 11
MM, 545, 596, 9
MM, 561, 596, 10
MM, 575, 596, 11
MM, 583, 596, 10
MM, 589, 596, 10
MM, 595, 596, 10
MM, 601, 596, 11
MM, 603, 596, 10
MM, 28, 0, 9
MM, 615, 597, 10
MM, 4, 2, 11
MM, 10, 2, 9
MM, 16, 4, 11
MM, 20, 4, 10
MM, 24, 4, 10
MM, 29, 5, 10
MM, 31, 5, 11
MM, 652, 602, 9
MM, 654, 603, 10
MM, 656, 603, 11
MM, 657, 604, 10
MM, 0, 7, 20
MM, 1, 7, 10
MM, 2, 9, 10
MM, 3, 9, 10
MM, 6, 9, 21
MM, 7, 9, 21
MM, 8, 10, 9
MM, 9, 10, 11
MM, 10, 10, 10
MM, 10, 11, 10
MM, 11, 11, 10
MM, 13, 11, 40
MM, 14, 11, 20
MM, 14, 12, 10
MM, 15, 12, 21
MM, 15, 13, 30
MM, 16, 13, 31
MC, 1, 182
MM, 15, 13, 81
MM, 12, 13, 10
MM, 8, 13, 10
MM, 3, 13, 11
MM, 657, 610, 9
MM, 33, 15, 10
MM, 24, 16, 11
MM, 13, 20, 11
MM, 1, 24, 9
MM, 613, 624, 10
MM, 604, 628, 10
MM, 592, 630, 11
MM, 13, 0, 9
MM, 5, 1, 12
MM, 566, 639, 10
MM, 31, 6, 10
MM, 24, 8, 10
MM, 22, 8, 11
MM, 19, 9, 9
MM, 16, 11, 10
MM, 14, 12, 11
MM, 11, 13, 10
MM, 10, 15, 9
MM, 7, 16, 11
MM, 6, 19, 10
MM, 3, 20, 10
MM, 0, 21, 10
MM, 528, 656, 10
MM, 527, 656, 10
MM, 526, 658, 10
MM, 525, 659, 11
MM, 524, 659, 10
MM, 524, 660, 10
MM, 523, 661, 11
MM, 33, 28, 9
MM, 32, 29, 10
MM, 31, 30, 11
MM, 518, 666, 10
MM, 517, 667, 10
MM, 516, 668, 10
MM, 515, 669, 10
MM, 513, 670, 21
MM, 112, 0, 9
MM, 111, 1, 11
MM, 110, 3, 10
MM, 109, 4, 10
MM, 108, 5, 10
MM, 107, 6, 10
MM, 105, 7, 21
MM, 104, 8, 20
MM, 103, 9, 10
MM, 102, 10, 10
MM, 102, 12, 10
MM, 101, 12, 10
MM, 101, 13, 10
MM, 100, 13, 10
MM, 100, 14, 31
MM, 99, 14, 20
MC, 1, 152
MM, 100, 12, 142
MM, 105, 9, 10
MM, 113, 2, 10
MM, 523, 666, 11
MM, 4, 24, 10
MM, 16, 14, 10
MM, 25, 8, 10
MM, 571, 631, 10
MM, 5, 26, 10
MM, 19, 18, 10
MM, 29, 12, 10
MM, 616, 606, 10
MM, 5, 6, 10
MM, 10, 1, 11
MM, 14, 0, 10
MM, 637, 594, 10
MM, 641, 591, 10
MM, 646, 588, 12
MM, 2, 23, 9
MM, 9, 18, 10
MM, 14, 15, 10
MM, 18, 10, 11
MM, 23, 7, 10
MM, 27, 4, 10
MM, 30, 0, 10
MM, 683, 557, 10
MM, 685, 555, 10
MM, 686, 554, 10
MM, 27, 30, 10
MM, 27, 29, 10
MM, 28, 29, 11
MM, 28, 28, 10
MM, 29, 28, 10
MM, 29, 27, 10
MM, 30, 27, 10
MM, 30, 25, 10
MM, 31, 25, 10
MM, 31, 24, 21
MM, 32, 24, 10
MM, 32, 23, 20
MM, 30, 23, 132
MM, 27, 24, 10
MM, 24, 25, 10
MM, 23, 26, 11
MM, 22, 27, 10
MM, 21, 27, 9
MM, 20, 28, 10
MM, 19, 28, 21
MM, 19, 29, 10
MM, 17, 29, 20
MM, 678, 554, 20
MM, 677, 555, 21
MM, 676, 556, 10
MM, 675, 557, 10
MM, 675, 558, 10
MM, 674, 559, 10
MM, 26, 0, 10
MM, 25, 0, 10
MM, 25, 2, 10
MM, 24, 2, 20
MM, 24, 3, 21
MM, 24, 4, 30
MM, 22, 4, 41
MC, 1, 254
MM, 18, 8, 142
MM, 12, 11, 10
MM, 0, 17, 10
MM, 25, 25, 10
MM, 624, 591, 10
MM, 612, 597, 10
MM, 20, 4, 11
MM, 6, 10, 10
MM, 575, 609, 10
MM, 24, 16, 10
MM, 12, 19, 10
MM, 6, 21, 10
MM, 0, 21, 10
MM, 537, 619, 10
MM, 535, 621, 10
MM, 31, 24, 11
MM, 30, 25, 10
MM, 29, 25, 10
MM, 28, 25, 10
MM, 27, 26, 10
MM, 24, 27, 10
MM, 23, 27, 10
MM, 21, 28, 11
MM, 18, 30, 10
MM, 514, 628, 10
MM, 510, 630, 11
MM, 505, 631, 10
MM, 501, 633, 9
MM, 499, 633, 10
MM, 496, 633, 10
MM, 5, 0, 11
MM, 3, 0, 10
MM, 2, 0, 10
MM, 0, 0, 10
MM, 487, 634, 10
MM, 486, 634, 10
MM, 485, 634, 11
MM, 484, 634, 19
MM, 483, 634, 31
MM, 482, 634, 31
MM, 31, 0, 40
MM, 30, 0, 20
MM, 29, 0, 10
MM, 28, 1, 21
MM, 27, 1, 10
MM, 26, 1, 20
MM, 25, 2, 20
MM, 23, 3, 21
MM, 22, 3, 20
MM, 22, 5, 10
MM, 21, 5, 10
MM, 20, 6, 51
MM, 19, 7, 51
MC, 1, 172
MM, 19, 5, 20
MM, 19, 4, 10
MM, 19, 3, 10
MM, 18, 2, 10
MM, 18, 1, 40
MM, 18, 0, 11
MM, 466, 633, 10
MM, 465, 631, 10
MM, 463, 630, 10
MM, 463, 629, 10
MM, 462, 628, 10
MM, 461, 627, 12
MM, 461, 626, 10
MM, 460, 625, 10
MM, 459, 622, 10
MM, 457, 619, 10
MM, 457, 618, 10
MM, 456, 616, 10
MM, 456, 615, 10
MM, 34, 15, 11
MM, 34, 14, 10
MM, 33, 11, 10
MM, 33, 10, 10
MM, 31, 9, 10
MM, 31, 8, 10
MM, 30, 7, 10
MM, 30, 6, 10
MM, 30, 5, 11
MM, 29, 5, 10
MM, 29, 3, 10
MM, 28, 3, 10
MM, 28, 2, 10
MM, 27, 1, 10
MM, 26, 0, 21
MM, 447, 596, 10
MM, 446, 596, 10
MM, 446, 595, 10
MM, 444, 594, 20
MM, 444, 593, 20
MM, 443, 593, 10
MM, 443, 591, 11
MM, 27, 30, 10
MM, 27, 29, 10
MM, 26, 29, 10
MM, 26, 28, 10
MM, 25, 27, 11
MC, 1, 252
MM, 28, 27, 102
MM, 30, 27, 10
MM, 450, 585, 10
MM, 452, 584, 10
MM, 455, 584, 10
MM, 2, 23, 10
MM, 3, 23, 10
MM, 4, 21, 10
MM, 5, 21, 10
MM, 6, 21, 11
MM, 7, 20, 10
MM, 9, 20, 10
MC, 1, 326
MM, 9, 22, 123
MM, 9, 24, 8
MM, 9, 29, 10
MM, 465, 593, 10
MM, 465, 595, 10
MM, 3, 4, 11
MM, 3, 9, 10
MM, 3, 15, 10
MM, 4, 19, 10
MM, 4, 23, 10
MM, 4, 26, 10
MM, 4, 27, 10
MM, 5, 30, 11
MM, 467, 629, 9
MM, 467, 630, 10
MM, 467, 633, 11
MM, 19, 0, 10
MM, 19, 1, 10
MM, 19, 3, 10
MM, 19, 4, 10
MM, 19, 7, 11
MM, 21, 8, 10
MM, 21, 10, 9
MM, 21, 12, 11
MM, 22, 14, 10
MM, 22, 17, 10
MM, 23, 21, 10
MM, 23, 24, 10
MM, 24, 25, 11
MM, 24, 27, 10
MM, 26, 30, 9
MM, 475, 665, 11
MM, 475, 667, 10
MM, 475, 669, 10
MM, 476, 670, 10
MM, 76, 0, 21
MM, 76, 1, 30
MM, 76, 2, 31
MM, 76, 3, 19
MM, 77, 4, 11
MM, 77, 6, 10
MM, 77, 7, 20
MM, 78, 8, 10
MM, 78, 9, 11
MM, 78, 10, 19
MM, 79, 11, 10
MM, 79, 12, 21
MM, 79, 14, 30
MC, 1, 183
MM, 79, 12, 121
MM, 78, 8, 10
MM, 75, 3, 10
MM, 470, 668, 11
MM, 15, 24, 10
MM, 12, 18, 10
MM, 8, 11, 10
MM, 7, 2, 10
MM, 31, 30, 10
MM, 30, 24, 11
MM, 30, 16, 9
MM, 30, 10, 10
MM, 28, 4, 11
MM, 449, 596, 10
MM, 449, 592, 10
MM, 449, 591, 11
MM, 34, 29, 9
MM, 34, 26, 11
MM, 34, 24, 9
MM, 34, 22, 11
MM, 34, 20, 11
MM, 34, 19, 10
MM, 34, 18, 11
MM, 34, 17, 20
MM, 34, 15, 30
MM, 33, 14, 20
MM, 33, 13, 10
MM, 33, 12, 10
MM, 32, 10, 10
MM, 30, 7, 11
MM, 29, 4, 9
MM, 29, 1, 11
MM, 28, 0, 10
MM, 442, 556, 10
MM, 442, 554, 10
MM, 26, 28, 10
MM, 26, 26, 10
MM, 26, 24, 172
MM, 33, 26, 334
MM, 458, 555, 11
MM, 12, 1, 10
MM, 23, 5, 10
MM, 491, 571, 10
MM, 14, 17, 10
MM, 28, 23, 11
MM, 3, 27, 9
MM, 543, 591, 10
MM, 552, 594, 11
MM, 558, 596, 10
MM, 24, 2, 10
MM, 31, 7, 10
MM, 576, 609, 10
MM, 4, 15, 11
MM, 9, 20, 10
MM, 15, 23, 10
MM, 20, 28, 10
MM, 608, 628, 10
MM, 612, 631, 10
MM, 2, 0, 10
MM, 6, 3, 10
MM, 9, 5, 10
MM, 10, 7, 10
MM, 11, 7, 11
MM, 12, 9, 10
MM, 14, 10, 10
MM, 15, 10, 10
MM, 16, 11, 11
MM, 17, 11, 9
MM, 18, 12, 10
MM, 19, 13, 10
MM, 20, 13, 11
MM, 21, 14, 20
MM, 23, 15, 31
MM, 24, 16, 41
MM, 24, 18, 40
MM, 25, 18, 11
MC, 1, 284
MM, 25, 15, 111
MM, 28, 4, 10
MM, 647, 629, 10
MM, 655, 617, 10
MM, 5, 8, 10
MM, 671, 596, 10
MM, 28, 26, 10
MM, 683, 581, 11
MM, 686, 576, 10
MM, 2, 12, 10
MM, 5, 9, 10
MM, 7, 8, 10
MM, 9, 5, 10
MM, 12, 2, 10
MM, 704, 559, 10
MM, 705, 558, 11
MM, 707, 557, 10
MM, 709, 554, 10
MM, 8, 30, 10
MM, 9, 29, 11
MM, 11, 28, 9
MM, 12, 26, 10
MM, 14, 25, 10
MM, 16, 24, 11
MM, 17, 23, 9
MM, 18, 22, 11
MM, 20, 22, 10
MM, 22, 21, 30
MM, 23, 19, 11
MM, 24, 18, 9
MM, 25, 17, 10
MM, 27, 16, 11
MC, 1, 385
MC, 1, 305
MC, 1, 304
MM, 24, 18, 60
MM, 21, 20, 11
MM, 18, 23, 10
MM, 11, 28, 30
MM, 706, 559, 10
MM, 5, 7, 10
MM, 31, 17, 10
MM, 22, 25, 11
MM, 12, 30, 9
MM, 656, 595, 10
MM, 33, 3, 10
MM, 26, 10, 11
MM, 19, 15, 10
MM, 14, 20, 10
MM, 7, 25, 10
MM, 3, 30, 10
MM, 614, 632, 10
MM, 609, 635, 10
MM, 33, 6, 10
MM, 26, 9, 11
MM, 22, 12, 10
MM, 17, 15, 10
MM, 14, 16, 11
MM, 10, 18, 9
MM, 7, 21, 10
MM, 4, 22, 11
MM, 2, 23, 10
MM, 569, 659, 10
MM, 566, 660, 11
MM, 564, 661, 9
MM, 32, 29, 10
MM, 27, 30, 11
MM, 554, 666, 10
MM, 551, 667, 10
MM, 547, 668, 10
MM, 545, 670, 10
MM, 143, 0, 10
MM, 142, 0, 10
MM, 141, 0, 10
MM, 139, 1, 10
MM, 138, 1, 11
MM, 137, 1, 30
MM, 136, 2, 11
MM, 135, 3, 19
MM, 134, 4, 11
MM, 133, 4, 9
MM, 132, 6, 21
MM, 130, 6, 31
MM, 130, 7, 10
MM, 129, 7, 10
MM, 129, 8, 21
MC, 1, 162
MM, 131, 8, 91
MM, 135, 6, 10
MM, 141, 5, 10
MM, 144, 3, 10
MM, 147, 2, 10
MM, 149, 1, 10
MM, 152, 1, 10
MM, 555, 670, 11
MM, 556, 670, 10
MM, 557, 669, 10
MM, 558, 669, 10
MM, 559, 669, 10
MM, 560, 668, 10
MM, 562, 668, 21
MM, 563, 667, 10
MM, 564, 667, 10
MM, 565, 667, 10
MM, 567, 666, 10
MM, 569, 664, 11
MM, 0, 30, 9
MM, 1, 29, 10
MM, 2, 29, 10
MM, 3, 28, 31
MM, 4, 28, 20
MM, 4, 27, 11
MM, 5, 27, 10
MM, 7, 26, 10
MM, 8, 26, 10
MM, 9, 25, 10
MM, 10, 25, 10
MM, 10, 24, 11
MM, 11, 24, 9
MM, 12, 22, 21
MM, 13, 21, 20
MM, 14, 21, 10
MM, 14, 20, 11
MM, 16, 20, 9
MM, 16, 19, 10
MM, 17, 19, 21
MC, 1, 142
MM, 17, 18, 40
MM, 18, 15, 11
MM, 19, 13, 10
MM, 22, 10, 30
MM, 25, 5, 10
MM, 28, 1, 10
MM, 601, 628, 10
MM, 23, 27, 10
MM, 25, 23, 10
MM, 26, 18, 12
MM, 29, 15, 9
MM, 612, 610, 10
MM, 612, 608, 11
MM, 613, 607, 10
MM, 613, 606, 10
MM, 613, 605, 11
MM, 613, 604, 242
MM, 613, 603, 10
MM, 614, 602, 11
MM, 614, 601, 10
MM, 615, 599, 10
MM, 615, 598, 10
MM, 615, 596, 101
MM, 616, 595, 11
MM, 617, 594, 13
MM, 617, 592, 432
MM, 618, 591, 20
MM, 9, 30, 20
MM, 9, 29, 11
MM, 10, 28, 9
MM, 11, 27, 21
MM, 11, 26, 10
MM, 12, 24, 10
MM, 13, 23, 21
MM, 14, 22, 10
MM, 15, 21, 10
MM, 15, 20, 10
MM, 16, 20, 10
MM, 16, 19, 10
MM, 18, 19, 21
MM, 18, 18, 10
MM, 19, 18, 30
MM, 19, 16, 10
MM, 20, 16, 31
MM, 21, 16, 51
MC, 1, 162
MM, 22, 16, 112
MM, 23, 17, 10
MM, 24, 17, 10
MM, 26, 18, 10
MM, 28, 18, 10
MM, 642, 579, 10
MM, 643, 579, 11
MM, 645, 580, 10
MM, 0, 22, 10
MM, 3, 23, 11
MM, 6, 24, 9
MM, 8, 24, 10
MM, 9, 26, 10
MM, 12, 27, 11
MM, 13, 28, 9
MM, 14, 29, 21
MM, 15, 29, 10
MM, 16, 29, 20
MM, 16, 30, 10
MM, 665, 591, 21
MM, 667, 594, 20
MM, 668, 595, 10
MM, 669, 596, 10
MM, 11, 0, 10
MM, 12, 1, 11
MM, 12, 3, 20
MM, 13, 4, 10
MM, 13, 5, 30
MM, 14, 5, 10
MM, 14, 6, 20
MM, 14, 7, 51
MC, 1, 334
MM, 13, 7, 41
MM, 4, 4, 30
MM, 30, 0, 10
MM, 18, 30, 10
MM, 605, 583, 10
MM, 16, 19, 11
MM, 2, 17, 10
MM, 25, 17, 10
MM, 6, 15, 10
MM, 26, 13, 10
MM, 10, 11, 11
MM, 1, 9, 9
MM, 489, 568, 11
MM, 31, 8, 10
MM, 28, 8, 10
MM, 26, 8, 10
MM, 24, 8, 10
MM, 23, 8, 10
MM, 22, 8, 10
MM, 21, 8, 11
MM, 20, 8, 9
MM, 19, 8, 11
MM, 18, 8, 10
MM, 15, 8, 11
MM, 14, 7, 10
MM, 12, 7, 10
MM, 11, 7, 10
MM, 9, 7, 10
MM, 8, 5, 10
MM, 7, 5, 11
MM, 6, 5, 10
MM, 5, 4, 20
MM, 4, 4, 10
MM, 3, 4, 10
MM, 1, 4, 10
MM, 455, 564, 10
MM, 452, 564, 10
MM, 451, 563, 10
MM, 34, 3, 11
MM, 33, 3, 11
MM, 30, 3, 9
MM, 29, 2, 10
MM, 28, 2, 11
MM, 27, 2, 10
MM, 26, 2, 9
MM, 25, 2, 21
MM, 24, 2, 30
MM, 22, 2, 31
MM, 21, 2, 60
MM, 20, 5, 31
MM, 20, 6, 10
MM, 19, 6, 10
MM, 19, 7, 10
MM, 19, 8, 10
MM, 18, 9, 20
MM, 18, 10, 41
MM, 17, 10, 61
MC, 1, 202
MM, 17, 11, 152
MM, 14, 14, 10
MM, 13, 17, 11
MM, 10, 20, 10
MM, 7, 22, 10
MM, 4, 27, 10
MM, 416, 591, 10
MM, 413, 596, 10
MM, 30, 2, 14
MM, 29, 5, 7
MM, 26, 7, 10
MM, 26, 10, 10
MM, 25, 11, 10
MM, 24, 12, 10
MM, 24, 13, 10
MM, 23, 14, 10
MM, 23, 16, 10
MM, 21, 17, 11
MM, 21, 18, 11
MM, 20, 18, 20
MM, 20, 19, 11
MM, 19, 19, 30
MM, 19, 20, 10
MM, 18, 20, 50
MC, 1, 193
MM, 19, 20, 81
MM, 24, 20, 10
MM, 32, 20, 10
MM, 1, 20, 10
MM, 16, 24, 10
MM, 30, 28, 10
MM, 21, 0, 11
MM, 4, 9, 10
MM, 29, 18, 10
MM, 7, 26, 10
MM, 24, 30, 10
MM, 572, 669, 10
MM, 588, 671, 10
MM, 604, 671, 10
MM, 618, 673, 10
MM, 629, 675, 11
MM, 638, 676, 10
MM, 644, 678, 10
MM, 650, 679, 10
MM, 655, 679, 10
MM, 659, 681, 11
MM, 663, 681, 10
MM, 668, 682, 9
MM, 670, 682, 11
MM, 676, 682, 10
MM, 680, 682, 10
MM, 683, 682, 10
MM, 687, 682, 10
MM, 692, 682, 10
MM, 696, 684, 10
MM, 699, 684, 11
MM, 701, 684, 10
MM, 702, 684, 10
MM, 705, 684, 10
MM, 706, 684, 20
MM, 707, 684, 10
MM, 707, 681, 102
MM, 705, 677, 10
MM, 702, 674, 10
MM, 699, 669, 10
MM, 695, 666, 11
MM, 692, 664, 9
MM, 691, 661, 11
MM, 688, 658, 10
MM, 685, 655, 10
MM, 684, 654, 10
MM, 683, 652, 10
MM, 28, 18, 10
MM, 28, 16, 11
MM, 27, 15, 9
MM, 26, 15, 11
MM, 26, 14, 10
MM, 25, 14, 11
MM, 23, 13, 20
MM, 22, 13, 20
MM, 22, 12, 20
MM, 21, 12, 31
MC, 1, 243
MM, 19, 8, 101
MM, 667, 631, 10
MM, 5, 15, 10
MM, 658, 591, 10
MM, 6, 14, 11
MM, 30, 29, 10
MM, 28, 10, 10
MM, 644, 517, 10
MM, 640, 505, 10
MM, 389, 82, 10
MM, 387, 73, 10
MM, 386, 67, 11
MM, 386, 61, 10
MM, 386, 55, 10
MM, 386, 47, 10
MM, 386, 39, 10
MM, 386, 26, 10
MM, 386, 9, 11
MM, 637, 408, 9
MM, 637, 398, 10
MM, 637, 389, 10
MM, 637, 385, 11
MM, 637, 384, 10
MM, 637, 382, 10
MM, 637, 380, 274
MM, 637, 379, 10
MM, 637, 375, 10
MM, 637, 371, 10
MM, 386, 81, 10
MM, 386, 75, 10
MM, 384, 70, 10
MM, 384, 66, 11
MM, 384, 64, 10
MM, 384, 61, 11
MM, 384, 60, 10
MM, 384, 59, 10
MM, 384, 58, 10
MM, 384, 57, 20
MM, 384, 55, 21
MM, 384, 54, 10
MM, 383, 53, 20
MM, 383, 52, 32
MM, 382, 52, 313
MC, 1, 161
MM, 385, 55, 984
MM, 396, 66, 10
MM, 662, 369, 10
MM, 679, 385, 10
MM, 692, 397, 10
MM, 707, 412, 11
MM, 474, 17, 10
MM, 489, 35, 10
MM, 505, 55, 10
MM, 515, 70, 10
MM, 525, 82, 10
MM, 784, 509, 10
MM, 790, 516, 10
MM, 813, 554, 62
MM, 819, 568, 9
MM, 823, 580, 10
MM, 826, 586, 10
MM, 829, 591, 11
MM, 829, 593, 10
MM, 830, 594, 10
MM, 830, 595, 10
MM, 831, 597, 10
MM, 832, 597, 20
MM, 832, 598, 10
MM, 833, 599, 31
MM, 833, 600, 10
MM, 833, 601, 10
MM, 833, 602, 10
MM, 835, 602, 10
MM, 835, 603, 11
MM, 835, 605, 9
MM, 836, 606, 11
MM, 836, 607, 10
MM, 837, 609, 10
MM, 66, 0, 10
MM, 67, 1, 10
MM, 67, 3, 11
MM, 67, 5, 20
MM, 67, 6, 10
MM, 67, 7, 20
MM, 67, 8, 31
MM, 67, 9, 71
