********************************************************************************
LOGGING TIME: 20181026_233201
CLIENT IP: 10.109.56.70
USERNAME: dell
OS: Windows 8.1
**********************************Emotional database********************************************************************************
MM, 30, 27, 1541893259540
MM, 28, 27, 467
MM, 26, 27, 10
MM, 19, 23, 10
MM, 7, 13, 10
MM, 746, 593, 10
MM, 699, 550, 10
MM, 412, 85, 10
MM, 385, 46, 10
MM, 370, 26, 10
MM, 357, 9, 10
MM, 590, 404, 9
MM, 577, 389, 11
MM, 562, 374, 10
MM, 295, 68, 10
MM, 280, 53, 10
MM, 270, 38, 9
MM, 257, 23, 11
MM, 249, 11, 9
MM, 239, 2, 10
MM, 483, 278, 10
MM, 475, 266, 10
MM, 467, 259, 11
MM, 462, 252, 9
MM, 398, 169, 100
MM, 383, 158, 10
MM, 368, 145, 10
MM, 353, 130, 10
MM, 340, 113, 10
MM, 330, 101, 11
MM, 322, 91, 9
MM, 315, 84, 10
MM, 312, 79, 10
MM, 309, 77, 10
MM, 308, 74, 9
MM, 307, 73, 11
MM, 308, 73, 89
MM, 311, 73, 11
MM, 315, 73, 10
MM, 319, 73, 11
MM, 325, 73, 10
MM, 331, 75, 9
MM, 338, 76, 10
MM, 346, 78, 10
MM, 355, 78, 10
MM, 363, 80, 11
MM, 369, 81, 9
MM, 376, 83, 10
MM, 382, 84, 10
MM, 386, 86, 10
MM, 389, 87, 10
MM, 392, 89, 10
MM, 394, 90, 10
MM, 396, 90, 10
MM, 398, 91, 9
MM, 399, 92, 11
MM, 402, 92, 10
MM, 404, 94, 10
MM, 409, 95, 10
MM, 463, 105, 99
MM, 468, 105, 10
MM, 472, 105, 10
MM, 478, 105, 11
MM, 482, 105, 9
MM, 488, 105, 11
MM, 493, 105, 10
MM, 495, 104, 10
MM, 498, 103, 10
MM, 501, 103, 9
MM, 505, 101, 11
MM, 508, 100, 9
MM, 510, 99, 10
MM, 513, 97, 10
MM, 518, 96, 10
MM, 520, 94, 10
MM, 523, 93, 10
MM, 524, 92, 10
MM, 525, 92, 10
MP, 1, 230
MR, 1, 30
MC, 1, 0
MM, 525, 93, 70
MM, 525, 94, 10
MM, 516, 122, 778
MM, 508, 134, 10
MM, 498, 149, 10
MM, 490, 161, 10
MM, 481, 173, 10
MM, 431, 250, 130
MM, 428, 252, 10
MM, 425, 255, 10
MM, 424, 256, 10
MM, 423, 259, 10
MM, 422, 260, 10
MM, 419, 261, 10
MM, 416, 266, 10
MM, 413, 270, 11
MM, 410, 275, 9
MM, 408, 278, 10
MM, 406, 280, 10
MM, 403, 282, 10
MM, 402, 285, 10
MM, 150, 0, 10
MM, 149, 1, 10
MM, 148, 2, 10
MM, 147, 3, 10
MM, 147, 4, 10
MM, 145, 5, 9
MM, 144, 6, 10
MM, 143, 8, 10
MM, 142, 10, 10
MM, 141, 11, 10
MM, 139, 15, 10
MM, 136, 20, 10
MM, 135, 24, 10
MM, 132, 29, 10
MM, 131, 31, 10
MM, 129, 36, 10
MM, 128, 37, 10
MM, 128, 39, 10
MM, 127, 39, 11
MM, 126, 40, 10
MM, 125, 40, 30
MC, 1, 149
MM, 123, 40, 15334
MM, 118, 39, 7
MM, 104, 32, 8
MM, 90, 28, 8
MM, 83, 25, 8
MM, 82, 24, 8
MM, 81, 23, 16
MM, 80, 22, 8
MM, 77, 22, 25
MM, 71, 22, 8
MM, 63, 22, 8
MM, 54, 22, 8
MM, 50, 24, 9
MM, 49, 24, 7
MM, 50, 24, 152
MM, 56, 24, 8
MM, 62, 24, 8
MM, 70, 24, 8
MM, 86, 24, 8
MM, 110, 24, 8
MM, 139, 24, 8
MM, 176, 26, 8
MM, 213, 34, 8
MM, 238, 46, 8
MM, 260, 59, 8
MM, 280, 72, 8
MM, 549, 374, 8
MM, 567, 394, 8
MM, 334, 2, 8
MM, 350, 24, 8
MM, 363, 47, 8
MM, 377, 69, 8
MM, 388, 89, 8
MM, 645, 515, 8
MM, 648, 522, 8
MM, 29, 3, 8
MM, 29, 4, 8
MM, 29, 6, 151
MM, 27, 7, 9
MM, 22, 8, 9
MM, 18, 13, 6
MM, 13, 18, 8
MM, 8, 22, 9
MM, 4, 27, 8
MM, 618, 551, 8
MM, 32, 30, 7
MM, 605, 554, 9
MM, 597, 554, 8
MM, 591, 556, 8
MM, 586, 557, 7
MM, 582, 557, 9
MM, 580, 557, 7
MM, 577, 557, 9
MM, 574, 557, 8
MM, 572, 557, 8
MM, 571, 557, 7
MM, 570, 557, 8
MM, 567, 557, 9
MM, 564, 557, 8
MM, 560, 554, 8
MM, 16, 28, 8
MM, 9, 25, 8
MM, 2, 21, 9
MM, 536, 543, 7
MM, 533, 543, 8
MM, 532, 542, 8
MM, 532, 541, 8
MM, 34, 18, 120
MM, 32, 18, 8
MM, 27, 18, 8
MM, 17, 18, 8
MM, 3, 22, 8
MM, 30, 26, 8
MM, 16, 28, 8
MM, 3, 28, 8
MM, 34, 28, 8
MM, 23, 28, 8
MM, 10, 28, 8
MM, 1, 28, 8
MM, 409, 551, 8
MM, 32, 28, 8
MM, 31, 28, 8
MM, 30, 28, 72
MM, 29, 28, 7
MM, 26, 30, 9
MM, 397, 554, 8
MM, 395, 555, 8
MM, 394, 556, 7
MM, 396, 556, 90
MM, 27, 30, 7
MM, 32, 28, 8
MM, 409, 550, 8
MM, 412, 547, 8
MM, 1, 23, 8
MM, 3, 23, 8
MM, 4, 23, 8
MM, 5, 23, 144
MM, 7, 23, 8
MM, 8, 22, 103
MM, 9, 21, 9
MM, 10, 21, 551
MM, 12, 21, 9
MM, 18, 21, 8
MM, 29, 21, 8
MM, 454, 548, 7
MM, 464, 554, 9
MM, 473, 557, 8
MM, 26, 1, 8
MM, 488, 564, 7
MM, 0, 6, 9
MM, 10, 9, 8
MM, 19, 13, 8
MM, 25, 16, 7
MM, 529, 582, 8
MM, 7, 28, 9
MM, 547, 591, 8
MM, 556, 595, 8
MM, 23, 1, 8
MM, 29, 4, 8
MM, 34, 6, 8
MM, 576, 604, 8
MM, 579, 606, 8
MM, 1, 10, 8
MM, 2, 11, 8
MM, 3, 11, 8
MM, 4, 11, 8
MM, 4, 12, 88
MM, 5, 13, 8
MM, 8, 16, 8
MM, 11, 20, 8
MM, 14, 22, 8
MM, 15, 25, 8
MM, 16, 27, 8
MM, 19, 30, 8
MM, 602, 630, 8
MM, 603, 631, 8
MM, 604, 632, 8
MM, 604, 633, 64
MM, 34, 0, 8
MM, 36, 3, 8
MM, 611, 644, 8
MM, 614, 648, 8
MM, 4, 19, 8
MM, 9, 23, 9
MM, 10, 26, 7
MM, 11, 27, 8
MM, 12, 27, 8
MM, 15, 27, 96
MM, 17, 27, 8
MM, 18, 27, 8
MM, 19, 27, 8
MM, 22, 28, 8
MM, 26, 30, 8
MM, 646, 664, 8
MM, 0, 30, 8
MM, 656, 665, 8
MM, 660, 667, 8
MM, 663, 667, 8
MM, 664, 667, 80
MM, 665, 667, 8
MM, 14, 30, 16
MM, 16, 26, 8
MM, 16, 21, 8
MM, 17, 17, 8
MM, 19, 14, 8
MM, 19, 13, 8
MM, 19, 12, 8
MM, 19, 11, 16
MM, 19, 10, 8
MC, 1, 240
MM, 13, 7, 71
MM, 7, 6, 9
MM, 650, 636, 8
MM, 643, 633, 8
MM, 632, 629, 8
MM, 2, 28, 8
MM, 30, 24, 8
MM, 21, 21, 8
MM, 17, 19, 7
MM, 14, 18, 9
MM, 13, 17, 8
MM, 12, 17, 56
MM, 9, 15, 8
MM, 5, 14, 8
MM, 579, 609, 8
MM, 33, 11, 8
MM, 29, 9, 9
MM, 23, 8, 7
MM, 17, 6, 8
MM, 10, 5, 8
MM, 539, 600, 8
MM, 530, 596, 8
MM, 521, 593, 8
MM, 512, 591, 8
MM, 506, 591, 8
MM, 10, 30, 8
MM, 9, 28, 8
MM, 7, 28, 8
MM, 6, 28, 8
MM, 5, 28, 8
MM, 4, 28, 72
MM, 3, 28, 8
MM, 2, 27, 40
MM, 493, 586, 8
MM, 489, 585, 8
MM, 27, 21, 8
MM, 20, 18, 8
MM, 17, 17, 8
MM, 16, 16, 8
MM, 15, 14, 8
MC, 1, 256
MM, 16, 13, 56
MM, 23, 12, 8
MM, 31, 12, 8
MM, 1, 10, 8
MM, 10, 8, 8
MM, 21, 8, 8
MM, 0, 8, 8
MM, 16, 8, 8
MM, 32, 8, 8
MM, 7, 8, 8
MM, 18, 9, 8
MM, 29, 11, 8
MM, 605, 571, 7
MM, 609, 571, 9
MM, 610, 571, 8
MM, 3, 11, 8
MM, 8, 11, 7
MM, 10, 11, 9
MM, 14, 11, 8
MM, 15, 11, 8
MM, 17, 11, 8
MM, 18, 11, 8
MM, 16, 11, 200
MM, 12, 11, 8
MM, 10, 11, 8
MM, 5, 11, 8
MM, 3, 11, 8
MM, 2, 11, 16
MM, 0, 11, 8
MM, 610, 571, 16
MM, 609, 571, 8
MM, 608, 571, 8
MM, 607, 571, 8
MM, 606, 571, 8
MM, 605, 571, 8
MM, 33, 11, 24
MM, 32, 11, 8
MM, 31, 11, 8
MM, 30, 11, 8
MM, 29, 12, 32
MM, 28, 13, 8
MM, 25, 13, 8
MM, 21, 15, 8
MM, 18, 16, 8
MM, 16, 16, 8
MM, 15, 16, 8
MC, 1, 200
MM, 15, 17, 80
MM, 13, 20, 7
MM, 9, 24, 9
MM, 571, 592, 8
MM, 24, 2, 8
MM, 14, 12, 8
MM, 7, 19, 8
MM, 4, 23, 8
MM, 1, 28, 8
MM, 538, 629, 8
MM, 6, 0, 9
MM, 3, 3, 7
MM, 0, 7, 8
MM, 528, 644, 8
MM, 527, 645, 16
MM, 526, 646, 8
MM, 524, 649, 8
MM, 523, 651, 9
MM, 34, 19, 8
MM, 31, 21, 7
MM, 30, 24, 8
MM, 29, 27, 8
MM, 26, 29, 8
MM, 513, 665, 8
MM, 513, 666, 8
MM, 513, 667, 8
MM, 512, 667, 144
MM, 510, 667, 8
MM, 509, 665, 8
MM, 20, 27, 8
MM, 20, 26, 8
MM, 20, 25, 8
MM, 18, 22, 8
MM, 17, 21, 8
MM, 17, 20, 8
MM, 17, 19, 8
MC, 1, 248
MC, 2, 168
MM, 16, 19, 32
MM, 14, 17, 8
MM, 9, 13, 8
MM, 487, 639, 8
MM, 475, 629, 8
MM, 1, 22, 8
MM, 32, 14, 8
MM, 25, 4, 8
MM, 440, 595, 8
MM, 436, 592, 8
MM, 16, 29, 8
MM, 14, 26, 8
MM, 12, 22, 26
MC, 1, 334
MM, 13, 22, 80
MM, 16, 22, 8
MM, 21, 22, 7
MM, 25, 22, 9
MM, 31, 21, 8
MM, 451, 579, 8
MM, 455, 579, 7
MM, 1, 19, 9
MM, 2, 19, 8
MM, 4, 19, 8
MM, 5, 19, 192
MM, 6, 19, 8
MM, 9, 22, 192
MM, 11, 26, 8
MM, 467, 591, 7
MM, 6, 0, 9
MM, 8, 6, 8
MM, 10, 12, 8
MM, 11, 21, 8
MM, 13, 27, 8
MM, 478, 633, 8
MM, 482, 642, 8
MM, 484, 648, 7
MM, 485, 654, 9
MM, 487, 659, 7
MM, 487, 661, 9
MM, 487, 664, 7
MM, 487, 665, 9
MM, 487, 666, 23
MM, 488, 667, 9
MM, 489, 670, 8
MM, 89, 3, 8
MM, 90, 6, 8
MM, 92, 9, 8
MM, 92, 11, 8
MM, 92, 12, 8
MC, 1, 271
MM, 93, 12, 32
MM, 94, 12, 9
MM, 94, 10, 8
MM, 95, 7, 8
MM, 96, 6, 7
MM, 96, 5, 9
MM, 98, 2, 7
MM, 499, 670, 8
MM, 499, 669, 8
MM, 499, 668, 8
MM, 499, 667, 8
MM, 500, 666, 56
MM, 501, 665, 8
MM, 13, 30, 8
MM, 13, 28, 8
MM, 15, 27, 8
MM, 16, 26, 8
MM, 16, 25, 16
MM, 17, 24, 9
MM, 18, 24, 7
MM, 18, 23, 8
MM, 18, 22, 9
MM, 19, 21, 7
MM, 20, 19, 8
MC, 1, 241
MM, 18, 18, 40
MM, 13, 17, 8
MM, 7, 15, 7
MM, 3, 12, 9
MM, 486, 645, 8
MM, 31, 9, 7
MM, 25, 8, 8
MM, 19, 6, 9
MM, 10, 4, 8
MM, 1, 3, 7
MM, 444, 635, 9
MM, 31, 1, 7
MM, 26, 0, 8
MM, 431, 632, 8
MM, 427, 631, 8
MM, 422, 629, 8
MM, 418, 629, 8
MM, 414, 629, 8
MM, 411, 629, 8
MM, 407, 629, 8
MM, 403, 629, 8
MM, 400, 629, 8
MM, 396, 628, 8
MM, 11, 29, 8
MM, 10, 29, 8
MM, 9, 29, 8
MM, 8, 29, 8
MM, 7, 29, 16
MM, 4, 29, 8
MM, 2, 29, 9
MM, 379, 626, 8
MM, 377, 626, 8
MM, 376, 625, 8
MM, 374, 624, 8
MM, 34, 27, 8
MM, 33, 27, 32
MM, 31, 26, 8
MM, 28, 24, 8
MM, 23, 23, 8
MM, 19, 20, 8
MM, 14, 17, 8
MM, 10, 15, 8
MM, 7, 14, 8
MM, 5, 13, 8
MM, 3, 13, 8
MM, 3, 12, 8
MM, 3, 10, 8
MC, 1, 216
MM, 6, 10, 55
MM, 17, 11, 8
MM, 28, 15, 8
MM, 379, 616, 8
MM, 7, 21, 9
MM, 16, 22, 8
MM, 25, 24, 7
MM, 31, 26, 8
MM, 420, 624, 8
MM, 7, 29, 8
MM, 440, 628, 8
MM, 453, 630, 10
MM, 465, 632, 6
MM, 29, 0, 9
MM, 487, 635, 7
MM, 8, 3, 9
MM, 19, 5, 8
MM, 28, 7, 8
MM, 527, 643, 8
MM, 4, 9, 9
MM, 6, 9, 7
MM, 7, 9, 8
MM, 9, 10, 312
MM, 10, 11, 9
MM, 11, 13, 127
MM, 3, 13, 8
MM, 523, 647, 8
MM, 23, 9, 7
MM, 12, 7, 9
MM, 3, 5, 7
MM, 483, 637, 8
MM, 29, 2, 8
MM, 27, 0, 9
MM, 26, 0, 7
MM, 24, 0, 9
MM, 22, 0, 8
MM, 470, 633, 8
MM, 469, 632, 7
MM, 468, 632, 9
MM, 466, 632, 8
MM, 465, 632, 8
MM, 464, 632, 7
MM, 462, 632, 9
MM, 459, 631, 8
MM, 453, 629, 8
MM, 447, 628, 7
MM, 21, 29, 9
MM, 17, 29, 7
MM, 13, 28, 8
MM, 10, 26, 8
MM, 9, 26, 9
MM, 8, 26, 8
MM, 8, 25, 256
MM, 8, 23, 8
MM, 8, 22, 8
MM, 8, 21, 8
MM, 8, 20, 7
MC, 1, 137
MM, 6, 20, 176
MM, 4, 20, 8
MM, 2, 20, 8
MM, 420, 617, 8
MM, 419, 617, 8
MM, 418, 617, 8
MM, 417, 617, 8
MM, 415, 617, 80
MM, 34, 20, 8
MM, 33, 20, 8
MM, 31, 20, 8
MM, 28, 20, 9
MM, 26, 20, 8
MM, 21, 20, 7
MM, 19, 20, 8
MM, 14, 20, 8
MM, 10, 20, 8
MM, 10, 18, 8
MM, 10, 17, 8
MC, 1, 240
MM, 10, 19, 104
MM, 12, 23, 8
MM, 15, 26, 8
MM, 19, 29, 7
MM, 402, 629, 9
MM, 405, 632, 8
MM, 408, 635, 8
MM, 2, 3, 7
MM, 6, 6, 9
MM, 11, 9, 8
MM, 13, 12, 8
MM, 16, 15, 7
MM, 17, 16, 9
MM, 19, 17, 10
MM, 21, 20, 6
MM, 26, 23, 8
MM, 30, 26, 8
MM, 31, 27, 8
MM, 443, 662, 8
MM, 446, 664, 8
MM, 447, 665, 16
MM, 448, 666, 8
MM, 449, 667, 8
MM, 451, 668, 8
MM, 453, 669, 8
MM, 54, 1, 8
MM, 57, 2, 8
MM, 58, 3, 8
MM, 59, 5, 8
MM, 60, 5, 8
MM, 61, 6, 8
MM, 62, 7, 8
MM, 63, 8, 264
MM, 65, 9, 8
MC, 1, 176
MM, 64, 8, 96
MM, 62, 7, 8
MM, 59, 4, 8
MM, 56, 1, 7
MM, 452, 669, 9
MM, 32, 30, 8
MM, 18, 26, 8
MM, 2, 23, 7
MM, 14, 27, 9
MM, 347, 679, 8
MM, 292, 721, 8
MM, 66, 722, 361
MM, 60, 713, 7
MM, 52, 703, 8
MM, 46, 700, 9
MM, 42, 700, 7
MM, 40, 700, 8
MM, 40, 697, 151
MM, 40, 691, 8
MM, 40, 685, 8
MM, 41, 679, 9
MM, 42, 675, 7
MM, 42, 674, 9
MM, 44, 674, 16
MM, 49, 674, 8
MM, 61, 674, 8
MM, 77, 674, 8
MM, 96, 674, 8
MM, 112, 674, 8
MM, 128, 674, 8
MM, 144, 674, 8
MM, 152, 674, 8
MM, 158, 674, 8
MM, 162, 674, 8
MM, 164, 674, 8
MM, 165, 674, 8
MM, 166, 674, 8
MM, 167, 674, 48
MM, 168, 674, 8
MM, 169, 674, 8
MM, 172, 674, 8
MM, 173, 674, 8
MM, 174, 673, 8
MM, 175, 671, 8
MM, 175, 672, 40
MM, 175, 673, 8
MM, 175, 674, 8
MM, 176, 675, 8
MM, 179, 676, 8
MM, 181, 678, 8
MM, 186, 678, 8
MM, 194, 678, 7
MM, 205, 677, 9
MM, 216, 673, 8
MM, 228, 667, 8
MM, 243, 659, 7
MM, 257, 653, 9
MM, 271, 646, 7
MM, 286, 640, 8
MM, 295, 637, 8
MM, 303, 635, 10
MM, 312, 633, 6
MM, 318, 632, 9
MM, 327, 628, 8
MM, 0, 27, 9
MM, 8, 26, 7
MM, 15, 24, 8
MM, 19, 23, 8
MM, 22, 21, 8
MM, 23, 20, 8
MM, 23, 19, 8
MM, 24, 19, 56
MM, 25, 19, 8
MM, 28, 19, 8
MM, 31, 24, 8
MM, 34, 30, 8
MM, 380, 632, 8
MM, 19, 6, 8
MM, 31, 14, 8
MM, 7, 20, 8
MM, 26, 26, 8
MM, 5, 29, 8
MM, 21, 29, 8
MM, 486, 663, 8
MM, 11, 29, 8
MM, 22, 29, 9
MM, 31, 29, 7
MM, 523, 663, 8
MM, 525, 663, 8
MM, 527, 663, 8
MM, 527, 662, 8
MM, 527, 661, 8
MM, 528, 660, 8
MM, 0, 24, 8
MM, 1, 21, 8
MM, 4, 18, 8
MM, 7, 17, 8
MM, 8, 16, 8
MM, 9, 14, 8
MM, 10, 13, 8
MM, 10, 12, 8
MM, 11, 12, 16
MM, 13, 12, 8
MM, 14, 11, 8
MM, 16, 10, 8
MM, 19, 10, 8
MM, 23, 8, 8
MM, 28, 7, 8
MM, 30, 5, 8
MM, 31, 4, 8
MM, 33, 4, 23
MM, 34, 4, 9
MM, 34, 3, 16
MM, 34, 2, 7
MM, 565, 635, 9
MM, 570, 632, 8
MM, 574, 630, 7
MM, 582, 629, 8
MM, 10, 30, 8
MM, 19, 28, 8
MM, 30, 26, 8
MM, 2, 25, 8
MM, 10, 23, 8
MM, 19, 21, 8
MM, 23, 20, 8
MM, 26, 20, 8
MM, 29, 18, 8
MM, 30, 17, 8
MM, 31, 17, 57
MM, 33, 16, 8
MM, 654, 612, 8
MM, 657, 612, 8
MM, 0, 15, 8
MM, 1, 15, 64
MM, 3, 15, 8
MM, 5, 15, 8
MM, 6, 15, 8
MM, 7, 15, 8
MM, 8, 13, 8
MM, 9, 12, 8
MC, 1, 208
MM, 5, 13, 32
MM, 32, 16, 8
MM, 14, 18, 8
MM, 0, 20, 8
MM, 28, 22, 8
MM, 26, 22, 8
MM, 23, 22, 8
MM, 17, 22, 8
MM, 11, 22, 8
MM, 5, 22, 8
MM, 2, 22, 8
MM, 0, 22, 199
MM, 577, 619, 8
MM, 31, 22, 8
MM, 23, 22, 9
MM, 17, 22, 8
MM, 9, 22, 8
MM, 34, 22, 7
MM, 10, 22, 8
MM, 14, 22, 8
MM, 29, 22, 9
MM, 13, 22, 7
MM, 420, 618, 8
MM, 29, 19, 8
MM, 23, 19, 9
MM, 19, 19, 7
MM, 13, 19, 9
MM, 10, 19, 8
MM, 6, 19, 8
MM, 0, 19, 8
MM, 374, 615, 8
MM, 24, 16, 8
MM, 13, 16, 8
MM, 5, 16, 8
MM, 0, 16, 8
MM, 338, 613, 8
MM, 337, 613, 80
MM, 335, 613, 8
MM, 57, 16, 8
MM, 54, 16, 8
MM, 53, 16, 8
MM, 52, 15, 8
MM, 51, 13, 8
MM, 50, 13, 16
MM, 49, 13, 8
MM, 49, 12, 24
MM, 49, 11, 8
MM, 50, 11, 72
MM, 55, 10, 7
MM, 57, 8, 8
MM, 335, 605, 9
MM, 337, 605, 7
MM, 1, 7, 9
MM, 2, 6, 7
MM, 3, 6, 16
MM, 5, 6, 8
MM, 6, 6, 8
MM, 8, 6, 9
MM, 9, 6, 8
MM, 10, 6, 88
MM, 12, 6, 8
MM, 13, 6, 8
MM, 14, 6, 8
MM, 15, 6, 96
MM, 17, 6, 8
MM, 18, 6, 8
MM, 24, 6, 152
MM, 25, 6, 7
MM, 28, 6, 8
MM, 34, 8, 9
MM, 377, 605, 8
MM, 0, 9, 7
MM, 3, 10, 9
MM, 5, 10, 8
MM, 6, 10, 8
MM, 8, 10, 7
MM, 9, 10, 9
MM, 10, 10, 72
MM, 12, 10, 8
MM, 15, 10, 8
MM, 16, 10, 8
MM, 17, 10, 8
MM, 18, 10, 8
MM, 19, 10, 112
MM, 26, 13, 80
MM, 29, 13, 8
MM, 31, 13, 8
MM, 415, 610, 8
MM, 420, 610, 8
MM, 5, 13, 8
MM, 13, 13, 8
MM, 19, 13, 8
MM, 27, 13, 8
MM, 456, 610, 8
MM, 2, 13, 8
MM, 10, 13, 8
MM, 16, 12, 8
MM, 23, 11, 8
MM, 27, 11, 8
MM, 30, 11, 8
MM, 493, 608, 8
MM, 494, 608, 8
MM, 495, 608, 8
MM, 495, 606, 23
MM, 496, 605, 9
MM, 497, 605, 8
MM, 498, 604, 8
MM, 0, 6, 7
MM, 2, 6, 9
MM, 4, 6, 8
MM, 7, 5, 7
MM, 8, 4, 8
MM, 9, 2, 9
MM, 10, 1, 7
MM, 11, 0, 9
MM, 511, 596, 7
MM, 511, 595, 56
MM, 511, 594, 8
MM, 511, 593, 16
MM, 511, 591, 8
MM, 17, 30, 161
MM, 17, 29, 8
MM, 17, 28, 8
MM, 17, 27, 8
MM, 17, 26, 8
MM, 17, 25, 8
MM, 17, 23, 16
MM, 17, 22, 8
MM, 17, 21, 80
MM, 17, 20, 8
MM, 17, 19, 8
MM, 17, 18, 8
MM, 17, 17, 88
MM, 17, 15, 8
MC, 1, 48
MM, 17, 16, 24
MM, 17, 17, 8
MM, 17, 18, 8
MM, 16, 20, 8
MM, 16, 22, 8
MM, 16, 23, 8
MM, 16, 24, 8
MM, 16, 25, 8
MM, 16, 29, 8
MM, 510, 595, 8
MM, 11, 4, 8
MM, 11, 10, 8
MM, 11, 18, 8
MM, 11, 26, 8
MM, 22, 0, 8
MM, 23, 11, 8
MM, 24, 17, 8
MM, 24, 23, 8
MM, 24, 27, 8
MM, 26, 30, 8
MM, 515, 667, 8
MM, 515, 668, 8
MM, 515, 669, 280
MM, 115, 1, 8
MM, 115, 3, 8
MM, 115, 4, 8
MM, 115, 5, 8
MM, 115, 7, 8
MM, 116, 8, 136
MM, 117, 9, 8
MC, 1, 160
MM, 117, 10, 40
MM, 117, 11, 8
MM, 119, 11, 16
MM, 121, 11, 8
MM, 126, 9, 8
MM, 132, 4, 8
MM, 541, 670, 8
MM, 27, 27, 8
MM, 0, 19, 8
MM, 15, 13, 8
MM, 29, 9, 9
MM, 610, 639, 7
MM, 4, 1, 8
MM, 626, 632, 8
MM, 632, 631, 8
MM, 636, 631, 8
MM, 639, 631, 8
MM, 640, 629, 8
MM, 641, 628, 8
MM, 644, 628, 8
MM, 645, 628, 8
MM, 646, 628, 8
MM, 648, 628, 8
MM, 653, 628, 8
MM, 657, 627, 8
MM, 3, 28, 8
MM, 8, 28, 8
MM, 12, 28, 8
MM, 16, 28, 8
MM, 19, 28, 8
MM, 21, 28, 8
MM, 22, 28, 8
MM, 24, 28, 8
MM, 25, 27, 8
MM, 25, 26, 8
MM, 25, 25, 184
MM, 25, 23, 7
MM, 25, 21, 8
MM, 25, 20, 8
MM, 25, 18, 8
MM, 25, 17, 9
MM, 25, 16, 88
MM, 25, 14, 8
MC, 1, 135
MM, 22, 13, 57
MM, 19, 10, 7
MM, 16, 8, 8
MM, 14, 5, 9
MM, 11, 2, 7
MM, 667, 596, 9
MM, 667, 595, 8
MM, 666, 594, 8
MM, 665, 593, 7
MM, 665, 592, 58
MM, 17, 30, 8
MM, 17, 29, 23
MM, 17, 28, 8
MM, 16, 27, 8
MM, 15, 24, 8
MM, 15, 23, 8
MM, 15, 22, 8
MM, 14, 21, 8
MM, 12, 20, 8
MM, 12, 19, 8
MM, 12, 18, 8
MM, 12, 17, 8
MC, 1, 351
MM, 10, 19, 25
MM, 3, 22, 8
MM, 642, 586, 8
MM, 22, 30, 9
MM, 627, 593, 7
MM, 617, 599, 8
MM, 30, 7, 8
MM, 25, 11, 8
MM, 20, 14, 8
MM, 18, 16, 8
MM, 16, 18, 8
MM, 15, 20, 8
MM, 14, 20, 8
MM, 13, 21, 8
MM, 12, 22, 8
MM, 12, 23, 32
MM, 12, 24, 8
MM, 11, 24, 8
MM, 9, 24, 8
MM, 9, 25, 8
MM, 9, 26, 8
MM, 8, 28, 72
MM, 7, 29, 8
MM, 6, 29, 8
MM, 5, 30, 8
MM, 583, 629, 8
MM, 579, 631, 8
MM, 576, 632, 8
MM, 3, 1, 8
MM, 1, 2, 7
MM, 0, 2, 9
MM, 568, 636, 23
MM, 567, 636, 9
MM, 566, 638, 16
MM, 565, 639, 8
MM, 564, 639, 208
MM, 34, 6, 8
MM, 34, 7, 8
MM, 33, 8, 8
MM, 31, 9, 8
MM, 30, 9, 8
MM, 29, 10, 7
MM, 28, 12, 9
MM, 26, 12, 8
MM, 24, 13, 7
MM, 23, 14, 8
MM, 22, 14, 8
MC, 1, 225
MM, 21, 14, 24
MM, 20, 14, 8
MM, 19, 14, 8
MM, 15, 14, 8
MM, 11, 14, 8
MM, 8, 14, 8
MM, 4, 13, 8
MM, 528, 644, 8
MM, 527, 643, 8
MM, 526, 642, 8
MM, 525, 641, 8
MM, 525, 640, 9
MM, 524, 639, 8
MM, 34, 5, 7
MM, 34, 4, 104
MM, 34, 2, 8
MM, 34, 1, 8
MM, 34, 0, 8
MM, 521, 633, 8
MM, 520, 631, 8
MM, 520, 629, 8
MM, 520, 628, 8
MM, 20, 30, 8
MM, 19, 29, 8
MM, 19, 27, 8
MM, 19, 25, 8
MM, 18, 25, 8
MM, 17, 24, 8
MM, 17, 23, 8
MM, 17, 22, 8
MM, 17, 21, 8
MM, 17, 20, 24
MM, 17, 19, 8
MM, 17, 17, 79
MM, 17, 16, 9
MC, 1, 88
MM, 15, 16, 33
MM, 12, 16, 8
MM, 6, 16, 8
MM, 497, 613, 7
MM, 28, 15, 8
MM, 24, 13, 8
MM, 20, 13, 8
MM, 19, 13, 8
MM, 19, 12, 8
MM, 19, 11, 8
MM, 18, 11, 8
MM, 16, 11, 8
MM, 15, 10, 16
MM, 14, 9, 8
MM, 13, 9, 40
MM, 12, 9, 8
MM, 12, 8, 16
MM, 12, 6, 9
MM, 11, 5, 7
MM, 8, 4, 8
MM, 5, 3, 8
MM, 4, 2, 8
MM, 3, 2, 8
MM, 2, 0, 8
MM, 464, 596, 8
MM, 463, 596, 8
MM, 462, 595, 8
MM, 462, 594, 8
MM, 462, 593, 8
MM, 462, 592, 8
MM, 462, 591, 48
MM, 5, 29, 8
MM, 3, 29, 8
MM, 2, 29, 16
MM, 1, 28, 8
MM, 0, 27, 8
MM, 455, 587, 8
MM, 454, 586, 8
MM, 453, 585, 8
MM, 452, 585, 8
MM, 450, 585, 8
MM, 34, 25, 96
MM, 33, 25, 8
MM, 32, 25, 96
MM, 31, 25, 8
MM, 30, 24, 24
MM, 27, 23, 8
MM, 26, 23, 8
MM, 26, 21, 7
MM, 26, 20, 9
MM, 26, 19, 71
MM, 26, 18, 9
MM, 26, 17, 24
MM, 26, 16, 8
MM, 26, 15, 17
MM, 27, 15, 103
MM, 28, 15, 16
MM, 31, 15, 8
MM, 33, 15, 8
MM, 451, 575, 8
MM, 454, 575, 8
MM, 5, 15, 39
MM, 6, 15, 1
MM, 7, 15, 16
MM, 8, 15, 8
MM, 9, 15, 8
MM, 11, 15, 8
MM, 12, 15, 8
MM, 14, 15, 8
MM, 15, 15, 8
MM, 16, 15, 8
MM, 18, 15, 8
MM, 19, 15, 152
MM, 20, 15, 8
MM, 21, 15, 8
MM, 22, 15, 8
MM, 27, 19, 104
MM, 27, 20, 40
MM, 27, 22, 8
MM, 27, 23, 8
MM, 27, 24, 8
MM, 27, 26, 8
MM, 27, 30, 8
MM, 483, 595, 8
MM, 21, 4, 8
MM, 21, 10, 8
MM, 21, 16, 8
MM, 21, 22, 8
MM, 21, 28, 8
MM, 483, 629, 8
MM, 483, 632, 8
MM, 483, 636, 8
MM, 483, 640, 9
MM, 483, 643, 7
MM, 483, 645, 8
MM, 482, 648, 8
MM, 32, 15, 8
MM, 32, 16, 8
MM, 32, 17, 8
MM, 32, 18, 40
MM, 32, 20, 8
MM, 32, 21, 16
MM, 32, 22, 8
MM, 32, 23, 16
MM, 32, 24, 8
MM, 482, 658, 16
MM, 482, 659, 8
MM, 482, 660, 8
MM, 482, 662, 24
MM, 482, 663, 8
MM, 484, 664, 8
MM, 485, 665, 7
MM, 485, 666, 249
MM, 485, 667, 8
MM, 485, 668, 23
MM, 485, 670, 8
MM, 86, 0, 9
MM, 87, 1, 7
MM, 87, 2, 17
MM, 87, 3, 8
MM, 88, 4, 56
MM, 89, 5, 8
MM, 89, 6, 39
MM, 89, 8, 10
MM, 89, 9, 55
MM, 89, 10, 8
MM, 94, 11, 176
MM, 91, 11, 16
MM, 87, 11, 8
MM, 83, 9, 8
MM, 78, 4, 8
MM, 473, 668, 8
MM, 19, 28, 8
MM, 9, 20, 8
MM, 0, 14, 8
MM, 444, 644, 8
MM, 30, 5, 8
MM, 23, 0, 8
MM, 6, 30, 8
MM, 2, 25, 8
MM, 420, 621, 8
MM, 420, 620, 8
MM, 420, 619, 8
MM, 419, 619, 8
MM, 418, 619, 8
MM, 418, 617, 8
MM, 418, 616, 8
MM, 418, 615, 32
MM, 418, 614, 8
MM, 418, 613, 32
MM, 418, 612, 8
MM, 418, 611, 24
MM, 418, 609, 8
MM, 418, 608, 8
MM, 418, 606, 8
MM, 416, 605, 8
MM, 415, 604, 8
MM, 415, 601, 8
MM, 34, 3, 8
MM, 33, 2, 8
MM, 412, 596, 8
MM, 411, 595, 8
MM, 411, 594, 8
MM, 409, 593, 8
MM, 408, 592, 8
MM, 407, 591, 8
MM, 34, 30, 7
MM, 33, 28, 9
MM, 32, 28, 8
MM, 32, 27, 47
MM, 32, 26, 9
MC, 1, 344
MM, 33, 26, 56
MM, 34, 26, 8
MM, 409, 586, 8
MM, 413, 586, 7
MM, 4, 27, 9
MM, 13, 28, 8
MM, 24, 30, 8
MM, 448, 592, 8
MM, 456, 594, 7
MM, 465, 596, 8
MM, 9, 0, 9
MM, 15, 2, 7
MM, 18, 2, 9
MM, 21, 3, 8
MM, 25, 4, 8
MM, 28, 4, 7
MM, 30, 6, 9
MM, 495, 604, 8
MM, 496, 605, 8
MM, 497, 606, 7
MM, 1, 9, 9
MM, 2, 9, 8
MM, 3, 11, 8
MM, 5, 12, 7
MM, 7, 12, 9
MM, 8, 12, 8
MM, 9, 12, 8
MM, 10, 12, 31
MM, 11, 12, 9
MM, 12, 13, 73
MM, 15, 14, 7
MM, 17, 14, 8
MM, 20, 14, 8
MM, 22, 14, 8
MM, 25, 14, 8
MM, 28, 14, 8
MM, 29, 14, 8
MM, 30, 14, 8
MM, 31, 14, 8
MM, 32, 14, 56
MM, 33, 14, 8
MM, 34, 14, 24
MM, 535, 611, 8
MM, 536, 611, 160
MM, 538, 611, 8
MM, 1, 14, 8
MM, 3, 14, 8
MM, 6, 14, 8
MM, 7, 14, 8
MM, 8, 14, 177
MM, 9, 14, 8
MM, 10, 14, 175
MM, 11, 14, 8
MM, 14, 14, 8
MM, 16, 14, 8
MM, 18, 14, 8
MM, 20, 14, 8
MM, 21, 14, 8
MC, 1, 287
MM, 21, 15, 16
MM, 21, 17, 8
MM, 19, 18, 8
MM, 14, 19, 8
MM, 10, 19, 8
MM, 4, 19, 9
MM, 536, 616, 7
MM, 29, 19, 9
MM, 18, 19, 7
MM, 10, 19, 9
MM, 4, 19, 8
MM, 496, 616, 8
MM, 28, 17, 7
MM, 24, 16, 9
MM, 21, 14, 8
MM, 19, 14, 8
MM, 17, 14, 8
MM, 17, 13, 8
MM, 17, 12, 8
MM, 16, 12, 24
MM, 15, 12, 8
MM, 14, 12, 16
MM, 13, 12, 8
MM, 12, 12, 8
MM, 11, 12, 8
MM, 9, 12, 8
MM, 7, 12, 8
MM, 6, 12, 8
MM, 5, 12, 8
MM, 4, 12, 8
MM, 2, 12, 8
MM, 1, 12, 8
MM, 0, 12, 8
MM, 461, 609, 8
MM, 460, 609, 16
MM, 457, 608, 8
MM, 456, 607, 8
MM, 34, 9, 8
MM, 32, 7, 9
MM, 29, 6, 7
MM, 28, 5, 8
MM, 27, 4, 8
MM, 24, 2, 8
MM, 23, 1, 8
MM, 443, 596, 8
MM, 440, 594, 8
MM, 439, 594, 8
MM, 439, 593, 40
MM, 439, 592, 8
MM, 438, 592, 32
MM, 437, 591, 8
MM, 22, 30, 8
MM, 22, 29, 24
MM, 22, 28, 8
MM, 20, 26, 88
MM, 19, 25, 7
MM, 19, 24, 9
MM, 19, 23, 8
MM, 19, 22, 24
MM, 19, 21, 8
MM, 21, 20, 112
MM, 25, 18, 64
MM, 26, 19, 24
MM, 27, 20, 8
MM, 29, 20, 32
MM, 30, 20, 8
MM, 31, 20, 7
MM, 33, 21, 9
MM, 451, 584, 8
MM, 0, 27, 8
MM, 4, 30, 7
MM, 465, 593, 9
MM, 9, 1, 8
MM, 16, 8, 8
MM, 21, 13, 7
MM, 26, 17, 9
MM, 30, 22, 7
MM, 495, 622, 9
MM, 497, 624, 7
MM, 0, 30, 9
MM, 502, 630, 8
MM, 502, 631, 8
MM, 503, 632, 8
MM, 17, 0, 8
MM, 17, 1, 16
MM, 18, 2, 8
MM, 19, 2, 8
MM, 20, 2, 16
MM, 21, 3, 8
MM, 22, 4, 8
MM, 23, 4, 8
MM, 25, 4, 8
MM, 26, 4, 8
MM, 27, 4, 112
MM, 28, 4, 8
MM, 29, 4, 8
MM, 30, 4, 8
MM, 31, 4, 8
MM, 32, 4, 8
MM, 34, 4, 8
MM, 523, 638, 8
MM, 524, 638, 8
MM, 525, 638, 8
MM, 526, 638, 32
MM, 527, 638, 8
MM, 527, 639, 8
MM, 528, 640, 8
MM, 2, 6, 8
MM, 5, 8, 8
MM, 7, 11, 8
MM, 10, 15, 8
MM, 13, 20, 8
MM, 16, 22, 8
MM, 17, 24, 8
MM, 19, 24, 8
MM, 20, 24, 9
MM, 21, 24, 223
MM, 22, 24, 8
MM, 23, 24, 16
MM, 24, 24, 8
MM, 24, 23, 8
MM, 24, 22, 8
MM, 25, 21, 104
MM, 29, 20, 96
MM, 28, 20, 40
MM, 26, 21, 32
MM, 25, 22, 8
MM, 25, 25, 8
MM, 24, 28, 7
MM, 23, 29, 8
MM, 23, 30, 8
MM, 550, 666, 8
MM, 549, 667, 9
MM, 549, 669, 8
MM, 548, 670, 8
MM, 146, 0, 8
MM, 144, 3, 8
MM, 143, 5, 8
MM, 142, 7, 8
MM, 142, 8, 8
MM, 142, 9, 8
MC, 1, 256
MM, 141, 9, 64
MM, 140, 9, 8
MM, 138, 9, 8
MM, 137, 9, 8
MM, 136, 9, 8
MM, 135, 9, 8
MM, 134, 9, 8
MM, 131, 9, 8
MM, 130, 9, 8
MM, 129, 9, 8
MM, 127, 9, 8
MM, 122, 9, 8
MM, 117, 9, 8
MM, 111, 9, 8
MM, 103, 9, 8
MM, 92, 9, 8
MM, 83, 8, 8
MM, 76, 5, 8
MM, 2, 25, 39
MM, 448, 654, 8
MM, 445, 651, 9
MM, 444, 649, 8
MM, 443, 646, 7
MM, 443, 645, 9
MM, 32, 8, 8
MM, 30, 5, 8
MM, 28, 4, 7
MM, 27, 2, 9
MM, 435, 633, 8
MM, 435, 632, 8
MM, 434, 631, 8
MM, 433, 630, 8
MM, 433, 629, 16
MM, 12, 30, 8
MM, 12, 29, 24
MM, 12, 28, 7
MM, 12, 27, 32
MM, 12, 26, 9
MM, 12, 25, 16
MM, 12, 24, 8
MM, 12, 22, 8
MM, 12, 21, 7
MM, 14, 21, 17
MM, 17, 21, 8
MM, 19, 21, 8
MM, 20, 21, 8
MM, 22, 21, 8
MM, 24, 20, 8
MM, 25, 19, 8
MM, 26, 18, 8
MM, 27, 17, 8
MM, 29, 17, 8
MM, 30, 17, 8
MM, 31, 17, 24
MM, 32, 17, 8
MM, 32, 16, 40
MM, 32, 13, 8
MM, 32, 11, 8
MM, 32, 8, 8
MM, 33, 7, 8
MM, 34, 6, 8
MM, 34, 3, 8
MM, 34, 2, 8
MM, 34, 1, 8
MM, 456, 597, 8
MM, 458, 596, 8
MM, 458, 595, 8
MM, 458, 593, 8
MM, 458, 592, 8
MM, 458, 591, 16
MM, 2, 30, 8
MM, 2, 29, 8
MM, 2, 28, 8
MM, 2, 27, 8
MM, 2, 26, 8
MM, 2, 24, 8
MM, 2, 22, 8
MM, 2, 21, 8
MM, 3, 20, 8
MM, 4, 19, 8
MM, 4, 17, 24
MM, 4, 16, 8
MM, 4, 15, 112
MM, 5, 14, 8
MM, 6, 14, 8
MM, 7, 14, 40
MM, 8, 14, 8
MM, 10, 12, 464
MM, 8, 12, 8
MM, 6, 12, 8
MM, 3, 12, 8
MM, 0, 12, 8
MM, 455, 572, 8
MM, 454, 572, 8
MM, 453, 572, 8
MM, 452, 572, 8
MM, 451, 572, 8
MM, 450, 572, 31
MM, 33, 12, 8
MM, 32, 12, 73
MM, 31, 12, 8
MM, 30, 13, 8
MM, 29, 13, 8
MM, 29, 14, 56
MM, 29, 15, 8
MM, 29, 16, 8
MM, 29, 18, 8
MM, 29, 19, 16
MM, 29, 20, 8
MM, 451, 581, 215
MM, 453, 583, 8
MM, 454, 586, 9
MM, 1, 29, 7
MM, 458, 592, 8
MM, 459, 595, 8
MM, 0, 0, 8
MM, 2, 3, 8
MM, 3, 4, 8
MM, 4, 5, 9
MM, 4, 6, 8
MM, 5, 6, 8
MM, 6, 6, 7
MM, 6, 8, 121
MM, 6, 9, 8
MM, 7, 9, 8
MM, 9, 9, 8
MM, 10, 9, 32
MM, 11, 9, 8
MM, 12, 9, 8
MM, 13, 9, 8
MM, 13, 10, 16
MM, 14, 11, 8
MM, 15, 11, 8
MM, 19, 18, 119
MM, 19, 19, 16
MM, 19, 20, 8
MM, 17, 20, 24
MM, 16, 20, 9
MM, 16, 19, 24
MM, 15, 18, 8
MM, 14, 15, 8
MM, 14, 14, 8
MM, 14, 13, 8
MM, 14, 11, 8
MM, 14, 8, 8
MM, 13, 7, 8
MM, 12, 6, 8
MM, 12, 5, 8
MM, 12, 3, 8
MM, 12, 2, 8
MM, 11, 1, 24
MM, 9, 0, 8
MM, 471, 596, 88
MM, 471, 595, 8
MM, 471, 594, 8
MM, 471, 592, 8
MM, 471, 591, 16
MM, 15, 30, 8
MM, 15, 29, 112
MM, 15, 28, 8
MM, 15, 27, 8
MM, 15, 26, 7
MM, 16, 24, 8
MM, 17, 23, 8
MM, 17, 22, 9
MM, 18, 21, 7
MM, 19, 21, 8
MM, 20, 21, 97
MM, 25, 21, 96
MM, 29, 21, 8
MM, 491, 583, 8
MM, 5, 23, 8
MM, 13, 23, 8
MM, 21, 23, 8
MM, 27, 23, 8
MM, 527, 583, 8
MM, 1, 23, 8
MM, 3, 23, 8
MM, 7, 23, 8
MM, 10, 23, 8
MM, 14, 23, 8
MM, 20, 23, 8
MM, 29, 25, 8
MM, 568, 586, 7
MM, 6, 26, 9
MM, 15, 26, 8
MM, 19, 26, 7
MM, 22, 26, 9
MM, 23, 26, 8
MM, 24, 26, 8
MM, 25, 26, 7
MM, 26, 26, 8
MM, 27, 26, 8
MM, 28, 26, 105
MM, 29, 26, 8
MM, 31, 25, 40
MM, 32, 25, 8
MM, 33, 25, 8
MM, 34, 25, 8
MM, 605, 585, 8
MM, 606, 584, 8
MM, 606, 583, 8
MM, 607, 583, 8
MM, 609, 583, 8
MM, 610, 582, 24
MM, 0, 20, 8
MM, 1, 20, 56
MM, 4, 19, 8
MM, 6, 18, 8
MM, 9, 18, 8
MM, 11, 18, 8
MM, 14, 18, 8
MM, 15, 18, 8
MM, 15, 17, 8
MM, 15, 16, 8
MM, 16, 16, 8
MM, 17, 16, 8
MM, 18, 16, 40
MM, 20, 16, 8
MC, 1, 152
MM, 19, 16, 40
MM, 17, 16, 8
MM, 16, 16, 8
MM, 13, 16, 8
MM, 7, 19, 8
MM, 609, 581, 8
MM, 28, 23, 8
MM, 17, 26, 8
MM, 8, 28, 8
MM, 2, 30, 8
MM, 565, 593, 8
MM, 559, 595, 8
MM, 555, 596, 8
MM, 12, 2, 8
MM, 9, 3, 8
MM, 8, 4, 8
MM, 7, 7, 8
MM, 4, 8, 8
MM, 3, 9, 8
MM, 3, 11, 8
MM, 2, 11, 8
MM, 0, 11, 8
MM, 539, 608, 184
MM, 538, 608, 8
MM, 537, 608, 40
MM, 535, 608, 8
MM, 534, 608, 7
MM, 33, 11, 9
MM, 32, 11, 8
MM, 31, 11, 56
MM, 30, 11, 7
MM, 29, 12, 185
MM, 28, 13, 8
MM, 27, 13, 175
MM, 21, 13, 9
MM, 17, 13, 8
MM, 13, 13, 7
MM, 8, 13, 8
MM, 4, 12, 9
MM, 497, 608, 7
MM, 493, 608, 9
MM, 26, 11, 7
MM, 20, 9, 9
MM, 16, 8, 8
MM, 13, 8, 7
MM, 12, 8, 9
MM, 11, 8, 40
MM, 10, 8, 8
MM, 10, 7, 8
MM, 10, 6, 8
MM, 9, 6, 16
MM, 8, 6, 8
MM, 8, 4, 8
MM, 8, 3, 8
MM, 8, 2, 16
MM, 6, 1, 8
MM, 5, 0, 8
MM, 467, 596, 8
MM, 466, 595, 8
MM, 465, 593, 8
MM, 464, 592, 8
MM, 5, 30, 8
MM, 3, 27, 8
MM, 0, 24, 8
MM, 454, 581, 8
MM, 453, 579, 8
MM, 452, 577, 8
MM, 452, 576, 32
MM, 452, 575, 8
MM, 451, 575, 168
MM, 450, 575, 8
MM, 33, 15, 16
MM, 32, 15, 8
MM, 31, 15, 24
MM, 30, 15, 8
MM, 28, 15, 8
MM, 23, 15, 8
MM, 21, 15, 8
MM, 20, 15, 8
MM, 18, 15, 88
MM, 17, 15, 8
MM, 17, 14, 56
MM, 17, 13, 8
MM, 20, 9, 136
MM, 21, 8, 8
MM, 22, 8, 8
MM, 23, 8, 8
MM, 24, 8, 8
MM, 27, 8, 8
MM, 28, 8, 8
MM, 29, 8, 8
MM, 31, 8, 8
MM, 34, 8, 8
MM, 452, 568, 8
MM, 453, 568, 8
MM, 454, 568, 8
MM, 0, 8, 8
MM, 1, 8, 8
MM, 2, 8, 8
MM, 5, 8, 8
MM, 7, 8, 8
MM, 9, 8, 8
MM, 10, 8, 9
MM, 11, 8, 7
MM, 12, 8, 160
MM, 13, 10, 8
MM, 14, 10, 8
MM, 15, 10, 8
MM, 18, 13, 111
MM, 18, 14, 9
MM, 18, 15, 7
MM, 17, 18, 8
MM, 13, 19, 8
MM, 9, 21, 9
MM, 4, 24, 8
MM, 0, 27, 7
MM, 451, 590, 9
MM, 447, 591, 7
MM, 444, 593, 8
MM, 440, 596, 8
MM, 14, 2, 8
MM, 11, 3, 8
MM, 9, 4, 9
MM, 6, 7, 7
MM, 3, 8, 8
MM, 2, 10, 8
MM, 1, 11, 9
MM, 419, 608, 8
MM, 417, 608, 8
MM, 34, 12, 8
MM, 31, 14, 8
MM, 29, 15, 8
MM, 24, 16, 8
MM, 21, 18, 8
MM, 21, 19, 9
MM, 20, 19, 47
MM, 19, 19, 8
MM, 18, 19, 24
MM, 17, 19, 8
MM, 16, 19, 16
MM, 13, 19, 8
MM, 12, 19, 8
MM, 11, 19, 63
MM, 10, 19, 9
MM, 9, 19, 8
MM, 6, 19, 8
MM, 4, 19, 7
MM, 1, 19, 9
MM, 379, 616, 8
MM, 374, 616, 8
MM, 31, 19, 7
MM, 30, 19, 8
MM, 29, 19, 8
MM, 28, 19, 8
MM, 27, 19, 81
MM, 25, 19, 8
MM, 24, 19, 8
MM, 23, 19, 8
MM, 22, 18, 8
MM, 21, 18, 8
MM, 21, 16, 64
MM, 21, 15, 8
MM, 23, 11, 191
MM, 26, 11, 8
MM, 29, 11, 8
MM, 31, 11, 8
MM, 375, 606, 9
MM, 379, 605, 7
MM, 5, 8, 8
MM, 13, 8, 8
MM, 19, 6, 8
MM, 28, 5, 8
MM, 419, 600, 8
MM, 7, 1, 8
MM, 15, 1, 8
MM, 445, 596, 8
MM, 451, 595, 8
MM, 455, 595, 8
MM, 458, 595, 8
MM, 460, 595, 8
MM, 463, 593, 8
MM, 466, 592, 8
MM, 468, 592, 8
MM, 471, 592, 8
MM, 473, 592, 8
MM, 474, 591, 8
MM, 20, 30, 8
MM, 22, 30, 8
MM, 23, 30, 8
MM, 24, 30, 16
MM, 25, 30, 8
MM, 27, 30, 25
MM, 28, 30, 7
MM, 29, 28, 8
MM, 30, 27, 8
MM, 31, 27, 8
MM, 488, 587, 8
MM, 488, 586, 8
MM, 488, 585, 8
MM, 489, 585, 17
MM, 491, 585, 8
MM, 491, 584, 24
MM, 492, 583, 8
MM, 493, 583, 8
MM, 0, 23, 80
MM, 1, 23, 8
MM, 2, 23, 8
MM, 3, 23, 8
MM, 3, 22, 16
MM, 3, 21, 8
MM, 4, 21, 24
MM, 6, 21, 8
MM, 7, 21, 32
MM, 9, 21, 8
MM, 10, 21, 8
MM, 11, 21, 40
MM, 13, 21, 7
MM, 13, 19, 9
MM, 13, 18, 8
MM, 14, 18, 31
MM, 15, 18, 9
MC, 1, 72
MM, 14, 18, 40
MM, 11, 20, 8
MM, 7, 20, 8
MM, 3, 20, 8
MM, 492, 580, 9
MM, 488, 581, 7
MM, 27, 23, 8
MM, 23, 23, 8
MM, 19, 24, 8
MM, 14, 26, 8
MM, 10, 26, 8
MM, 7, 27, 8
MM, 5, 28, 8
MM, 2, 28, 8
MM, 1, 28, 8
MM, 0, 28, 48
MM, 455, 589, 8
MM, 454, 591, 8
MM, 452, 591, 8
MM, 451, 591, 88
MM, 450, 591, 8
MM, 449, 591, 16
MM, 448, 591, 8
MM, 447, 591, 39
MM, 446, 591, 8
MM, 31, 30, 24
MM, 31, 29, 8
MM, 29, 29, 8
MM, 28, 29, 9
MM, 27, 28, 8
MM, 26, 27, 8
MM, 25, 27, 32
MM, 24, 27, 32
MM, 24, 26, 64
MM, 23, 25, 8
MM, 21, 24, 8
MM, 21, 22, 8
MM, 21, 21, 32
MM, 21, 20, 8
MC, 1, 128
MM, 21, 21, 64
MM, 21, 23, 8
MM, 21, 25, 8
MM, 21, 28, 7
MM, 21, 30, 9
MM, 436, 591, 8
MM, 436, 592, 8
MM, 436, 593, 7
MM, 436, 595, 9
MM, 436, 596, 8
MM, 437, 596, 8
MM, 438, 596, 7
MM, 17, 0, 17
MM, 17, 1, 8
MM, 18, 1, 8
MM, 19, 2, 8
MM, 19, 5, 8
MM, 20, 6, 8
MM, 21, 7, 8
MM, 21, 8, 8
MM, 24, 11, 336
MM, 25, 13, 7
MM, 29, 14, 9
MM, 33, 17, 7
MM, 457, 617, 8
MM, 460, 620, 9
MM, 461, 621, 8
MM, 0, 25, 8
MM, 3, 26, 8
MM, 4, 26, 8
MM, 5, 27, 9
MM, 7, 28, 7
MM, 12, 28, 8
MM, 16, 30, 8
MM, 482, 628, 8
MM, 489, 630, 8
MM, 493, 631, 8
MM, 497, 633, 8
MM, 14, 0, 8
MM, 18, 0, 8
MM, 21, 0, 8
MM, 22, 1, 8
MM, 24, 3, 8
MM, 27, 3, 8
MM, 29, 3, 8
MM, 32, 3, 8
MM, 34, 3, 8
MM, 524, 637, 8
MM, 525, 637, 8
MM, 526, 637, 8
MM, 527, 637, 9
MM, 0, 3, 7
MM, 2, 3, 8
MM, 3, 4, 16
MM, 4, 5, 8
MM, 5, 5, 8
MM, 6, 5, 8
MM, 7, 5, 8
MM, 8, 5, 8
MM, 10, 5, 8
MM, 12, 5, 8
MM, 13, 5, 8
MM, 14, 6, 8
MM, 15, 7, 8
MM, 17, 7, 8
MM, 18, 7, 8
MM, 19, 7, 8
MM, 20, 7, 8
MM, 21, 7, 8
MM, 23, 7, 8
MM, 26, 9, 8
MM, 29, 10, 8
MM, 30, 10, 8
MM, 31, 10, 8
MM, 32, 10, 8
MM, 33, 10, 48
MM, 564, 644, 8
MM, 565, 644, 7
MM, 566, 644, 9
MM, 567, 644, 8
MM, 568, 644, 8
MM, 569, 645, 7
MM, 0, 12, 8
MM, 568, 644, 233
MM, 34, 5, 8
MM, 556, 632, 8
MM, 11, 28, 8
MM, 6, 21, 8
MM, 538, 611, 8
MM, 32, 4, 8
MM, 525, 592, 8
MM, 26, 25, 8
MM, 21, 20, 8
MM, 18, 17, 7
MM, 15, 14, 9
MM, 13, 12, 8
MM, 11, 10, 8
MM, 11, 9, 8
MM, 11, 8, 8
MM, 11, 7, 16
MM, 11, 6, 8
MM, 10, 6, 8
MM, 9, 6, 7
MM, 9, 5, 9
MM, 9, 4, 8
MM, 9, 2, 24
MM, 8, 1, 8
MM, 6, 0, 7
MM, 498, 557, 8
MM, 497, 555, 8
MM, 494, 552, 8
MM, 493, 549, 8
MM, 491, 548, 8
MM, 34, 24, 9
MM, 34, 23, 7
MM, 33, 21, 9
MM, 32, 19, 8
MM, 29, 16, 8
MM, 26, 13, 8
MM, 25, 11, 8
MM, 22, 8, 8
MM, 21, 5, 8
MM, 21, 2, 8
MM, 21, 0, 8
MM, 476, 522, 8
MM, 473, 520, 8
MM, 470, 518, 8
MM, 467, 515, 8
MM, 464, 512, 8
MM, 462, 509, 8
MM, 460, 506, 8
MM, 459, 505, 8
MM, 206, 89, 8
MM, 204, 88, 8
MM, 204, 87, 40
MM, 204, 86, 8
MM, 204, 84, 16
MM, 204, 83, 8
MM, 204, 82, 16
MM, 204, 81, 8
MM, 204, 80, 16
MM, 204, 79, 8
MM, 204, 78, 16
MM, 203, 75, 8
MM, 200, 72, 8
MM, 198, 69, 8
MM, 196, 67, 8
MM, 195, 64, 8
MM, 193, 61, 8
MM, 192, 58, 8
MM, 191, 56, 8
MM, 189, 53, 8
MM, 186, 50, 8
MM, 185, 47, 8
MM, 185, 46, 8
MM, 185, 45, 8
MM, 185, 44, 7
MM, 185, 43, 17
MM, 185, 42, 8
MM, 186, 42, 159
MM, 188, 42, 97
MM, 190, 42, 8
MM, 191, 42, 8
MM, 192, 42, 8
MM, 193, 42, 8
MM, 195, 43, 247
MM, 196, 43, 8
MM, 197, 44, 8
MM, 199, 45, 9
MM, 200, 45, 7
MM, 202, 45, 193
MM, 206, 47, 24
MM, 209, 49, 167
MM, 213, 50, 9
MM, 219, 53, 8
MM, 228, 59, 7
MM, 245, 65, 9
MM, 265, 74, 8
MM, 287, 83, 7
MM, 562, 507, 8
MM, 584, 518, 9
MM, 28, 6, 8
MM, 6, 15, 7
MM, 21, 23, 8
MM, 653, 556, 8
MM, 14, 4, 9
MM, 24, 9, 7
MM, 31, 15, 9
MM, 683, 578, 8
MM, 688, 581, 8
MM, 0, 22, 8
MM, 1, 22, 24
MM, 2, 22, 8
MM, 687, 582, 112
MM, 33, 22, 8
MM, 25, 21, 8
MM, 13, 17, 9
MM, 2, 13, 7
MM, 30, 12, 8
MM, 22, 10, 8
MM, 12, 6, 8
MM, 8, 5, 8
MM, 4, 5, 8
MM, 0, 5, 8
MM, 608, 565, 8
MM, 605, 563, 8
MM, 31, 2, 8
MM, 26, 1, 8
MM, 592, 558, 8
MM, 586, 556, 8
MM, 581, 555, 8
MM, 577, 552, 8
MM, 574, 549, 8
MM, 573, 546, 8
MM, 32, 22, 8
MM, 29, 20, 8
MM, 26, 17, 8
MM, 25, 15, 7
MM, 24, 14, 9
MM, 21, 11, 8
MM, 20, 8, 8
MM, 20, 6, 7
MM, 19, 1, 9
MM, 554, 521, 8
MM, 551, 519, 8
MM, 546, 517, 7
MM, 544, 516, 8
MM, 543, 515, 9
MM, 541, 513, 8
MM, 540, 511, 7
MM, 537, 510, 9
MM, 535, 508, 8
MM, 532, 505, 8
MM, 280, 89, 7
MM, 279, 88, 9
MM, 277, 86, 8
MM, 276, 84, 8
MM, 275, 84, 7
MM, 274, 84, 9
MM, 273, 83, 7
MM, 273, 82, 9
MM, 272, 82, 16
MM, 269, 82, 8
MM, 268, 81, 8
MM, 266, 80, 7
MM, 263, 78, 9
MM, 260, 76, 8
MM, 257, 74, 9
MM, 255, 73, 7
MM, 252, 71, 8
MM, 251, 71, 8
MM, 250, 70, 8
MM, 250, 69, 8
MM, 248, 68, 8
MM, 246, 65, 8
MM, 243, 64, 8
MM, 239, 63, 8
MM, 234, 60, 8
MM, 230, 58, 8
MM, 226, 58, 8
MM, 224, 57, 8
MM, 224, 56, 8
MM, 223, 56, 32
MM, 222, 56, 8
MM, 221, 56, 8
MM, 220, 55, 8
MM, 219, 54, 8
MM, 218, 54, 8
MM, 216, 54, 40
MM, 215, 54, 8
MM, 214, 54, 8
MM, 212, 54, 8
MM, 209, 54, 8
MM, 208, 53, 8
MM, 208, 51, 8
MM, 207, 51, 112
MM, 206, 51, 8
MM, 205, 51, 8
MM, 204, 50, 8
MM, 202, 49, 8
MM, 201, 49, 8
MM, 200, 48, 8
MM, 199, 47, 8
MM, 199, 46, 176
MM, 199, 45, 8
MC, 1, 192
MM, 200, 45, 256
MM, 201, 45, 8
MM, 203, 45, 8
MM, 204, 45, 8
MM, 205, 46, 8
MM, 204, 46, 648
MM, 202, 46, 56
MM, 201, 46, 8
MM, 199, 46, 8
MM, 196, 46, 8
MM, 195, 46, 8
MM, 194, 46, 8
MC, 1, 296
MM, 194, 45, 40
MM, 195, 45, 80
MM, 196, 45, 24
MM, 198, 45, 8
MM, 199, 45, 88
MM, 200, 45, 8
MM, 201, 45, 8
MM, 202, 45, 8
MM, 203, 45, 56
MM, 204, 45, 8
MM, 207, 47, 447
MM, 208, 50, 9
MM, 211, 53, 8
MM, 214, 56, 7
MM, 218, 59, 8
MM, 225, 62, 9
MM, 227, 65, 7
MM, 230, 67, 9
MM, 237, 71, 7
MM, 244, 76, 9
MM, 253, 81, 8
MM, 262, 85, 7
MM, 269, 88, 8
MM, 526, 507, 8
MM, 531, 510, 8
MM, 533, 511, 8
MM, 535, 511, 8
MM, 535, 512, 145
MM, 535, 513, 8
MM, 536, 514, 8
MM, 537, 517, 8
MM, 538, 520, 8
MM, 5, 1, 8
MM, 10, 8, 8
MM, 18, 18, 8
MM, 30, 28, 8
MM, 10, 1, 8
MM, 23, 14, 8
MM, 607, 584, 8
MM, 622, 595, 8
MM, 17, 10, 8
MM, 29, 20, 8
MM, 657, 627, 8
MM, 12, 0, 8
MM, 15, 3, 8
MM, 16, 4, 8
MM, 17, 4, 8
MM, 17, 5, 7
MM, 18, 7, 9
MM, 19, 8, 8
MM, 19, 9, 8
MM, 20, 10, 7
MM, 22, 11, 8
MM, 22, 12, 337
MM, 22, 13, 7
MM, 23, 13, 48
MM, 24, 13, 8
MM, 26, 15, 8
MM, 683, 650, 8
MM, 685, 652, 9
MM, 688, 653, 8
MM, 689, 653, 8
MM, 690, 653, 40
MM, 693, 653, 8
MM, 694, 653, 8
MM, 695, 653, 32
MM, 698, 653, 8
MM, 699, 653, 8
MM, 701, 653, 8
MM, 705, 653, 8
MM, 708, 653, 8
MM, 710, 653, 8
MM, 712, 653, 8
MM, 713, 653, 8
MM, 714, 653, 8
MM, 715, 653, 8
MM, 716, 653, 8
MM, 717, 653, 8
MM, 720, 653, 8
MM, 722, 653, 8
MM, 725, 653, 8
MM, 727, 653, 8
MM, 730, 653, 8
MM, 733, 653, 8
MM, 735, 653, 8
MM, 738, 653, 8
MM, 742, 653, 8
MM, 744, 653, 8
MM, 747, 653, 8
MM, 751, 653, 8
MM, 754, 653, 8
MM, 758, 653, 8
MM, 762, 653, 8
MM, 765, 653, 8
MM, 769, 653, 8
MM, 774, 653, 8
MM, 778, 653, 8
MM, 784, 653, 8
MM, 788, 653, 8
MM, 791, 653, 8
MM, 793, 653, 8
MM, 796, 653, 8
MM, 797, 653, 8
MM, 798, 653, 32
MM, 799, 653, 8
MM, 800, 653, 72
MM, 801, 653, 8
MM, 801, 650, 8
MM, 30, 36, 8
MM, 32, 33, 8
MM, 33, 32, 8
MM, 33, 31, 8
MM, 33, 30, 8
MM, 34, 28, 8
MM, 35, 27, 8
MM, 35, 26, 128
MM, 35, 25, 8
MM, 35, 24, 24
MM, 35, 23, 8
MM, 35, 22, 40
MM, 35, 21, 8
MM, 35, 19, 72
MM, 35, 18, 8
MM, 35, 17, 63
MM, 35, 16, 8
MM, 36, 15, 8
MM, 37, 14, 9
