********************************************************************************
LOGGING TIME: 20181027_154810
CLIENT IP: 10.109.56.70
USERNAME: dell
OS: Windows 8.1
**********************************Emotional database********************************************************************************
MM, 369, 247, 1541893260495
MM, 365, 254, 10
MM, 362, 258, 10
MM, 359, 265, 10
MM, 354, 272, 10
MM, 349, 276, 10
MM, 346, 283, 10
MM, 90, 4, 10
MM, 87, 8, 10
MM, 84, 11, 10
MM, 82, 16, 10
MM, 81, 18, 10
MM, 78, 21, 10
MM, 77, 26, 10
MM, 74, 30, 10
MM, 72, 36, 10
MM, 71, 41, 10
MM, 69, 45, 9
MM, 69, 48, 10
MM, 68, 50, 10
MM, 68, 53, 11
MM, 67, 53, 11
MM, 67, 54, 8
MM, 67, 55, 20
MM, 67, 56, 40
MM, 67, 53, 80
MM, 67, 47, 10
MM, 67, 41, 10
MM, 67, 33, 10
MM, 67, 27, 10
MM, 67, 22, 10
MM, 67, 13, 10
MM, 73, 1, 10
MM, 333, 270, 10
MM, 346, 251, 10
MM, 426, 170, 100
MM, 431, 166, 10
MM, 443, 158, 10
MM, 455, 150, 10
MM, 473, 134, 10
MM, 490, 117, 10
MM, 513, 101, 10
MM, 535, 90, 10
MM, 555, 79, 10
MM, 569, 75, 9
MM, 578, 71, 11
MM, 584, 70, 10
MM, 590, 70, 10
MM, 592, 70, 10
MM, 595, 70, 10
MM, 596, 70, 9
MM, 597, 70, 10
MM, 598, 70, 10
MM, 600, 70, 11
MM, 601, 70, 10
MM, 601, 71, 149
MM, 601, 74, 10
MM, 600, 77, 10
MM, 599, 78, 10
MM, 597, 80, 10
MM, 594, 83, 10
MM, 587, 86, 10
MM, 583, 89, 10
MM, 578, 92, 9
MM, 572, 95, 10
MM, 567, 100, 10
MM, 530, 114, 769
MM, 529, 117, 10
MM, 523, 125, 10
MM, 515, 140, 10
MM, 505, 155, 10
MM, 492, 170, 10
MM, 438, 250, 30
MM, 425, 273, 10
MM, 161, 7, 10
MM, 150, 21, 10
MM, 142, 33, 10
MM, 132, 48, 10
MM, 123, 63, 10
MM, 115, 75, 10
MM, 359, 370, 10
MM, 355, 377, 10
MM, 351, 381, 10
MM, 348, 386, 10
MM, 346, 390, 10
MM, 345, 392, 10
MM, 344, 394, 9
MM, 343, 394, 10
MM, 342, 395, 10
MM, 340, 396, 11
MM, 339, 397, 19
MM, 338, 397, 24
MM, 337, 397, 46
MM, 337, 395, 30
MM, 337, 392, 11
MM, 337, 390, 10
MM, 337, 387, 10
MM, 337, 385, 9
MM, 337, 382, 10
MM, 337, 380, 10
MM, 337, 378, 11
MM, 338, 376, 10
MM, 340, 371, 9
MM, 92, 81, 10
MM, 95, 73, 11
MM, 101, 61, 9
MM, 105, 52, 10
MM, 110, 42, 10
MM, 114, 36, 10
MM, 115, 31, 11
MM, 117, 29, 9
MM, 118, 26, 10
MM, 119, 25, 10
MM, 119, 24, 10
MM, 119, 22, 20
MM, 119, 21, 30
MC, 1, 199
MM, 119, 24, 24298
MM, 119, 30, 9
MM, 119, 38, 11
MM, 119, 46, 10
MM, 119, 55, 9
MM, 119, 63, 10
MM, 121, 72, 10
MM, 121, 78, 10
MM, 121, 82, 10
MM, 372, 372, 12
MM, 373, 375, 9
MM, 373, 377, 10
MM, 373, 380, 10
MM, 373, 384, 10
MM, 373, 388, 10
MM, 373, 393, 10
MM, 373, 397, 10
MM, 373, 401, 10
MM, 373, 402, 10
MM, 373, 405, 10
MM, 373, 406, 10
MM, 373, 407, 10
MM, 373, 408, 20
MM, 373, 409, 20
MM, 373, 411, 40
MM, 373, 412, 39
MM, 373, 414, 10
MM, 122, 2, 10
MM, 122, 6, 10
MM, 122, 9, 10
MM, 122, 11, 10
MM, 122, 14, 10
MM, 122, 15, 10
MM, 122, 16, 12
MM, 122, 17, 8
MM, 122, 18, 10
MM, 122, 19, 20
MM, 122, 20, 20
MM, 122, 22, 20
MM, 122, 23, 30
MM, 122, 24, 20
MC, 1, 129
MM, 122, 16, 744
MM, 100, 66, 8
MM, 287, 152, 8
MM, 131, 713, 888
MM, 131, 697, 7
MM, 131, 681, 8
MM, 131, 665, 8
MM, 130, 649, 9
MM, 124, 635, 7
MM, 118, 625, 9
MM, 114, 616, 7
MM, 111, 610, 8
MM, 109, 603, 8
MM, 108, 597, 8
MM, 104, 588, 8
MM, 103, 579, 8
MM, 101, 571, 8
MM, 97, 559, 8
MM, 91, 547, 8
MM, 83, 533, 9
MM, 72, 518, 8
MM, 62, 506, 8
MM, 57, 499, 8
MM, 54, 496, 8
MM, 53, 495, 8
MM, 52, 497, 80
MM, 50, 503, 8
MM, 50, 511, 8
MM, 51, 522, 7
MM, 57, 532, 9
MM, 65, 544, 8
MM, 73, 556, 7
MM, 80, 563, 9
MM, 89, 571, 8
MM, 101, 574, 8
MM, 112, 574, 8
MM, 128, 574, 7
MM, 150, 571, 8
MM, 172, 562, 8
MM, 194, 553, 8
MM, 213, 545, 9
MM, 230, 536, 8
MM, 244, 530, 8
MM, 256, 524, 8
MM, 266, 519, 7
MM, 275, 515, 8
MM, 286, 513, 8
MM, 295, 511, 8
MM, 301, 510, 8
MM, 305, 510, 9
MM, 306, 510, 7
MM, 307, 510, 48
MM, 308, 510, 8
MM, 311, 510, 8
MM, 313, 510, 8
MM, 316, 510, 8
MM, 319, 510, 8
MM, 320, 510, 112
MM, 322, 510, 8
MM, 326, 510, 9
MM, 331, 510, 7
MM, 335, 510, 8
MM, 339, 512, 8
MM, 342, 513, 9
MM, 345, 516, 8
MM, 348, 517, 8
MM, 350, 519, 8
MM, 353, 522, 8
MM, 0, 9, 120
MM, 2, 10, 8
MM, 5, 11, 8
MM, 8, 13, 8
MM, 9, 13, 7
MM, 10, 14, 9
MM, 10, 15, 7
MM, 13, 16, 8
MM, 15, 19, 9
MM, 17, 20, 8
MM, 19, 22, 8
MM, 20, 23, 8
MM, 21, 24, 7
MM, 22, 25, 8
MM, 25, 25, 393
MM, 31, 25, 8
MM, 0, 25, 8
MM, 19, 25, 8
MM, 451, 548, 8
MM, 14, 25, 8
MM, 30, 25, 8
MM, 2, 25, 8
MM, 16, 25, 8
MM, 22, 25, 8
MM, 26, 25, 8
MM, 29, 25, 8
MM, 29, 26, 495
MM, 29, 29, 9
MM, 527, 558, 8
MM, 0, 7, 7
MM, 5, 16, 8
MM, 13, 28, 8
MM, 12, 3, 9
MM, 20, 13, 7
MM, 27, 20, 9
MM, 575, 627, 8
MM, 12, 0, 8
MM, 17, 4, 7
MM, 18, 9, 8
MM, 20, 10, 8
MM, 21, 11, 8
MM, 21, 12, 8
MM, 22, 13, 8
MM, 23, 15, 8
MM, 24, 15, 16
MM, 25, 15, 8
MM, 25, 16, 64
MM, 26, 17, 8
MM, 28, 18, 8
MM, 30, 20, 8
MM, 33, 22, 8
MM, 35, 22, 8
MM, 38, 22, 9
MM, 611, 657, 8
MM, 0, 25, 8
MM, 1, 25, 8
MM, 4, 25, 8
MM, 6, 25, 8
MM, 7, 25, 160
MM, 10, 25, 8
MM, 11, 25, 8
MM, 12, 25, 8
MM, 13, 23, 8
MM, 17, 23, 16
MM, 21, 23, 8
MM, 24, 23, 8
MM, 26, 23, 8
MM, 28, 23, 127
MM, 29, 23, 8
MM, 30, 22, 8
MM, 646, 655, 8
MM, 648, 655, 265
MM, 651, 655, 8
MM, 1, 21, 8
MM, 6, 21, 8
MM, 7, 21, 8
MM, 9, 20, 8
MM, 12, 19, 8
MM, 15, 19, 79
MM, 17, 19, 8
MM, 20, 19, 8
MM, 22, 19, 8
MM, 24, 20, 368
MM, 23, 20, 8
MM, 23, 19, 161
MM, 22, 17, 8
MM, 21, 15, 8
MM, 19, 10, 8
MM, 18, 6, 8
MM, 17, 2, 8
MM, 667, 633, 8
MM, 666, 630, 8
MM, 6, 30, 8
MM, 6, 28, 8
MM, 6, 25, 8
MM, 5, 23, 8
MM, 4, 20, 8
MM, 3, 19, 8
MM, 1, 16, 8
MM, 1, 15, 8
MM, 0, 13, 8
MM, 657, 607, 8
MM, 655, 604, 8
MM, 654, 601, 8
MM, 653, 599, 8
MM, 651, 596, 7
MM, 650, 593, 9
MM, 649, 591, 7
MM, 1, 29, 8
MM, 1, 28, 9
MM, 647, 588, 8
MM, 646, 588, 8
MM, 645, 587, 8
MM, 643, 585, 8
MM, 30, 23, 8
MM, 29, 21, 7
MM, 28, 18, 8
MM, 27, 17, 8
MM, 26, 16, 8
MM, 24, 15, 8
MM, 23, 12, 9
MM, 23, 11, 8
MM, 22, 10, 7
MM, 21, 9, 8
MM, 21, 8, 16
MM, 21, 7, 8
MM, 20, 5, 48
MM, 18, 3, 8
MM, 18, 0, 8
MM, 629, 559, 8
MM, 628, 559, 64
MM, 627, 559, 8
MM, 16, 0, 49
MM, 16, 2, 16
MM, 16, 4, 8
MM, 16, 7, 8
MM, 16, 9, 8
MM, 16, 13, 8
MM, 16, 18, 8
MM, 16, 22, 8
MM, 16, 26, 8
MM, 16, 29, 8
MM, 627, 593, 8
MM, 627, 596, 8
MM, 627, 595, 239
MM, 627, 594, 8
MM, 627, 593, 8
MM, 627, 592, 8
MM, 627, 591, 72
MM, 16, 30, 9
MM, 16, 29, 8
MM, 16, 28, 7
MM, 16, 26, 16
MM, 16, 25, 9
MM, 16, 24, 16
MM, 16, 23, 8
MC, 1, 272
MM, 14, 23, 32
MM, 11, 23, 8
MM, 7, 23, 8
MM, 0, 27, 7
MM, 607, 590, 8
MM, 602, 594, 9
MM, 18, 2, 7
MM, 15, 6, 8
MM, 12, 11, 8
MM, 10, 14, 9
MM, 7, 16, 7
MM, 4, 19, 8
MM, 1, 22, 8
MM, 579, 622, 8
MM, 576, 625, 8
MM, 575, 629, 8
MM, 3, 0, 8
MM, 2, 2, 8
MM, 2, 3, 9
MM, 2, 5, 8
MM, 1, 7, 8
MM, 0, 8, 8
MM, 0, 9, 8
MM, 0, 10, 8
MM, 568, 646, 8
MM, 567, 647, 8
MM, 566, 647, 184
MM, 565, 647, 8
MM, 564, 647, 8
MM, 34, 13, 7
MM, 33, 14, 192
MM, 32, 15, 9
MC, 1, 319
MM, 30, 18, 16
MM, 27, 20, 8
MM, 21, 24, 8
MM, 12, 29, 8
MM, 534, 666, 8
MM, 127, 1, 8
MM, 123, 5, 8
MM, 118, 7, 9
MM, 114, 8, 8
MM, 111, 11, 8
MM, 110, 12, 8
MM, 109, 13, 8
MM, 106, 16, 8
MM, 105, 17, 8
MM, 105, 18, 8
MM, 105, 19, 8
MC, 1, 247
MM, 104, 19, 33
MM, 100, 19, 7
MM, 94, 19, 8
MM, 84, 19, 8
MM, 70, 19, 8
MM, 54, 19, 8
MM, 36, 19, 8
MM, 17, 18, 8
MM, 0, 14, 8
MM, 389, 683, 8
MM, 383, 683, 8
MM, 380, 682, 8
MM, 378, 681, 8
MM, 376, 681, 8
MM, 375, 681, 65
MM, 374, 681, 8
MM, 374, 679, 24
MM, 374, 678, 8
MM, 374, 677, 8
MM, 373, 675, 8
MM, 372, 673, 8
MM, 372, 672, 71
MM, 372, 671, 9
MM, 373, 670, 7
MM, 378, 668, 8
MM, 380, 667, 9
MM, 13, 30, 8
MM, 16, 29, 8
MM, 17, 29, 8
MM, 20, 28, 7
MM, 22, 26, 8
MM, 22, 25, 208
MM, 22, 24, 8
MM, 23, 23, 8
MM, 25, 19, 8
MM, 26, 15, 8
MM, 28, 12, 8
MM, 28, 9, 8
MM, 29, 7, 8
MM, 30, 5, 8
MM, 31, 4, 8
MM, 404, 637, 8
MM, 406, 636, 8
MM, 409, 633, 8
MM, 412, 631, 8
MM, 413, 631, 8
MM, 414, 630, 17
MM, 415, 629, 8
MM, 415, 632, 160
MM, 6, 0, 8
MM, 6, 3, 8
MM, 8, 6, 8
MM, 9, 7, 8
MM, 9, 8, 8
MM, 9, 9, 8
MM, 9, 10, 7
MM, 9, 11, 9
MM, 9, 12, 111
MM, 9, 14, 8
MM, 10, 15, 9
MM, 11, 16, 8
MC, 1, 216
MM, 9, 16, 32
MM, 6, 15, 8
MM, 1, 11, 8
MM, 406, 642, 8
MM, 403, 640, 8
MM, 30, 4, 8
MM, 29, 2, 8
MM, 28, 2, 8
MM, 27, 2, 8
MM, 27, 1, 8
MM, 26, 0, 8
MM, 393, 633, 8
MM, 392, 630, 8
MM, 391, 629, 8
MM, 388, 628, 8
MM, 7, 30, 8
MM, 7, 29, 8
MM, 7, 27, 8
MM, 6, 27, 48
MM, 5, 27, 8
MM, 4, 27, 8
MM, 3, 27, 8
MM, 1, 27, 168
MM, 0, 27, 8
MM, 378, 624, 8
MM, 375, 624, 8
MM, 374, 623, 80
MM, 34, 25, 8
MM, 32, 25, 8
MM, 29, 25, 8
MM, 28, 24, 8
MM, 27, 23, 8
MC, 1, 247
MM, 34, 23, 73
MM, 4, 24, 8
MM, 16, 28, 8
MM, 410, 629, 8
MM, 421, 630, 8
MM, 432, 632, 8
MM, 444, 636, 8
MM, 6, 6, 8
MM, 20, 8, 8
MM, 483, 644, 8
MM, 6, 12, 8
MM, 15, 14, 8
MM, 21, 15, 8
MM, 27, 15, 8
MM, 33, 15, 8
MM, 527, 649, 8
MM, 6, 15, 8
MM, 12, 15, 8
MM, 16, 15, 8
MM, 24, 15, 8
MM, 28, 15, 8
MM, 31, 15, 8
MM, 33, 15, 8
MM, 565, 649, 8
MM, 567, 649, 8
MM, 567, 650, 88
MM, 567, 651, 7
MM, 569, 651, 9
MM, 0, 17, 7
MM, 568, 651, 136
MM, 566, 651, 8
MM, 34, 17, 9
MM, 32, 17, 7
MM, 30, 17, 8
MM, 28, 17, 8
MM, 27, 17, 8
MM, 26, 17, 16
MM, 25, 16, 8
MM, 23, 16, 8
MM, 22, 16, 8
MM, 20, 16, 8
MM, 17, 16, 8
MM, 16, 15, 8
MM, 15, 14, 8
MM, 34, 15, 360
MM, 13, 17, 8
MM, 30, 17, 8
MM, 14, 17, 8
MM, 445, 651, 8
MM, 25, 17, 8
MM, 14, 17, 8
MM, 8, 17, 8
MM, 2, 17, 8
MM, 405, 651, 8
MM, 32, 17, 8
MM, 30, 15, 8
MM, 29, 15, 48
MM, 27, 15, 8
MM, 23, 13, 8
MM, 19, 10, 8
MM, 18, 8, 8
MM, 14, 7, 8
MM, 11, 7, 8
MM, 10, 6, 8
MM, 9, 5, 8
MM, 9, 4, 105
MM, 9, 3, 8
MM, 8, 1, 8
MM, 7, 0, 8
MM, 377, 633, 8
MM, 376, 631, 8
MM, 374, 628, 8
MM, 34, 28, 8
MM, 31, 25, 8
MM, 28, 23, 8
MM, 27, 20, 8
MM, 25, 17, 8
MM, 23, 14, 8
MM, 20, 13, 8
MM, 17, 11, 8
MM, 16, 9, 8
MM, 15, 8, 8
MM, 13, 8, 8
MM, 12, 6, 8
MM, 11, 5, 7
MM, 11, 4, 9
MM, 11, 3, 8
MM, 11, 8, 279
MM, 11, 9, 8
MM, 14, 9, 8
MM, 18, 10, 8
MM, 24, 12, 8
MM, 30, 12, 8
MM, 375, 609, 9
MM, 3, 12, 8
MM, 11, 12, 8
MM, 17, 12, 8
MM, 23, 12, 8
MM, 29, 12, 8
MM, 32, 12, 8
MM, 33, 12, 8
MM, 34, 12, 8
MM, 415, 609, 48
MM, 416, 609, 8
MM, 419, 609, 8
MM, 0, 12, 8
MM, 2, 12, 8
MM, 3, 12, 8
MC, 1, 424
MM, 420, 610, 32
MM, 34, 15, 8
MM, 28, 15, 8
MM, 23, 15, 8
MM, 21, 15, 8
MM, 20, 15, 8
MM, 18, 15, 8
MM, 17, 15, 8
MM, 15, 15, 96
MM, 11, 15, 7
MM, 6, 15, 8
MM, 0, 15, 8
MM, 374, 613, 8
MM, 31, 18, 9
MM, 28, 18, 7
MM, 27, 18, 8
MM, 26, 18, 8
MM, 25, 18, 8
MM, 24, 18, 48
MM, 23, 18, 8
MM, 21, 18, 8
MM, 20, 18, 8
MM, 19, 18, 8
MM, 17, 18, 8
MM, 16, 18, 8
MM, 15, 18, 8
MM, 13, 18, 8
MC, 1, 209
MM, 13, 19, 40
MM, 13, 20, 8
MM, 14, 21, 8
MM, 16, 24, 8
MM, 17, 26, 8
MM, 19, 29, 7
MM, 361, 628, 9
MM, 363, 629, 8
MM, 366, 632, 8
MM, 369, 635, 8
MM, 2, 3, 8
MM, 6, 8, 8
MM, 11, 13, 8
MM, 16, 20, 8
MM, 21, 27, 8
MM, 396, 665, 8
MM, 403, 670, 8
MM, 8, 2, 8
MM, 10, 5, 7
MM, 15, 8, 9
MM, 19, 11, 7
MM, 22, 13, 8
MM, 26, 14, 8
MM, 29, 17, 8
MM, 30, 18, 8
MM, 34, 21, 8
MM, 39, 24, 8
MM, 42, 25, 8
MM, 46, 26, 8
MM, 49, 26, 8
MM, 50, 26, 417
MM, 52, 26, 8
MM, 57, 26, 8
MM, 63, 23, 8
MM, 70, 20, 8
MM, 79, 16, 8
MM, 90, 12, 8
MM, 99, 10, 8
MM, 110, 8, 8
MM, 121, 7, 8
MM, 132, 7, 8
MM, 143, 7, 8
MM, 149, 7, 8
MM, 157, 7, 8
MM, 163, 7, 8
MM, 569, 678, 8
MM, 575, 676, 8
MM, 578, 675, 8
MM, 582, 673, 8
MM, 587, 670, 8
MM, 589, 669, 8
MM, 592, 668, 8
MM, 595, 665, 8
MM, 29, 28, 8
MM, 32, 26, 7
MM, 35, 25, 9
MM, 38, 24, 7
MM, 609, 656, 9
MM, 610, 655, 8
MM, 611, 654, 7
MM, 612, 653, 9
MM, 613, 653, 336
MM, 614, 653, 8
MM, 1, 19, 8
MM, 2, 19, 8
MM, 3, 19, 16
MM, 4, 19, 8
MM, 5, 18, 16
MM, 6, 17, 8
MM, 7, 17, 40
MM, 8, 17, 8
MM, 10, 17, 8
MM, 11, 17, 8
MM, 12, 16, 8
MM, 13, 14, 8
MM, 14, 14, 16
MM, 15, 14, 8
MC, 1, 223
MM, 14, 14, 81
MM, 13, 14, 8
MM, 10, 14, 8
MM, 8, 14, 8
MM, 4, 14, 8
MM, 614, 648, 8
MM, 610, 648, 8
MM, 36, 14, 8
MM, 31, 15, 8
MM, 25, 18, 8
MM, 18, 21, 8
MM, 14, 24, 8
MM, 11, 26, 8
MM, 7, 29, 7
MM, 570, 668, 9
MM, 163, 2, 8
MM, 159, 5, 8
MM, 154, 6, 7
MM, 150, 9, 8
MM, 147, 11, 8
MM, 144, 12, 8
MM, 143, 13, 9
MM, 141, 14, 7
MM, 136, 16, 9
MM, 134, 17, 8
MM, 131, 19, 8
MM, 128, 19, 7
MM, 124, 20, 8
MM, 120, 22, 8
MM, 117, 23, 8
MM, 112, 24, 9
MM, 110, 24, 8
MM, 109, 26, 8
MM, 106, 27, 7
MM, 104, 27, 8
MM, 101, 28, 8
MM, 98, 30, 8
MM, 494, 702, 8
MM, 491, 703, 8
MM, 490, 703, 8
MM, 489, 703, 9
MM, 488, 703, 280
MM, 487, 703, 8
MM, 484, 703, 8
MM, 481, 702, 8
MM, 81, 30, 7
MM, 81, 28, 9
MC, 1, 448
MM, 81, 27, 232
MM, 81, 26, 8
MM, 81, 25, 16
MM, 81, 24, 8
MM, 81, 23, 8
MM, 81, 22, 8
MM, 81, 21, 8
MM, 81, 18, 8
MM, 81, 16, 8
MM, 80, 13, 8
MM, 79, 10, 8
MM, 79, 9, 8
MM, 79, 8, 8
MM, 79, 5, 8
MM, 79, 3, 7
MM, 79, 2, 8
MM, 79, 1, 8
MM, 479, 669, 9
MM, 479, 667, 7
MM, 30, 30, 8
MM, 30, 29, 8
MM, 30, 28, 9
MM, 30, 27, 8
MM, 30, 25, 8
MM, 30, 23, 7
MM, 30, 20, 9
MM, 30, 18, 8
MM, 30, 15, 7
MM, 30, 14, 8
MM, 30, 13, 8
MM, 30, 12, 8
MM, 30, 11, 8
MM, 30, 10, 9
MM, 30, 9, 7
MM, 30, 6, 8
MM, 30, 4, 8
MM, 30, 1, 8
MM, 479, 632, 8
MM, 479, 630, 8
MM, 477, 629, 8
MM, 476, 628, 8
MM, 14, 29, 8
MM, 13, 28, 8
MM, 12, 27, 8
MM, 12, 26, 8
MM, 11, 24, 8
MM, 9, 21, 8
MM, 8, 18, 8
MM, 5, 17, 9
MM, 4, 16, 8
MM, 3, 13, 8
MM, 2, 10, 8
MM, 0, 9, 8
MM, 461, 605, 8
MM, 461, 603, 8
MM, 461, 602, 8
MM, 460, 600, 16
MM, 459, 599, 8
MM, 459, 598, 8
MM, 459, 597, 8
MM, 459, 596, 8
MM, 459, 595, 8
MM, 459, 594, 120
MM, 459, 592, 8
MM, 460, 591, 8
MM, 7, 30, 8
MM, 8, 30, 8
MM, 9, 30, 8
MM, 11, 29, 8
MM, 13, 27, 8
MM, 14, 27, 8
MM, 17, 27, 8
MM, 19, 27, 8
MM, 20, 27, 7
MM, 23, 27, 8
MM, 24, 27, 9
MM, 26, 27, 8
MM, 31, 27, 8
MM, 488, 587, 8
MM, 490, 587, 8
MM, 493, 587, 8
MM, 1, 26, 7
MM, 6, 25, 8
MM, 7, 25, 9
MM, 11, 25, 8
MM, 15, 25, 8
MM, 18, 23, 8
MM, 22, 22, 8
MM, 25, 20, 7
MM, 26, 19, 8
MC, 1, 392
MM, 30, 20, 25
MM, 525, 582, 7
MM, 526, 585, 8
MM, 528, 588, 8
MM, 528, 589, 8
MM, 530, 589, 8
MM, 2, 30, 8
MM, 536, 593, 8
MM, 542, 596, 8
MM, 12, 5, 8
MM, 21, 10, 8
MM, 28, 14, 8
MM, 34, 17, 8
MM, 579, 617, 8
MM, 2, 23, 8
MM, 5, 24, 8
MM, 6, 24, 8
MM, 7, 24, 8
MM, 5, 24, 217
MM, 0, 24, 8
MM, 579, 621, 8
MM, 578, 621, 8
MM, 576, 621, 8
MM, 575, 621, 8
MM, 34, 24, 8
MM, 33, 24, 8
MM, 32, 24, 7
MM, 31, 24, 25
MM, 30, 24, 8
MM, 27, 24, 8
MM, 25, 24, 8
MM, 23, 24, 64
MM, 22, 24, 7
MM, 21, 24, 9
MM, 20, 24, 8
MC, 1, 176
MM, 19, 24, 32
MM, 16, 24, 8
MM, 12, 23, 8
MM, 4, 21, 8
MM, 535, 614, 7
MM, 27, 14, 8
MM, 13, 10, 9
MM, 4, 8, 8
MM, 497, 604, 8
MM, 28, 3, 8
MM, 24, 0, 8
MM, 481, 596, 7
MM, 479, 596, 8
MM, 474, 594, 8
MM, 472, 593, 9
MM, 471, 592, 8
MM, 469, 591, 8
MM, 12, 30, 8
MM, 10, 28, 7
MM, 7, 27, 8
MM, 4, 26, 8
MM, 2, 24, 8
MM, 0, 23, 9
MM, 454, 582, 8
MM, 451, 580, 8
MM, 450, 580, 8
MM, 34, 20, 7
MM, 33, 19, 8
MM, 32, 18, 8
MM, 30, 18, 8
MM, 28, 17, 8
MM, 27, 16, 9
MC, 1, 288
MM, 27, 17, 31
MM, 27, 21, 9
MM, 27, 26, 8
MM, 444, 594, 8
MM, 25, 6, 8
MM, 28, 12, 8
MM, 31, 19, 7
MM, 456, 623, 9
MM, 459, 632, 7
MM, 14, 9, 9
MM, 18, 21, 7
MM, 22, 30, 9
MM, 72, 1, 8
MM, 74, 10, 8
MM, 77, 17, 7
MM, 79, 21, 8
MM, 80, 22, 8
MM, 81, 23, 9
MM, 81, 24, 8
MM, 82, 26, 16
MM, 83, 27, 7
MM, 84, 28, 8
MM, 86, 29, 8
MM, 86, 30, 8
MM, 486, 702, 8
MM, 487, 702, 328
MM, 488, 702, 8
MM, 89, 27, 8
MM, 91, 23, 9
MM, 91, 19, 7
MM, 92, 14, 8
MM, 93, 11, 8
MM, 95, 9, 8
MM, 96, 8, 8
MM, 96, 6, 8
MM, 96, 5, 8
MC, 1, 225
MM, 98, 5, 48
MM, 103, 5, 8
MM, 107, 5, 8
MM, 115, 4, 8
MM, 121, 2, 8
MM, 127, 1, 8
MM, 536, 670, 8
MM, 542, 668, 8
MM, 549, 667, 8
MM, 553, 665, 8
MM, 28, 30, 8
MM, 33, 28, 8
MM, 564, 661, 8
MM, 567, 661, 8
MM, 568, 660, 8
MM, 569, 659, 8
MM, 0, 25, 8
MM, 2, 24, 8
MM, 3, 22, 8
MM, 4, 22, 16
MM, 5, 22, 8
MM, 5, 21, 8
MM, 6, 20, 8
MM, 7, 20, 8
MM, 10, 19, 8
MM, 12, 18, 8
MM, 15, 16, 8
MM, 18, 15, 8
MM, 19, 14, 8
MM, 22, 12, 8
MM, 23, 12, 8
MM, 23, 11, 8
MM, 23, 10, 8
MC, 1, 184
MM, 23, 9, 40
MM, 24, 6, 8
MM, 27, 2, 8
MM, 598, 630, 8
MM, 19, 28, 8
MM, 22, 24, 8
MM, 23, 18, 8
MM, 25, 12, 8
MM, 28, 5, 8
MM, 612, 598, 8
MM, 614, 595, 8
MM, 614, 594, 8
MM, 615, 593, 8
MM, 616, 591, 8
MM, 6, 30, 47
MM, 7, 29, 8
MM, 8, 28, 8
MM, 11, 27, 8
MM, 14, 25, 8
MM, 16, 23, 8
MM, 18, 21, 9
MM, 20, 20, 15
MM, 25, 17, 8
MM, 26, 16, 8
MM, 28, 15, 9
MM, 644, 572, 7
MM, 645, 571, 8
MM, 647, 569, 8
MM, 2, 8, 8
MM, 3, 8, 8
MM, 4, 8, 8
MC, 1, 424
MM, 643, 568, 32
MM, 14, 8, 8
MM, 606, 568, 8
MM, 15, 8, 8
MM, 566, 568, 8
MM, 17, 8, 8
MM, 0, 8, 8
MM, 24, 8, 8
MM, 10, 9, 8
MM, 493, 571, 8
MM, 23, 13, 8
MM, 10, 15, 8
MM, 34, 17, 8
MM, 18, 21, 8
MM, 4, 23, 8
MM, 36, 23, 9
MM, 28, 23, 8
MM, 20, 23, 8
MM, 15, 23, 8
MM, 11, 23, 8
MM, 8, 23, 8
MM, 7, 23, 8
MM, 6, 23, 8
MM, 4, 23, 8
MM, 1, 23, 8
MM, 0, 23, 8
MM, 371, 583, 7
MM, 371, 584, 137
MM, 371, 587, 7
MM, 371, 589, 8
MM, 371, 592, 8
MM, 371, 594, 8
MM, 34, 0, 9
MM, 374, 598, 8
MM, 375, 598, 7
MM, 376, 599, 104
MM, 379, 601, 9
MM, 1, 5, 8
MM, 4, 6, 8
MM, 5, 6, 8
MM, 6, 6, 96
MM, 7, 6, 8
MC, 1, 224
MM, 9, 6, 24
MM, 10, 6, 7
MM, 12, 6, 9
MM, 16, 6, 8
MM, 21, 6, 8
MM, 27, 6, 8
MM, 31, 6, 8
MM, 415, 603, 7
MM, 419, 603, 8
MM, 5, 6, 8
MM, 14, 2, 8
MM, 439, 596, 8
MM, 445, 595, 8
MM, 449, 595, 8
MM, 451, 594, 9
MM, 453, 592, 7
MM, 454, 592, 8
MM, 457, 591, 8
MM, 4, 30, 9
MM, 6, 28, 7
MM, 9, 27, 8
MM, 10, 27, 8
MM, 13, 26, 9
MM, 14, 25, 7
MM, 16, 23, 8
MM, 21, 22, 8
MM, 23, 22, 8
MM, 27, 22, 8
MM, 30, 22, 8
MM, 489, 580, 8
MM, 493, 579, 8
MM, 0, 19, 8
MM, 1, 19, 8
MM, 3, 19, 8
MM, 4, 18, 73
MM, 6, 17, 8
MM, 9, 15, 8
MM, 13, 12, 8
MM, 16, 11, 8
MM, 17, 10, 8
MM, 18, 9, 8
MC, 1, 199
MM, 18, 13, 65
MM, 18, 15, 8
MM, 18, 18, 7
MM, 18, 22, 8
MM, 20, 25, 8
MM, 21, 27, 9
MM, 515, 592, 8
MM, 515, 596, 8
MM, 16, 2, 8
MM, 16, 6, 7
MM, 16, 10, 8
MM, 16, 13, 8
MM, 16, 15, 8
MM, 16, 18, 8
MM, 18, 21, 8
MM, 19, 23, 8
MM, 19, 26, 8
MM, 19, 27, 8
MM, 19, 29, 8
MM, 518, 631, 8
MM, 518, 633, 8
MM, 30, 0, 8
MM, 30, 1, 8
MM, 30, 3, 8
MM, 30, 4, 17
MM, 30, 5, 8
MM, 30, 6, 8
MM, 30, 7, 8
MM, 30, 10, 16
MM, 30, 12, 8
MM, 30, 13, 8
MM, 30, 16, 8
MM, 30, 17, 8
MM, 30, 19, 8
MM, 30, 22, 8
MM, 30, 23, 64
MM, 30, 24, 8
MM, 30, 25, 8
MM, 30, 26, 8
MM, 30, 28, 16
MM, 30, 29, 8
MM, 29, 29, 79
MM, 29, 30, 8
MM, 517, 665, 8
MM, 517, 666, 32
MM, 517, 667, 8
MM, 517, 668, 8
MM, 517, 669, 8
MM, 117, 0, 8
MM, 117, 1, 8
MM, 117, 2, 89
MM, 116, 3, 8
MM, 114, 3, 8
MM, 114, 4, 8
MM, 114, 5, 8
MM, 114, 6, 32
MM, 114, 8, 8
MM, 114, 9, 8
MM, 114, 10, 8
MC, 1, 207
MM, 115, 10, 88
MM, 118, 10, 8
MM, 123, 8, 8
MM, 129, 7, 8
MM, 138, 5, 8
MM, 149, 3, 8
MM, 560, 670, 8
MM, 572, 666, 8
MM, 16, 28, 8
MM, 27, 24, 8
MM, 609, 655, 8
MM, 6, 17, 8
MM, 17, 11, 9
MM, 29, 7, 9
MM, 3, 5, 7
MM, 15, 1, 8
MM, 678, 631, 8
MM, 687, 630, 8
MM, 691, 630, 8
MM, 695, 628, 8
MM, 702, 625, 8
MM, 706, 624, 8
MM, 715, 620, 8
MM, 721, 617, 8
MM, 724, 616, 8
MM, 728, 614, 8
MM, 731, 613, 8
MM, 732, 612, 8
MM, 734, 609, 8
MM, 735, 606, 8
MM, 738, 605, 8
MM, 740, 602, 8
MM, 742, 601, 8
MM, 744, 600, 8
MM, 745, 597, 8
MM, 745, 596, 8
MM, 747, 595, 8
MM, 749, 593, 8
MM, 750, 593, 8
MM, 750, 592, 8
MM, 750, 590, 8
MM, 750, 589, 8
MM, 750, 588, 8
MM, 750, 586, 8
MM, 750, 585, 16
MM, 748, 584, 8
MM, 741, 583, 8
MM, 732, 579, 8
MM, 726, 577, 8
MM, 31, 16, 8
MM, 28, 14, 8
MM, 24, 13, 8
MM, 18, 11, 8
MM, 13, 10, 8
MM, 9, 9, 8
MM, 5, 7, 8
MM, 0, 6, 8
MM, 687, 566, 8
MM, 684, 566, 8
MM, 683, 566, 8
MM, 683, 564, 8
MM, 683, 563, 8
MM, 686, 565, 207
MM, 687, 565, 8
MM, 688, 565, 16
MM, 1, 6, 8
MM, 6, 7, 8
MM, 10, 7, 8
MM, 14, 9, 8
MM, 17, 10, 8
MM, 18, 10, 8
MM, 19, 10, 8
MC, 1, 312
MM, 17, 12, 56
MM, 8, 13, 8
MM, 2, 13, 9
MM, 33, 13, 8
MM, 27, 13, 7
MM, 21, 15, 8
MM, 15, 16, 8
MM, 9, 16, 8
MM, 3, 16, 8
MM, 2, 16, 9
MM, 1, 16, 8
MM, 646, 578, 8
MM, 643, 579, 7
MM, 28, 20, 8
MM, 24, 22, 8
MM, 21, 22, 8
MM, 15, 23, 8
MM, 12, 25, 8
MM, 10, 25, 8
MM, 7, 25, 8
MM, 5, 25, 177
MM, 2, 25, 8
MM, 609, 585, 8
MM, 34, 25, 8
MM, 28, 24, 8
MM, 20, 22, 8
MM, 15, 21, 8
MM, 5, 19, 8
MM, 569, 579, 8
MM, 565, 578, 8
MM, 29, 16, 8
MM, 27, 16, 8
MM, 22, 16, 8
MM, 18, 16, 8
MM, 14, 16, 8
MM, 8, 16, 8
MM, 2, 16, 8
MM, 528, 575, 8
MM, 28, 13, 8
MM, 20, 13, 8
MM, 12, 13, 8
MM, 6, 13, 8
MM, 492, 572, 8
MM, 29, 10, 8
MM, 25, 10, 8
MM, 23, 10, 7
MC, 1, 296
MM, 28, 10, 49
MM, 492, 570, 8
MM, 9, 10, 8
MM, 20, 10, 8
MM, 527, 570, 8
MM, 12, 10, 8
MM, 28, 10, 8
MM, 5, 10, 8
MM, 11, 10, 8
MM, 19, 10, 8
MM, 25, 10, 8
MM, 28, 10, 8
MM, 34, 10, 8
MM, 606, 570, 8
MM, 609, 570, 8
MM, 4, 10, 8
MM, 6, 10, 8
MM, 9, 10, 8
MM, 15, 10, 8
MM, 18, 10, 8
MM, 22, 9, 8
MM, 26, 7, 8
MM, 643, 567, 8
MM, 1, 7, 8
MM, 4, 7, 8
MM, 6, 7, 8
MM, 9, 6, 8
MM, 12, 5, 8
MC, 1, 416
MM, 9, 5, 24
MM, 647, 565, 8
MM, 23, 5, 8
MM, 4, 5, 8
MM, 24, 6, 8
MM, 2, 10, 8
MM, 17, 12, 8
MM, 526, 574, 8
MM, 8, 17, 8
MM, 30, 17, 8
MM, 17, 19, 8
MM, 5, 20, 8
MM, 3, 20, 8
MM, 2, 20, 8
MM, 0, 20, 8
MM, 454, 582, 87
MM, 451, 583, 8
MM, 34, 23, 9
MM, 29, 23, 7
MM, 28, 23, 9
MM, 27, 24, 7
MM, 26, 25, 8
MM, 26, 26, 80
MM, 26, 28, 8
MM, 26, 29, 9
MM, 441, 591, 8
MM, 20, 0, 8
MM, 20, 6, 7
MM, 20, 10, 8
MM, 22, 13, 8
MM, 22, 14, 8
MM, 22, 15, 8
MC, 1, 297
MM, 25, 15, 16
MM, 30, 15, 8
MM, 457, 612, 7
MM, 3, 15, 9
MM, 13, 15, 8
MM, 22, 15, 8
MM, 1, 15, 8
MM, 12, 15, 8
MM, 20, 15, 7
MM, 31, 13, 8
MM, 537, 608, 9
MM, 8, 7, 8
MM, 17, 4, 8
MM, 22, 1, 8
MM, 566, 596, 8
MM, 569, 596, 8
MM, 570, 595, 7
MM, 571, 594, 9
MM, 571, 593, 247
MM, 571, 592, 9
MM, 571, 591, 7
MM, 1, 30, 8
MM, 1, 27, 64
MM, 1, 25, 8
MM, 2, 23, 8
MM, 3, 22, 9
MM, 4, 21, 15
MM, 5, 20, 8
MM, 7, 20, 8
MM, 8, 19, 8
MM, 9, 18, 8
MM, 11, 18, 8
MM, 12, 18, 9
MM, 14, 18, 8
MM, 15, 18, 8
MC, 1, 208
MM, 12, 18, 31
MM, 2, 18, 9
MM, 28, 18, 8
MM, 14, 18, 8
MM, 529, 581, 8
MM, 20, 27, 8
MM, 497, 593, 7
MM, 21, 2, 8
MM, 9, 8, 8
MM, 0, 16, 9
MM, 34, 21, 7
MM, 29, 24, 8
MM, 28, 27, 8
MM, 25, 28, 9
MM, 23, 28, 7
MM, 22, 29, 16
MM, 441, 628, 8
MM, 440, 628, 8
MM, 438, 628, 8
MM, 435, 628, 8
MM, 433, 629, 8
MM, 428, 630, 8
MM, 426, 630, 8
MM, 424, 630, 9
MM, 422, 632, 8
MM, 421, 633, 8
MM, 418, 633, 8
MM, 416, 633, 8
MM, 7, 0, 136
MM, 7, 1, 8
MM, 7, 2, 8
MM, 7, 3, 7
MM, 7, 6, 64
MM, 7, 8, 8
MM, 7, 11, 8
MM, 7, 13, 8
MM, 7, 15, 8
MM, 8, 16, 8
MM, 9, 17, 8
MM, 10, 18, 8
MM, 12, 18, 8
MM, 13, 18, 8
MC, 1, 177
MM, 14, 18, 24
MM, 16, 18, 8
MM, 21, 18, 8
MM, 27, 13, 8
MM, 443, 639, 7
MM, 451, 632, 9
MM, 458, 625, 7
MM, 1, 21, 8
MM, 4, 14, 8
MM, 7, 10, 9
MM, 9, 7, 7
MM, 9, 6, 8
MM, 10, 5, 8
MM, 11, 4, 8
MM, 12, 4, 80
MM, 15, 4, 8
MM, 19, 2, 8
MM, 487, 596, 8
MM, 492, 593, 9
MM, 1, 30, 8
MM, 2, 29, 7
MM, 3, 29, 281
MM, 4, 29, 8
MM, 4, 28, 8
MM, 5, 27, 8
MM, 6, 27, 8
MC, 1, 176
MM, 9, 27, 15
MM, 10, 27, 8
MM, 11, 27, 8
MM, 13, 27, 9
MM, 18, 27, 8
MM, 22, 27, 8
MM, 28, 27, 8
MM, 528, 585, 8
MM, 3, 24, 8
MM, 9, 22, 8
MM, 16, 21, 8
MM, 20, 21, 8
MM, 24, 19, 8
MM, 29, 18, 8
MM, 31, 18, 8
MM, 567, 576, 8
MM, 1, 15, 7
MM, 4, 15, 8
MM, 6, 13, 8
MM, 7, 12, 8
MM, 10, 12, 16
MM, 14, 12, 8
MM, 18, 12, 8
MM, 23, 12, 8
MM, 27, 12, 8
MM, 33, 12, 8
MM, 607, 572, 8
MM, 0, 12, 8
MM, 3, 12, 8
MM, 4, 12, 9
MM, 8, 12, 7
MM, 12, 12, 8
MM, 15, 12, 8
MM, 17, 12, 8
MM, 20, 12, 8
MM, 23, 12, 8
MM, 24, 12, 8
MC, 1, 265
MM, 22, 12, 32
MM, 14, 13, 8
MM, 3, 15, 8
MM, 30, 19, 8
MM, 15, 27, 8
MM, 576, 595, 8
MM, 26, 6, 8
MM, 17, 11, 8
MM, 12, 16, 8
MM, 9, 19, 8
MM, 6, 20, 7
MM, 5, 21, 8
MM, 4, 22, 8
MM, 2, 23, 9
MM, 1, 23, 8
MM, 1, 25, 8
MM, 539, 623, 7
MM, 538, 624, 8
MM, 536, 625, 8
MM, 32, 30, 8
MM, 529, 629, 8
MM, 526, 632, 8
MM, 524, 635, 8
MM, 523, 638, 8
MM, 34, 5, 8
MM, 33, 5, 9
MM, 32, 5, 7
MM, 30, 6, 64
MM, 29, 7, 8
MM, 25, 8, 8
MM, 17, 10, 8
MM, 6, 12, 8
MM, 31, 16, 8
MM, 25, 18, 8
MM, 22, 18, 8
MM, 18, 19, 8
MM, 15, 20, 8
MM, 14, 20, 8
MM, 13, 20, 8
MM, 12, 20, 49
MM, 10, 20, 8
MC, 1, 247
MM, 9, 20, 24
MM, 7, 18, 8
MM, 5, 13, 8
MM, 2, 7, 8
MM, 446, 634, 8
MM, 443, 629, 8
MM, 20, 26, 8
MM, 19, 20, 8
MM, 16, 16, 8
MM, 14, 11, 8
MM, 14, 9, 8
MM, 13, 8, 8
MM, 12, 8, 9
MM, 12, 6, 8
MM, 12, 5, 8
MM, 12, 4, 96
MM, 12, 3, 8
MM, 12, 2, 8
MM, 12, 1, 8
MM, 12, 0, 8
MM, 433, 596, 8
MM, 433, 594, 87
MM, 433, 593, 8
MM, 433, 592, 9
MM, 433, 591, 8
MP, 1, 352
MR, 1, 95
MC, 1, 0
MM, 18, 30, 792
MM, 18, 27, 9
MM, 18, 25, 7
MM, 18, 24, 8
MC, 1, 393
MM, 19, 26, 72
MM, 19, 29, 8
MM, 436, 592, 8
MM, 437, 596, 8
MM, 16, 7, 8
MM, 18, 16, 7
MM, 20, 24, 8
MM, 443, 635, 8
MM, 445, 649, 9
MM, 446, 658, 8
MM, 1, 30, 8
MM, 451, 670, 8
MM, 53, 2, 8
MM, 54, 5, 8
MM, 54, 7, 8
MM, 55, 9, 8
MM, 56, 10, 7
MM, 57, 11, 9
MM, 59, 12, 8
MM, 60, 13, 8
MM, 61, 14, 8
MM, 61, 15, 71
MM, 62, 16, 8
MM, 63, 18, 8
MM, 64, 20, 8
MM, 66, 21, 8
MM, 67, 22, 8
MM, 68, 24, 8
MM, 68, 23, 257
MM, 68, 22, 8
MM, 68, 21, 8
MM, 68, 20, 8
MC, 1, 272
MM, 68, 19, 48
MM, 68, 16, 8
MM, 68, 12, 8
MM, 68, 8, 7
MM, 67, 5, 8
MM, 66, 2, 8
MM, 66, 1, 8
MM, 66, 0, 8
MM, 466, 669, 8
MM, 466, 668, 8
MM, 466, 666, 8
MM, 465, 665, 9
MM, 15, 30, 8
MM, 15, 28, 8
MM, 13, 25, 8
MM, 12, 24, 8
MM, 12, 23, 16
MM, 12, 22, 8
MM, 12, 20, 136
MM, 12, 19, 8
MM, 11, 18, 8
MM, 10, 17, 8
MM, 10, 16, 8
MM, 10, 15, 8
MM, 9, 14, 8
MM, 8, 13, 8
MM, 8, 11, 40
MM, 8, 10, 8
MM, 6, 8, 8
MM, 5, 5, 8
MM, 5, 2, 8
MM, 5, 0, 7
MM, 454, 633, 9
MM, 453, 630, 8
MM, 452, 629, 7
MM, 29, 30, 8
MM, 28, 27, 8
MM, 28, 26, 144
MM, 28, 25, 8
MM, 27, 25, 17
MM, 26, 25, 8
MM, 26, 23, 8
MM, 26, 22, 8
MC, 1, 144
MM, 25, 22, 15
MM, 22, 22, 9
MM, 18, 22, 8
MM, 12, 21, 8
MM, 3, 19, 8
MM, 33, 19, 8
MM, 25, 17, 8
MM, 16, 16, 8
MM, 10, 16, 8
MM, 6, 14, 8
MM, 3, 13, 8
MM, 2, 13, 8
MM, 1, 13, 7
MM, 379, 610, 8
MM, 378, 610, 8
MM, 377, 610, 72
MM, 376, 610, 8
MM, 375, 610, 9
MM, 374, 610, 8
MM, 34, 13, 624
MM, 31, 13, 8
MM, 29, 13, 8
MM, 26, 13, 8
MM, 24, 13, 8
MM, 22, 13, 8
MC, 1, 303
MM, 28, 14, 16
MM, 375, 611, 9
MM, 3, 14, 7
MM, 16, 14, 8
MM, 30, 14, 8
MM, 5, 13, 8
MM, 22, 11, 8
MM, 457, 604, 8
MM, 6, 1, 8
MM, 477, 596, 8
MM, 483, 595, 8
MM, 488, 593, 9
MM, 492, 592, 8
MM, 2, 30, 8
MM, 9, 29, 8
MM, 17, 27, 8
MM, 26, 27, 8
MM, 0, 25, 8
MM, 14, 23, 8
MM, 24, 23, 8
MM, 566, 583, 8
MM, 4, 23, 8
MM, 10, 23, 8
MM, 15, 23, 8
MM, 16, 23, 8
MM, 12, 23, 199
MM, 4, 23, 8
MM, 566, 583, 8
MM, 30, 23, 8
MM, 26, 23, 8
MM, 24, 23, 8
MC, 1, 297
MM, 24, 26, 56
MM, 24, 30, 7
MM, 555, 596, 9
MM, 15, 3, 8
MM, 15, 8, 8
MM, 15, 14, 8
MM, 15, 18, 8
MM, 15, 24, 8
MM, 15, 30, 8
MM, 555, 631, 8
MM, 26, 3, 7
MM, 26, 7, 9
MM, 26, 10, 8
MM, 26, 12, 8
MM, 26, 14, 8
MM, 26, 15, 7
MM, 26, 17, 8
MM, 26, 18, 8
MM, 26, 19, 17
MM, 26, 21, 8
MM, 24, 22, 240
MM, 23, 24, 8
MM, 22, 27, 8
MM, 548, 665, 8
MM, 546, 668, 8
MM, 546, 669, 8
MM, 146, 1, 8
MM, 145, 3, 8
MM, 144, 5, 8
MM, 144, 6, 8
MM, 144, 7, 8
MM, 143, 7, 48
MM, 142, 8, 8
MM, 140, 11, 8
MM, 138, 13, 8
MM, 135, 16, 8
MM, 132, 19, 8
MM, 130, 22, 8
MM, 130, 23, 8
MC, 1, 215
MM, 131, 20, 40
MM, 134, 17, 8
MM, 136, 15, 8
MM, 141, 10, 8
MM, 146, 5, 8
MM, 153, 0, 9
MM, 31, 30, 7
MM, 564, 659, 8
MM, 567, 656, 8
MM, 0, 20, 8
MM, 5, 17, 8
MM, 9, 14, 8
MM, 16, 10, 8
MM, 25, 5, 9
MM, 32, 0, 7
MM, 609, 628, 8
MM, 616, 623, 8
MM, 2, 23, 8
MM, 7, 20, 8
MM, 10, 16, 8
MM, 15, 9, 8
MM, 19, 4, 8
MM, 22, 2, 8
MM, 643, 596, 8
MM, 644, 593, 8
MM, 645, 592, 8
MM, 0, 29, 8
MM, 3, 27, 8
MM, 6, 25, 8
MM, 8, 22, 8
MM, 11, 21, 8
MM, 14, 20, 8
MM, 17, 17, 8
MM, 20, 14, 8
MM, 21, 13, 8
MM, 22, 12, 9
MM, 23, 10, 7
MM, 24, 10, 25
MM, 25, 10, 8
MM, 25, 9, 8
MM, 25, 8, 8
MM, 646, 573, 256
MM, 16, 15, 8
MM, 33, 20, 8
MM, 14, 26, 8
MM, 567, 593, 8
MM, 10, 2, 8
MM, 536, 605, 8
MM, 28, 12, 8
MM, 21, 15, 8
MM, 17, 16, 8
MM, 14, 18, 7
MM, 11, 19, 9
MM, 10, 19, 7
MM, 9, 19, 8
MM, 8, 19, 8
MM, 6, 19, 9
MM, 3, 19, 8
MM, 0, 19, 8
MM, 495, 616, 7
MM, 29, 19, 8
MM, 23, 21, 8
MM, 17, 22, 8
MM, 11, 22, 8
MM, 6, 24, 8
MM, 3, 25, 8
MM, 1, 25, 9
MM, 0, 25, 8
MM, 4, 25, 304
MM, 6, 25, 8
MM, 7, 25, 8
MM, 11, 25, 8
MM, 16, 23, 8
MM, 18, 22, 8
MM, 21, 19, 8
MM, 24, 18, 8
MM, 25, 18, 8
MC, 1, 247
MM, 25, 20, 81
MM, 25, 23, 8
MM, 25, 25, 8
MM, 25, 28, 8
MM, 25, 30, 8
MM, 487, 630, 8
MM, 487, 633, 8
MM, 487, 635, 8
MM, 487, 638, 8
MM, 487, 640, 8
MM, 487, 643, 8
MM, 487, 645, 8
MM, 487, 648, 8
MM, 487, 651, 8
MM, 487, 653, 8
MM, 487, 654, 8
MM, 487, 655, 8
MM, 487, 656, 8
MM, 487, 658, 8
MM, 487, 659, 8
MM, 487, 660, 55
MM, 487, 661, 8
MM, 0, 28, 8
MM, 1, 29, 9
MM, 1, 30, 159
MM, 489, 666, 8
MP, 1, 161
MR, 1, 96
MC, 1, 0
MM, 489, 667, 231
MM, 489, 668, 8
MM, 489, 669, 9
MM, 489, 670, 8
MM, 89, 0, 8
MM, 89, 3, 8
MM, 89, 5, 8
MM, 89, 8, 8
MM, 89, 10, 8
MM, 89, 12, 8
MC, 1, 423
MM, 89, 11, 128
MM, 89, 10, 9
MM, 89, 9, 8
MM, 89, 8, 8
MM, 89, 7, 80
MM, 89, 6, 8
MM, 89, 5, 8
MM, 89, 2, 8
MM, 89, 0, 8
MM, 489, 669, 8
MM, 489, 667, 8
MM, 1, 29, 8
MM, 1, 26, 8
MM, 1, 22, 8
MM, 1, 18, 8
MM, 1, 13, 8
MM, 1, 11, 8
MM, 1, 10, 8
MM, 3, 7, 8
MM, 4, 4, 8
MM, 4, 3, 8
MM, 4, 1, 8
MM, 492, 631, 8
MM, 492, 628, 8
MM, 30, 27, 8
MM, 494, 619, 8
MM, 495, 617, 8
MM, 495, 612, 7
MM, 495, 610, 9
MM, 495, 607, 7
MM, 495, 605, 8
MM, 496, 602, 9
MM, 498, 598, 8
MM, 499, 593, 8
MM, 8, 27, 8
MM, 10, 22, 7
MM, 10, 16, 8
MM, 10, 10, 8
MM, 10, 8, 8
MM, 10, 5, 9
MM, 10, 3, 8
MM, 10, 2, 7
MM, 11, 0, 9
MM, 506, 559, 7
MP, 1, 153
MR, 1, 64
MC, 1, 0
MM, 12, 1, 8
MM, 12, 5, 8
MM, 12, 8, 8
MM, 12, 12, 8
MM, 12, 14, 8
MC, 1, 480
MM, 12, 16, 255
MM, 12, 17, 8
MM, 13, 18, 8
MM, 16, 20, 8
MM, 17, 22, 8
MM, 18, 23, 8
MM, 19, 24, 8
MM, 20, 25, 8
MM, 22, 26, 8
MM, 23, 26, 8
MM, 24, 26, 8
MM, 25, 26, 217
MM, 26, 26, 8
MM, 27, 27, 40
MM, 30, 30, 7
MM, 528, 593, 8
MM, 535, 596, 8
MM, 1, 2, 8
MM, 6, 5, 9
MM, 8, 7, 7
MM, 11, 8, 9
MM, 14, 9, 8
MM, 16, 9, 8
MM, 19, 11, 7
MM, 20, 12, 8
MM, 22, 13, 8
MM, 23, 14, 9
MM, 25, 15, 15
MM, 28, 17, 8
MM, 29, 18, 8
MM, 30, 19, 8
MM, 31, 19, 8
MM, 32, 19, 8
MM, 34, 20, 8
MM, 575, 618, 8
MM, 576, 619, 8
MM, 578, 622, 8
MM, 580, 623, 8
MM, 0, 27, 8
MM, 1, 28, 8
MM, 579, 625, 145
MM, 576, 622, 8
MM, 575, 621, 8
MM, 34, 23, 8
MM, 33, 22, 8
MM, 32, 21, 8
MM, 31, 20, 8
MM, 30, 19, 8
MM, 27, 17, 8
MM, 26, 16, 8
MM, 26, 15, 8
MM, 25, 14, 8
MM, 24, 13, 8
MM, 21, 11, 8
MM, 18, 10, 8
MM, 18, 9, 8
MM, 18, 8, 8
MC, 1, 231
MM, 16, 8, 16
MM, 8, 8, 8
MM, 0, 8, 8
MM, 27, 6, 8
MM, 11, 4, 8
MM, 498, 599, 8
MM, 30, 0, 8
MM, 26, 0, 8
MM, 23, 0, 8
MM, 483, 596, 8
MM, 478, 595, 8
MM, 476, 595, 8
MM, 471, 593, 9
MM, 469, 592, 7
MM, 467, 591, 9
MM, 10, 29, 8
MM, 9, 28, 8
MM, 8, 27, 8
MM, 7, 27, 56
MM, 6, 27, 8
MM, 5, 27, 8
MM, 3, 27, 8
MM, 2, 27, 152
MM, 0, 26, 7
MM, 451, 584, 9
MM, 32, 24, 8
MM, 29, 23, 8
MM, 28, 22, 7
MM, 27, 22, 89
MM, 26, 22, 7
MM, 24, 22, 8
MM, 21, 22, 8
MM, 18, 21, 8
MM, 16, 19, 8
MM, 14, 19, 8
MM, 12, 18, 8
MM, 11, 17, 8
MC, 1, 201
MM, 11, 19, 119
MM, 11, 22, 8
MM, 11, 26, 8
MM, 426, 592, 9
MM, 5, 1, 7
MM, 9, 10, 9
MM, 13, 19, 7
MM, 16, 26, 9
MM, 17, 30, 7
MM, 440, 632, 8
MM, 32, 2, 8
MM, 443, 639, 8
MM, 444, 642, 8
MM, 445, 644, 8
MM, 447, 647, 9
MM, 448, 652, 7
MM, 2, 22, 8
MM, 4, 26, 8
MM, 454, 667, 8
MM, 57, 2, 8
MM, 61, 9, 8
MM, 64, 15, 8
MM, 66, 20, 8
MM, 66, 22, 8
MM, 66, 25, 8
MM, 67, 26, 8
MM, 68, 27, 8
MM, 68, 28, 8
MM, 68, 29, 16
MM, 468, 702, 8
MM, 68, 30, 233
MM, 69, 28, 8
MM, 71, 23, 8
MM, 71, 19, 8
MM, 71, 15, 8
MM, 71, 11, 8
MM, 72, 6, 8
MM, 73, 2, 8
MM, 73, 1, 8
MM, 73, 2, 240
MM, 73, 3, 8
MM, 73, 4, 8
MM, 73, 5, 8
MM, 73, 7, 8
MM, 73, 8, 16
MM, 73, 9, 8
MM, 73, 10, 16
MM, 73, 12, 8
MM, 73, 14, 8
MC, 1, 255
MM, 69, 12, 33
MM, 63, 5, 7
MM, 455, 667, 8
MM, 447, 657, 8
MM, 33, 16, 9
MM, 28, 9, 8
MM, 23, 2, 8
MM, 429, 632, 7
MM, 426, 629, 8
MM, 425, 628, 8
MM, 3, 30, 8
MM, 1, 27, 8
MM, 1, 26, 8
MM, 0, 25, 8
MM, 420, 621, 8
MM, 419, 619, 41
MM, 418, 618, 8
MM, 416, 616, 8
MM, 415, 613, 8
MM, 34, 15, 8
MM, 31, 12, 8
MM, 29, 10, 8
MM, 27, 5, 8
MM, 26, 2, 8
MM, 25, 1, 8
MM, 25, 0, 8
MM, 405, 596, 72
MM, 405, 595, 8
MM, 403, 594, 8
MM, 402, 593, 8
MM, 402, 591, 8
MM, 29, 29, 8
MM, 28, 28, 8
MM, 27, 27, 8
MM, 26, 26, 8
MC, 1, 360
MM, 30, 26, 80
MM, 410, 586, 7
MM, 3, 26, 9
MM, 11, 26, 8
MM, 22, 26, 7
MM, 450, 586, 9
MM, 10, 26, 8
MM, 24, 26, 7
MM, 491, 586, 8
MM, 8, 26, 8
MM, 18, 26, 9
MM, 24, 26, 7
MM, 30, 26, 8
MM, 4, 26, 8
MM, 12, 26, 8
MM, 26, 26, 8
MM, 0, 28, 8
MM, 9, 28, 8
MM, 19, 28, 8
MM, 25, 28, 9
MM, 31, 28, 7
MM, 607, 588, 8
MM, 1, 28, 8
MM, 3, 28, 8
MM, 6, 28, 8
MM, 8, 28, 8
MM, 9, 28, 8
MM, 12, 28, 8
MM, 13, 28, 9
MM, 14, 28, 8
MM, 15, 28, 7
MM, 16, 28, 8
MM, 18, 28, 8
MM, 20, 28, 8
MM, 23, 28, 8
MM, 27, 28, 9
MM, 642, 588, 7
MM, 643, 588, 8
MM, 644, 588, 8
MM, 645, 588, 281
MM, 647, 588, 8
MM, 647, 587, 16
MM, 0, 27, 8
MM, 1, 26, 8
MM, 1, 25, 8
MM, 2, 24, 8
MM, 3, 23, 8
MM, 3, 21, 8
MM, 3, 20, 8
MM, 4, 19, 71
MM, 5, 18, 8
MM, 5, 17, 8
MM, 5, 16, 8
MC, 1, 192
MM, 3, 16, 40
MM, 0, 16, 8
MM, 644, 576, 8
MM, 27, 16, 9
MM, 19, 16, 7
MM, 8, 16, 9
MM, 608, 576, 8
MM, 25, 16, 8
MM, 14, 16, 8
MM, 6, 16, 8
MM, 567, 577, 8
MM, 27, 18, 8
MM, 19, 20, 8
MM, 10, 22, 8
MM, 1, 23, 8
MM, 526, 585, 8
MM, 26, 25, 8
MM, 20, 25, 8
MM, 18, 25, 8
MM, 15, 25, 8
MM, 11, 25, 8
MM, 8, 25, 8
MM, 2, 25, 8
MM, 490, 585, 8
MM, 30, 25, 8
MM, 26, 25, 8
MM, 25, 25, 8
MM, 22, 25, 8
MM, 20, 25, 8
MM, 19, 25, 8
MM, 17, 25, 8
MM, 16, 25, 32
MM, 15, 25, 8
MC, 1, 360
MM, 19, 26, 24
MM, 22, 28, 8
MM, 23, 29, 8
MM, 26, 30, 8
MM, 27, 30, 8
MM, 28, 30, 8
MM, 488, 590, 8
MM, 490, 590, 8
MM, 493, 590, 8
MM, 497, 592, 8
MM, 500, 593, 8
MM, 506, 594, 8
MM, 512, 596, 8
MM, 18, 0, 8
MM, 22, 2, 8
MM, 25, 2, 8
MM, 29, 3, 8
MM, 32, 5, 8
MM, 34, 5, 8
MM, 536, 602, 8
MM, 538, 602, 8
MM, 1, 5, 7
MM, 5, 6, 9
MM, 10, 8, 8
MM, 11, 8, 8
MM, 12, 8, 7
MM, 14, 8, 8
MM, 17, 8, 8
MM, 20, 8, 8
MM, 22, 8, 9
MM, 23, 9, 63
MM, 24, 10, 8
MM, 27, 10, 8
MM, 29, 10, 8
MM, 32, 10, 40
MM, 575, 607, 8
MM, 577, 607, 8
MM, 580, 607, 8
MM, 1, 10, 8
MM, 4, 10, 8
MM, 5, 10, 33
MM, 6, 10, 8
MM, 8, 10, 8
MM, 14, 10, 8
MM, 20, 10, 8
MM, 26, 10, 8
MM, 613, 607, 8
MM, 1, 10, 8
MM, 4, 10, 8
MM, 5, 10, 8
MM, 6, 10, 8
MM, 7, 10, 56
MM, 8, 10, 8
MM, 10, 10, 8
MM, 11, 10, 8
MC, 1, 239
MM, 9, 10, 41
MM, 8, 8, 8
MM, 7, 6, 8
MM, 5, 3, 8
MM, 622, 596, 8
MM, 622, 593, 8
MM, 622, 592, 8
MM, 621, 591, 8
MM, 9, 30, 8
MM, 9, 28, 8
MM, 9, 27, 8
MM, 9, 26, 111
MM, 9, 25, 8
MM, 9, 24, 8
MM, 9, 23, 8
MC, 1, 289
MM, 5, 23, 15
MM, 3, 23, 8
MM, 0, 23, 9
MM, 608, 583, 7
MM, 607, 584, 9
MM, 606, 585, 64
MM, 34, 28, 7
MM, 32, 29, 9
MM, 600, 592, 7
MM, 597, 596, 9
MM, 14, 4, 7
MM, 11, 8, 8
MM, 9, 11, 8
MM, 7, 14, 8
MM, 6, 16, 8
MM, 5, 18, 8
MM, 2, 19, 8
MM, 580, 617, 8
MM, 580, 618, 8
MM, 579, 621, 8
MM, 578, 622, 8
MM, 577, 622, 8
MM, 34, 26, 8
MM, 33, 27, 8
MM, 33, 28, 8
MM, 33, 30, 8
MM, 572, 628, 137
MM, 570, 629, 8
MM, 565, 630, 8
MM, 561, 633, 8
MM, 25, 4, 8
MM, 16, 10, 8
MM, 11, 13, 8
MM, 7, 16, 8
MM, 4, 19, 8
MM, 3, 22, 8
MM, 1, 23, 8
MM, 2, 23, 279
MM, 3, 21, 8
MM, 4, 20, 8
MM, 5, 19, 9
MM, 6, 18, 8
MM, 7, 17, 7
MC, 1, 273
MM, 7, 16, 31
MM, 7, 13, 9
MM, 4, 10, 8
MM, 3, 6, 8
MM, 1, 3, 8
MM, 0, 2, 7
MM, 0, 0, 8
MM, 529, 633, 8
MM, 529, 631, 8
MM, 529, 630, 8
MM, 529, 629, 8
MM, 529, 628, 8
MM, 528, 628, 104
MM, 527, 628, 8
MM, 28, 30, 8
MM, 27, 27, 9
MM, 26, 26, 8
MM, 26, 24, 8
MM, 26, 21, 8
MM, 26, 20, 8
MM, 26, 19, 8
MC, 1, 288
MM, 24, 19, 47
MM, 23, 19, 8
MM, 23, 22, 8
MM, 23, 24, 8
MM, 23, 27, 8
MM, 23, 29, 9
MM, 23, 30, 8
MM, 522, 628, 15
MM, 522, 631, 8
MM, 522, 633, 8
MM, 34, 2, 8
MM, 34, 5, 8
MM, 34, 7, 8
MM, 34, 10, 8
MM, 34, 12, 8
MM, 34, 13, 8
MM, 34, 15, 8
MM, 34, 17, 8
MM, 34, 19, 8
MM, 34, 22, 8
MM, 34, 23, 8
MM, 34, 24, 8
MM, 34, 25, 8
MM, 34, 27, 8
MM, 34, 28, 8
MM, 34, 29, 64
MM, 522, 665, 8
MM, 522, 668, 8
MM, 522, 670, 8
MM, 122, 1, 8
MM, 122, 2, 8
MM, 122, 3, 8
MM, 122, 4, 8
MM, 122, 5, 8
MM, 122, 6, 16
MM, 122, 7, 9
MM, 122, 9, 8
MM, 122, 10, 8
MC, 1, 264
MM, 121, 10, 16
MM, 116, 10, 8
MM, 108, 9, 8
MM, 98, 3, 8
MM, 484, 664, 8
MM, 23, 22, 8
MM, 13, 16, 8
MM, 6, 9, 8
MM, 3, 5, 8
MM, 447, 634, 8
MM, 443, 629, 8
MM, 19, 29, 8
MM, 16, 27, 8
MM, 13, 24, 8
MM, 10, 21, 8
MM, 8, 18, 8
MM, 5, 15, 8
MM, 2, 12, 8
MM, 420, 607, 8
MM, 419, 605, 8
MM, 418, 604, 8
MM, 417, 603, 8
MM, 415, 602, 88
MM, 34, 2, 8
MM, 33, 0, 8
MM, 410, 595, 8
MM, 409, 595, 8
MM, 409, 594, 8
MM, 409, 593, 8
MM, 408, 593, 80
MM, 407, 593, 7
MM, 406, 592, 9
MM, 403, 591, 7
MM, 30, 30, 8
MM, 30, 28, 8
MM, 29, 28, 16
MM, 28, 28, 8
MM, 26, 27, 40
MM, 25, 26, 8
MM, 24, 26, 8
MM, 23, 25, 8
MM, 23, 24, 8
MC, 1, 473
MM, 25, 23, 64
MM, 29, 21, 8
MM, 32, 21, 8
MM, 33, 21, 7
MM, 34, 21, 56
MM, 36, 21, 8
MM, 412, 581, 8
MM, 3, 21, 8
MM, 9, 21, 8
MM, 12, 21, 8
MM, 13, 21, 9
MM, 14, 21, 7
MM, 15, 21, 137
MM, 17, 21, 8
MC, 1, 200
MC, 1, 223
MM, 18, 21, 33
MM, 22, 21, 8
MM, 28, 21, 8
MM, 450, 581, 8
MM, 6, 22, 8
MM, 14, 24, 8
MM, 21, 25, 8
MM, 29, 27, 8
MM, 491, 589, 8
MM, 496, 592, 8
MM, 502, 595, 8
MM, 507, 596, 8
MM, 12, 1, 8
MM, 16, 2, 8
MM, 19, 4, 8
MM, 24, 5, 8
MM, 28, 5, 8
MM, 30, 5, 8
MM, 33, 5, 8
MM, 535, 603, 8
MM, 536, 605, 8
MM, 0, 8, 8
MM, 4, 8, 8
MM, 7, 8, 8
MM, 11, 8, 8
MM, 14, 9, 8
MM, 18, 10, 8
MM, 22, 10, 8
MM, 25, 10, 8
MM, 29, 10, 8
MM, 32, 10, 8
MM, 34, 10, 8
MM, 577, 607, 8
MM, 578, 607, 79
MM, 579, 607, 8
MM, 0, 10, 8
MM, 3, 10, 8
MM, 6, 10, 8
MM, 8, 10, 8
MM, 9, 10, 40
MM, 10, 10, 8
MM, 12, 10, 8
MM, 14, 10, 8
MM, 15, 10, 8
MM, 17, 10, 9
MM, 20, 10, 8
MM, 23, 12, 72
MM, 26, 13, 8
MM, 28, 13, 8
MM, 612, 610, 8
MP, 1, 288
MR, 1, 88
MC, 1, 0
MM, 613, 610, 752
MM, 614, 610, 8
MM, 615, 610, 8
MM, 616, 610, 8
MM, 617, 610, 72
MM, 2, 13, 8
MM, 4, 13, 8
MM, 9, 13, 8
MM, 11, 13, 8
MM, 12, 13, 8
MM, 13, 13, 8
MC, 1, 287
MM, 13, 14, 32
MM, 13, 15, 8
MM, 9, 15, 8
MM, 3, 17, 8
MM, 615, 617, 8
MM, 25, 24, 8
MM, 16, 27, 9
MM, 590, 628, 7
MM, 583, 631, 8
MM, 7, 0, 8
MM, 0, 4, 8
MM, 32, 9, 8
MM, 23, 15, 8
MM, 13, 20, 8
MM, 6, 26, 8
MM, 3, 29, 8
MM, 530, 665, 8
MM, 528, 666, 8
MM, 527, 668, 8
MM, 526, 669, 8
MM, 525, 670, 8
MM, 124, 0, 8
MM, 121, 0, 8
MM, 117, 2, 8
MM, 111, 3, 8
MM, 103, 3, 8
MM, 97, 3, 8
MM, 92, 4, 8
MM, 90, 6, 8
MM, 88, 6, 8
MC, 1, 257
MM, 89, 6, 48
MM, 91, 6, 7
MM, 97, 2, 8
MM, 506, 670, 8
MM, 513, 667, 9
MM, 34, 29, 7
MM, 2, 23, 9
MM, 14, 17, 8
MM, 23, 14, 8
MM, 30, 10, 7
MM, 565, 641, 8
MM, 2, 4, 8
MM, 11, 0, 8
MM, 588, 629, 8
MM, 14, 27, 8
MM, 20, 25, 8
MM, 29, 24, 8
MM, 1, 20, 8
MM, 5, 17, 8
MM, 10, 14, 8
MM, 14, 12, 8
MM, 19, 11, 8
MM, 21, 10, 8
MM, 24, 8, 8
MM, 27, 7, 8
MM, 28, 6, 8
MM, 29, 5, 8
MM, 30, 4, 49
MM, 33, 2, 8
MM, 654, 598, 8
MM, 656, 595, 8
MM, 659, 592, 8
MM, 660, 591, 8
MM, 12, 30, 16
MM, 12, 24, 32
MM, 11, 23, 8
MM, 4, 20, 8
MM, 0, 18, 8
MM, 644, 578, 8
MM, 30, 18, 8
MM, 28, 17, 8
MM, 25, 15, 8
MM, 22, 14, 7
MM, 19, 13, 9
MM, 12, 8, 31
MC, 1, 337
MM, 10, 8, 16
MM, 7, 8, 8
MM, 609, 568, 8
MM, 20, 13, 8
MM, 569, 577, 8
MM, 16, 21, 8
MM, 26, 26, 8
MM, 493, 588, 8
MM, 16, 28, 8
MM, 0, 30, 8
MM, 442, 592, 8
MM, 431, 592, 8
MM, 423, 592, 8
MM, 419, 592, 8
MM, 418, 592, 8
MM, 418, 593, 183
MM, 418, 594, 9
MM, 416, 595, 7
MM, 415, 597, 8
MM, 34, 1, 8
MM, 33, 3, 9
MM, 32, 6, 8
MM, 30, 9, 8
MM, 29, 11, 7
MM, 27, 14, 9
MM, 27, 15, 8
MC, 1, 319
MM, 27, 16, 40
MM, 27, 18, 8
MM, 27, 19, 8
MM, 27, 21, 8
MM, 27, 24, 8
MM, 27, 25, 8
MM, 27, 26, 8
MM, 28, 28, 8
MM, 409, 630, 8
MM, 2, 0, 8
MM, 3, 3, 8
MM, 4, 7, 8
MM, 6, 12, 8
MM, 7, 14, 8
MM, 9, 17, 8
MM, 10, 20, 8
MM, 11, 21, 8
MM, 12, 22, 9
MM, 15, 23, 8
MM, 18, 25, 8
MM, 22, 28, 8
MM, 436, 665, 8
MM, 438, 668, 8
MM, 441, 670, 8
MM, 44, 1, 8
MM, 45, 1, 8
MM, 46, 2, 256
MM, 47, 3, 8
MM, 47, 4, 72
MM, 47, 5, 8
MM, 48, 7, 7
MM, 50, 8, 8
MM, 51, 9, 16
MM, 52, 10, 9
MC, 1, 224
MM, 53, 10, 40
MM, 56, 8, 8
MM, 60, 4, 8
MM, 465, 670, 8
MM, 21, 29, 8
MM, 26, 25, 8
MM, 29, 20, 8
MM, 32, 14, 8
MM, 484, 641, 8
MM, 487, 635, 8
MM, 491, 628, 8
MM, 494, 621, 8
MM, 497, 615, 8
MM, 1, 13, 8
MM, 4, 10, 8
MM, 6, 8, 8
MM, 7, 5, 8
MM, 8, 1, 8
MM, 509, 593, 8
MM, 16, 30, 8
MM, 18, 28, 8
MM, 19, 27, 7
MM, 20, 25, 8
MM, 21, 24, 8
MM, 22, 22, 9
MM, 24, 19, 7
MM, 25, 16, 9
MM, 26, 14, 8
MM, 27, 12, 8
MM, 29, 11, 7
MM, 28, 11, 265
MM, 27, 11, 8
MM, 26, 11, 8
MM, 25, 11, 8
MC, 1, 176
MM, 26, 11, 87
MM, 29, 11, 8
MM, 525, 571, 8
MM, 526, 571, 9
MM, 530, 571, 7
MM, 2, 11, 9
MM, 6, 11, 8
MM, 12, 11, 8
MM, 15, 11, 8
MM, 21, 11, 8
MM, 25, 11, 8
MM, 28, 11, 8
MM, 30, 11, 8
MM, 564, 571, 8
MM, 566, 571, 8
MM, 567, 571, 96
MM, 568, 571, 8
MM, 0, 11, 8
MM, 1, 11, 8
MM, 2, 11, 80
MM, 3, 11, 8
MM, 7, 11, 8
MM, 11, 11, 8
MM, 12, 11, 8
MM, 13, 11, 8
MC, 1, 216
MM, 12, 11, 24
MM, 4, 11, 8
MM, 30, 11, 8
MM, 16, 11, 8
MM, 0, 11, 8
MM, 26, 11, 8
MM, 18, 11, 8
MM, 12, 11, 8
MM, 11, 11, 8
MM, 10, 11, 8
MM, 7, 11, 48
MM, 5, 11, 8
MM, 0, 11, 8
MM, 490, 571, 8
MM, 28, 10, 8
MM, 22, 8, 8
MM, 21, 8, 8
MM, 20, 8, 8
MM, 17, 8, 208
MM, 15, 8, 7
MM, 12, 8, 8
MM, 10, 8, 8
MM, 8, 8, 8
MM, 7, 8, 8
MM, 6, 8, 257
MM, 5, 9, 8
MM, 4, 9, 9
MM, 3, 9, 7
MM, 2, 9, 64
MM, 0, 9, 8
MM, 455, 569, 7
MM, 454, 569, 9
MM, 453, 569, 151
MM, 450, 571, 8
MM, 33, 12, 8
MM, 30, 12, 8
MM, 28, 12, 8
MM, 26, 12, 9
MM, 25, 13, 64
MM, 23, 14, 8
MM, 22, 14, 8
MM, 21, 14, 8
MM, 19, 14, 8
MM, 13, 21, 231
MM, 9, 22, 8
MM, 2, 24, 8
MM, 413, 587, 8
MM, 36, 30, 8
MM, 404, 591, 8
MM, 401, 594, 8
MM, 18, 2, 8
MM, 14, 6, 8
MM, 11, 11, 8
MM, 8, 15, 9
MM, 5, 18, 8
MM, 3, 21, 8
MM, 2, 24, 8
MM, 1, 25, 8
MM, 0, 26, 8
MM, 1, 25, 264
MM, 2, 23, 16
MM, 3, 22, 8
MM, 4, 21, 8
MM, 6, 20, 7
MM, 7, 19, 8
MM, 8, 18, 8
MC, 1, 193
MM, 9, 18, 32
MM, 10, 18, 8
MM, 11, 18, 8
MM, 14, 18, 8
MM, 18, 18, 8
MM, 24, 18, 8
MM, 30, 18, 8
MM, 416, 615, 8
MM, 1, 18, 8
MM, 9, 18, 8
MM, 17, 18, 8
MM, 23, 18, 8
MM, 27, 18, 8
MM, 32, 18, 8
MM, 34, 18, 8
MM, 456, 615, 8
MM, 458, 615, 8
MM, 460, 615, 48
MM, 0, 18, 8
MM, 2, 18, 8
MM, 3, 18, 8
MM, 1, 18, 192
MM, 461, 615, 8
MM, 458, 615, 8
MM, 456, 615, 8
MM, 34, 18, 8
MM, 32, 18, 8
MC, 1, 320
MM, 29, 18, 16
MM, 23, 18, 10
MM, 15, 18, 6
MM, 4, 18, 8
MM, 417, 615, 8
MM, 31, 18, 8
MM, 23, 18, 8
MM, 19, 18, 8
MM, 14, 18, 8
MM, 10, 18, 8
MM, 7, 18, 8
MM, 6, 18, 8
MM, 5, 18, 8
MM, 4, 18, 8
MM, 3, 18, 80
MM, 2, 18, 8
MM, 379, 615, 8
MM, 375, 615, 8
MM, 34, 18, 8
MM, 32, 18, 8
MM, 31, 18, 7
MM, 30, 18, 9
MM, 29, 17, 47
MM, 28, 15, 8
MM, 27, 15, 24
MM, 26, 15, 8
MM, 24, 14, 8
MM, 23, 13, 8
MC, 1, 241
MM, 25, 13, 64
MM, 31, 12, 8
MM, 376, 607, 8
MM, 2, 9, 7
MM, 8, 7, 8
MM, 17, 7, 8
MM, 28, 5, 9
MM, 1, 3, 8
MM, 14, 3, 7
MM, 25, 3, 8
MM, 34, 1, 8
MM, 1, 0, 8
MM, 12, 0, 8
MM, 23, 0, 8
MM, 496, 597, 8
MM, 507, 595, 8
MM, 516, 591, 8
MM, 525, 588, 8
MM, 3, 26, 8
MM, 11, 24, 8
MM, 18, 23, 8
MM, 20, 21, 8
MM, 21, 20, 8
MM, 23, 20, 72
MM, 24, 20, 8
MM, 26, 20, 8
MM, 30, 20, 8
MM, 564, 580, 8
MM, 565, 579, 8
MM, 565, 578, 8
MM, 32, 18, 257
MM, 30, 18, 8
MM, 29, 18, 7
MM, 28, 18, 8
MM, 27, 18, 88
MM, 26, 18, 9
MM, 25, 18, 7
MM, 24, 18, 8
MC, 1, 201
MM, 28, 18, 351
MM, 565, 581, 8
MM, 6, 23, 8
MM, 17, 25, 8
MM, 29, 27, 8
MM, 610, 589, 8
MM, 776, 603, 174
MM, 784, 603, 2
MM, 790, 603, 8
MM, 796, 603, 8
MM, 800, 603, 8
MM, 805, 605, 8
MM, 809, 606, 8
MM, 815, 606, 8
MM, 823, 606, 8
MM, 829, 608, 8
MM, 841, 610, 8
MM, 851, 610, 8
MM, 862, 610, 8
MM, 870, 610, 8
MM, 879, 610, 8
MM, 887, 610, 8
MM, 891, 610, 8
MM, 897, 610, 8
MM, 901, 610, 8
MM, 903, 610, 8
MM, 904, 610, 8
MM, 902, 610, 145
MM, 898, 610, 8
MM, 892, 611, 8
MM, 883, 615, 8
MM, 876, 618, 8
MM, 868, 620, 8
MM, 88, 10, 8
MM, 84, 11, 8
MM, 75, 13, 8
MM, 69, 14, 8
MM, 68, 14, 8
MM, 67, 14, 8
